5.208832398056983948e-02
5.208832398056983948e-02
5.086347088217735291e-02
4.983659833669662476e-02
4.912105575203895569e-02
4.849308356642723083e-02
4.854020848870277405e-02
4.846635088324546814e-02
4.838517680764198303e-02
4.833616316318511963e-02
4.823652282357215881e-02
4.814270883798599243e-02
4.814270883798599243e-02
4.804002121090888977e-02
4.787788912653923035e-02
4.778243228793144226e-02
4.764821007847785950e-02
4.739637300372123718e-02
4.714437574148178101e-02
4.676901176571846008e-02
4.643091559410095215e-02
4.614450410008430481e-02
4.571475833654403687e-02
4.571475833654403687e-02
4.538458213210105896e-02
4.501805081963539124e-02
4.460642114281654358e-02
4.429049417376518250e-02
4.399150237441062927e-02
4.362001642584800720e-02
4.320665448904037476e-02
4.256110265851020813e-02
4.197238013148307800e-02
4.161632433533668518e-02
4.161632433533668518e-02
4.140387102961540222e-02
4.142614826560020447e-02
4.134848713874816895e-02
4.131213203072547913e-02
4.147269949316978455e-02
4.162572324275970459e-02
4.173868894577026367e-02
4.172491654753684998e-02
4.168906062841415405e-02
4.162324219942092896e-02
4.162324219942092896e-02
4.154497385025024414e-02
4.141840338706970215e-02
4.132494330406188965e-02
4.106250032782554626e-02
4.074636846780776978e-02
4.052384570240974426e-02
4.047932103276252747e-02
4.052763059735298157e-02
4.059554636478424072e-02
4.063913971185684204e-02
4.063913971185684204e-02
4.052970930933952332e-02
4.043591395020484924e-02
4.046744853258132935e-02
4.060141742229461670e-02
4.093065112829208374e-02
4.114966094493865967e-02
4.123346507549285889e-02
4.134033247828483582e-02
4.146313294768333435e-02
4.152122884988784790e-02
4.152122884988784790e-02
4.143888503313064575e-02
4.114601388573646545e-02
4.080721735954284668e-02
4.046455398201942444e-02
4.023440554738044739e-02
4.011473059654235840e-02
3.996282815933227539e-02
3.983770683407783508e-02
3.960706666111946106e-02
3.936803713440895081e-02
3.936803713440895081e-02
3.891392797231674194e-02
3.830999881029129028e-02
3.793146461248397827e-02
3.739662095904350281e-02
3.705642372369766235e-02
3.681828826665878296e-02
3.653318062424659729e-02
3.633295744657516479e-02
3.605404868721961975e-02
3.579373657703399658e-02
3.579373657703399658e-02
3.556304425001144409e-02
3.515908122062683105e-02
3.457233682274818420e-02
3.392003476619720459e-02
3.351393714547157288e-02
3.297309577465057373e-02
3.246155008673667908e-02
3.203764185309410095e-02
3.203764185309410095e-02
3.177373111248016357e-02
3.177373111248016357e-02
3.163185343146324158e-02
3.185017034411430359e-02
3.182389959692955017e-02
3.174176439642906189e-02
3.161987289786338806e-02
3.142966702580451965e-02
3.106924518942832947e-02
3.053072094917297363e-02
2.993149682879447937e-02
2.956179901957511902e-02
2.956179901957511902e-02
2.917365916073322296e-02
2.896112576127052307e-02
2.901141345500946045e-02
2.904895134270191193e-02
2.936489321291446686e-02
2.956252545118331909e-02
2.973107621073722839e-02
2.980720810592174530e-02
2.967834286391735077e-02
2.943846769630908966e-02
2.943846769630908966e-02
2.908556163311004639e-02
2.906356193125247955e-02
2.893864922225475311e-02
2.897999994456768036e-02
2.916233055293560028e-02
2.946939691901206970e-02
2.985566668212413788e-02
2.861135080456733704e-02
2.761770784854888916e-02
2.680186927318572998e-02
2.680186927318572998e-02
2.614071406424045563e-02
2.554569952189922333e-02
2.508108504116535187e-02
2.473220415413379669e-02
2.444682456552982330e-02
2.429342828691005707e-02
2.422855049371719360e-02
2.426146529614925385e-02
2.436427772045135498e-02
2.448815107345581055e-02
2.448815107345581055e-02
2.468877844512462616e-02
2.493224106729030609e-02
2.522768452763557434e-02
2.551700547337532043e-02
2.582839503884315491e-02
2.612622641026973724e-02
2.643702924251556396e-02
2.671786397695541382e-02
2.691767737269401550e-02
2.709624357521533966e-02
2.709624357521533966e-02
2.729411423206329346e-02
2.747495844960212708e-02
2.758723311126232147e-02
2.775094658136367798e-02
2.786212600767612457e-02
2.800017781555652618e-02
2.806407958269119263e-02
2.813070267438888550e-02
2.816872484982013702e-02
2.825038507580757141e-02
2.825038507580757141e-02
2.831176482141017914e-02
2.840518951416015625e-02
2.850649133324623108e-02
2.862425521016120911e-02
2.879664674401283264e-02
2.897959575057029724e-02
2.897959575057029724e-02
2.897959575057029724e-02
2.917112782597541809e-02
2.917112782597541809e-02
2.917112782597541809e-02
2.942617982625961304e-02
2.970765903592109680e-02
2.998947724699974060e-02
3.019578196108341217e-02
3.040633350610733032e-02
3.054417297244071960e-02
3.067572601139545441e-02
3.079176321625709534e-02
3.093051724135875702e-02
3.107669763267040253e-02
3.107669763267040253e-02
3.126855567097663879e-02
3.157223761081695557e-02
3.187841176986694336e-02
3.219625353813171387e-02
3.254808112978935242e-02
3.293773904442787170e-02
3.328616544604301453e-02
3.361225500702857971e-02
3.385306149721145630e-02
3.415682911872863770e-02
3.415682911872863770e-02
3.435876592993736267e-02
3.450384363532066345e-02
3.469579294323921204e-02
3.489223867654800415e-02
3.506338596343994141e-02
3.526167944073677063e-02
3.547497466206550598e-02
3.577219322323799133e-02
3.597291186451911926e-02
3.618209436535835266e-02
3.618209436535835266e-02
3.636392578482627869e-02
3.653561323881149292e-02
3.667492419481277466e-02
3.677755221724510193e-02
3.689603134989738464e-02
3.689735010266304016e-02
3.692303597927093506e-02
3.697552531957626343e-02
3.701597452163696289e-02
3.703976050019264221e-02
3.703976050019264221e-02
3.703930974006652832e-02
3.697438165545463562e-02
3.688947856426239014e-02
3.677870705723762512e-02
3.667579218745231628e-02
3.654481098055839539e-02
3.629896417260169983e-02
3.603429347276687622e-02
3.581778332591056824e-02
3.572629764676094055e-02
3.572629764676094055e-02
3.570833802223205566e-02
3.574413433670997620e-02
3.586630523204803467e-02
3.605110943317413330e-02
3.614547476172447205e-02
3.620730340480804443e-02
3.632530197501182556e-02
3.641257435083389282e-02
3.660062327980995178e-02
3.677431493997573853e-02
3.677431493997573853e-02
3.673396259546279907e-02
3.660935536026954651e-02
3.654243424534797668e-02
3.663638606667518616e-02
3.685565665364265442e-02
3.706421703100204468e-02
3.718321397900581360e-02
3.716671094298362732e-02
3.703112900257110596e-02
3.693417832255363464e-02
3.693417832255363464e-02
3.679761663079261780e-02
3.667030483484268188e-02
3.654230013489723206e-02
3.648308292031288147e-02
3.638451918959617615e-02
3.633863478899002075e-02
3.632604330778121948e-02
3.625210374593734741e-02
3.601671382784843445e-02
3.572296723723411560e-02
3.572296723723411560e-02
3.572296723723411560e-02
3.554124012589454651e-02
3.542668744921684265e-02
3.539928421378135681e-02
3.558003902435302734e-02
3.583865612745285034e-02
3.614730387926101685e-02
3.646447882056236267e-02
3.669094294309616089e-02
3.685880079865455627e-02
3.685880079865455627e-02
3.699209541082382202e-02
3.713606670498847961e-02
3.702510520815849304e-02
3.690312057733535767e-02
3.679411113262176514e-02
3.679282590746879578e-02
3.693665936589241028e-02
3.720515966415405273e-02
3.758318349719047546e-02
3.815243020653724670e-02
3.815243020653724670e-02
3.866510093212127686e-02
3.895678371191024780e-02
3.915215283632278442e-02
3.925276920199394226e-02
3.929917514324188232e-02
3.931764140725135803e-02
3.926001861691474915e-02
3.917548805475234985e-02
3.910595178604125977e-02
3.914298117160797119e-02
3.914298117160797119e-02
3.921834751963615417e-02
3.940965980291366577e-02
3.964282199740409851e-02
3.985476121306419373e-02
4.005220532417297363e-02
4.019919037818908691e-02
4.028820246458053589e-02
4.037013649940490723e-02
4.047356545925140381e-02
4.058808460831642151e-02
4.058808460831642151e-02
4.080963879823684692e-02
4.110322892665863037e-02
4.133314639329910278e-02
4.154880344867706299e-02
4.174086451530456543e-02
4.181451350450515747e-02
4.183402284979820251e-02
4.175979644060134888e-02
4.161846637725830078e-02
4.146204143762588501e-02
4.146204143762588501e-02
4.116969928145408630e-02
4.088454693555831909e-02
4.073191806674003601e-02
4.068560898303985596e-02
4.065524041652679443e-02
4.064492508769035339e-02
4.059758782386779785e-02
4.052856564521789551e-02
4.036493226885795593e-02
4.025845602154731750e-02
4.025845602154731750e-02
4.014319926500320435e-02
3.991973027586936951e-02
3.969833254814147949e-02
3.945292904973030090e-02
3.919510170817375183e-02
3.893947228789329529e-02
3.864848986268043518e-02
3.837468847632408142e-02
3.818415105342864990e-02
3.796724602580070496e-02
3.796724602580070496e-02
3.783367201685905457e-02
3.729318827390670776e-02
3.676951304078102112e-02
3.626111149787902832e-02
3.569456189870834351e-02
3.515320643782615662e-02
3.473552688956260681e-02
3.453074395656585693e-02
3.448752313852310181e-02
3.448720276355743408e-02
3.448720276355743408e-02
3.451917320489883423e-02
3.452562540769577026e-02
3.456443548202514648e-02
3.452913090586662292e-02
3.455249220132827759e-02
3.453597798943519592e-02
3.452977910637855530e-02
3.472045063972473145e-02
3.491993993520736694e-02
3.529310598969459534e-02
3.529310598969459534e-02
3.564593940973281860e-02
3.593894839286804199e-02
3.621603175997734070e-02
3.647820651531219482e-02
3.668642416596412659e-02
3.680687397718429565e-02
3.691199794411659241e-02
3.704315796494483948e-02
3.719954565167427063e-02
3.731357678771018982e-02
3.731357678771018982e-02
3.731318563222885132e-02
3.734561055898666382e-02
3.734561055898666382e-02
3.734561055898666382e-02
3.734561055898666382e-02
3.756957873702049255e-02
3.778895363211631775e-02
3.796548396348953247e-02
3.804341331124305725e-02
3.807191550731658936e-02
3.807191550731658936e-02
3.801738843321800232e-02
3.791203722357749939e-02
3.788931667804718018e-02
3.793670609593391418e-02
3.803133219480514526e-02
3.810564801096916199e-02
3.816168755292892456e-02
3.824820369482040405e-02
3.828861564397811890e-02
3.818159922957420349e-02
3.818159922957420349e-02
3.800751641392707825e-02
3.775605559349060059e-02
3.751298785209655762e-02
3.737189620733261108e-02
3.728226944804191589e-02
3.732664138078689575e-02
3.739971667528152466e-02
3.740259632468223572e-02
3.748125582933425903e-02
3.754492104053497314e-02
3.754492104053497314e-02
3.762108832597732544e-02
3.775390982627868652e-02
3.796216845512390137e-02
3.828546032309532166e-02
3.860447555780410767e-02
3.887232393026351929e-02
3.898467123508453369e-02
3.906745091080665588e-02
3.915503248572349548e-02
3.928679227828979492e-02
3.928679227828979492e-02
3.942893072962760925e-02
3.955339267849922180e-02
3.971729427576065063e-02
3.988189622759819031e-02
4.001777246594429016e-02
4.011426493525505066e-02
3.998015448451042175e-02
3.986743465065956116e-02
3.937321901321411133e-02
3.887480869889259338e-02
