1.522700384310932652e-02
1.522700384310932652e-02
1.658951982209748779e-02
1.623813791589584846e-02
1.664532492734343769e-02
1.720967918625121093e-02
1.761353970851017858e-02
1.820274827852319185e-02
1.874534254627924224e-02
1.902060526873654636e-02
1.909447974681699120e-02
1.892803420350551782e-02
1.892803420350551782e-02
1.872255979312129753e-02
1.836204266275176175e-02
1.820393390997823019e-02
1.840805396698698415e-02
1.846805598267110479e-02
1.851681726125448124e-02
1.865202094198065499e-02
1.884746300490893617e-02
1.896393034595158372e-02
1.891570607057814490e-02
1.891570607057814490e-02
1.887899427047642908e-02
1.899901169772445081e-02
1.904069288238304306e-02
1.914471029685197584e-02
1.928237140441694739e-02
1.935636920235662278e-02
1.940016679916191020e-02
1.939101674750642879e-02
1.934875106623586832e-02
1.921626171718344989e-02
1.921626171718344989e-02
1.896399781874773954e-02
1.873080132572194773e-02
1.841251182951242349e-02
1.820978006995175105e-02
1.782418717858691090e-02
1.739676698661576579e-02
1.687127300159925111e-02
1.648387404530944969e-02
1.587847176510201810e-02
1.527828076322549321e-02
1.527828076322549321e-02
1.491560742396511735e-02
1.473086374353715228e-02
1.470633259586190920e-02
1.463830458863836677e-02
1.493028852621204779e-02
1.523317258315089531e-02
1.548180348676138525e-02
1.565041057411407227e-02
1.578148784152077003e-02
1.579000829971698161e-02
1.579000829971698161e-02
1.594568798249964420e-02
1.628259072338342564e-02
1.685150828824388478e-02
1.739149753980377341e-02
1.771634055154491100e-02
1.782977676623917138e-02
1.766238485667635805e-02
1.751343540039023219e-02
1.712712461674440259e-02
1.688796985874122664e-02
1.688796985874122664e-02
1.659823058022996678e-02
1.626489805902605126e-02
1.599765236065233548e-02
1.591332962289999584e-02
1.591072036541496884e-02
1.595816035075937542e-02
1.609032138021879166e-02
1.625254225776587985e-02
1.641180030293707542e-02
1.641778119683404841e-02
1.641778119683404841e-02
1.642976672972154550e-02
1.624008798558716077e-02
1.597285406808748517e-02
1.556408696881558459e-02
1.513896768983101146e-02
1.457259008913953241e-02
1.398446596294258479e-02
1.358178766930472764e-02
1.325969585304028267e-02
1.284178196684136047e-02
1.284178196684136047e-02
1.269180558122340666e-02
1.267183667041281089e-02
1.277055214926584026e-02
1.303784677798002639e-02
1.327650386969394039e-02
1.354993438449414445e-02
1.378353318466879994e-02
1.391914497810156463e-02
1.384483542830491042e-02
1.378518961316800052e-02
1.378518961316800052e-02
1.363499837273238029e-02
1.347622119232176965e-02
1.328306724926287680e-02
1.317364239127074253e-02
1.306696355517398579e-02
1.299023642862725397e-02
1.299643765407975694e-02
1.302173385405371031e-02
1.302964802897027714e-02
1.204467400271225230e-02
1.204467400271225230e-02
1.125289938027780774e-02
1.076432021858687686e-02
1.056682796418637223e-02
1.038396725087871106e-02
1.037333117970339925e-02
1.065182405102402079e-02
1.106597896282687961e-02
1.159131861004721042e-02
1.211965490894691307e-02
1.262770945900569368e-02
1.262770945900569368e-02
1.294906363155952367e-02
1.317658807484366375e-02
1.327756938517804172e-02
1.325649746109149041e-02
1.311589226872763962e-02
1.299538609719849344e-02
1.287131040402606647e-02
1.280993417354361549e-02
1.279391549097884904e-02
1.266041880851344337e-02
1.266041880851344337e-02
1.247562161145282511e-02
1.247562161145282511e-02
1.234396442685829938e-02
1.215952448200919266e-02
1.192514594274072907e-02
1.167081933343414209e-02
1.148610747803391514e-02
1.134157653550360058e-02
1.116134908555337264e-02
1.100567325967963597e-02
1.100567325967963597e-02
1.064480258483501730e-02
1.020470619811325759e-02
9.626815964198551234e-03
9.095392082735791195e-03
8.644900092024997498e-03
8.254510158429611069e-03
7.983252287740959241e-03
7.841517266353556503e-03
7.795625701010278075e-03
7.895821493409791239e-03
7.895821493409791239e-03
8.038594766089309646e-03
8.052844220327771627e-03
7.996253798046895969e-03
7.936701525385305572e-03
7.842531271455519329e-03
7.797052209636827491e-03
7.829573535128865960e-03
7.973786143352555589e-03
8.217498762503177082e-03
8.539063466488651041e-03
8.539063466488651041e-03
8.745011220159457088e-03
8.777521160717638785e-03
8.775241362002210790e-03
8.714064452304385450e-03
8.538540328490419606e-03
8.472779696717062242e-03
8.387325804024462622e-03
8.204618997496006261e-03
8.084162858159393145e-03
7.971761394310777557e-03
7.971761394310777557e-03
7.918404948229807588e-03
7.854153213519269108e-03
7.899314226597750274e-03
7.899208115445437509e-03
7.814193666875872760e-03
7.711569642022078445e-03
7.579285328776169325e-03
7.487220473480722671e-03
7.548796578219905962e-03
7.790198310859032006e-03
7.790198310859032006e-03
8.111640655314679080e-03
8.346927069574515065e-03
8.548391888811856382e-03
8.548391888811856382e-03
8.548391888811856382e-03
8.548391888811856382e-03
8.548391888811856382e-03
8.548391888811856382e-03
8.548391888811856382e-03
8.548391888811856382e-03
8.548391888811856382e-03
8.683517463630961719e-03
8.715659978175171671e-03
8.620865856375907813e-03
8.588377420640332799e-03
8.597515449705135995e-03
8.549781532092917691e-03
8.593723072336878835e-03
8.584492634622478691e-03
8.609108924922150019e-03
8.382210863711936355e-03
8.382210863711936355e-03
7.873829765809114631e-03
7.345429421018299758e-03
6.807579215038279084e-03
6.390261854160817108e-03
6.126223391086232928e-03
5.969957046119152462e-03
5.745565155788649563e-03
5.567897997681343393e-03
5.378581573950649494e-03
5.139138011640412285e-03
5.139138011640412285e-03
4.843508691974919046e-03
4.583983368985667349e-03
4.413863550292091049e-03
4.308066907295694456e-03
4.355272917673657859e-03
4.412524369410635028e-03
4.627587078140369889e-03
4.745952566303680495e-03
4.958168901163448328e-03
5.134419477528154481e-03
5.134419477528154481e-03
5.433705535598727307e-03
5.819859400360520053e-03
6.172682491791942755e-03
6.415634220142603719e-03
6.535249815829994625e-03
6.653626187838613745e-03
6.623498801476948410e-03
6.422569929734806005e-03
6.148110143573582743e-03
5.850673130812228048e-03
5.850673130812228048e-03
5.651782595569173132e-03
5.582819217380603251e-03
5.575082807618556534e-03
5.653892084709823129e-03
5.752921502450046229e-03
5.818024802631703921e-03
5.743788947793967981e-03
5.578306797748839099e-03
5.348978812119011689e-03
5.049915363199556674e-03
5.049915363199556674e-03
4.813501217826835973e-03
4.554598064269011967e-03
4.439343847709779217e-03
4.500814146417076930e-03
4.657264825794251058e-03
4.762141492434367705e-03
4.762141492434367705e-03
4.762141492434367705e-03
4.819903353994836430e-03
4.701299596265936728e-03
4.701299596265936728e-03
4.397749515535951878e-03
4.217620194891165755e-03
4.079388470340996817e-03
4.118108827683973107e-03
4.181298059379143922e-03
4.334643012451990830e-03
4.407949748414932874e-03
4.353811424292091010e-03
4.166053455691181261e-03
3.975963106492333074e-03
3.975963106492333074e-03
3.863062907565092095e-03
3.757759257710971759e-03
3.784887082011886665e-03
3.883853922479135658e-03
4.045404962485160856e-03
4.208149791625075825e-03
4.308714912866619916e-03
4.403399348154207402e-03
4.590931036381579525e-03
4.761516296747449022e-03
4.761516296747449022e-03
4.970500658633672866e-03
5.215119780413546118e-03
5.392814119763720757e-03
5.452041221863603362e-03
5.596050200631114135e-03
5.723133143610187150e-03
5.817956359885173741e-03
5.890738009218444114e-03
5.955053021145986086e-03
5.976824733857732767e-03
5.976824733857732767e-03
6.031012771255567749e-03
6.069909048028931595e-03
6.055097762546863931e-03
6.060223688359267155e-03
5.887941170333573469e-03
5.663735639232106954e-03
5.514995296480779997e-03
5.463536023252522911e-03
5.351639185848433913e-03
5.220763981366848688e-03
5.220763981366848688e-03
5.090891755518485613e-03
4.942239352091076961e-03
4.821428249414223648e-03
4.699038563430479355e-03
4.696378619507370067e-03
4.761844532357865575e-03
4.814335530298702835e-03
4.938129709682213472e-03
5.029587001223732347e-03
5.115677170342434500e-03
5.115677170342434500e-03
5.182049167332320079e-03
5.191007026555776761e-03
5.153224739537714573e-03
5.078487035589981068e-03
5.021752260415399301e-03
4.997417118605335280e-03
4.997417118605335280e-03
4.964995634418497596e-03
4.904673313811530599e-03
4.812682866915635183e-03
4.812682866915635183e-03
4.735909192284103522e-03
4.674564506688893076e-03
4.709602002094819342e-03
4.735741747902007595e-03
4.773041260615054279e-03
4.784655132788993848e-03
4.865348877479489485e-03
4.921610572419199588e-03
4.921610572419199588e-03
5.009932499691295213e-03
5.009932499691295213e-03
5.057526729529352415e-03
5.095663108492686465e-03
5.115652980479049559e-03
5.195614796850054999e-03
5.275686561274885861e-03
5.300432417610011562e-03
5.327708110310833828e-03
5.400202688370860094e-03
5.454522727753333133e-03
5.537355969657925883e-03
5.537355969657925883e-03
5.525794821829571948e-03
5.544371149699180330e-03
5.533244925875833130e-03
5.421942606562629892e-03
5.263884047534248163e-03
5.132758031371319890e-03
6.315240633330358386e-03
7.539085151058011643e-03
8.634413222752152298e-03
9.542428964843563052e-03
9.542428964843563052e-03
1.029952434445079341e-02
1.089753630235679518e-02
1.137889878230249202e-02
1.174174744439116999e-02
1.207721767781123196e-02
1.232779261931819283e-02
1.241542405520746663e-02
1.242727123902043901e-02
1.235765347904430218e-02
1.227711212518297658e-02
1.227711212518297658e-02
1.226693912112231805e-02
1.217798547714211282e-02
1.199961915096517742e-02
1.181190160913613181e-02
1.156144835395963438e-02
1.141018259245535696e-02
1.128416274068951008e-02
1.111080068720023128e-02
1.098561971092275324e-02
1.082737412027430166e-02
1.082737412027430166e-02
1.071910508402953814e-02
1.064869440278457674e-02
1.058219113338784712e-02
1.044903290509090546e-02
1.036675652496575444e-02
1.026209225769996770e-02
1.019558176786415984e-02
1.008410084184983672e-02
9.963373201983073690e-03
9.812418838808203286e-03
9.812418838808203286e-03
9.640261199356514599e-03
9.490663616383907333e-03
9.315227328889352093e-03
9.212960817339670844e-03
9.129430445243868694e-03
9.056529798432180409e-03
9.083549199851140635e-03
9.084029295990706313e-03
9.073720627380101392e-03
9.088580318318219622e-03
9.088580318318219622e-03
9.135729056208571203e-03
9.166411555827549962e-03
9.181273663600671153e-03
9.160552835034353053e-03
9.086029518666736970e-03
8.982563634049403958e-03
8.886739225240178341e-03
8.797867306956880934e-03
8.713040938307155953e-03
8.695866960512731864e-03
8.695866960512731864e-03
8.728095847788552852e-03
8.745179823964922827e-03
8.738683091146842372e-03
8.772205099243392951e-03
8.833673937009053900e-03
8.979869017253493471e-03
9.115977603800047221e-03
9.282314173518249958e-03
9.399820209288905354e-03
9.544959797112907360e-03
9.544959797112907360e-03
9.622042941115752090e-03
9.668108733940678975e-03
9.639418234662834595e-03
9.621926789492786514e-03
9.530703582429220916e-03
9.464875288632058556e-03
9.386466349307029042e-03
9.300728185765898617e-03
9.218747422031416117e-03
9.144915294355574625e-03
9.144915294355574625e-03
9.176666370337586975e-03
9.240089621940100056e-03
9.316820085423206665e-03
9.370748692101414298e-03
9.331228198200897106e-03
9.323182855018199641e-03
9.385574705076988808e-03
9.477078178777567294e-03
9.559025469902135072e-03
9.591222885773588100e-03
9.591222885773588100e-03
9.649007728626101538e-03
9.730258033076007521e-03
9.794627049959200166e-03
9.877001792451899076e-03
9.975488377263161052e-03
1.007432778055006480e-02
1.016577148613427226e-02
1.023994625232486737e-02
1.029783320614994016e-02
1.029846462719505827e-02
1.029846462719505827e-02
1.026562723073515086e-02
1.022304004036684102e-02
1.018933817348746315e-02
1.018934836987981686e-02
1.017292340073844802e-02
1.014030583375465436e-02
1.007389901924848029e-02
1.007389901924848029e-02
1.003003087698314463e-02
1.004406297640026563e-02
1.004406297640026563e-02
1.006241857864977225e-02
1.005199828057420919e-02
9.998737340032835819e-03
9.930132372723025555e-03
9.888929066354919251e-03
9.861241232237397472e-03
9.829159608240777696e-03
9.828581277891046408e-03
9.884349937886718548e-03
9.905504958698586535e-03
9.905504958698586535e-03
9.891350626685543879e-03
9.828712542636891883e-03
9.746303902593553281e-03
9.718372456464974621e-03
9.695676228329239490e-03
9.708537623948725742e-03
9.693671741114316676e-03
9.670188447992026856e-03
9.630407283354281561e-03
9.553067231674681331e-03
9.553067231674681331e-03
9.464275623095291801e-03
9.381706032043357624e-03
9.324385095766569292e-03
9.317953230347621532e-03
9.328141894084020225e-03
9.338024678627066325e-03
9.343383181172795759e-03
9.360137033044153496e-03
9.327852046228988711e-03
9.342722987709110166e-03
9.342722987709110166e-03
9.344150979716012162e-03
9.347403755863487040e-03
9.383815885172430357e-03
9.408606879154374214e-03
9.432688911499526735e-03
9.416336759521384131e-03
9.441537708896188125e-03
9.496768385286100816e-03
9.548696100762985375e-03
9.622282041754647713e-03
9.622282041754647713e-03
9.679416534209854886e-03
9.682124870051538046e-03
9.658493358154060862e-03
9.623774661615722148e-03
9.570993664830303518e-03
9.584563208878571494e-03
9.552803789001303864e-03
9.541545556090902727e-03
9.507603457514487988e-03
9.478152500961647270e-03
9.478152500961647270e-03
9.487106587104558036e-03
9.462596308842052828e-03
9.432176315961271484e-03
9.383979105625368453e-03
9.319950440233509825e-03
9.291063941761747158e-03
9.288760198749149155e-03
9.290080826948555678e-03
9.294689085526658748e-03
9.255791313079096694e-03
9.255791313079096694e-03
9.231995551343746484e-03
9.218065407893839477e-03
9.245671516529619868e-03
9.246927727186550830e-03
9.239117121696014193e-03
9.242025007605129266e-03
9.221506046590763339e-03
9.202687559812428378e-03
9.204542534723436989e-03
9.209415599962545232e-03
9.209415599962545232e-03
9.246567065984503259e-03
9.322845301927364797e-03
9.410402982075719361e-03
9.497617740262186484e-03
9.565362780301749426e-03
9.606364875711250959e-03
9.575828299843030383e-03
9.517588964464021237e-03
9.551598148293254098e-03
9.639624050133226846e-03
9.639624050133226846e-03
9.726048522071307351e-03
9.831999942765840342e-03
9.915372469837258063e-03
9.933317943820615947e-03
9.923735167644881852e-03
9.847239304003017890e-03
9.758678398505134938e-03
9.733829781525232816e-03
9.760835918933879335e-03
9.811301733033067976e-03
9.811301733033067976e-03
9.854419790539612617e-03
9.979321937569243794e-03
1.007764595638013273e-02
1.016631036940940543e-02
1.022109762550612276e-02
1.026939006144341089e-02
1.033330871047061054e-02
1.041961105533515189e-02
1.046065086184205101e-02
1.046252874550104676e-02
1.046252874550104676e-02
1.044272204238421396e-02
1.041330728153150829e-02
1.035847121044736717e-02
1.029162988816951715e-02
1.016694229681169154e-02
1.006957146123102845e-02
9.977293806145126273e-03
9.895650441270741060e-03
9.903901273057704596e-03
9.905221077129074472e-03
9.905221077129074472e-03
9.843634436756645151e-03
9.742807416884253710e-03
9.632601706238363981e-03
9.529487397706882731e-03
9.419298266305284675e-03
9.367105478133987834e-03
9.353221768853234655e-03
9.428490258133392574e-03
9.469449105355260549e-03
9.511105559029672113e-03
9.511105559029672113e-03
9.555796104220857720e-03
9.539971857700630525e-03
9.521649080452044417e-03
9.529715226893517230e-03
9.543397579775512660e-03
9.562772208776859281e-03
9.563601689832036679e-03
9.674266554019737147e-03
9.704768343806478847e-03
9.723064388009646994e-03
9.723064388009646994e-03
9.733249407925760252e-03
9.748466621292624021e-03
9.835303858494778839e-03
9.936835524508264711e-03
1.002993178878179223e-02
1.005603407767696918e-02
9.996652675462139315e-03
9.893221450661359578e-03
9.827450372837588655e-03
9.806935365564125109e-03
9.806935365564125109e-03
9.854333422870715717e-03
9.997676810859792984e-03
1.018067877057296858e-02
1.027163116134561550e-02
1.031123822674684040e-02
1.025841652632118739e-02
1.019952530826544017e-02
1.019096612530848329e-02
1.019127184579366428e-02
1.017919315608367160e-02
1.017919315608367160e-02
1.020728523155197374e-02
1.024964695400897366e-02
1.022654915533268913e-02
1.013741157487029441e-02
1.005887519537908108e-02
9.958928442409658091e-03
9.954829419280946876e-03
9.990189823699579044e-03
1.007717371131977568e-02
1.015148621572992647e-02
1.015148621572992647e-02
1.018065903971094276e-02
1.015988315682067079e-02
1.011203388748055376e-02
1.005525293681523887e-02
1.004118456534639457e-02
1.003642355483551352e-02
1.001715382150399763e-02
1.004714014126867686e-02
1.011852402690622404e-02
1.021586995199472506e-02
1.021586995199472506e-02
1.024110816791301733e-02
1.024213955049701683e-02
1.026328607818567662e-02
1.027866963018013446e-02
1.034782175781428885e-02
1.039574468153820277e-02
1.044887218700459725e-02
1.048711640458722082e-02
1.047518381634871681e-02
1.047448936984748946e-02
1.047448936984748946e-02
1.049577835512623125e-02
1.051429431660658165e-02
1.052442675546154914e-02
1.056740042453788164e-02
1.068046290024888753e-02
1.072818047209350874e-02
1.071733320260178160e-02
1.072720032217916800e-02
1.071706007836348805e-02
1.073289291260617374e-02
1.073289291260617374e-02
1.075008980916162746e-02
1.075923494031176889e-02
1.075319824219784885e-02
1.072789634053727438e-02
1.071474720562856295e-02
1.072643475549786216e-02
1.073113025308846009e-02
1.071574428664312691e-02
1.069135338517267220e-02
1.066556384461027351e-02
