3.216430544853210449e-02
3.216430544853210449e-02
3.376838937401771545e-02
3.466874361038208008e-02
3.499858453869819641e-02
3.466026484966278076e-02
3.445643931627273560e-02
3.441571071743965149e-02
3.478427603840827942e-02
3.479292243719100952e-02
3.480178117752075195e-02
3.486595675349235535e-02
3.486595675349235535e-02
3.500445932149887085e-02
3.513306006789207458e-02
3.525016456842422485e-02
3.549955785274505615e-02
3.573960810899734497e-02
3.608613833785057068e-02
3.662709891796112061e-02
3.720433264970779419e-02
3.775217756628990173e-02
3.838123008608818054e-02
3.838123008608818054e-02
3.888316825032234192e-02
3.920317813754081726e-02
3.960102796554565430e-02
4.011895135045051575e-02
4.055579379200935364e-02
4.100465029478073120e-02
4.149164259433746338e-02
4.201897978782653809e-02
4.243006929755210876e-02
4.282524809241294861e-02
4.282524809241294861e-02
4.328452423214912415e-02
4.366827756166458130e-02
4.400767758488655090e-02
4.442520812153816223e-02
4.489302262663841248e-02
4.560407996177673340e-02
4.616831615567207336e-02
4.677619785070419312e-02
4.739165678620338440e-02
4.782555252313613892e-02
4.782555252313613892e-02
4.847753420472145081e-02
4.902438819408416748e-02
4.957213625311851501e-02
4.992140829563140869e-02
5.034035816788673401e-02
5.077185854315757751e-02
5.126409977674484253e-02
5.165510624647140503e-02
5.206847563385963440e-02
5.256367474794387817e-02
5.256367474794387817e-02
5.333955213427543640e-02
5.380211025476455688e-02
5.419810488820075989e-02
5.472546443343162537e-02
5.563770234584808350e-02
5.638579651713371277e-02
5.702559277415275574e-02
5.755877494812011719e-02
5.807138979434967041e-02
5.850456655025482178e-02
5.850456655025482178e-02
5.886036157608032227e-02
5.889410898089408875e-02
5.886165052652359009e-02
5.876711755990982056e-02
5.874531716108322144e-02
5.857858806848526001e-02
5.824241042137145996e-02
5.797731503844261169e-02
5.746230855584144592e-02
5.700823292136192322e-02
5.700823292136192322e-02
5.648314207792282104e-02
5.588508397340774536e-02
5.517019331455230713e-02
5.453462526202201843e-02
5.389383062720298767e-02
5.321828648447990417e-02
5.267658829689025879e-02
5.223644524812698364e-02
5.178597196936607361e-02
5.151501670479774475e-02
5.151501670479774475e-02
5.136951804161071777e-02
5.125181376934051514e-02
5.112269520759582520e-02
5.097542703151702881e-02
5.078794062137603760e-02
5.069696903228759766e-02
5.064531788229942322e-02
5.050296708941459656e-02
5.034856125712394714e-02
5.020298063755035400e-02
5.020298063755035400e-02
5.003971233963966370e-02
4.993802681565284729e-02
4.982607439160346985e-02
4.960058629512786865e-02
4.937368631362915039e-02
4.917734488844871521e-02
4.881958290934562683e-02
4.868073761463165283e-02
4.849187657237052917e-02
4.834289476275444031e-02
4.834289476275444031e-02
4.819572344422340393e-02
4.792029410600662231e-02
4.755681753158569336e-02
4.717928171157836914e-02
4.676993191242218018e-02
4.638011753559112549e-02
4.578871652483940125e-02
4.522415995597839355e-02
4.463532567024230957e-02
4.401649162173271179e-02
4.401649162173271179e-02
4.333139955997467041e-02
4.266831651329994202e-02
4.208279773592948914e-02
4.146621748805046082e-02
4.084389284253120422e-02
4.022580385208129883e-02
3.973145037889480591e-02
3.930389508605003357e-02
3.886913880705833435e-02
3.846425190567970276e-02
3.846425190567970276e-02
3.799802437424659729e-02
3.756059706211090088e-02
3.712057694792747498e-02
3.674564883112907410e-02
3.634108230471611023e-02
3.579216077923774719e-02
3.530542179942131042e-02
3.471530601382255554e-02
3.405380249023437500e-02
3.356353566050529480e-02
3.356353566050529480e-02
3.300071135163307190e-02
3.236490488052368164e-02
3.172082826495170593e-02
3.103868477046489716e-02
3.038623370230197906e-02
2.988881431519985199e-02
2.950674481689929962e-02
2.920073829591274261e-02
2.902298979461193085e-02
2.908380702137947083e-02
2.908380702137947083e-02
2.908593602478504181e-02
2.913974970579147339e-02
2.934261597692966461e-02
2.940287627279758453e-02
2.940841391682624817e-02
2.943006530404090881e-02
2.925829961895942688e-02
2.900137379765510559e-02
2.869571000337600708e-02
2.832167595624923706e-02
2.832167595624923706e-02
2.800681814551353455e-02
2.748883701860904694e-02
2.698398940265178680e-02
2.640265226364135742e-02
2.599954232573509216e-02
2.569323219358921051e-02
2.533739805221557617e-02
2.545291371643543243e-02
2.547632157802581787e-02
2.546154335141181946e-02
2.546154335141181946e-02
2.523700706660747528e-02
2.490238286554813385e-02
2.447571046650409698e-02
2.403432317078113556e-02
2.341250889003276825e-02
2.243565209209918976e-02
2.176014520227909088e-02
2.098976075649261475e-02
2.003461308777332306e-02
1.896209456026554108e-02
1.896209456026554108e-02
1.796872913837432861e-02
1.696956157684326172e-02
1.607550308108329773e-02
1.521367765963077545e-02
1.454377081245183945e-02
1.416973583400249481e-02
1.398032717406749725e-02
1.410757191479206085e-02
1.440550573170185089e-02
1.482657436281442642e-02
1.482657436281442642e-02
1.523070223629474640e-02
1.548453979194164276e-02
1.511887367814779282e-02
1.468804385513067245e-02
1.426407601684331894e-02
1.402754243463277817e-02
1.391468662768602371e-02
1.380193885415792465e-02
1.372364070266485214e-02
1.372239924967288971e-02
1.372239924967288971e-02
1.360605750232934952e-02
1.367427594959735870e-02
1.374915800988674164e-02
1.381251588463783264e-02
1.387772988528013229e-02
1.391328219324350357e-02
1.400043722242116928e-02
1.417838409543037415e-02
1.452576648443937302e-02
1.489334646612405777e-02
1.489334646612405777e-02
1.525779906660318375e-02
1.572633348405361176e-02
1.606923155486583710e-02
1.639202982187271118e-02
1.688693463802337646e-02
1.756653748452663422e-02
1.828124932944774628e-02
1.924223452806472778e-02
2.020380459725856781e-02
2.124347165226936340e-02
2.124347165226936340e-02
2.234869450330734253e-02
2.341146394610404968e-02
2.442239411175251007e-02
2.524863928556442261e-02
2.590157836675643921e-02
2.649176120758056641e-02
2.718384005129337311e-02
2.781737037003040314e-02
2.837651409208774567e-02
2.875414863228797913e-02
2.875414863228797913e-02
2.895137853920459747e-02
2.901647984981536865e-02
2.902149409055709839e-02
2.870829775929450989e-02
2.836635336279869080e-02
2.811605669558048248e-02
2.781768701970577240e-02
2.748219668865203857e-02
2.705134265124797821e-02
2.652899175882339478e-02
2.652899175882339478e-02
2.612419053912162781e-02
2.565770968794822693e-02
2.517719939351081848e-02
2.487171068787574768e-02
2.474297024309635162e-02
2.454094216227531433e-02
2.446957305073738098e-02
2.447300776839256287e-02
2.474130876362323761e-02
2.498677559196949005e-02
2.498677559196949005e-02
2.513506449759006500e-02
2.509882859885692596e-02
2.520228363573551178e-02
2.529206685721874237e-02
2.533090114593505859e-02
2.531014755368232727e-02
2.518004179000854492e-02
2.482043579220771790e-02
2.437094040215015411e-02
2.398121170699596405e-02
2.398121170699596405e-02
2.349174395203590393e-02
2.308851480484008789e-02
2.276615798473358154e-02
2.308973111212253571e-02
2.333659492433071136e-02
2.348385192453861237e-02
2.351661399006843567e-02
2.352791465818881989e-02
2.346282452344894409e-02
2.317527122795581818e-02
2.317527122795581818e-02
2.294378355145454407e-02
2.267085388302803040e-02
2.242461591958999634e-02
2.226205728948116302e-02
2.181513980031013489e-02
2.136239036917686462e-02
2.114793844521045685e-02
2.101743407547473907e-02
2.087386511266231537e-02
2.084585279226303101e-02
2.084585279226303101e-02
2.089313603937625885e-02
2.094190381467342377e-02
2.110038511455059052e-02
2.147443965077400208e-02
2.184666879475116730e-02
2.225080318748950958e-02
2.262462861835956573e-02
2.295187115669250488e-02
2.320554107427597046e-02
2.333338186144828796e-02
2.333338186144828796e-02
2.348730713129043579e-02
2.352218702435493469e-02
2.353785932064056396e-02
2.328120172023773193e-02
2.302456274628639221e-02
2.275164425373077393e-02
2.228295430541038513e-02
2.184353955090045929e-02
2.139765769243240356e-02
2.109797857701778412e-02
2.109797857701778412e-02
2.087276428937911987e-02
2.078569680452346802e-02
2.095429785549640656e-02
2.122511528432369232e-02
2.153770625591278076e-02
2.193899825215339661e-02
2.232615463435649872e-02
2.265909500420093536e-02
2.325358428061008453e-02
2.397267520427703857e-02
2.397267520427703857e-02
2.469974383711814880e-02
2.563291415572166443e-02
2.656914852559566498e-02
2.739232219755649567e-02
2.811402827501296997e-02
2.875172160565853119e-02
2.929004095494747162e-02
2.967933937907218933e-02
3.007050044834613800e-02
3.044199943542480469e-02
3.044199943542480469e-02
3.097306750714778900e-02
3.135185688734054565e-02
3.171866759657859802e-02
3.192664682865142822e-02
3.222558274865150452e-02
3.249765187501907349e-02
3.282989934086799622e-02
3.306019306182861328e-02
3.323602303862571716e-02
3.321698680520057678e-02
3.321698680520057678e-02
3.323429077863693237e-02
3.337700292468070984e-02
3.359358012676239014e-02
3.368499130010604858e-02
3.374933451414108276e-02
3.385047242045402527e-02
3.385754302144050598e-02
3.389123827219009399e-02
3.388296440243721008e-02
3.391719236969947815e-02
3.391719236969947815e-02
3.419226780533790588e-02
3.445534780621528625e-02
3.480055555701255798e-02
3.510966897010803223e-02
3.549304232001304626e-02
3.586486726999282837e-02
3.629258647561073303e-02
3.688559308648109436e-02
3.731671720743179321e-02
3.756894916296005249e-02
3.756894916296005249e-02
3.771884366869926453e-02
3.761051222681999207e-02
3.734638169407844543e-02
3.704699128866195679e-02
3.681446239352226257e-02
3.665948286652565002e-02
3.651329874992370605e-02
3.635955601930618286e-02
3.571324050426483154e-02
3.515304252505302429e-02
3.515304252505302429e-02
3.487731516361236572e-02
3.453668579459190369e-02
3.435576334595680237e-02
3.438054397702217102e-02
3.463743627071380615e-02
3.501705080270767212e-02
3.562350571155548096e-02
3.628731891512870789e-02
3.708918765187263489e-02
3.777609393000602722e-02
3.777609393000602722e-02
3.836784139275550842e-02
3.865734860301017761e-02
3.883934020996093750e-02
3.884173184633255005e-02
3.872385248541831970e-02
3.864995762705802917e-02
3.857292607426643372e-02
3.865809738636016846e-02
3.872228041291236877e-02
3.888266906142234802e-02
3.888266906142234802e-02
3.907737135887145996e-02
3.920314460992813110e-02
3.920314460992813110e-02
3.920314460992813110e-02
3.934332355856895447e-02
3.947140648961067200e-02
3.953700512647628784e-02
3.978429734706878662e-02
4.000198468565940857e-02
4.018621146678924561e-02
4.018621146678924561e-02
4.024522751569747925e-02
4.034343734383583069e-02
4.038354381918907166e-02
4.027978703379631042e-02
4.021105915307998657e-02
4.026166349649429321e-02
4.032970964908599854e-02
4.053927585482597351e-02
4.065854102373123169e-02
4.066177457571029663e-02
