1.006410909571215685e-02
1.006410909571215685e-02
9.640628040587975733e-03
8.449245785533640932e-03
7.675353738023550469e-03
6.500082591540849199e-03
5.907600239164293235e-03
5.769543645120706228e-03
5.484694606593689369e-03
5.089690132285476856e-03
4.537019316145455075e-03
3.933635403455758815e-03
3.933635403455758815e-03
3.493188808595643069e-03
3.181222209884950174e-03
2.842491792331780422e-03
2.690119153135195427e-03
2.572401737037731829e-03
2.459305892180789054e-03
2.415628593538797497e-03
2.281004446659754426e-03
2.380942093247599787e-03
2.546460697032773036e-03
2.546460697032773036e-03
2.886025434059366970e-03
3.494739807629442235e-03
4.240283346224500531e-03
4.976867010258670919e-03
5.767306248596673450e-03
6.553447439142221290e-03
7.374004900857556062e-03
8.094629666831332226e-03
8.859675153722460991e-03
9.624936659436702027e-03
9.624936659436702027e-03
1.039393477353009118e-02
1.112608776706169346e-02
1.178686123489750687e-02
1.247194098026534713e-02
1.313838000545157134e-02
1.362852594056472577e-02
1.409401601213407067e-02
1.453376422644037450e-02
1.498647843141562644e-02
1.547966214854195992e-02
1.547966214854195992e-02
1.577931900777681737e-02
1.598899063830418188e-02
1.615521229970031183e-02
1.617489490084237161e-02
1.615073009813181026e-02
1.599055945356895811e-02
1.578460446078323171e-02
1.553699464993547538e-02
1.527752693343420107e-02
1.495220340483123522e-02
1.495220340483123522e-02
1.451002325953843104e-02
1.405607161209031231e-02
1.351741533997018185e-02
1.300690269246810096e-02
1.257212360913361610e-02
1.223243897019750046e-02
1.211265050072626859e-02
1.209987844011635623e-02
1.224240212617722610e-02
1.248391912885706868e-02
1.248391912885706868e-02
1.267391392578269722e-02
1.279748080573719221e-02
1.289903343544811579e-02
1.276857730000869814e-02
1.253571540784303301e-02
1.217203189335854495e-02
1.176959258281119053e-02
1.141132284461831084e-02
1.111742031056545815e-02
1.103553483009868386e-02
1.103553483009868386e-02
1.096521263719863609e-02
1.080085754035968459e-02
1.068880704718034279e-02
1.069343235702939661e-02
1.070169655185648598e-02
1.094804235994206905e-02
1.121798308717325901e-02
1.139022345400420369e-02
1.139244009852439544e-02
1.124666731708237784e-02
1.124666731708237784e-02
1.110316902768051367e-02
1.093945425611983664e-02
1.078424148626240531e-02
1.059833423598437185e-02
1.050278433187806955e-02
1.035046565887021500e-02
1.014124383193668218e-02
1.008464039055258221e-02
1.010943193928582652e-02
1.024047789731625212e-02
1.024047789731625212e-02
1.025815840898055067e-02
1.024101269637250899e-02
1.016316515794110122e-02
9.961864778479158702e-03
9.806239495818862978e-03
9.662018376734544250e-03
9.571486409304042625e-03
9.544450502265617448e-03
9.438236129428258930e-03
9.278335570316563474e-03
9.278335570316563474e-03
9.167226364236525163e-03
9.149525674522422658e-03
9.048334359020084386e-03
8.848020461347597121e-03
8.874437843613995278e-03
8.897363258915198456e-03
8.958377208440553019e-03
8.942311628458279871e-03
8.976076212334028331e-03
9.028996385336444247e-03
9.028996385336444247e-03
9.029738698441178851e-03
9.041131448215899286e-03
8.925676976582449032e-03
8.865168627131854787e-03
8.627473379983768495e-03
8.227098700625965627e-03
7.938234261918834453e-03
7.584157564174713248e-03
7.368036572854386006e-03
7.195208013485210156e-03
7.195208013485210156e-03
7.053002009352082533e-03
7.066596151757155095e-03
7.048188594229122007e-03
7.264005214562085574e-03
7.485740148234955836e-03
7.741228826922474243e-03
7.941416260243529604e-03
8.006359085117551247e-03
8.181807065199737244e-03
8.078261274288277630e-03
8.078261274288277630e-03
7.804121505870054848e-03
7.280640178235201453e-03
6.800964288148068394e-03
6.289871111039108294e-03
5.787379607039431356e-03
5.397350229267607914e-03
5.116873470867196010e-03
4.860973530855616613e-03
4.927573308087171422e-03
5.210650227986600783e-03
5.210650227986600783e-03
5.857393493173136678e-03
6.660129214428171275e-03
7.513835418764396382e-03
8.228416589292481681e-03
8.784070727861165162e-03
9.199255851020299302e-03
9.386390078359839115e-03
9.297552830213292804e-03
9.092460062519720429e-03
8.825423469380058034e-03
8.825423469380058034e-03
8.442473680249144158e-03
7.904652874612885446e-03
7.289462303765839764e-03
6.755731355316224422e-03
6.341014026013614725e-03
6.003325099955911931e-03
5.808837822475974334e-03
5.867695342693013752e-03
6.037984239085840248e-03
6.339842249210352054e-03
6.339842249210352054e-03
6.738026520761118514e-03
7.108236618015646019e-03
7.403435974054380433e-03
7.537106286010921558e-03
7.471588821296609208e-03
7.275171803317949035e-03
7.159610911751953730e-03
6.911672298133715413e-03
6.661931459471458553e-03
6.445337527094410421e-03
6.445337527094410421e-03
6.286109912772253408e-03
6.091036266941366774e-03
6.037237787056952583e-03
5.952554383639995297e-03
5.923674917022337706e-03
5.892870337905815013e-03
5.874615069855487412e-03
5.964705873253224773e-03
6.036594055197791811e-03
5.956749135396593141e-03
5.956749135396593141e-03
5.854924678910983921e-03
5.612879856513395237e-03
5.302028232561745331e-03
4.992928614421439718e-03
4.764058416407947021e-03
4.585078360031620212e-03
4.507984437226950428e-03
4.628444484061648191e-03
4.711336966609038467e-03
4.759015405500245481e-03
4.759015405500245481e-03
4.786897996525660628e-03
4.709500320706577758e-03
4.661971468522015452e-03
4.536807572759273509e-03
4.486095803596470456e-03
4.479656738782776537e-03
4.498350367524424007e-03
4.519901997418120099e-03
4.496439047431729195e-03
4.565286991351465325e-03
4.565286991351465325e-03
4.606404065102175961e-03
4.639458935748894119e-03
4.584695106322202521e-03
4.419663833269898284e-03
4.331255045589696082e-03
4.149289514375953739e-03
4.167509047533308683e-03
4.277454661993854677e-03
4.229363031383237027e-03
4.150472738524569292e-03
4.150472738524569292e-03
4.145507934596275035e-03
4.194734857435858735e-03
4.364394107241481927e-03
4.554498850279048265e-03
4.732720345575639441e-03
4.934951896889235544e-03
5.040028189524557722e-03
5.161401563548560605e-03
5.233436168066141030e-03
5.255763882587284608e-03
5.255763882587284608e-03
5.233978926272603999e-03
5.368140067169202903e-03
5.489455145856931423e-03
5.583479073019909263e-03
5.656339624421054604e-03
5.605479018642407080e-03
5.540811867687702591e-03
5.452307804346617943e-03
5.351201463938054514e-03
5.372370841919096515e-03
5.372370841919096515e-03
5.139363682002946396e-03
5.011292409656724865e-03
4.864840562614379180e-03
4.694496365113641836e-03
4.587362509778226786e-03
4.461301930955374404e-03
4.342621311675254683e-03
4.378653324015746237e-03
4.560386712598755651e-03
4.629251038254914019e-03
4.629251038254914019e-03
4.736667595103925300e-03
4.921975414431216216e-03
5.127435079017216013e-03
5.324551142081007833e-03
5.403016686422268053e-03
5.403105363620212126e-03
5.229652045371005128e-03
4.935505883125485688e-03
4.697322024503292059e-03
4.482330049411064297e-03
4.482330049411064297e-03
4.426187328100671461e-03
4.461281236364673594e-03
4.395678467949466588e-03
4.323629102021825724e-03
4.141025487988856356e-03
3.909860043049420177e-03
3.665050802220075083e-03
3.418838384070974675e-03
3.341919937619844665e-03
3.346565535775248082e-03
3.346565535775248082e-03
3.339647357102982442e-03
3.429149943059823635e-03
3.565403517884853900e-03
3.668035892253530654e-03
3.750704758922312251e-03
3.798620099226453824e-03
3.602928022560142156e-03
3.442581438438362118e-03
3.411251494595962837e-03
3.323964623650693586e-03
3.323964623650693586e-03
3.357632480603922696e-03
3.434089369205548057e-03
3.374942984167901387e-03
3.259964262778739050e-03
3.221360682264313557e-03
3.318639107163796464e-03
3.564608579137961905e-03
3.791111249461063572e-03
4.047863138900865271e-03
4.224539765725501481e-03
4.224539765725501481e-03
4.337844921926844316e-03
4.346505033063492555e-03
4.456439030125553501e-03
4.577702228711679269e-03
4.666460832998653441e-03
4.748533686092921285e-03
4.774811110773908608e-03
4.715176522858618123e-03
4.598019291050595148e-03
4.507617690664060019e-03
4.507617690664060019e-03
4.278258023834597551e-03
3.934427795015795273e-03
3.535055975681150511e-03
3.234988095783740154e-03
3.176067876776835896e-03
3.118160285327664302e-03
3.190068828542465002e-03
3.267617758069218080e-03
3.240221354628737126e-03
3.194946796954482599e-03
3.194946796954482599e-03
3.184789796998376953e-03
3.212739347684602075e-03
3.280130527276059211e-03
3.389332546190355205e-03
3.467030690932158127e-03
3.561181572986003331e-03
3.639582513210791719e-03
3.672912140364179880e-03
3.716762082664789267e-03
3.756209927396303352e-03
3.756209927396303352e-03
3.801895406749124847e-03
3.768514546193635177e-03
3.712623307509729017e-03
3.679949523691712892e-03
3.622022026804794410e-03
3.599087655740208173e-03
3.587142015867642898e-03
3.577013678414736261e-03
3.626525972546458098e-03
3.735993234469266004e-03
3.735993234469266004e-03
3.702434010764382982e-03
3.689680490074100528e-03
3.649706071912077378e-03
3.535469234940015210e-03
3.487562509029639227e-03
3.448647268162341288e-03
3.443371928781010192e-03
3.506314348391810151e-03
3.597109371955814049e-03
3.557359541673773932e-03
3.557359541673773932e-03
3.489912375952568518e-03
3.379881334471721965e-03
3.319553755758363704e-03
3.253004278954191655e-03
3.239945901949316167e-03
3.328392119738011502e-03
3.380078571540969835e-03
3.202042671781543583e-03
2.926417085032557552e-03
2.602965488373239038e-03
2.602965488373239038e-03
2.365545305110357700e-03
2.342547090298055870e-03
2.346295489257319965e-03
2.293001201344632180e-03
2.063630995967914369e-03
1.858201886891442094e-03
1.710699243440547655e-03
1.654029327009406318e-03
1.725527351112838160e-03
1.796276734550054975e-03
1.796276734550054975e-03
1.995336015378715560e-03
2.224738745279552024e-03
2.482898723764440617e-03
2.711971969719799338e-03
2.860107157992056691e-03
2.839533772919942446e-03
2.727236798584079577e-03
2.445443825886487507e-03
2.246096876334039566e-03
2.040179849472009699e-03
2.040179849472009699e-03
1.876892005315473986e-03
1.703759756494374090e-03
1.564599310867934544e-03
1.518994877264730117e-03
1.560441517061448647e-03
1.716422432439123139e-03
1.846102631224315078e-03
1.912131769677685375e-03
1.860727924360051347e-03
1.706351273215769935e-03
1.706351273215769935e-03
1.568052310587940467e-03
1.635164437223790741e-03
1.717001304746876506e-03
1.883043790976360841e-03
2.137248711837333014e-03
2.271270680821040749e-03
3.083361350512931354e-03
4.046845983627330064e-03
4.919532326035792880e-03
5.809754311605633964e-03
5.809754311605633964e-03
6.575097441018665397e-03
7.228364527133873153e-03
7.803796898675474311e-03
8.286767601651222337e-03
8.689045077557834562e-03
9.027678920545428864e-03
9.320203112770937548e-03
9.629605497719953208e-03
9.901886441647824583e-03
1.013689619281075809e-02
