3.682019934058189392e-02
3.755203634500503540e-02
3.795633837580680847e-02
3.808308392763137817e-02
3.838196396827697754e-02
3.881349414587020874e-02
3.939621150493621826e-02
3.971508890390396118e-02
3.992433473467826843e-02
4.038223996758460999e-02
4.090711474418640137e-02
4.090711474418640137e-02
4.137416929006576538e-02
4.188287630677223206e-02
4.233611375093460083e-02
4.247427731752395630e-02
4.261555522680282593e-02
4.293687641620635986e-02
4.278433695435523987e-02
4.242398589849472046e-02
4.213119670748710632e-02
4.168669879436492920e-02
4.168669879436492920e-02
4.158340394496917725e-02
4.150335118174552917e-02
4.132208973169326782e-02
4.104854539036750793e-02
4.075856506824493408e-02
4.042429849505424500e-02
4.018915817141532898e-02
3.997380658984184265e-02
3.976530581712722778e-02
3.994736075401306152e-02
3.994736075401306152e-02
4.018422216176986694e-02
4.044075682759284973e-02
4.061047360301017761e-02
4.076404869556427002e-02
4.092768579721450806e-02
4.107781127095222473e-02
4.119862616062164307e-02
4.131076857447624207e-02
4.146130755543708801e-02
4.155065119266510010e-02
4.155065119266510010e-02
4.150341823697090149e-02
4.145041853189468384e-02
4.149884358048439026e-02
4.142080247402191162e-02
4.124176874756813049e-02
4.107307270169258118e-02
4.077715426683425903e-02
4.038681089878082275e-02
4.002387821674346924e-02
3.968005254864692688e-02
3.968005254864692688e-02
3.942108526825904846e-02
3.925918787717819214e-02
3.892454877495765686e-02
3.871576115489006042e-02
3.848163038492202759e-02
3.812849149107933044e-02
3.789192065596580505e-02
3.775077685713768005e-02
3.755597397685050964e-02
3.715750575065612793e-02
3.715750575065612793e-02
3.680783510208129883e-02
3.648622334003448486e-02
3.618694096803665161e-02
3.588162735104560852e-02
3.561026975512504578e-02
3.535290807485580444e-02
3.510528430342674255e-02
3.486628457903862000e-02
3.460813686251640320e-02
3.435403481125831604e-02
3.435403481125831604e-02
3.413064405322074890e-02
3.390489146113395691e-02
3.370822221040725708e-02
3.353446722030639648e-02
3.340131044387817383e-02
3.327048569917678833e-02
3.313197940587997437e-02
3.295625373721122742e-02
3.278380632400512695e-02
3.266328200697898865e-02
3.266328200697898865e-02
3.242674469947814941e-02
3.201543167233467102e-02
3.167859464883804321e-02
3.133776411414146423e-02
3.096514940261840820e-02
3.061334975063800812e-02
3.044937551021575928e-02
3.019975312054157257e-02
3.011715225875377655e-02
3.003249131143093109e-02
3.003249131143093109e-02
2.991187013685703278e-02
2.980639412999153137e-02
2.954036369919776917e-02
2.954036369919776917e-02
2.954036369919776917e-02
2.954036369919776917e-02
2.954036369919776917e-02
2.954036369919776917e-02
2.954036369919776917e-02
2.946787513792514801e-02
2.946787513792514801e-02
2.960556186735630035e-02
2.962255477905273438e-02
2.961939759552478790e-02
2.974404394626617432e-02
2.986570633947849274e-02
3.100800141692161560e-02
3.209722787141799927e-02
3.309782966971397400e-02
3.403866663575172424e-02
3.489005938172340393e-02
3.489005938172340393e-02
3.565114364027976990e-02
3.634322434663772583e-02
3.696498274803161621e-02
3.752506524324417114e-02
3.804459050297737122e-02
3.851738572120666504e-02
3.893038257956504822e-02
3.929811343550682068e-02
3.963201120495796204e-02
3.993736952543258667e-02
3.993736952543258667e-02
4.019660130143165588e-02
4.042523354291915894e-02
4.064559191465377808e-02
4.083535820245742798e-02
4.098819941282272339e-02
4.105860367417335510e-02
4.110455885529518127e-02
4.113976284861564636e-02
4.116815328598022461e-02
4.120334237813949585e-02
4.120334237813949585e-02
4.123921692371368408e-02
4.127193614840507507e-02
4.127244278788566589e-02
4.130906239151954651e-02
4.138514399528503418e-02
4.136687517166137695e-02
4.135624691843986511e-02
4.133841767907142639e-02
4.135378450155258179e-02
4.135779291391372681e-02
4.135779291391372681e-02
4.134043678641319275e-02
4.131460934877395630e-02
4.129806533455848694e-02
4.131751507520675659e-02
4.162562638521194458e-02
4.192652925848960876e-02
4.220977798104286194e-02
4.244046658277511597e-02
4.268449917435646057e-02
4.294322803616523743e-02
4.294322803616523743e-02
4.320890083909034729e-02
4.349028319120407104e-02
4.390321299433708191e-02
4.430327937006950378e-02
4.463989287614822388e-02
4.493169113993644714e-02
4.516651481389999390e-02
4.533297941088676453e-02
4.543880745768547058e-02
4.550815746188163757e-02
4.550815746188163757e-02
4.557118192315101624e-02
4.557161778211593628e-02
4.558356106281280518e-02
4.559866338968276978e-02
4.561633989214897156e-02
4.557970166206359863e-02
4.551168531179428101e-02
4.543589428067207336e-02
4.538648575544357300e-02
4.533911123871803284e-02
4.533911123871803284e-02
4.529223963618278503e-02
4.520892351865768433e-02
4.514786973595619202e-02
4.514786973595619202e-02
4.511643201112747192e-02
4.501965269446372986e-02
4.489221423864364624e-02
4.477389901876449585e-02
4.457770660519599915e-02
4.443096369504928589e-02
4.443096369504928589e-02
4.443096369504928589e-02
4.431116208434104919e-02
4.418220743536949158e-02
4.412195831537246704e-02
4.412349686026573181e-02
4.412209242582321167e-02
4.406551644206047058e-02
4.400375112891197205e-02
4.395911842584609985e-02
4.399944841861724854e-02
4.399944841861724854e-02
4.402585700154304504e-02
4.408952593803405762e-02
4.414410144090652466e-02
4.424215480685234070e-02
4.432922601699829102e-02
4.436964541673660278e-02
4.436123743653297424e-02
4.445897787809371948e-02
4.456266388297080994e-02
4.475076869130134583e-02
4.475076869130134583e-02
4.490791633725166321e-02
4.517867043614387512e-02
4.553659632802009583e-02
4.584409296512603760e-02
4.613617062568664551e-02
4.633359611034393311e-02
4.643110930919647217e-02
4.645850136876106262e-02
4.649128019809722900e-02
4.649332165718078613e-02
4.649332165718078613e-02
4.651354625821113586e-02
4.652887955307960510e-02
4.665866121649742126e-02
4.681573808193206787e-02
4.695533961057662964e-02
4.704871028661727905e-02
4.715464264154434204e-02
4.722636938095092773e-02
4.733650013804435730e-02
4.736129939556121826e-02
4.736129939556121826e-02
4.737964645028114319e-02
4.747760295867919922e-02
4.758110642433166504e-02
4.771981388330459595e-02
4.785478487610816956e-02
4.800973832607269287e-02
4.819901660084724426e-02
4.819901660084724426e-02
4.819901660084724426e-02
4.819901660084724426e-02
4.819901660084724426e-02
4.828314483165740967e-02
4.829634726047515869e-02
4.825457930564880371e-02
4.814403131604194641e-02
4.808459803462028503e-02
4.804959148168563843e-02
4.799567908048629761e-02
4.798338562250137329e-02
4.798338562250137329e-02
4.798338562250137329e-02
4.798338562250137329e-02
4.794854298233985901e-02
4.783697798848152161e-02
4.770252481102943420e-02
4.747633263468742371e-02
4.720574989914894104e-02
4.696883633732795715e-02
4.676692560315132141e-02
4.658386483788490295e-02
4.636753350496292114e-02
4.617075249552726746e-02
4.617075249552726746e-02
4.596791788935661316e-02
4.572334885597229004e-02
4.556960240006446838e-02
4.554321244359016418e-02
4.545150697231292725e-02
4.534957557916641235e-02
4.534852504730224609e-02
4.539753124117851257e-02
4.548807442188262939e-02
4.554630070924758911e-02
4.554630070924758911e-02
4.564835131168365479e-02
4.585353657603263855e-02
4.597182571887969971e-02
4.604814946651458740e-02
4.597961902618408203e-02
4.601717367768287659e-02
4.600169137120246887e-02
4.603330790996551514e-02
4.604170471429824829e-02
4.603331908583641052e-02
4.603331908583641052e-02
4.598033428192138672e-02
4.597265273332595825e-02
4.582571238279342651e-02
4.574166238307952881e-02
4.574440792202949524e-02
4.573389887809753418e-02
4.572529345750808716e-02
4.570232331752777100e-02
4.560651257634162903e-02
4.549331218004226685e-02
4.549331218004226685e-02
4.550809040665626526e-02
4.554060846567153931e-02
4.548850655555725098e-02
4.538055881857872009e-02
4.514371603727340698e-02
4.477484524250030518e-02
4.438210651278495789e-02
4.400242865085601807e-02
4.353406652808189392e-02
4.311734065413475037e-02
4.311734065413475037e-02
4.281871393322944641e-02
4.254562407732009888e-02
4.245063662528991699e-02
4.246004298329353333e-02
4.250079765915870667e-02
4.260114580392837524e-02
4.274152591824531555e-02
4.291929304599761963e-02
4.303083196282386780e-02
4.320768266916275024e-02
4.320768266916275024e-02
4.347114637494087219e-02
4.385368153452873230e-02
4.423517733812332153e-02
4.462789371609687805e-02
4.502596333622932434e-02
4.536784812808036804e-02
4.564384371042251587e-02
4.574830457568168640e-02
4.573958367109298706e-02
4.559360072016716003e-02
4.559360072016716003e-02
4.536657780408859253e-02
4.506957530975341797e-02
4.479433596134185791e-02
4.461522400379180908e-02
4.455013200640678406e-02
4.454531148076057434e-02
4.460707679390907288e-02
4.476088285446166992e-02
4.495668783783912659e-02
4.516011476516723633e-02
4.516011476516723633e-02
4.539363831281661987e-02
4.545503482222557068e-02
4.560430720448493958e-02
4.565134271979331970e-02
4.558482766151428223e-02
4.545926302671432495e-02
4.535222053527832031e-02
4.529469832777976990e-02
4.518760740756988525e-02
4.509253054857254028e-02
4.509253054857254028e-02
4.502220079302787781e-02
4.496891796588897705e-02
4.503399133682250977e-02
4.515845701098442078e-02
4.532658308744430542e-02
4.556862264871597290e-02
4.574199020862579346e-02
4.582590237259864807e-02
4.586987942457199097e-02
4.587066546082496643e-02
4.587066546082496643e-02
4.575590044260025024e-02
4.559969156980514526e-02
4.549583047628402710e-02
4.544288665056228638e-02
4.549028351902961731e-02
4.561901092529296875e-02
4.576059430837631226e-02
4.593137279152870178e-02
4.608131945133209229e-02
4.606980085372924805e-02
4.606980085372924805e-02
4.595170542597770691e-02
4.570577293634414673e-02
4.544780403375625610e-02
4.521222412586212158e-02
4.498483613133430481e-02
4.483380541205406189e-02
4.466708749532699585e-02
4.459533840417861938e-02
4.441414028406143188e-02
4.419822245836257935e-02
4.419822245836257935e-02
4.394039511680603027e-02
4.352897033095359802e-02
4.307934641838073730e-02
4.261803999543190002e-02
4.226680472493171692e-02
4.199212789535522461e-02
4.174654558300971985e-02
4.171271994709968567e-02
4.175343364477157593e-02
4.174806550145149231e-02
4.174806550145149231e-02
4.162262752652168274e-02
4.142709821462631226e-02
4.127081856131553650e-02
4.113201797008514404e-02
4.093822464346885681e-02
4.078820720314979553e-02
4.073813185095787048e-02
4.062661528587341309e-02
4.062661528587341309e-02
4.062661528587341309e-02
4.062661528587341309e-02
4.060038179159164429e-02
4.066564887762069702e-02
4.084082320332527161e-02
4.115419089794158936e-02
4.133160412311553955e-02
4.149588942527770996e-02
4.159062728285789490e-02
4.157914593815803528e-02
4.152914881706237793e-02
4.142935574054718018e-02
4.142935574054718018e-02
4.144615307450294495e-02
4.150877892971038818e-02
4.165847226977348328e-02
4.182298108935356140e-02
4.202139005064964294e-02
4.220162332057952881e-02
4.216140508651733398e-02
4.213190451264381409e-02
4.205384105443954468e-02
4.194643348455429077e-02
4.194643348455429077e-02
4.187960550189018250e-02
4.200695082545280457e-02
4.208574071526527405e-02
4.207364469766616821e-02
4.202049598097801208e-02
4.192612692713737488e-02
4.177906364202499390e-02
4.153134673833847046e-02
4.125612974166870117e-02
4.101161286234855652e-02
4.101161286234855652e-02
4.072900861501693726e-02
4.050874337553977966e-02
4.042013362050056458e-02
4.042705148458480835e-02
4.053628817200660706e-02
4.070111736655235291e-02
4.084420576691627502e-02
4.082796722650527954e-02
4.077856615185737610e-02
4.063659161329269409e-02
4.063659161329269409e-02
4.044460505247116089e-02
4.023951664566993713e-02
4.006604105234146118e-02
3.990468010306358337e-02
3.986915200948715210e-02
3.985855728387832642e-02
3.994238376617431641e-02
3.997680172324180603e-02
3.991852700710296631e-02
3.962754830718040466e-02
3.962754830718040466e-02
3.933749347925186157e-02
3.909999504685401917e-02
3.896013647317886353e-02
3.891262784600257874e-02
3.889215365052223206e-02
3.894765675067901611e-02
3.901239112019538879e-02
3.901183605194091797e-02
3.901388868689537048e-02
3.904768079519271851e-02
3.904768079519271851e-02
3.909081220626831055e-02
3.911631554365158081e-02
3.907653689384460449e-02
3.897810727357864380e-02
3.892203047871589661e-02
3.889083489775657654e-02
3.890714794397354126e-02
3.890481963753700256e-02
3.898360952734947205e-02
3.906999155879020691e-02
3.906999155879020691e-02
3.909326717257499695e-02
3.906746581196784973e-02
3.899178653955459595e-02
3.889481350779533386e-02
3.880792483687400818e-02
3.874969109892845154e-02
3.866740316152572632e-02
3.866740316152572632e-02
3.866740316152572632e-02
3.864745050668716431e-02
3.864745050668716431e-02
3.807380795478820801e-02
3.750147297978401184e-02
3.701192140579223633e-02
3.662502765655517578e-02
3.627132624387741089e-02
3.592454269528388977e-02
3.550516068935394287e-02
3.513038530945777893e-02
3.471336141228675842e-02
3.431829810142517090e-02
3.431829810142517090e-02
3.391149267554283142e-02
3.359214961528778076e-02
3.334489837288856506e-02
3.313072398304939270e-02
3.293941915035247803e-02
3.253853321075439453e-02
3.219790384173393250e-02
3.198055550456047058e-02
3.175955265760421753e-02
3.160770982503890991e-02
3.160770982503890991e-02
3.146416693925857544e-02
3.139004483819007874e-02
3.134530410170555115e-02
3.131728991866111755e-02
3.129330649971961975e-02
3.134767711162567139e-02
3.141412883996963501e-02
3.156522288918495178e-02
3.170020878314971924e-02
3.175812214612960815e-02
3.175812214612960815e-02
3.177446126937866211e-02
3.181315213441848755e-02
3.176556155085563660e-02
3.180656209588050842e-02
3.185006231069564819e-02
3.186191245913505554e-02
3.190014883875846863e-02
3.189667314291000366e-02
3.198074921965599060e-02
3.199145570397377014e-02
3.199145570397377014e-02
3.188963606953620911e-02
3.168596327304840088e-02
3.145702555775642395e-02
3.121545352041721344e-02
3.098205476999282837e-02
3.086151741445064545e-02
3.085996210575103760e-02
3.089075721800327301e-02
3.094948083162307739e-02
3.107554651796817780e-02
3.107554651796817780e-02
3.114268369972705841e-02
3.104854561388492584e-02
3.083799406886100769e-02
3.061160817742347717e-02
3.038999065756797791e-02
3.021597862243652344e-02
3.008715249598026276e-02
3.000224940478801727e-02
2.993860282003879547e-02
2.993035688996315002e-02
