3.242272768218981520e-03
3.242272768218981520e-03
1.534764578502868966e-03
2.304231554536414518e-03
3.431218182593789249e-03
3.862534532514644726e-03
3.706200145936159630e-03
3.226640055944865297e-03
2.668688377949909873e-03
2.178541227290098619e-03
2.105625575851491783e-03
2.216662490168610881e-03
2.216662490168610881e-03
2.428200826779898167e-03
2.560347222993638022e-03
2.635635599411102238e-03
2.652714057148387612e-03
2.548361115194207761e-03
2.372493461792543265e-03
2.116941339530376259e-03
1.854220972106830319e-03
1.575438681180680407e-03
1.487265244106452050e-03
1.487265244106452050e-03
1.608901507380927458e-03
1.815650820902817543e-03
2.026913059793537288e-03
2.098660953676680617e-03
2.092585459844203185e-03
2.018415760411701020e-03
1.978298540145777794e-03
1.959997437960698738e-03
1.943412245651399877e-03
1.956085034675272838e-03
1.956085034675272838e-03
2.022224337118583466e-03
2.090846432686332013e-03
2.093962367263572412e-03
2.106149258611593814e-03
2.090956015284177287e-03
2.152143376907026881e-03
2.264880751454675326e-03
2.478601885659635455e-03
2.598925511565589996e-03
2.708129958182797520e-03
2.708129958182797520e-03
2.699159310491881791e-03
2.579707067288581918e-03
2.235512216901850910e-03
1.938450628054851597e-03
1.904904321190923917e-03
1.960860631321402741e-03
2.003510028191240154e-03
2.097552874806201360e-03
2.142475930385427142e-03
2.195661250503724762e-03
2.195661250503724762e-03
2.370248166945255076e-03
2.594056406496779779e-03
2.801400999665677825e-03
2.979659550737887106e-03
2.988671991422579919e-03
2.720345338475745143e-03
2.359291167254085053e-03
2.160889020705006325e-03
2.067555522993399890e-03
2.056776326844405450e-03
2.056776326844405450e-03
2.094002561858766299e-03
2.201052696702514907e-03
2.244644109095011303e-03
2.281974836086876363e-03
2.269429575796142861e-03
2.321481698288839750e-03
2.339789534179299857e-03
2.346856991954840779e-03
2.314196452252383681e-03
2.347595440844788255e-03
2.347595440844788255e-03
2.392697245710446400e-03
2.283678745111984622e-03
2.107491301113591925e-03
1.980686214026459915e-03
1.898506826554880204e-03
1.914455123128411132e-03
1.917879265957538049e-03
1.973462767569075620e-03
2.034754372638691335e-03
2.090862067461239041e-03
2.090862067461239041e-03
2.108885567381824262e-03
2.105579820197187296e-03
1.959281774052166764e-03
1.766003440817672226e-03
1.624469773960070425e-03
1.579570275584275861e-03
1.616207743250774875e-03
1.672188882137244995e-03
1.863407169387931066e-03
2.014284634658874366e-03
2.014284634658874366e-03
2.173648773513731612e-03
2.246738007401961716e-03
2.200227076701307977e-03
2.143787515217650957e-03
1.989325848776439878e-03
1.887026269645399306e-03
1.856321099640220957e-03
1.893676064889857113e-03
1.974268698355776796e-03
2.075891633238465418e-03
2.075891633238465418e-03
2.075798598014439843e-03
2.095367299139931031e-03
2.095864877234873951e-03
2.137856329259901506e-03
2.136942918583829409e-03
2.214296234424378926e-03
2.211758886820229530e-03
2.132437991489919728e-03
2.197520906730771745e-03
2.203262340194832476e-03
2.203262340194832476e-03
2.124162642104277052e-03
2.008752907030228203e-03
1.910829858723371447e-03
1.910829858723371447e-03
1.910829858723371447e-03
1.910829858723371447e-03
1.886646103903433453e-03
1.924095655380172023e-03
1.843958078739322496e-03
1.726523529968934179e-03
1.726523529968934179e-03
1.618300400200612266e-03
1.603492729168912948e-03
1.560612199067823056e-03
1.599391222917355502e-03
1.746736728882428407e-03
1.760521137336338617e-03
1.650467460486364614e-03
1.620856747913210476e-03
1.654136299419344848e-03
1.646412458946882760e-03
1.646412458946882760e-03
1.530056639351804046e-03
1.380722170131601324e-03
1.259774411028670915e-03
1.342577158437551887e-03
1.423207087964762545e-03
1.500226015584365949e-03
1.622162367092676478e-03
1.785571191601587147e-03
1.785571191601587147e-03
1.914170736696514967e-03
1.914170736696514967e-03
2.002749678885954246e-03
2.036589053677323978e-03
2.016114542642141131e-03
1.832331269933470518e-03
1.661158378760794032e-03
1.626740016594046667e-03
1.654655523654946546e-03
1.769649194900011586e-03
1.769649194900011586e-03
1.769649194900011586e-03
1.769649194900011586e-03
1.865553116912481478e-03
1.945992292687644207e-03
1.982414800378914672e-03
2.001140465998642228e-03
2.013873327872877511e-03
2.037617989626938804e-03
2.085147574078339422e-03
2.020933246082903551e-03
1.899891313996677090e-03
1.850442600089361768e-03
1.850442600089361768e-03
1.747792837096185737e-03
1.685718610038070301e-03
1.750581987991552471e-03
1.828906449440742153e-03
1.808734850924712412e-03
1.741611070481340279e-03
1.745676459012762520e-03
1.775353043216698797e-03
1.840772645079008724e-03
1.769753844622637233e-03
1.769753844622637233e-03
1.668410942001217426e-03
1.599987824644488309e-03
1.593369465489664905e-03
1.639546327990751068e-03
1.605741860790951912e-03
1.625526764432178766e-03
1.726208492633533702e-03
1.816615829317991173e-03
1.843995381929156019e-03
1.791379395187051114e-03
1.791379395187051114e-03
1.803628055974701048e-03
1.924258265110220323e-03
2.105056146389476177e-03
2.156894174359795177e-03
2.065655204617166535e-03
1.951281648265274166e-03
1.897043368531232390e-03
1.972156681150546639e-03
2.000747196048845763e-03
2.026620252339948660e-03
2.026620252339948660e-03
2.113464244097418721e-03
2.204576021216726484e-03
2.226170800280688478e-03
2.233755733627054967e-03
2.173122961207318155e-03
2.029914620908335448e-03
1.956532377135858543e-03
2.026581284942881311e-03
2.181340465620788815e-03
2.265425336213470857e-03
2.265425336213470857e-03
2.258255129934297941e-03
2.263234241774030302e-03
2.182192778247843239e-03
2.092286545577275256e-03
2.040904901949850379e-03
2.034885815166706004e-03
2.028144865621215719e-03
2.030316833833761912e-03
2.066668169090327481e-03
2.116033767538902464e-03
2.116033767538902464e-03
2.144392876084555769e-03
2.105374010628926693e-03
2.082270707090615874e-03
2.195296000504550621e-03
2.283848847845832818e-03
2.209104937555302853e-03
2.096074642748021761e-03
2.064766787832719632e-03
2.132612082890265274e-03
2.239141714256373712e-03
2.239141714256373712e-03
2.282162587328724190e-03
2.309018605705539465e-03
2.239860163051119683e-03
2.159221406735934660e-03
2.093114385154563710e-03
2.089731224548753777e-03
2.044140674280667171e-03
2.023219179341531355e-03
2.049781565312765435e-03
2.083923445403151973e-03
2.083923445403151973e-03
2.050949923682723885e-03
1.994006159109986461e-03
1.731467982464085335e-03
1.599511125977539673e-03
1.587304497902973510e-03
1.636224112059354342e-03
1.717982123934921413e-03
1.769237090493402812e-03
1.763024326377224480e-03
1.687893677481165557e-03
1.687893677481165557e-03
1.687893677481165557e-03
1.603283233750199804e-03
1.483789461180442474e-03
1.370213319103958868e-03
1.263241785206413144e-03
1.288813540950223182e-03
1.446810979845986446e-03
1.853995659391690547e-03
2.148901625657074262e-03
2.240998323442202830e-03
