2.869683331440674168e-02
2.869683331440674168e-02
2.962093089604388510e-02
3.027881148931241620e-02
3.060917913970481394e-02
3.092134440008887514e-02
3.114060647183647737e-02
3.118279204284593598e-02
3.118368412442473064e-02
3.123302202138158665e-02
3.125237278454085638e-02
3.125256843398564049e-02
3.125256843398564049e-02
3.139975417661343415e-02
3.144321454073206040e-02
3.136450743541858294e-02
3.136517717974958430e-02
3.128062712743141793e-02
3.116337898813483637e-02
3.103857869768768263e-02
3.082390042918370029e-02
3.069460730720768860e-02
3.055025855591278830e-02
3.055025855591278830e-02
3.024088324178520262e-02
2.993021411018465319e-02
2.958191706414936561e-02
2.929679777606743543e-02
2.904899969364969914e-02
2.872134187582921563e-02
2.848165441553383512e-02
2.821349345390440980e-02
2.800165057022780540e-02
2.790959020363500617e-02
2.790959020363500617e-02
2.764416825426060237e-02
2.756769341987219679e-02
2.748194106095414035e-02
2.726908428538290727e-02
2.707060206429151572e-02
2.706345415353166722e-02
2.690896332444956546e-02
2.666367388899126487e-02
2.639753048839385205e-02
2.603963701648974449e-02
2.603963701648974449e-02
2.562943690077950504e-02
2.507935833777635501e-02
2.456876201315087369e-02
2.405545341752893598e-02
2.354574858719717806e-02
2.304167320868077268e-02
2.261605882828513284e-02
2.215653400311091287e-02
2.161765955376251935e-02
2.109564332787574464e-02
2.109564332787574464e-02
2.048857402047666795e-02
2.003361272067809284e-02
1.968528465116917495e-02
1.943638628381765682e-02
1.912089324445880034e-02
1.876905068987667208e-02
1.837620833404894627e-02
1.795652046091432766e-02
1.750657821421981383e-02
1.701501579853190865e-02
1.701501579853190865e-02
1.641964133499483267e-02
1.574541774579370570e-02
1.516643488841969145e-02
1.455101772488800321e-02
1.395122025931082657e-02
1.332407803866202806e-02
1.279951183827719892e-02
1.240654632926162584e-02
1.207065036133435527e-02
1.176842464897034576e-02
1.176842464897034576e-02
1.161727446163677777e-02
1.152911494434016859e-02
1.143656905189296101e-02
1.144889759310165241e-02
1.132177847237584960e-02
1.129271044680786075e-02
1.124943967960447336e-02
1.121057214640198973e-02
1.106361719304223799e-02
1.095210162956120580e-02
1.095210162956120580e-02
1.104248388045578864e-02
1.116685441936556868e-02
1.116367190854250686e-02
1.116670215317320386e-02
1.113667198973971109e-02
1.104876785456428666e-02
1.083815213375015525e-02
1.052290304158116398e-02
1.039924433453786982e-02
1.002627570700014015e-02
1.002627570700014015e-02
9.911241017267711020e-03
9.771328738427863259e-03
9.529577810224237541e-03
9.087758876965104302e-03
8.603581590020854125e-03
8.209974612937409252e-03
7.773159288190263291e-03
7.348505150540527060e-03
7.043721566528772862e-03
6.839223219512345978e-03
6.839223219512345978e-03
6.743030539630503160e-03
6.754177262514145068e-03
6.819312156722361767e-03
7.036590295449282779e-03
7.300383498308592872e-03
7.540837129605770447e-03
7.686442401904559039e-03
7.897025615406073548e-03
7.984055441396648717e-03
7.919662756896886369e-03
7.919662756896886369e-03
7.911310392296330360e-03
7.792970562091511115e-03
7.520682798874903617e-03
7.044642336470452459e-03
6.577993922090850584e-03
6.179777844221123577e-03
5.728865003854539603e-03
5.217093750209897580e-03
5.217093750209897580e-03
5.217093750209897580e-03
5.217093750209897580e-03
4.806025385238851463e-03
4.603591084672312324e-03
4.553955003334237556e-03
4.767681794955781066e-03
4.933798672862967256e-03
5.073000707695222988e-03
5.034105879505672808e-03
5.067311470746199524e-03
5.150340329846159713e-03
5.193706159523814488e-03
5.193706159523814488e-03
5.206970048356301603e-03
4.918355192632362441e-03
4.476871106522654735e-03
4.053374182105934712e-03
3.594180286938774595e-03
3.108843625015486872e-03
2.736748412970191249e-03
2.633957469534734148e-03
2.567521938957365111e-03
2.507520923510551079e-03
2.507520923510551079e-03
2.584550726547219218e-03
2.592527914410212766e-03
2.299459248620264792e-03
1.908374991181052823e-03
1.797321702343870724e-03
1.862528952206317714e-03
2.014065556467757069e-03
2.064950823340938255e-03
2.106142814331436568e-03
2.207626638791203386e-03
2.207626638791203386e-03
2.041956588362062348e-03
1.804234649744238493e-03
1.615600002562221508e-03
1.523853618502213347e-03
1.655627552400851851e-03
1.667991827185947087e-03
1.393181335993243924e-03
1.405381260520707689e-03
1.481864345850828282e-03
1.661819535998935700e-03
1.661819535998935700e-03
1.920317697145307572e-03
2.219053008327890805e-03
2.157058535066084647e-03
1.911981605465298004e-03
1.566684762348440714e-03
1.249941192752087801e-03
1.065953079814617932e-03
1.019009497421145913e-03
1.181049001626654094e-03
1.410817190894457767e-03
1.410817190894457767e-03
1.550864517343103575e-03
1.585208824438324527e-03
1.480601889777920189e-03
1.364935303897171813e-03
1.396375901146739307e-03
1.573902865308292754e-03
1.778051127784858760e-03
1.938024563634517528e-03
2.019633256255421241e-03
2.089780291750480828e-03
2.089780291750480828e-03
2.245872487094967545e-03
2.425488787712057857e-03
2.778913017594993647e-03
3.113125493839988440e-03
3.260405548402559115e-03
3.369064214184407796e-03
3.351382744219284695e-03
3.302174441914426661e-03
3.270480401437154874e-03
3.268495763962804210e-03
3.268495763962804210e-03
3.061762398835526228e-03
2.768148070711250880e-03
2.504307358010698231e-03
2.393458645438248204e-03
2.306474468481274371e-03
2.145269602102288162e-03
2.235465251794437579e-03
2.454210237042780008e-03
2.662452620554474608e-03
2.897174970733761793e-03
2.897174970733761793e-03
3.123732064365504404e-03
3.327099129378587299e-03
3.456330705018487680e-03
3.489218372018438718e-03
3.521624922159495141e-03
3.505155399869974622e-03
3.528257849071768544e-03
3.498875018385342109e-03
3.558515861534412329e-03
3.752120807594676311e-03
3.752120807594676311e-03
3.960143131142049647e-03
3.983756843467212497e-03
3.845045445196005988e-03
3.882431309539715464e-03
3.910700762405577499e-03
3.944771491050926178e-03
4.151102565788128418e-03
4.394329979921695641e-03
4.574051502080392004e-03
4.472562069839566661e-03
4.472562069839566661e-03
4.340978477958649766e-03
4.343094749373353769e-03
4.441214514987943535e-03
4.526851515630429118e-03
4.667808320890428665e-03
4.702805478706559641e-03
4.761493945844746598e-03
4.753619071097294445e-03
4.648507740579229525e-03
4.525224217713154362e-03
4.525224217713154362e-03
4.406013996303461897e-03
4.272480526567728164e-03
4.137641074537383272e-03
3.995294379846724316e-03
3.899379724495925185e-03
3.812492352984100507e-03
3.758681452179367128e-03
3.827774251698880421e-03
3.839203843711512781e-03
4.033291037031326402e-03
4.033291037031326402e-03
4.130827464869829373e-03
4.533522838796036000e-03
4.719549955553336944e-03
4.933944623891795001e-03
5.181508198260756370e-03
5.387385286986595689e-03
5.710321088325492726e-03
5.753467486711506124e-03
5.601602607330307369e-03
5.392807705616067641e-03
5.392807705616067641e-03
5.297161604076537807e-03
5.513579154144025024e-03
6.393762148648131881e-03
7.176296902520240377e-03
7.769953399612472902e-03
8.156533247620497556e-03
8.538635692552993400e-03
8.717164446599891953e-03
8.799648905910428462e-03
8.700206274530664086e-03
8.700206274530664086e-03
8.344370078567911117e-03
7.774858008085785456e-03
7.163783035241685394e-03
6.459681050232922959e-03
5.836251049314752568e-03
5.526233384380191058e-03
5.304073098308303633e-03
5.187097042066240137e-03
5.190752815345228699e-03
5.277290890510485249e-03
5.277290890510485249e-03
5.455704904552707499e-03
5.701481215682411598e-03
6.155689548575684657e-03
6.672807208621605451e-03
7.140080306792198454e-03
7.475422345273448517e-03
7.694496161491674521e-03
8.308656607239577399e-03
8.893683659425170168e-03
9.204570311050850467e-03
9.204570311050850467e-03
9.396974300576135808e-03
9.519144329114936909e-03
9.572479726496160163e-03
9.503742273081303149e-03
9.396263175171695042e-03
9.320720957821999886e-03
9.077985625850847062e-03
8.764264304990009719e-03
8.424019472105774217e-03
8.064725202181259600e-03
8.064725202181259600e-03
7.846790001709456550e-03
7.699936191007983842e-03
7.697231154794460795e-03
7.748569097001091477e-03
7.831184632349618563e-03
7.928419973965704012e-03
8.074846707904920554e-03
8.271864604980963195e-03
8.516834956054307806e-03
8.806056743735862433e-03
8.806056743735862433e-03
9.091627362361544978e-03
9.176679903306715971e-03
9.142547479482447670e-03
9.007495100332116658e-03
8.769647825778515218e-03
8.482709916387654731e-03
8.187765733195637510e-03
7.925246527439160429e-03
7.688256088821632424e-03
7.527798324637248115e-03
7.527798324637248115e-03
7.478028172522924177e-03
7.483478749650347012e-03
7.468487452635526498e-03
7.626072096681107797e-03
7.800304446774844642e-03
7.973813596993711145e-03
8.191391901424838543e-03
8.466258774854018565e-03
8.594309177146201850e-03
8.692014859260953699e-03
8.692014859260953699e-03
8.723955373389361348e-03
8.717801116079972740e-03
8.592391398339909239e-03
8.393691249857339678e-03
8.206426436660863022e-03
8.103601777246104490e-03
8.064839713863744888e-03
8.029360913563036994e-03
7.996263590010250707e-03
8.034965962377361645e-03
8.034965962377361645e-03
8.138501790445366521e-03
8.285481636323702853e-03
8.451726783329045409e-03
8.671885720787846780e-03
8.751577180256001065e-03
8.772703812674477811e-03
8.769144418406298741e-03
8.687281141910018281e-03
8.776907845562741811e-03
8.894005897024328047e-03
8.894005897024328047e-03
8.893298900771961363e-03
8.953411388149408109e-03
8.905171142928113709e-03
8.683320430638760343e-03
8.490983579702260711e-03
8.320904933588391117e-03
8.283522990904569963e-03
8.285859036674466868e-03
8.251089413459441677e-03
8.127396949456995937e-03
8.127396949456995937e-03
7.878447217229618202e-03
7.697845175279880055e-03
7.584653907170560254e-03
7.555518163261889901e-03
7.549764597973499317e-03
7.727002585783195564e-03
7.908898623216541884e-03
8.153449718313386316e-03
8.371907529912191864e-03
8.525417502662561292e-03
8.525417502662561292e-03
8.726394400043050933e-03
8.975116504149859009e-03
9.253702748640686704e-03
9.503084336282699787e-03
9.546942993284190243e-03
9.403652000024641938e-03
9.086371046875584348e-03
8.921369690297695915e-03
8.827492622630703223e-03
8.850912563932493426e-03
8.850912563932493426e-03
9.005430983890625254e-03
9.152251663561162751e-03
9.359132259856826203e-03
9.493483903710953770e-03
9.606343366667371639e-03
9.688886153274425123e-03
9.883044591202335902e-03
1.003986113815863793e-02
1.002209373558307984e-02
9.970804513099860988e-03
9.970804513099860988e-03
9.815107756932912181e-03
9.645543480640563286e-03
9.628531359443548779e-03
9.769056225778839989e-03
9.777595491480276652e-03
9.735004622623805171e-03
9.661922837688224214e-03
9.572742247363876314e-03
9.545407466418492914e-03
9.665696498095075265e-03
