4.082772135734558105e-02
3.838258981704711914e-02
3.777208179235458374e-02
3.820750117301940918e-02
3.785613179206848145e-02
3.796891868114471436e-02
3.773633018136024475e-02
3.766793012619018555e-02
3.833533450961112976e-02
3.873694315552711487e-02
3.822292387485504150e-02
3.822292387485504150e-02
3.809852153062820435e-02
3.830654174089431763e-02
3.847347199916839600e-02
3.898618370294570923e-02
3.886412456631660461e-02
3.898569568991661072e-02
3.854968398809432983e-02
3.822955861687660217e-02
3.786391764879226685e-02
3.780382871627807617e-02
3.780382871627807617e-02
3.744133561849594116e-02
3.698897734284400940e-02
3.636086732149124146e-02
3.603769838809967041e-02
3.603102266788482666e-02
3.587889671325683594e-02
3.540999069809913635e-02
3.442772105336189270e-02
3.278755769133567810e-02
3.215753659605979919e-02
3.215753659605979919e-02
3.194556757807731628e-02
3.123265691101551056e-02
3.060414455831050873e-02
3.028356097638607025e-02
2.978121675550937653e-02
2.933700196444988251e-02
2.924709767103195190e-02
2.929327078163623810e-02
2.987829223275184631e-02
3.071569278836250305e-02
3.071569278836250305e-02
3.173015266656875610e-02
3.240470960736274719e-02
3.345119580626487732e-02
3.501242771744728088e-02
3.581594675779342651e-02
3.585325926542282104e-02
3.533245995640754700e-02
3.427697718143463135e-02
3.336061164736747742e-02
3.208674117922782898e-02
3.208674117922782898e-02
3.102226182818412781e-02
2.990306727588176727e-02
2.940198965370655060e-02
3.014218434691429138e-02
3.001691214740276337e-02
3.009229339659214020e-02
3.055564314126968384e-02
3.122038953006267548e-02
3.330769762396812439e-02
3.593239188194274902e-02
3.593239188194274902e-02
3.829491138458251953e-02
4.041384905576705933e-02
4.336011037230491638e-02
4.579083248972892761e-02
4.791196808218955994e-02
5.042923241853713989e-02
5.268771201372146606e-02
5.499138310551643372e-02
5.692776665091514587e-02
6.070913746953010559e-02
6.070913746953010559e-02
6.373819708824157715e-02
6.645166873931884766e-02
6.813286244869232178e-02
6.842509657144546509e-02
6.818138808012008667e-02
6.733981519937515259e-02
6.685927510261535645e-02
6.669675558805465698e-02
6.627746671438217163e-02
6.534750014543533325e-02
6.534750014543533325e-02
6.417416036128997803e-02
6.279741972684860229e-02
6.113230064511299133e-02
5.928641185164451599e-02
5.790616944432258606e-02
5.615565925836563110e-02
5.450161918997764587e-02
5.319290608167648315e-02
5.194584652781486511e-02
5.076125636696815491e-02
5.076125636696815491e-02
4.994123801589012146e-02
4.922987893223762512e-02
4.930339753627777100e-02
4.900227114558219910e-02
4.965747147798538208e-02
5.012960359454154968e-02
5.135206133127212524e-02
5.251889303326606750e-02
5.357580631971359253e-02
5.406597629189491272e-02
5.406597629189491272e-02
5.472724884748458862e-02
5.476822704076766968e-02
5.568353831768035889e-02
5.663260072469711304e-02
5.828225985169410706e-02
5.948148295283317566e-02
6.066575646400451660e-02
6.134681403636932373e-02
6.315042078495025635e-02
6.405449658632278442e-02
6.405449658632278442e-02
6.411672383546829224e-02
6.317246705293655396e-02
6.156630441546440125e-02
5.979015305638313293e-02
5.857085809111595154e-02
5.707084015011787415e-02
5.582604184746742249e-02
5.436690896749496460e-02
5.377538502216339111e-02
5.329839512705802917e-02
5.329839512705802917e-02
5.274250358343124390e-02
5.259167402982711792e-02
5.262659117579460144e-02
5.254516750574111938e-02
5.279336124658584595e-02
5.387783050537109375e-02
5.481792241334915161e-02
5.584363639354705811e-02
5.689579993486404419e-02
5.733963847160339355e-02
