1.836651191115379333e-02
1.836651191115379333e-02
1.856480725109577179e-02
1.845402084290981293e-02
1.815962605178356171e-02
1.816473528742790222e-02
1.808436028659343719e-02
1.822488009929656982e-02
1.860128156840801239e-02
1.907949894666671753e-02
1.962353102862834930e-02
2.024542912840843201e-02
2.024542912840843201e-02
2.097932994365692139e-02
2.180106937885284424e-02
2.251871116459369659e-02
2.328310534358024597e-02
2.406468242406845093e-02
2.405028603971004486e-02
2.413694933056831360e-02
2.437991648912429810e-02
2.467846311628818512e-02
2.467846311628818512e-02
2.467846311628818512e-02
2.494451776146888733e-02
2.534098178148269653e-02
2.557661943137645721e-02
2.575702778995037079e-02
2.593539282679557800e-02
2.613704465329647064e-02
2.630728669464588165e-02
2.639382146298885345e-02
2.656735666096210480e-02
2.669175714254379272e-02
2.669175714254379272e-02
2.673220820724964142e-02
2.665521577000617981e-02
2.673907391726970673e-02
2.677812986075878143e-02
2.673209644854068756e-02
2.649571560323238373e-02
2.626951225101947784e-02
2.593385428190231323e-02
2.558912523090839386e-02
2.527438849210739136e-02
2.527438849210739136e-02
2.493773400783538818e-02
2.461767941713333130e-02
2.430804073810577393e-02
2.410124056041240692e-02
2.406013570725917816e-02
2.395335026085376740e-02
2.387524582445621490e-02
2.379091829061508179e-02
2.358208596706390381e-02
2.331358194351196289e-02
2.331358194351196289e-02
2.300236932933330536e-02
2.271743305027484894e-02
2.237799018621444702e-02
2.224104292690753937e-02
2.214024588465690613e-02
2.197785116732120514e-02
2.196036837995052338e-02
2.205080166459083557e-02
2.216106466948986053e-02
2.221015654504299164e-02
2.221015654504299164e-02
2.226357534527778625e-02
2.215026319026947021e-02
2.214503288269042969e-02
2.206408791244029999e-02
2.188965864479541779e-02
2.169662527740001678e-02
2.145128883421421051e-02
2.102163434028625488e-02
2.063250169157981873e-02
2.032124437391757965e-02
2.032124437391757965e-02
1.970770768821239471e-02
1.926358044147491455e-02
1.884113252162933350e-02
1.850495859980583191e-02
1.850495859980583191e-02
1.850495859980583191e-02
1.794330403208732605e-02
1.733453013002872467e-02
1.690847985446453094e-02
1.657333411276340485e-02
1.657333411276340485e-02
1.636003144085407257e-02
1.620125025510787964e-02
1.610054634511470795e-02
1.599456369876861572e-02
1.591603271663188934e-02
1.591666787862777710e-02
1.586479507386684418e-02
1.603250391781330109e-02
1.617511548101902008e-02
1.644567586481571198e-02
1.644567586481571198e-02
1.688845083117485046e-02
1.738792099058628082e-02
1.797734573483467102e-02
1.832047663629055023e-02
1.872000843286514282e-02
1.914634369313716888e-02
1.949503645300865173e-02
1.980797201395034790e-02
2.022209763526916504e-02
2.062909863889217377e-02
2.062909863889217377e-02
2.086989954113960266e-02
2.089762501418590546e-02
2.109390497207641602e-02
2.145708538591861725e-02
2.179513685405254364e-02
2.212004363536834717e-02
2.244702912867069244e-02
2.294412255287170410e-02
2.340668067336082458e-02
2.390707470476627350e-02
2.390707470476627350e-02
2.421166375279426575e-02
2.441476285457611084e-02
2.439647540450096130e-02
2.397077716886997223e-02
2.360212430357933044e-02
2.329351007938385010e-02
2.293854579329490662e-02
2.257985621690750122e-02
2.222441136837005615e-02
2.195770852267742157e-02
2.195770852267742157e-02
2.169431746006011963e-02
2.144187688827514648e-02
2.124321460723876953e-02
2.105672657489776611e-02
2.120362967252731323e-02
2.141233719885349274e-02
2.162263356149196625e-02
2.184912003576755524e-02
2.202635072171688080e-02
2.253384701907634735e-02
2.253384701907634735e-02
2.295000292360782623e-02
2.323550172150135040e-02
2.341363206505775452e-02
2.345037087798118591e-02
2.329121530055999756e-02
2.294827438890933990e-02
2.253185957670211792e-02
2.210880257189273834e-02
2.162786200642585754e-02
2.110866457223892212e-02
2.110866457223892212e-02
2.060581929981708527e-02
2.009188570082187653e-02
1.968788355588912964e-02
1.933353394269943237e-02
1.907443813979625702e-02
1.903974637389183044e-02
1.883344724774360657e-02
1.874847337603569031e-02
1.880169659852981567e-02
1.894846558570861816e-02
1.894846558570861816e-02
1.928983256220817566e-02
1.964094303548336029e-02
2.001587860286235809e-02
2.044229209423065186e-02
2.080157585442066193e-02
2.107108943164348602e-02
2.119218930602073669e-02
2.126753889024257660e-02
2.118445560336112976e-02
2.109901420772075653e-02
2.109901420772075653e-02
2.111222408711910248e-02
2.101941034197807312e-02
2.077650651335716248e-02
2.047662064433097839e-02
2.021140232682228088e-02
2.007907070219516754e-02
2.003440260887145996e-02
2.003440260887145996e-02
2.008407935500144958e-02
2.029109187424182892e-02
2.029109187424182892e-02
2.069534547626972198e-02
2.131117880344390869e-02
2.199749276041984558e-02
2.286316081881523132e-02
2.369008772075176239e-02
2.443094365298748016e-02
2.515457384288311005e-02
2.565063908696174622e-02
2.596551179885864258e-02
2.606094256043434143e-02
2.606094256043434143e-02
2.552300691604614258e-02
2.494838647544384003e-02
2.454842999577522278e-02
2.425054833292961121e-02
2.402421273291110992e-02
2.381949312984943390e-02
2.364000864326953888e-02
2.346321381628513336e-02
2.323300391435623169e-02
2.304255031049251556e-02
2.304255031049251556e-02
2.297781221568584442e-02
2.287094853818416595e-02
2.275004424154758453e-02
2.312238700687885284e-02
2.312238700687885284e-02
2.350711636245250702e-02
2.387030050158500671e-02
2.435972169041633606e-02
2.482429333031177521e-02
2.532233670353889465e-02
2.532233670353889465e-02
2.568211778998374939e-02
2.593612112104892731e-02
2.619243040680885315e-02
2.633787132799625397e-02
2.620996534824371338e-02
2.615973167121410370e-02
2.604748681187629700e-02
2.589178830385208130e-02
2.562777511775493622e-02
2.532796002924442291e-02
2.532796002924442291e-02
2.521988563239574432e-02
2.511564642190933228e-02
2.497076429426670074e-02
2.489160746335983276e-02
2.483099140226840973e-02
2.476551756262779236e-02
2.474431134760379791e-02
2.470229752361774445e-02
2.463041245937347412e-02
2.462398074567317963e-02
2.462398074567317963e-02
2.468693442642688751e-02
2.471757307648658752e-02
2.474884688854217529e-02
2.477142773568630219e-02
2.479682676494121552e-02
2.487491257488727570e-02
2.489217929542064667e-02
2.488516643643379211e-02
2.497494220733642578e-02
2.524933032691478729e-02
2.524933032691478729e-02
2.553690969944000244e-02
2.592643164098262787e-02
2.628687769174575806e-02
2.661066502332687378e-02
2.697475440800189972e-02
2.727054618299007416e-02
2.758979983627796173e-02
2.792507782578468323e-02
2.821960113942623138e-02
2.855519577860832214e-02
2.855519577860832214e-02
2.884062007069587708e-02
2.909781411290168762e-02
2.933098934590816498e-02
2.960573509335517883e-02
2.980601228773593903e-02
3.000249341130256653e-02
3.021401911973953247e-02
3.032409027218818665e-02
3.041687421500682831e-02
3.044168464839458466e-02
3.044168464839458466e-02
3.037758730351924896e-02
3.023973293602466583e-02
2.997471019625663757e-02
2.965457551181316376e-02
2.936046384274959564e-02
2.906394377350807190e-02
2.880648523569107056e-02
2.858015522360801697e-02
2.839032374322414398e-02
2.831474505364894867e-02
2.831474505364894867e-02
2.820440568029880524e-02
2.816122397780418396e-02
2.803323604166507721e-02
2.781680226325988770e-02
2.759597264230251312e-02
2.737499028444290161e-02
2.706519514322280884e-02
2.684350125491619110e-02
2.670877054333686829e-02
2.664368599653244019e-02
2.664368599653244019e-02
2.664543315768241882e-02
2.669714950025081635e-02
2.672445401549339294e-02
2.678375504910945892e-02
2.684188261628150940e-02
2.684560790657997131e-02
2.684228681027889252e-02
2.684523351490497589e-02
2.690674737095832825e-02
2.701195701956748962e-02
2.701195701956748962e-02
2.718830108642578125e-02
2.729429118335247040e-02
2.736639790236949921e-02
2.742420136928558350e-02
2.742194943130016327e-02
2.743742801249027252e-02
2.737449109554290771e-02
2.729959785938262939e-02
2.726269885897636414e-02
2.722854353487491608e-02
2.722854353487491608e-02
2.718347311019897461e-02
2.709764800965785980e-02
2.697165310382843018e-02
2.686282806098461151e-02
2.672037854790687561e-02
2.663783170282840729e-02
2.661866694688796997e-02
2.670211903750896454e-02
2.678938955068588257e-02
2.693887427449226379e-02
2.693887427449226379e-02
2.709197811782360077e-02
2.727345004677772522e-02
2.747724391520023346e-02
2.778546325862407684e-02
2.810321561992168427e-02
2.840356715023517609e-02
2.872998639941215515e-02
2.906592562794685364e-02
2.950144186615943909e-02
2.980583161115646362e-02
2.980583161115646362e-02
3.007420524954795837e-02
3.029079362750053406e-02
3.044796548783779144e-02
3.065465018153190613e-02
3.074614889919757843e-02
3.074333071708679199e-02
3.078059293329715729e-02
3.081872314214706421e-02
3.079531528055667877e-02
3.076283819973468781e-02
3.076283819973468781e-02
3.069575130939483643e-02
3.066590614616870880e-02
3.065601177513599396e-02
3.057987056672573090e-02
3.044402971863746643e-02
3.030994720757007599e-02
3.038610890507698059e-02
3.046930208802223206e-02
3.059688583016395569e-02
3.077279776334762573e-02
3.077279776334762573e-02
3.097267076373100281e-02
3.114074468612670898e-02
3.129462525248527527e-02
3.152911737561225891e-02
3.178314864635467529e-02
3.202879801392555237e-02
3.231110423803329468e-02
3.253358602523803711e-02
3.277220204472541809e-02
3.312677517533302307e-02
3.312677517533302307e-02
3.353330492973327637e-02
3.391283378005027771e-02
3.420355916023254395e-02
3.437691926956176758e-02
3.447625786066055298e-02
3.457862138748168945e-02
3.474634513258934021e-02
3.484934940934181213e-02
3.493691235780715942e-02
3.589580580592155457e-02
3.589580580592155457e-02
3.677964210510253906e-02
3.757696598768234253e-02
3.820338845252990723e-02
3.867446258664131165e-02
3.925920650362968445e-02
3.970990329980850220e-02
3.992144018411636353e-02
3.990798443555831909e-02
3.978332504630088806e-02
3.973100706934928894e-02
3.973100706934928894e-02
3.959770500659942627e-02
3.949804976582527161e-02
3.939593583345413208e-02
3.929108008742332458e-02
3.932093456387519836e-02
3.933687880635261536e-02
3.947328776121139526e-02
3.946107253432273865e-02
3.945650160312652588e-02
3.942112997174263000e-02
3.942112997174263000e-02
3.932597860693931580e-02
3.925657644867897034e-02
3.908118605613708496e-02
3.888533636927604675e-02
3.874073177576065063e-02
3.850350156426429749e-02
3.827189654111862183e-02
3.805156052112579346e-02
3.785259649157524109e-02
3.764764964580535889e-02
3.764764964580535889e-02
3.744380921125411987e-02
3.719460591673851013e-02
3.700654953718185425e-02
3.679314255714416504e-02
3.663829714059829712e-02
3.642672672867774963e-02
3.617211803793907166e-02
3.592145815491676331e-02
3.567481786012649536e-02
3.537886217236518860e-02
3.537886217236518860e-02
3.509685397148132324e-02
3.477542847394943237e-02
3.447803109884262085e-02
3.422205150127410889e-02
3.396268561482429504e-02
3.368160501122474670e-02
3.345282748341560364e-02
3.322404250502586365e-02
3.301236405968666077e-02
3.279570117592811584e-02
