1.100321765989065170e-02
1.367707271128892899e-02
1.847896352410316467e-02
2.490266971290111542e-02
3.022171743214130402e-02
3.415063023567199707e-02
3.869959339499473572e-02
4.251987859606742859e-02
4.501855000853538513e-02
4.741395637392997742e-02
4.946390911936759949e-02
4.946390911936759949e-02
5.107295513153076172e-02
5.128091201186180115e-02
5.076190084218978882e-02
4.988207668066024780e-02
4.896986484527587891e-02
4.860499501228332520e-02
4.855856299400329590e-02
4.816849157214164734e-02
4.767585918307304382e-02
4.680518433451652527e-02
4.680518433451652527e-02
4.546887055039405823e-02
4.415071383118629456e-02
4.284384474158287048e-02
4.163374379277229309e-02
4.140388593077659607e-02
4.080653935670852661e-02
4.027646407485008240e-02
3.995068743824958801e-02
3.951568156480789185e-02
4.069345816969871521e-02
4.069345816969871521e-02
4.209617525339126587e-02
4.312967881560325623e-02
4.408008232712745667e-02
4.563933238387107849e-02
4.713227227330207825e-02
4.860926792025566101e-02
4.923211783170700073e-02
4.941884055733680725e-02
4.940000548958778381e-02
4.876980185508728027e-02
4.876980185508728027e-02
4.833827912807464600e-02
4.774882644414901733e-02
4.676749557256698608e-02
4.577798023819923401e-02
4.533885791897773743e-02
4.519588127732276917e-02
4.451622068881988525e-02
4.368858784437179565e-02
4.282908886671066284e-02
4.201678559184074402e-02
4.201678559184074402e-02
4.148989170789718628e-02
4.050624370574951172e-02
3.760943189263343811e-02
3.505638241767883301e-02
3.240047022700309753e-02
2.994619682431221008e-02
2.737573534250259399e-02
2.475421130657196045e-02
2.208450250327587128e-02
1.988382078707218170e-02
1.988382078707218170e-02
1.808960177004337311e-02
1.664055511355400085e-02
1.569404080510139465e-02
1.594539172947406769e-02
1.630672067403793335e-02
1.664623245596885681e-02
1.787879131734371185e-02
2.025400847196578979e-02
2.263707108795642853e-02
2.500891499221324921e-02
2.500891499221324921e-02
2.679276466369628906e-02
2.853843010962009430e-02
3.025279566645622253e-02
3.263903781771659851e-02
3.465897217392921448e-02
3.593299537897109985e-02
3.637464717030525208e-02
3.677478060126304626e-02
3.707222640514373779e-02
3.696277365088462830e-02
3.696277365088462830e-02
3.673396259546279907e-02
3.620155155658721924e-02
3.529329970479011536e-02
3.476112708449363708e-02
3.389036655426025391e-02
3.267610073089599609e-02
3.132179751992225647e-02
2.920130081474781036e-02
2.709388919174671173e-02
2.469202689826488495e-02
2.469202689826488495e-02
2.276935428380966187e-02
2.064762637019157410e-02
1.905379816889762878e-02
1.773440837860107422e-02
1.709175296127796173e-02
1.776210777461528778e-02
1.680270023643970490e-02
1.558213308453559875e-02
1.553987618535757065e-02
1.576233096420764923e-02
1.576233096420764923e-02
1.571980118751525879e-02
1.574510149657726288e-02
1.630595326423645020e-02
1.708307303488254547e-02
1.832327246665954590e-02
1.961906626820564270e-02
2.089343965053558350e-02
2.195675857365131378e-02
2.248417958617210388e-02
2.308985218405723572e-02
2.308985218405723572e-02
2.394494228065013885e-02
2.403271570801734924e-02
2.297199517488479614e-02
2.109416387975215912e-02
1.792079024016857147e-02
1.570773683488368988e-02
1.358855422586202621e-02
1.266051828861236572e-02
1.290195621550083160e-02
1.440624613314867020e-02
1.440624613314867020e-02
1.577477902173995972e-02
1.669142208993434906e-02
1.762808300554752350e-02
1.866978406906127930e-02
1.942275092005729675e-02
1.957349665462970734e-02
1.981912553310394287e-02
2.025066129863262177e-02
2.069475129246711731e-02
2.072249166667461395e-02
