2.890178002417087555e-02
2.739177271723747253e-02
2.669515088200569153e-02
2.632774412631988525e-02
2.580068260431289673e-02
2.556609734892845154e-02
2.528421580791473389e-02
2.507425658404827118e-02
2.499756962060928345e-02
2.505832724273204803e-02
2.507834695279598236e-02
2.507834695279598236e-02
2.510268799960613251e-02
2.513045445084571838e-02
2.523346245288848877e-02
2.536101080477237701e-02
2.550714090466499329e-02
2.568232268095016479e-02
2.589682117104530334e-02
2.605666220188140869e-02
2.615150436758995056e-02
2.609924972057342529e-02
2.609924972057342529e-02
2.607257850468158722e-02
2.610649354755878448e-02
2.603588625788688660e-02
2.598281204700469971e-02
2.573643065989017487e-02
2.548919618129730225e-02
2.533268183469772339e-02
2.517246827483177185e-02
2.520526386797428131e-02
2.524500899016857147e-02
2.524500899016857147e-02
2.543070912361145020e-02
2.553262934088706970e-02
2.560239471495151520e-02
2.575230970978736877e-02
2.599166892468929291e-02
2.609020285308361053e-02
2.616635337471961975e-02
2.627569064497947693e-02
2.629864402115345001e-02
2.626474574208259583e-02
2.626474574208259583e-02
2.619690261781215668e-02
2.606132067739963531e-02
2.598376944661140442e-02
2.585650794208049774e-02
2.561089582741260529e-02
2.526261843740940094e-02
2.483363822102546692e-02
2.440902218222618103e-02
2.408732846379280090e-02
2.367729134857654572e-02
2.367729134857654572e-02
2.297400124371051788e-02
2.243016473948955536e-02
2.198325283825397491e-02
2.165519446134567261e-02
2.140598744153976440e-02
2.120872959494590759e-02
2.105457521975040436e-02
2.093805745244026184e-02
2.081591263413429260e-02
2.073645032942295074e-02
2.073645032942295074e-02
2.050967700779438019e-02
2.007782831788063049e-02
1.955750025808811188e-02
1.891875080764293671e-02
1.816715113818645477e-02
1.737890206277370453e-02
1.666956208646297455e-02
1.584648340940475464e-02
1.507216412574052811e-02
1.436146814376115799e-02
1.436146814376115799e-02
1.370083913207054138e-02
1.316188741475343704e-02
1.270470581948757172e-02
1.230052858591079712e-02
1.202498096972703934e-02
1.187703292816877365e-02
1.185766980051994324e-02
1.186164189130067825e-02
1.189763471484184265e-02
1.194716989994049072e-02
1.194716989994049072e-02
1.191064715385437012e-02
1.183332782238721848e-02
1.159140653908252716e-02
1.115351356565952301e-02
1.069653965532779694e-02
1.026337035000324249e-02
9.800647385418415070e-03
9.399784728884696960e-03
8.999937213957309723e-03
8.806646801531314850e-03
8.806646801531314850e-03
8.736756630241870880e-03
8.785030804574489594e-03
9.051932021975517273e-03
9.458220563828945160e-03
1.003839913755655289e-02
1.074323523789644241e-02
1.166882365942001343e-02
1.256144978106021881e-02
1.327537186443805695e-02
1.386224944144487381e-02
1.386224944144487381e-02
1.415322534739971161e-02
1.420569419860839844e-02
1.408211607486009598e-02
1.371725369244813919e-02
1.327630598098039627e-02
1.289027556777000427e-02
1.260316930711269379e-02
1.251563709229230881e-02
1.248923782259225845e-02
1.250023022294044495e-02
1.250023022294044495e-02
1.257198024541139603e-02
1.282939035445451736e-02
1.313091907650232315e-02
1.350782439112663269e-02
1.375387702137231827e-02
1.375578902661800385e-02
1.362029276788234711e-02
1.338881161063909531e-02
1.297209970653057098e-02
1.260705478489398956e-02
1.260705478489398956e-02
1.220710668712854385e-02
1.202187035232782364e-02
1.200187951326370239e-02
1.221503224223852158e-02
1.232382748275995255e-02
1.227196771651506424e-02
1.225075311958789825e-02
1.222646143287420273e-02
1.208849903196096420e-02
1.185616850852966309e-02
1.185616850852966309e-02
1.162282843142747879e-02
1.136490795761346817e-02
1.104792673140764236e-02
1.075145415961742401e-02
1.062271837145090103e-02
1.069451868534088135e-02
1.082514598965644836e-02
1.090079918503761292e-02
1.109367515891790390e-02
1.130913384258747101e-02
1.130913384258747101e-02
1.143385749310255051e-02
1.145446021109819412e-02
1.149993576109409332e-02
1.144694071263074875e-02
1.142955012619495392e-02
1.132246665656566620e-02
1.119209080934524536e-02
1.094025373458862305e-02
1.069068443030118942e-02
1.042556203901767731e-02
1.042556203901767731e-02
1.023903302848339081e-02
1.004369836300611496e-02
9.889022447168827057e-03
9.774215519428253174e-03
9.651703760027885437e-03
9.457009844481945038e-03
9.177199564874172211e-03
9.003530256450176239e-03
8.881451562047004700e-03
8.867198601365089417e-03
8.867198601365089417e-03
8.990699425339698792e-03
9.111012332141399384e-03
9.168220683932304382e-03
9.093094617128372192e-03
8.834447711706161499e-03
8.334543555974960327e-03
7.755678147077560425e-03
7.037226110696792603e-03
6.267325486987829208e-03
5.645475350320339203e-03
5.645475350320339203e-03
5.191972013562917709e-03
4.937553312629461288e-03
5.167452618479728699e-03
5.520976614207029343e-03
5.963406059890985489e-03
6.370701827108860016e-03
6.782631855458021164e-03
7.174236234277486801e-03
7.323534227907657623e-03
7.355226669460535049e-03
7.355226669460535049e-03
7.224498782306909561e-03
6.914067547768354416e-03
6.769203580915927887e-03
6.780807394534349442e-03
6.936312653124332428e-03
7.191296201199293137e-03
7.435615640133619308e-03
7.605274207890033722e-03
7.772568147629499435e-03
7.774723228067159653e-03
7.774723228067159653e-03
7.712476886808872223e-03
7.473228499293327332e-03
7.190612610429525375e-03
6.884488277137279510e-03
6.680513266474008560e-03
6.598921958357095718e-03
6.724411621689796448e-03
6.940961349755525589e-03
7.182296831160783768e-03
7.364720571786165237e-03
7.364720571786165237e-03
7.451605517417192459e-03
7.450424134731292725e-03
7.449831347912549973e-03
7.413467392325401306e-03
7.289319764822721481e-03
6.970324087888002396e-03
6.589408032596111298e-03
6.225979886949062347e-03
5.947354715317487717e-03
5.989217199385166168e-03
5.989217199385166168e-03
6.368809845298528671e-03
6.890509743243455887e-03
7.410855032503604889e-03
7.884544320404529572e-03
8.147951215505599976e-03
8.338975720107555389e-03
8.220677264034748077e-03
7.888930849730968475e-03
7.426101714372634888e-03
6.916156504303216934e-03
6.916156504303216934e-03
6.543128285557031631e-03
6.310669705271720886e-03
6.350218784064054489e-03
6.513419095426797867e-03
6.941779982298612595e-03
7.264281157404184341e-03
7.472295779734849930e-03
7.373110856860876083e-03
7.238062564283609390e-03
6.896042264997959137e-03
6.896042264997959137e-03
6.445408798754215240e-03
5.869199056178331375e-03
5.375840701162815094e-03
5.162273533642292023e-03
5.051674321293830872e-03
5.043763667345046997e-03
5.094271153211593628e-03
5.048629362136125565e-03
4.933765623718500137e-03
4.668581765145063400e-03
4.668581765145063400e-03
4.382556304335594177e-03
4.152674693614244461e-03
3.964432980865240097e-03
3.831432200968265533e-03
3.813201328739523888e-03
3.882742254063487053e-03
4.068385809659957886e-03
4.157719202339649200e-03
4.225618205964565277e-03
4.286493174731731415e-03
4.286493174731731415e-03
4.272597376257181168e-03
4.249252378940582275e-03
4.204709082841873169e-03
4.202966578304767609e-03
4.266226664185523987e-03
4.233994055539369583e-03
4.353636410087347031e-03
4.536739084869623184e-03
4.632170312106609344e-03
4.532754886895418167e-03
4.532754886895418167e-03
4.276500549167394638e-03
3.912431187927722931e-03
3.542899154126644135e-03
3.234549192711710930e-03
3.021618118509650230e-03
2.890951698645949364e-03
2.870932221412658691e-03
2.979487413540482521e-03
3.169047180563211441e-03
3.435913240537047386e-03
3.435913240537047386e-03
3.821742022410035133e-03
4.134991671890020370e-03
4.388032946735620499e-03
4.674106370657682419e-03
4.980298224836587906e-03
5.286170635372400284e-03
5.573853384703397751e-03
5.718178581446409225e-03
5.809097085148096085e-03
5.925156641751527786e-03
5.925156641751527786e-03
5.932120606303215027e-03
5.871167406439781189e-03
5.667054094374179840e-03
5.503408610820770264e-03
5.324210040271282196e-03
5.246345419436693192e-03
5.223357118666172028e-03
5.216488149017095566e-03
5.156282801181077957e-03
4.930544644594192505e-03
4.930544644594192505e-03
4.676153883337974548e-03
4.415445495396852493e-03
4.234204068779945374e-03
4.039264284074306488e-03
3.900057403370738029e-03
3.908642567694187164e-03
3.982830327004194260e-03
3.982830327004194260e-03
4.159461241215467453e-03
4.309932701289653778e-03
4.309932701289653778e-03
4.356138408184051514e-03
4.316934850066900253e-03
4.280519671738147736e-03
4.135945346206426620e-03
3.964593168348073959e-03
3.873027162626385689e-03
3.848901018500328064e-03
4.041145090013742447e-03
4.455189686268568039e-03
4.782968666404485703e-03
4.782968666404485703e-03
5.147616844624280930e-03
5.525776185095310211e-03
5.669734440743923187e-03
5.759640131145715714e-03
5.858569871634244919e-03
6.005818489938974380e-03
6.157892290502786636e-03
6.455363705754280090e-03
6.808008067309856415e-03
7.203551474958658218e-03
7.203551474958658218e-03
7.535151671618223190e-03
7.802476175129413605e-03
8.006491698324680328e-03
8.157712407410144806e-03
8.212734945118427277e-03
8.211680687963962555e-03
8.284299634397029877e-03
8.332407101988792419e-03
8.364013396203517914e-03
8.513835258781909943e-03
8.513835258781909943e-03
8.605745621025562286e-03
8.672920987010002136e-03
8.650861680507659912e-03
8.528148755431175232e-03
8.384044282138347626e-03
8.309400640428066254e-03
8.428887464106082916e-03
8.790758438408374786e-03
9.379703551530838013e-03
9.965151548385620117e-03
9.965151548385620117e-03
1.078159641474485397e-02
1.176582276821136475e-02
1.275708153843879700e-02
1.365774963051080704e-02
1.421190984547138214e-02
1.452858932316303253e-02
1.461767684668302536e-02
1.464849337935447693e-02
1.464213151484727859e-02
1.454068627208471298e-02
1.454068627208471298e-02
1.448320969939231873e-02
1.436086837202310562e-02
1.429169997572898865e-02
1.429966837167739868e-02
1.433728542178869247e-02
1.444970257580280304e-02
1.442707609385251999e-02
1.432775706052780151e-02
1.415601279586553574e-02
1.395820360630750656e-02
1.395820360630750656e-02
1.371976826339960098e-02
1.350876316428184509e-02
1.328461430966854095e-02
1.299089193344116211e-02
1.276353187859058380e-02
1.264598593115806580e-02
1.246315985918045044e-02
1.240853406488895416e-02
1.238939631730318069e-02
1.242335233837366104e-02
1.242335233837366104e-02
1.251182705163955688e-02
1.260612532496452332e-02
1.274030562490224838e-02
1.296990737318992615e-02
1.300163194537162781e-02
1.301678549498319626e-02
1.298505533486604691e-02
1.296419184654951096e-02
1.287395507097244263e-02
1.280384138226509094e-02
1.280384138226509094e-02
1.261653285473585129e-02
1.260546967387199402e-02
1.268383767455816269e-02
1.285701710730791092e-02
1.307770051062107086e-02
1.327914465218782425e-02
1.341452077031135559e-02
1.342439837753772736e-02
1.338860951364040375e-02
1.338824722915887833e-02
1.338824722915887833e-02
1.331705879420042038e-02
1.318406406790018082e-02
1.293471641838550568e-02
1.269477326422929764e-02
1.249304879456758499e-02
1.236648764461278915e-02
1.244909875094890594e-02
1.255676615983247757e-02
1.266621053218841553e-02
1.266244612634181976e-02
1.266244612634181976e-02
1.236990001052618027e-02
1.185264717787504196e-02
1.115209143608808517e-02
1.040710415691137314e-02
9.710838086903095245e-03
9.263307787477970123e-03
8.994556032121181488e-03
8.937931619584560394e-03
9.166717529296875000e-03
9.556644596159458160e-03
9.556644596159458160e-03
1.011829916387796402e-02
1.070551760494709015e-02
1.124595850706100464e-02
1.165798213332891464e-02
1.188582088798284531e-02
1.188864372670650482e-02
1.164498832076787949e-02
1.134735904633998871e-02
1.105324178934097290e-02
1.078953780233860016e-02
1.078953780233860016e-02
1.063538715243339539e-02
1.070830971002578735e-02
1.085549313575029373e-02
1.107371691614389420e-02
1.134664006531238556e-02
1.154868304729461670e-02
1.170021109282970428e-02
1.168423239141702652e-02
1.158927287906408310e-02
1.148483902215957642e-02
1.148483902215957642e-02
1.130478270351886749e-02
1.119649223983287811e-02
1.117370650172233582e-02
1.115572080016136169e-02
1.117693260312080383e-02
1.126346737146377563e-02
1.137530617415904999e-02
1.136759202927350998e-02
1.133598573505878448e-02
1.134579256176948547e-02
1.134579256176948547e-02
1.140797790139913559e-02
1.151486858725547791e-02
1.176546420902013779e-02
1.207934971898794174e-02
1.238868944346904755e-02
1.252057310193777084e-02
1.249994058161973953e-02
1.235047262161970139e-02
1.212219242006540298e-02
1.180801913142204285e-02
1.180801913142204285e-02
1.135924644768238068e-02
1.091737486422061920e-02
1.058157719671726227e-02
1.045673992484807968e-02
1.052141096442937851e-02
1.073752623051404953e-02
1.146888267248868942e-02
1.207616180181503296e-02
1.240488234907388687e-02
1.257176976650953293e-02
1.257176976650953293e-02
1.255674660205841064e-02
1.240546349436044693e-02
1.218259334564208984e-02
1.194298360496759415e-02
1.172834169119596481e-02
1.165101397782564163e-02
1.176919508725404739e-02
1.202105265110731125e-02
1.235263142734766006e-02
1.270520687103271484e-02
1.270520687103271484e-02
1.310975104570388794e-02
1.335305254906415939e-02
1.349974982440471649e-02
1.352092064917087555e-02
1.340746693313121796e-02
1.329531706869602203e-02
1.329782232642173767e-02
1.337987557053565979e-02
1.350024249404668808e-02
1.371292024850845337e-02
1.371292024850845337e-02
1.389647927135229111e-02
1.406286284327507019e-02
1.417971961200237274e-02
1.419719308614730835e-02
1.416071504354476929e-02
1.398541498929262161e-02
1.380843948572874069e-02
1.360308937728404999e-02
1.345883868634700775e-02
1.344334799796342850e-02
1.344334799796342850e-02
1.348449196666479111e-02
1.359106879681348801e-02
1.367250736802816391e-02
1.369015779346227646e-02
1.369930244982242584e-02
1.376614533364772797e-02
1.382694020867347717e-02
1.384381670504808426e-02
1.380282454192638397e-02
1.370834652334451675e-02
1.370834652334451675e-02
1.360149215906858444e-02
1.352530159056186676e-02
1.355993002653121948e-02
1.369295455515384674e-02
1.378996577113866806e-02
1.395478378981351852e-02
1.410050783306360245e-02
1.412590872496366501e-02
1.404859311878681183e-02
1.393019780516624451e-02
1.393019780516624451e-02
1.378515083342790604e-02
1.372111774981021881e-02
1.368944346904754639e-02
1.359848026186227798e-02
1.351770013570785522e-02
1.348784472793340683e-02
1.353157311677932739e-02
1.356337964534759521e-02
1.353729795664548874e-02
1.352583896368741989e-02
