3.305776677105006639e-02
3.305776677105006639e-02
3.183852432199493765e-02
3.134118559888133398e-02
3.086384660859188209e-02
3.057219472799413765e-02
3.026847237417686770e-02
3.006314770346584994e-02
2.976930425648663045e-02
2.934495136881020219e-02
2.879944269102384727e-02
2.814346372866975698e-02
2.814346372866975698e-02
2.761762507477547729e-02
2.701846902832345104e-02
2.646171217869511955e-02
2.588133076033768964e-02
2.530048090818221018e-02
2.475326251634558938e-02
2.423069442342128815e-02
2.378376289011556108e-02
2.316309031355713241e-02
2.267818771763816660e-02
2.267818771763816660e-02
2.217279620237228369e-02
2.160025991311469162e-02
2.102886880484472823e-02
2.041828635769567246e-02
1.985958245422365237e-02
1.929239452735832458e-02
1.876628786906262003e-02
1.827890744458284325e-02
1.777807193773370611e-02
1.713384480265942381e-02
1.713384480265942381e-02
1.682191228710094855e-02
1.658860696516930786e-02
1.635854590059632185e-02
1.609180409828315714e-02
1.595439521202348526e-02
1.588770061109018306e-02
1.576944884040026515e-02
1.567222777710540471e-02
1.577910974024290119e-02
1.582135923282716045e-02
1.582135923282716045e-02
1.573827499299118929e-02
1.588728520587770476e-02
1.606737119083945925e-02
1.642704957720106385e-02
1.674924306494217016e-02
1.696005368685638698e-02
1.707010990924535260e-02
1.720848393943785748e-02
1.734741083778927953e-02
1.746242833163472175e-02
1.746242833163472175e-02
1.768151505399987236e-02
1.774692227710877174e-02
1.769855411794781994e-02
1.765148546960918288e-02
1.729413156342207020e-02
1.697134765991086675e-02
1.651368714438801455e-02
1.631825999246714481e-02
1.615063344872083931e-02
1.613522517183980237e-02
1.613522517183980237e-02
1.625890544118957851e-02
1.648042017632909625e-02
1.683978458206428566e-02
1.710393625972244855e-02
1.745366905233405180e-02
1.761260964573595558e-02
1.765534892525684463e-02
1.709765289557575729e-02
1.655633870338036814e-02
1.589818023513136711e-02
1.589818023513136711e-02
1.530269588474764304e-02
1.476605131986560675e-02
1.424279381183933720e-02
1.398803621611276193e-02
1.380170143642789164e-02
1.366335252435666239e-02
1.356233696988894295e-02
1.356190579604820041e-02
1.352606618690400074e-02
1.361099843023778726e-02
1.361099843023778726e-02
1.360423124830891818e-02
1.352505547725281129e-02
1.323171648089969260e-02
1.279968403159957406e-02
1.225961781587007159e-02
1.166784937334679369e-02
1.120692251507974559e-02
1.082199097660737144e-02
1.048624039820252908e-02
1.023398762851510969e-02
1.023398762851510969e-02
1.007953129942131161e-02
9.858908461675542842e-03
9.737687314656236909e-03
9.593349231291566775e-03
9.551001539507310290e-03
9.508347253608381150e-03
9.419728288057836740e-03
9.342463042023983755e-03
9.266300462044190986e-03
9.293650911854817870e-03
9.293650911854817870e-03
9.362392311259255112e-03
9.504425371726204011e-03
9.396740661902509145e-03
9.352623361321274129e-03
9.309735743256152343e-03
9.266283156398144594e-03
9.286008098591862214e-03
9.312680740663476994e-03
9.348265304970324735e-03
9.386128619653452340e-03
9.386128619653452340e-03
9.515668764289298212e-03
9.718624291600906975e-03
9.875899724661227341e-03
1.005810619298417793e-02
1.020091285614660968e-02
1.035174200751382695e-02
1.045049299076208742e-02
1.048564116784853582e-02
1.051495728038488904e-02
1.047594965191589803e-02
1.047594965191589803e-02
1.042807502238373568e-02
1.061463482169532069e-02
1.081285817077496346e-02
1.089722491065372306e-02
1.082794308585218086e-02
1.074946761013893283e-02
1.064986398985570334e-02
1.042743994702212580e-02
1.019364953753321319e-02
9.870783574052119369e-03
9.870783574052119369e-03
9.602222465759074205e-03
9.465783680784456769e-03
9.352907261596401373e-03
9.461390378118364822e-03
9.686605361033620576e-03
9.907174053735793087e-03
9.981386163224201594e-03
9.963243405712429029e-03
9.891968202225659076e-03
9.790743613559827266e-03
9.790743613559827266e-03
9.572983065300513447e-03
9.436338350934006525e-03
9.364505688328189983e-03
9.410185679062462241e-03
9.296200604921317154e-03
9.398479437448824941e-03
9.463677127488991786e-03
9.442203989578375548e-03
9.340432550173019197e-03
9.327121108654950338e-03
9.327121108654950338e-03
9.280183755580515698e-03
9.256947786260865188e-03
9.292894253979236407e-03
9.437570442490623296e-03
9.504462263560763471e-03
9.667975528881099165e-03
9.635128783759772109e-03
9.357636253164764231e-03
8.697465298370151213e-03
8.137597580880544940e-03
8.137597580880544940e-03
7.576243705846768053e-03
7.175169965647145050e-03
6.762632536485906239e-03
6.472459768878566569e-03
6.279784048349333278e-03
6.278344718119534262e-03
6.360319399260449917e-03
6.439870333425867094e-03
6.617129444775002658e-03
7.275722313884647532e-03
7.275722313884647532e-03
7.722464860599783341e-03
8.164703991468943989e-03
8.372639469331122006e-03
8.422439148122849370e-03
8.381226119796168078e-03
8.176883891751229524e-03
7.923379305928074032e-03
7.662718648387962898e-03
7.460338061614484734e-03
7.339028365613744186e-03
7.339028365613744186e-03
7.252991622709362672e-03
7.219022903185589105e-03
7.183891190786832921e-03
7.214595300657529117e-03
7.332161365837855035e-03
7.478405395716060215e-03
7.563478969539775935e-03
7.541867493783767189e-03
7.524340091924991945e-03
7.443908737968537789e-03
7.443908737968537789e-03
7.300757617882877408e-03
7.161591714874403734e-03
6.993542598544960284e-03
6.827658053798680259e-03
6.568960174989371507e-03
6.354394957011365308e-03
6.232231505440731338e-03
6.219738924987788450e-03
6.188276786388996822e-03
6.229484850059882270e-03
6.229484850059882270e-03
6.178542999694382372e-03
6.077147700480672356e-03
6.092745317722318178e-03
6.125650905335938874e-03
6.172958242086743971e-03
6.297150079213179909e-03
6.400674616347814226e-03
6.428771767337252557e-03
6.485466286846623338e-03
6.522000802799137950e-03
6.522000802799137950e-03
6.482853118014463879e-03
6.372296098101934946e-03
6.338345517077665844e-03
6.345832126243925071e-03
6.419094786623447992e-03
6.346331269128535624e-03
6.249307406450060193e-03
6.095051976362297202e-03
5.942658724683293377e-03
5.815506273120145224e-03
5.815506273120145224e-03
5.731697071265476166e-03
5.748369287952735142e-03
5.845324568730211195e-03
5.949199816602976712e-03
6.124594946983032487e-03
6.303709951914911701e-03
6.472427353776872595e-03
6.594631171996523898e-03
6.626731595647528117e-03
6.597190482073946906e-03
6.597190482073946906e-03
6.420599601103756972e-03
6.254416616577866510e-03
6.100416595974236973e-03
6.035990478912925568e-03
6.045131596806175255e-03
6.150212588410695555e-03
6.366026882260505428e-03
6.681180197729951441e-03
6.948716369020608088e-03
7.150537570033398301e-03
7.150537570033398301e-03
7.363655101313756196e-03
7.366641854322288421e-03
7.291989646637330943e-03
7.183112200285989360e-03
6.977331828943505662e-03
6.767094990247472103e-03
6.596756577709664456e-03
6.516478324403154540e-03
6.432670483872319524e-03
6.386541863944594603e-03
6.386541863944594603e-03
6.334831040183406918e-03
6.245141807159335090e-03
6.170379636712835375e-03
5.857672622615605305e-03
5.460074959990107897e-03
5.121447555899034595e-03
4.791029921815696292e-03
4.530479735505564022e-03
4.409136771312389957e-03
4.447307941110958431e-03
4.447307941110958431e-03
4.546776924552775254e-03
4.454996829297389570e-03
4.487583880569699472e-03
4.552995598312395940e-03
4.434960209910459618e-03
4.313190595230774992e-03
4.156177954142666400e-03
3.883985375200560679e-03
3.600557419579001640e-03
3.420377308416647309e-03
3.420377308416647309e-03
3.329479759032086955e-03
3.265241659692785531e-03
3.345301824634694474e-03
3.560168260405323012e-03
3.747790545977754302e-03
3.952763357171318326e-03
4.071109580164521298e-03
4.097245046195620473e-03
4.013029831557289595e-03
3.900803451173303141e-03
3.900803451173303141e-03
3.888034738677128427e-03
3.901451265028676313e-03
3.898732170591706798e-03
3.942084514253277328e-03
3.936195402927488221e-03
3.403842111719727458e-03
2.933381380362615198e-03
2.508125952642654803e-03
2.333537616180061079e-03
2.183447318943815621e-03
2.183447318943815621e-03
2.062720451554546884e-03
2.015686457357124869e-03
2.107552875833452154e-03
2.319940022434914539e-03
2.442474054961024047e-03
2.499838814517845852e-03
2.483613155745391377e-03
2.211236879990680689e-03
2.080900039054079526e-03
2.109082382012037425e-03
2.109082382012037425e-03
2.158820060396487821e-03
2.206556677386751434e-03
2.283144745463109183e-03
2.284332435305192963e-03
2.327804770230512341e-03
2.251264964246220412e-03
2.273990142095321659e-03
2.391804344367177114e-03
2.471715783738710412e-03
2.549455552736422121e-03
2.549455552736422121e-03
2.705339804987388127e-03
2.861609752114956454e-03
2.951283832732466608e-03
3.006971711395289674e-03
3.039884635587765220e-03
3.068689327933554756e-03
3.033781441852746383e-03
3.138951053507235602e-03
3.280517149407206380e-03
3.659443843610795440e-03
3.659443843610795440e-03
4.099949151277587113e-03
4.497781229721558791e-03
4.789288157297880502e-03
4.965062250825495044e-03
5.003145021638464966e-03
4.902374816902908307e-03
4.779545860056791905e-03
4.929920344865078297e-03
5.045126270175663563e-03
5.172941585157385565e-03
5.172941585157385565e-03
5.221709741493889452e-03
5.254134839296693490e-03
5.289365943548481400e-03
5.306979808050607192e-03
5.252419227219346995e-03
5.198033493939817340e-03
5.244686054772246774e-03
5.385191964442224109e-03
5.477893205279145417e-03
5.624721699739409705e-03
5.624721699739409705e-03
5.482479476087659051e-03
5.371903804063968106e-03
5.306218197877600289e-03
5.473545602552206714e-03
5.361923989238197644e-03
5.329508649088579922e-03
5.401446392716760872e-03
5.482112990327986206e-03
5.523347643050113658e-03
5.619685763640145174e-03
5.619685763640145174e-03
5.793840263929718112e-03
5.907842083239538480e-03
6.036906924370855770e-03
6.127675098431065344e-03
6.341783349541042954e-03
6.524387752379584397e-03
6.660463900728144995e-03
6.801664404226194852e-03
6.680467143384077877e-03
6.551333516029931789e-03
6.551333516029931789e-03
6.449261368077617400e-03
6.323671485949049556e-03
6.254597325642229956e-03
6.217917879369600463e-03
6.265886623024844414e-03
6.346073045371694935e-03
6.443674297534967947e-03
6.520597468936553155e-03
6.491487647080158331e-03
6.393720801053316867e-03
6.393720801053316867e-03
6.308299230847363645e-03
6.235686352989889755e-03
6.276248477149902819e-03
6.257236294380546203e-03
6.352207076872219867e-03
6.466537004928121779e-03
6.564196759439640955e-03
6.617975997877727397e-03
6.814489999842418891e-03
6.986283637672788087e-03
6.986283637672788087e-03
7.151491828768456911e-03
7.272637293900567276e-03
7.461576530023901650e-03
7.661992308423897814e-03
7.782684220892688472e-03
7.888911101994751374e-03
7.909534177401807836e-03
7.900807361466128872e-03
7.885502447449883531e-03
7.846535680491088793e-03
