1.324178278446197510e-02
1.601295173168182373e-02
1.955881528556346893e-02
2.333735488355159760e-02
2.720059826970100403e-02
2.946390770375728607e-02
3.071973286569118500e-02
3.165218606591224670e-02
3.289749473333358765e-02
3.406835347414016724e-02
3.518297895789146423e-02
3.518297895789146423e-02
3.698303923010826111e-02
3.857052326202392578e-02
4.016184806823730469e-02
4.135913774371147156e-02
4.229902848601341248e-02
4.299451038241386414e-02
4.347654804587364197e-02
4.371074587106704712e-02
4.399235919117927551e-02
4.371972009539604187e-02
4.371972009539604187e-02
4.349465295672416687e-02
4.378038272261619568e-02
4.416997730731964111e-02
4.459207877516746521e-02
4.511161893606185913e-02
4.579473659396171570e-02
4.637526720762252808e-02
4.777996614575386047e-02
4.918431863188743591e-02
4.858946055173873901e-02
4.858946055173873901e-02
4.808326065540313721e-02
4.756953194737434387e-02
4.704288020730018616e-02
4.685327038168907166e-02
4.712861031293869019e-02
4.750546440482139587e-02
4.783510789275169373e-02
4.787286743521690369e-02
4.812645539641380310e-02
4.898718744516372681e-02
4.898718744516372681e-02
4.952501505613327026e-02
4.956096410751342773e-02
4.947898909449577332e-02
4.906078800559043884e-02
4.862807691097259521e-02
4.845730587840080261e-02
4.849168658256530762e-02
4.855359718203544617e-02
4.877218976616859436e-02
4.792374745011329651e-02
4.792374745011329651e-02
4.724439606070518494e-02
4.641127586364746094e-02
4.577982053160667419e-02
4.543608799576759338e-02
4.562149941921234131e-02
4.578159376978874207e-02
4.574288055300712585e-02
4.437592253088951111e-02
4.271573573350906372e-02
4.118319600820541382e-02
4.118319600820541382e-02
4.004959762096405029e-02
3.888662531971931458e-02
3.763271123170852661e-02
3.649948909878730774e-02
3.531531617045402527e-02
3.414880484342575073e-02
3.325632587075233459e-02
3.285415843129158020e-02
3.148597478866577148e-02
2.984756603837013245e-02
2.984756603837013245e-02
2.842974290251731873e-02
2.748129330575466156e-02
2.653138712048530579e-02
2.639972046017646790e-02
2.639658562839031219e-02
2.710493654012680054e-02
2.782721258699893951e-02
2.886781282722949982e-02
3.013429604470729828e-02
3.151715546846389771e-02
3.151715546846389771e-02
3.229797258973121643e-02
3.348372876644134521e-02
3.514484688639640808e-02
3.737181797623634338e-02
3.943644464015960693e-02
4.127307236194610596e-02
4.313599318265914917e-02
4.474749788641929626e-02
4.622200131416320801e-02
4.663494601845741272e-02
4.663494601845741272e-02
4.677595943212509155e-02
4.609949514269828796e-02
4.531693086028099060e-02
4.488023743033409119e-02
4.457980021834373474e-02
4.478205740451812744e-02
4.567249864339828491e-02
4.622106626629829407e-02
4.617346450686454773e-02
4.509104788303375244e-02
4.509104788303375244e-02
4.349821433424949646e-02
4.140022024512290955e-02
3.877125680446624756e-02
3.648102283477783203e-02
3.426400572061538696e-02
3.191478550434112549e-02
3.031323850154876709e-02
2.924880012869834900e-02
2.735658176243305206e-02
2.568379044532775879e-02
2.568379044532775879e-02
2.480880729854106903e-02
2.413175813853740692e-02
2.413175813853740692e-02
2.393468469381332397e-02
2.391653880476951599e-02
2.398139797151088715e-02
2.409940399229526520e-02
2.447080425918102264e-02
2.522201836109161377e-02
2.606117352843284607e-02
2.606117352843284607e-02
2.701354026794433594e-02
2.827040478587150574e-02
2.907232567667961121e-02
2.964739315211772919e-02
3.066754713654518127e-02
3.285002708435058594e-02
3.482293710112571716e-02
3.680363297462463379e-02
3.828999400138854980e-02
3.789300471544265747e-02
