4.211511182559910665e-02
4.211511182559910665e-02
4.217018797866830399e-02
4.224895331451020836e-02
4.239031126056826138e-02
4.260624769046066768e-02
4.318689453468380762e-02
4.344700105542149277e-02
4.372292907646536247e-02
4.375395875356922343e-02
4.411019667625528523e-02
4.447016126009914472e-02
4.447016126009914472e-02
4.470348228221133341e-02
4.487141591186753764e-02
4.518357658141804872e-02
4.550625380918715129e-02
4.554849884386112657e-02
4.573810645179850198e-02
4.587087547085892669e-02
4.590130943577749867e-02
4.565111699565652797e-02
4.541684242187082193e-02
