5.566154197858579761e-02
5.566154197858579761e-02
5.678044627321096605e-02
5.651429473973552248e-02
5.704253117212697982e-02
5.755969022053097905e-02
5.805873581937391614e-02
5.844257332267564081e-02
5.871234864267257936e-02
5.873486934496028461e-02
5.862933185336539205e-02
5.854752648970630580e-02
5.854752648970630580e-02
5.832119431115043856e-02
5.781709549264639481e-02
5.734056442031210815e-02
5.689521096693841984e-02
5.640978011568868744e-02
5.574585276007799212e-02
5.498579464291446922e-02
5.424932731957469306e-02
5.350592605736258917e-02
5.278673575871115076e-02
5.278673575871115076e-02
5.203394062923754476e-02
5.136460210492375944e-02
5.062401784062863647e-02
4.996516153361451468e-02
4.938883113177408579e-02
4.883783328054663864e-02
4.842774905994443047e-02
4.806021075016989746e-02
4.771714205366278660e-02
4.747624222832796947e-02
4.747624222832796947e-02
4.721541494586573018e-02
4.679654370116616974e-02
4.623313298866724153e-02
4.569527159835062857e-02
4.518140103275203323e-02
4.470985947306155978e-02
4.426635120901667442e-02
4.407765841762508602e-02
4.390836489705787771e-02
4.376202365141748651e-02
4.376202365141748651e-02
4.352102735114218163e-02
4.320213644102383760e-02
4.271963156408293411e-02
4.222939639800712269e-02
4.162280325652317065e-02
4.099484624771378843e-02
4.017585401653145372e-02
3.952663512913462407e-02
3.893545254383446591e-02
3.828498674844509064e-02
3.828498674844509064e-02
3.772922409181852371e-02
3.718105600439324671e-02
3.660027791688967580e-02
3.604165211342535285e-02
3.541849991678622939e-02
3.474024287700398089e-02
3.406465000091254275e-02
3.357317690903776491e-02
3.329518339399455129e-02
3.299022551349119897e-02
3.299022551349119897e-02
3.264867123200218546e-02
3.238597420990722148e-02
3.242686015165939517e-02
3.260500030283048495e-02
3.250190037723191955e-02
3.237307806891964040e-02
3.211987191024184146e-02
3.195701946482047695e-02
3.148273903143365693e-02
3.101689378376413370e-02
3.101689378376413370e-02
3.039749259297818557e-02
3.005552440117201934e-02
2.989771364320662275e-02
2.989008718353230662e-02
2.978885192788655045e-02
2.969327809563067008e-02
2.943609655579989409e-02
2.951869950492938890e-02
2.937279860540224427e-02
2.911110252715804966e-02
2.911110252715804966e-02
2.866377121730492167e-02
2.832767537491958504e-02
2.811347661708859386e-02
2.796100933616719672e-02
2.782838909706502467e-02
2.771156451674355523e-02
2.761361613452052721e-02
2.738155051643463567e-02
2.698125460548866927e-02
2.662544098819897079e-02
2.662544098819897079e-02
2.627788103106948325e-02
2.598757467267070673e-02
2.578593116913838884e-02
2.564111487987743784e-02
2.544157181369710932e-02
2.484856444010441825e-02
2.422818687768320614e-02
2.366639603123051397e-02
2.339069960097129447e-02
2.326905567804954042e-02
2.326905567804954042e-02
2.299165593388695361e-02
2.258797453365503360e-02
2.214938816562945015e-02
2.156439735259356449e-02
2.110518576589687917e-02
2.077535452402275856e-02
2.057005214633352355e-02
2.038612651823211094e-02
2.007499816240526994e-02
1.966155896780704543e-02
1.966155896780704543e-02
1.920245653550784609e-02
1.884030305454122492e-02
1.855395750422593817e-02
1.830286615534888056e-02
1.819375959810804952e-02
1.813185175955592601e-02
1.782593884448666413e-02
1.753761058654576890e-02
1.750829178679555106e-02
1.757455266348477430e-02
1.757455266348477430e-02
1.762464414980765420e-02
1.765744109870935261e-02
1.766187672041187942e-02
1.766187672041187942e-02
1.766187672041187942e-02
1.765080683838243791e-02
1.759012577474461034e-02
1.767535277923311041e-02
1.767756795836824060e-02
1.768479827083459938e-02
1.768479827083459938e-02
1.759115358259860998e-02
1.745020576855327646e-02
1.729689199487284557e-02
1.717529372019848191e-02
1.706602455521298925e-02
1.703119356062451906e-02
1.686570325807243767e-02
1.676152712162671740e-02
1.658085138771291794e-02
1.636918435780512424e-02
1.636918435780512424e-02
1.619113088959033692e-02
1.601767901632053515e-02
1.604417616579487810e-02
1.611670259565736729e-02
1.605184132170166603e-02
1.575748547571826502e-02
1.554693512962726683e-02
1.542047448410272664e-02
1.540679203793705529e-02
1.531567525897102947e-02
1.531567525897102947e-02
1.526545914552913073e-02
1.523760292240111669e-02
1.525264021638266833e-02
1.511757663489736274e-02
1.496968586286308647e-02
1.492749393434912586e-02
1.505110138367275405e-02
1.498531172313505126e-02
1.492865466982094477e-02
1.473185097819893624e-02
1.473185097819893624e-02
1.462785493314111389e-02
1.475716617064025404e-02
1.485118371084877091e-02
1.492717357249687474e-02
1.494026423383764540e-02
1.488967901755453536e-02
1.486846234269400928e-02
1.496497052088108064e-02
1.505241850639488579e-02
1.525339768294776098e-02
1.525339768294776098e-02
1.530742539881097333e-02
1.523557576811220698e-02
1.519003450795023726e-02
1.521520185924555256e-02
1.518368996048854135e-02
1.516638559851595826e-02
1.512585701958992987e-02
1.498887611928139199e-02
1.493309564321059456e-02
1.482476857818536449e-02
1.482476857818536449e-02
1.470993251135096526e-02
1.463519076332810837e-02
1.470985163100705512e-02
1.474099108882526155e-02
1.460749517875659445e-02
1.441146817145354600e-02
1.420534637949148402e-02
1.413977198826220014e-02
1.421668991378323248e-02
1.425906154538475468e-02
1.425906154538475468e-02
1.415346403855874922e-02
1.406535709040421765e-02
1.411443558682407527e-02
1.424770536642372062e-02
1.442371602529207188e-02
1.457709461211138292e-02
1.461189398497366419e-02
1.447396134455645501e-02
1.441536740632217740e-02
1.452615248804750743e-02
1.452615248804750743e-02
1.472066714537464613e-02
1.470952263894366278e-02
1.468107500783697242e-02
1.456884493265731342e-02
1.449755490963409131e-02
1.457575197331265060e-02
1.489530111915079134e-02
1.511729511845853573e-02
1.517082780190065656e-02
1.518415352401504895e-02
1.518415352401504895e-02
1.512672637233559124e-02
1.498863026173640270e-02
1.486075648040435966e-02
1.486404417473158671e-02
1.510808908803215091e-02
1.542854111171956637e-02
1.578414944942905379e-02
1.595228923657191628e-02
1.593987539908139558e-02
1.591388115076518978e-02
1.591388115076518978e-02
1.598862276373384100e-02
1.597166680200867023e-02
1.599087161941171314e-02
1.583444188541165143e-02
1.574725945220521034e-02
1.579661689182364909e-02
1.570723613562624577e-02
1.554559684859709197e-02
1.537667213066847179e-02
1.508424549998174137e-02
1.508424549998174137e-02
1.493324969191251600e-02
1.483849966264292296e-02
1.480433872115291712e-02
1.473536347174472794e-02
1.467476330858683876e-02
1.462565944346300162e-02
1.459641243516117924e-02
1.467108593785876672e-02
1.481145548566385750e-02
1.507385544913408641e-02
1.507385544913408641e-02
1.529440601929431265e-02
1.541772265256145628e-02
1.536930585725514685e-02
1.524031079364863289e-02
1.521584486728263207e-02
1.566369461507986782e-02
1.628551017735669140e-02
1.686651736212408520e-02
1.741977665757211968e-02
1.785522412156917427e-02
1.785522412156917427e-02
1.820946701737716916e-02
1.846527691823016820e-02
1.863565851797380560e-02
1.872342170873090780e-02
1.881062792409806533e-02
1.899420527508324796e-02
1.918237780158680780e-02
1.936038058161266770e-02
1.931803926966310300e-02
1.929350134672670053e-02
1.929350134672670053e-02
1.931700205915232865e-02
1.930772838971862512e-02
1.917222536588012935e-02
1.908757760331069100e-02
1.898008955989947608e-02
1.877951733523394034e-02
1.852426379029239317e-02
1.827952367009049589e-02
1.800859033326098271e-02
1.769877259559261146e-02
1.769877259559261146e-02
1.728903098182703324e-02
1.693688434505192034e-02
1.666359919556459693e-02
1.662418799687564661e-02
1.654180824392009405e-02
1.633951667099916780e-02
1.613829833060024393e-02
1.578951124264004607e-02
1.542671782405609891e-02
1.520114216385314368e-02
1.520114216385314368e-02
1.519982649015196204e-02
1.523923216108497534e-02
1.523170979948567511e-02
1.506691499397180140e-02
1.478333993233632571e-02
1.450968240842114530e-02
1.434025709356465290e-02
1.422667837817891308e-02
1.442431471648681664e-02
1.460018555625945680e-02
1.460018555625945680e-02
1.464426200313222008e-02
1.453405562943016135e-02
1.427495626017785853e-02
1.408973416810248638e-02
1.406085676601484535e-02
1.415343047748282221e-02
1.423310352750192624e-02
1.423310352750192624e-02
1.428509124597711691e-02
1.434886461685693816e-02
1.434886461685693816e-02
1.434934416309487787e-02
1.430888167192229631e-02
1.426994280389030055e-02
1.432182539414695449e-02
1.440550514592852695e-02
1.454829261018368396e-02
1.471605486075835446e-02
1.481961771670008837e-02
1.489815827135307358e-02
1.488412319342756474e-02
1.488412319342756474e-02
1.487166387344220596e-02
1.479935255413862734e-02
1.483784224006444961e-02
1.498931199479561736e-02
1.510433016017296431e-02
1.520509911828204011e-02
1.518596658814163301e-02
1.499032477713719766e-02
1.489728259711423260e-02
1.490167687530894770e-02
1.490167687530894770e-02
1.498723420102246982e-02
1.508362632652928033e-02
1.504682026512725243e-02
1.503717210715595394e-02
1.500247074695355495e-02
1.494737748332343984e-02
1.489787095306543616e-02
1.481710045436578950e-02
1.476986953409888288e-02
1.473679300979094733e-02
1.473679300979094733e-02
1.472714516433485700e-02
1.475190370076606521e-02
1.477377767513426629e-02
1.456072601434372019e-02
1.431383986576597114e-02
1.417129173612591796e-02
1.407753529939056655e-02
1.411390795559832115e-02
1.424007799601972359e-02
1.436444337504399864e-02
1.436444337504399864e-02
1.439233457464379577e-02
1.422611265399914213e-02
1.411189680977983051e-02
1.407191945740820203e-02
1.409265511520626894e-02
1.410188479874185420e-02
1.412270308256312855e-02
1.406559692357909654e-02
1.405897518804134251e-02
1.408443345754209659e-02
1.408443345754209659e-02
1.419836941171240437e-02
1.449924344308986361e-02
1.472840634199264372e-02
1.484411759907151331e-02
1.477363355446759466e-02
1.464387316417299113e-02
1.442458500020839425e-02
1.422757556955947522e-02
1.417836524132315250e-02
1.426056824071712109e-02
1.426056824071712109e-02
1.427971024256303491e-02
1.421069278242666906e-02
1.410174572824711425e-02
1.392786768746483161e-02
1.379295068833309018e-02
1.371085981948443402e-02
1.366400042551958044e-02
1.366725970472276383e-02
1.371410693991038238e-02
1.373849307889476144e-02
1.373849307889476144e-02
1.372646064778863632e-02
1.375034294134208461e-02
1.381241449956619946e-02
1.389850962865073550e-02
1.391827598229651922e-02
1.396607431115149886e-02
1.408952684043674949e-02
1.421806192377031430e-02
1.429398268158293094e-02
1.438628818972467228e-02
1.438628818972467228e-02
1.442570865186628207e-02
1.438254262835926382e-02
1.423804896752422014e-02
1.415266577637783532e-02
1.410278043856205699e-02
1.413386216722298423e-02
1.412740668270895221e-02
1.409695080692352671e-02
1.406914576835692834e-02
1.398685529881864113e-02
