4.136362299323081970e-02
4.136362299323081970e-02
4.078979045152664185e-02
3.998497128486633301e-02
3.903219476342201233e-02
3.842888772487640381e-02
3.780402243137359619e-02
3.719232603907585144e-02
3.652346134185791016e-02
3.573105856776237488e-02
3.502866998314857483e-02
3.437586501240730286e-02
3.437586501240730286e-02
3.400546312332153320e-02
3.311518579721450806e-02
3.229848667979240417e-02
3.148246183991432190e-02
3.071741759777069092e-02
3.005003742873668671e-02
2.953314594924449921e-02
2.908925712108612061e-02
2.870121970772743225e-02
2.828488871455192566e-02
