4.211241006851196289e-02
4.211241006851196289e-02
4.319454729557037354e-02
4.427215084433555603e-02
4.506984725594520569e-02
4.581226781010627747e-02
4.670030996203422546e-02
4.712659493088722229e-02
4.776603356003761292e-02
4.826389625668525696e-02
4.850643128156661987e-02
4.845670238137245178e-02
4.845670238137245178e-02
4.830776900053024292e-02
4.839828237891197205e-02
4.862101376056671143e-02
4.890067130327224731e-02
4.920034855604171753e-02
4.954527691006660461e-02
4.994710534811019897e-02
5.030265077948570251e-02
5.063862353563308716e-02
5.100563541054725647e-02
