7.048423015599309879e-03
7.048423015599309879e-03
6.039490636541234442e-03
5.468129354083646476e-03
5.339401261957839664e-03
5.614559873930977801e-03
6.069948024724914314e-03
6.672877251341970475e-03
6.842875784743802925e-03
7.299839053929132668e-03
7.541410894472276756e-03
7.699983825756370054e-03
7.699983825756370054e-03
7.935402390988090249e-03
8.081765398665841094e-03
8.307328820880907627e-03
8.410259135464994915e-03
8.514908470882784006e-03
8.634468687305598897e-03
8.825540001029953674e-03
9.081535113015093766e-03
9.346790271203719858e-03
9.470324641805616048e-03
9.470324641805616048e-03
9.646771006759681522e-03
9.787603021308956958e-03
9.915204887591151997e-03
1.019418907295524708e-02
1.047852645525975367e-02
1.080217820214098186e-02
1.097818061507211188e-02
1.094793640820235052e-02
1.096161403894210969e-02
1.107622566556405730e-02
1.107622566556405730e-02
1.133896669757510425e-02
1.137599093680645088e-02
1.126964828458870346e-02
1.124131590367099219e-02
1.133809214164548454e-02
1.132730522826084704e-02
1.131778227652308066e-02
1.126590750368701779e-02
1.122704641530476721e-02
1.111803657584155627e-02
1.111803657584155627e-02
1.097247976024657776e-02
1.087519526118411496e-02
1.082683890318921448e-02
1.070071272784719335e-02
1.058346326780683008e-02
1.043297997184785761e-02
1.022719274475784867e-02
1.002207738016058086e-02
9.854890508560832166e-03
9.693265446193017817e-03
9.693265446193017817e-03
9.684488081131856219e-03
9.632934550749745403e-03
9.572877684192163464e-03
9.520514493808009127e-03
9.533615301877285814e-03
9.482514934525575895e-03
9.480606901395884079e-03
9.449015470399292280e-03
9.465758574053476093e-03
9.416591737961794301e-03
9.416591737961794301e-03
9.468392523577973466e-03
9.656657900850995277e-03
9.964444713641220155e-03
1.013573898995896554e-02
1.027722176935412512e-02
1.043567596520992603e-02
1.068299065957135571e-02
1.085829738004133287e-02
1.098279640584345733e-02
1.107618819872380721e-02
1.107618819872380721e-02
1.119718896711860597e-02
1.126805344489477910e-02
1.123900072231402356e-02
1.103824992865235291e-02
1.091056127065800213e-02
1.085338424456659158e-02
1.082310661606516317e-02
1.076333301010855628e-02
1.071613371135316135e-02
1.072410265723625425e-02
1.072410265723625425e-02
1.065046723949385904e-02
1.058291831289047066e-02
1.047843537915522927e-02
1.064078202333205471e-02
1.071259325557839467e-02
1.071800084083301269e-02
1.083728740369083350e-02
1.089091186879355584e-02
1.104998625013597045e-02
1.118894597668627054e-02
1.118894597668627054e-02
1.135941586670535276e-02
1.146916149856228376e-02
1.157771570135370659e-02
1.152966808660204137e-02
1.135430484972782192e-02
1.106860646057396431e-02
1.066109492871748429e-02
1.031965378145000868e-02
9.959155399144284382e-03
9.734058756364852988e-03
9.734058756364852988e-03
9.533717794605265847e-03
9.441354708950536190e-03
9.447884960366366436e-03
9.608443043801937269e-03
9.545993677341248207e-03
9.408320462067628481e-03
9.240473999997804097e-03
9.142174666483345383e-03
9.056690714761596317e-03
8.995830752662985555e-03
8.995830752662985555e-03
9.039769900620801477e-03
9.181337486102827614e-03
9.332982051171086549e-03
9.342591428133506862e-03
9.284245450118570886e-03
8.970958116933901161e-03
8.648733161610229134e-03
8.307091449660712265e-03
8.098381239448925947e-03
8.072697789619977249e-03
8.072697789619977249e-03
8.038940145432970849e-03
7.810588874576735070e-03
7.675201150848125209e-03
7.552516640581041774e-03
7.429530228027004558e-03
7.419981955929218567e-03
7.366519026253776255e-03
7.354983988109488162e-03
7.214683540464954421e-03
7.229770267585394761e-03
7.229770267585394761e-03
7.157834461196315584e-03
7.071312307540284642e-03
6.896463044284358544e-03
6.853379387822404120e-03
6.883042981784995122e-03
7.028181159286993850e-03
7.074404936023100457e-03
7.121103793374467840e-03
7.205941699681016679e-03
7.352562399186751349e-03
7.352562399186751349e-03
7.580432393002311912e-03
7.852619832820676923e-03
8.080526923512581713e-03
8.371734869052531794e-03
8.631287451523686136e-03
8.768972483311156599e-03
8.723009600050271942e-03
8.709704542839730168e-03
8.677448209929600545e-03
8.398306265658777442e-03
8.398306265658777442e-03
8.082972353792705969e-03
7.803127854479561740e-03
7.616952725539443379e-03
7.379433865410202180e-03
7.285194182931587457e-03
7.268774242577895686e-03
7.270686491538030927e-03
7.312341289675620276e-03
7.072124155955483715e-03
6.957759815812373377e-03
6.957759815812373377e-03
6.881323959693328232e-03
6.729818258321629970e-03
6.581792829417638241e-03
6.287268746661229743e-03
6.600437315151119408e-03
6.883229829587229030e-03
7.105334464407065363e-03
7.283575677052662664e-03
7.392493538505314973e-03
7.482432837870933891e-03
7.482432837870933891e-03
7.658582228805658164e-03
7.821355238454641770e-03
7.854986304095458449e-03
7.825923561885144569e-03
7.831983400471469181e-03
7.940898435888184975e-03
8.055446045615781078e-03
8.196968729735234702e-03
8.343921880001678101e-03
8.464849881237381662e-03
8.464849881237381662e-03
8.529643964652972032e-03
8.066331165037540427e-03
7.450800703575472667e-03
6.756983954096938867e-03
5.966292196001434477e-03
5.294127826699858777e-03
4.859408703345811237e-03
4.732941662923240665e-03
4.745136140971817178e-03
4.779416396585640936e-03
4.779416396585640936e-03
4.821997096503003247e-03
5.021025708278065679e-03
5.255074389764342532e-03
5.428349533401211936e-03
5.646947691311379920e-03
5.499759565936753088e-03
5.319573294778143051e-03
5.115630047202759413e-03
4.922495887516566138e-03
4.702676579239772718e-03
4.702676579239772718e-03
4.425821604977047546e-03
4.056692304206615390e-03
3.591092835140030637e-03
3.226879630267825549e-03
2.980925794621125131e-03
2.873771822100057525e-03
2.971133360256571036e-03
3.064178350200705541e-03
3.162202356380616666e-03
3.326606240031354349e-03
3.326606240031354349e-03
3.417691063651141260e-03
3.635798392070727861e-03
3.885846161302508768e-03
4.176104478472646847e-03
4.311211930409507807e-03
4.461092688425843077e-03
4.547127108053730660e-03
4.436027971165678631e-03
4.455382170760024962e-03
4.641245378865976358e-03
4.641245378865976358e-03
4.824960716284860951e-03
5.102704706292485876e-03
5.405798606162914854e-03
5.488458410466306656e-03
5.655968904840874903e-03
5.830078012716102299e-03
5.833844059545314348e-03
5.866744074331753551e-03
5.991000636579923121e-03
5.832804193884001329e-03
5.832804193884001329e-03
5.632104660909471004e-03
5.353495757472964342e-03
5.154138687332456524e-03
5.045536141937065171e-03
4.982859207813704686e-03
4.989310303484616183e-03
5.080512616381709264e-03
5.210602111814066628e-03
5.255020444823176561e-03
5.309256735202528242e-03
5.309256735202528242e-03
5.389935422153111291e-03
5.485276252214236342e-03
5.511245799664893016e-03
5.419452879986408345e-03
5.458538117800663947e-03
5.404783250178879159e-03
5.371177419748933077e-03
5.508984657275182821e-03
5.763762929196485779e-03
6.017700559331050185e-03
6.017700559331050185e-03
6.244962948268720226e-03
6.588083414398505748e-03
6.820820094282029240e-03
6.909569628899513150e-03
6.869654907960243660e-03
6.696924646745238893e-03
6.546620024024112951e-03
6.304789672293229646e-03
6.131535805154768835e-03
5.964091177953903707e-03
5.964091177953903707e-03
5.998552562333880726e-03
6.343334109782496413e-03
6.682978630886034395e-03
7.098001187004974490e-03
7.350033104055835737e-03
7.707877271647158024e-03
7.964034619193616563e-03
7.817112763005390833e-03
7.612788366824737793e-03
7.571017419870946369e-03
7.571017419870946369e-03
7.598356027067506777e-03
7.629251976005879503e-03
7.819351510488965762e-03
7.912518363313247871e-03
8.099835536258164284e-03
8.264485216236766574e-03
8.426655967096892061e-03
8.597273889548897111e-03
8.791655091131332297e-03
8.860113138358979845e-03
8.860113138358979845e-03
8.965842227312918397e-03
8.981951207987413921e-03
8.974670256455478945e-03
8.966939658089517068e-03
8.897839187870923081e-03
8.766744797410968779e-03
8.687192823156116017e-03
8.617355326355677012e-03
8.545894679764470467e-03
8.437863109298122943e-03
8.437863109298122943e-03
8.386272034011059764e-03
8.210360242135030656e-03
8.124837740736417721e-03
8.083743618044295434e-03
8.098654165325425494e-03
8.167037051538750952e-03
8.223455466073968656e-03
8.236298430619437214e-03
8.106516110405572947e-03
7.948750792977120685e-03
7.948750792977120685e-03
7.817783592945921553e-03
7.787472466825166341e-03
7.852745669553542335e-03
7.987072003521472618e-03
7.993787429884163451e-03
7.954852006883245813e-03
7.723738845183525555e-03
7.350773018038918132e-03
7.210149913525805247e-03
7.153232956696610641e-03
7.153232956696610641e-03
7.283049188078569852e-03
7.465819088346052970e-03
7.649304894912598886e-03
7.698380737221436135e-03
7.756323720228871198e-03
7.874490928676440918e-03
7.842785408791436152e-03
7.737137482803272022e-03
7.703931683032373516e-03
7.509644092857003551e-03
7.509644092857003551e-03
7.395025115802703747e-03
7.219791218622277108e-03
7.065651712177371813e-03
7.006000775611102328e-03
7.047390532040495592e-03
7.213807020286416676e-03
7.438782419407007074e-03
7.579819366596476926e-03
7.731436138136066338e-03
7.727916268858408232e-03
7.727916268858408232e-03
7.619764908116838029e-03
7.451899916215230096e-03
7.320193237323046644e-03
7.286719381069801244e-03
7.299380565294159851e-03
7.242835034210936586e-03
7.308772855052863421e-03
7.367557017680720008e-03
7.535252906072399497e-03
7.527425661420701110e-03
7.527425661420701110e-03
7.525185037731963594e-03
7.630800889787306418e-03
7.642255500150985439e-03
7.643616957819088578e-03
7.620599481481133211e-03
7.637339735341379734e-03
7.623266542478513569e-03
7.645691193818011586e-03
7.662501650111124170e-03
7.601294168884595304e-03
7.601294168884595304e-03
7.471272200963879374e-03
7.245817657353230759e-03
7.116337046240798006e-03
7.059559854096910357e-03
7.183691227209508014e-03
7.450282252728411027e-03
7.874062337273090781e-03
8.292622095344599764e-03
8.804101920852533056e-03
9.199699144915652813e-03
9.199699144915652813e-03
9.336823608182713563e-03
9.384432859414728462e-03
9.262304651420963028e-03
9.027006181496793902e-03
8.868352196135294990e-03
8.943159136625295283e-03
9.135615042025228491e-03
9.448210361235238192e-03
9.750409962021490060e-03
1.019911615978672838e-02
1.019911615978672838e-02
1.056075180643480452e-02
1.078874765937411564e-02
1.078347905016464534e-02
1.051039964721287197e-02
1.057106180867714400e-02
1.075801956238624582e-02
1.096507383047237022e-02
1.124319863494786971e-02
1.137855975775841841e-02
1.139787395880423326e-02
1.139787395880423326e-02
1.126634491551407706e-02
1.115448597190982216e-02
1.088163369904737027e-02
1.047583131320454358e-02
9.934033593406967760e-03
9.341494378947564833e-03
8.828120441528667858e-03
8.340509410465216794e-03
7.900523567702278857e-03
7.777292998278270697e-03
7.777292998278270697e-03
7.731264112824427596e-03
7.653613316633039315e-03
7.526260112183801206e-03
7.375010573622123311e-03
7.167499974485819214e-03
6.964302722943982796e-03
6.670879754449623653e-03
6.436276873029074704e-03
6.221910030624817553e-03
6.027328291188063444e-03
6.027328291188063444e-03
5.789441290666968130e-03
5.667981700047634332e-03
5.615375086909428146e-03
5.535768428946378356e-03
5.468068627881356690e-03
5.491888130150647529e-03
5.601879784423408754e-03
5.673772824293614805e-03
5.915693024180336199e-03
6.127892521918996104e-03
6.127892521918996104e-03
6.365341812433623903e-03
6.499889032189122041e-03
6.601219078609141949e-03
6.639006900053681139e-03
6.707614093563113618e-03
6.725752978442875972e-03
6.690460415510500643e-03
6.781202917764633450e-03
6.738347735849905748e-03
6.689124353124503881e-03
6.689124353124503881e-03
6.578189518541930660e-03
6.551216919845178656e-03
6.590640156186363362e-03
6.608938705017651863e-03
6.586271654596750381e-03
6.575675140801449069e-03
6.546033567829546117e-03
6.587570125973262261e-03
6.699754762253797014e-03
6.798384112182713837e-03
6.798384112182713837e-03
6.896849798585839852e-03
6.901548099314385246e-03
6.927698206017722342e-03
6.882373839091183478e-03
6.882161286904174384e-03
6.800247703197741939e-03
6.746309063558685905e-03
6.730026188580202733e-03
6.709725598411000157e-03
6.672313523091784326e-03
6.672313523091784326e-03
6.659432534381675914e-03
6.635166719722902437e-03
6.731548545990854483e-03
6.844358381898067896e-03
7.022261285511585856e-03
7.198439088246041603e-03
7.331947639211175427e-03
7.337801883280964561e-03
7.231667282990115499e-03
7.235296771040479295e-03
7.235296771040479295e-03
7.210300826753567732e-03
7.215593465029591404e-03
7.199586217684852789e-03
7.197472631833513358e-03
7.259890573561585993e-03
7.331773873951031965e-03
7.313851546527632731e-03
7.251281181748884218e-03
7.246727605284285050e-03
7.255641007162103549e-03
7.255641007162103549e-03
7.219829943793338277e-03
7.057635148384680882e-03
6.850171414286174328e-03
6.500560155010257080e-03
6.185692519536709240e-03
5.944823799875507964e-03
5.857116891530060598e-03
5.801106144291042106e-03
5.835925417061594081e-03
5.936704367380993795e-03
5.936704367380993795e-03
5.991467092823316194e-03
5.859978819356986834e-03
5.743806351641757985e-03
5.817914399258642191e-03
5.861997514919706567e-03
5.887980118295531480e-03
6.037686980342837732e-03
6.063330259056652453e-03
6.007383774907606652e-03
5.907877820277878354e-03
5.907877820277878354e-03
5.772363196011553316e-03
5.618727897095034118e-03
5.495543716419030306e-03
5.452414636822581692e-03
5.435897390928720249e-03
5.433639282430518733e-03
5.484357839615937140e-03
5.553635385826326959e-03
5.657443153027096050e-03
5.771932653212559147e-03
5.771932653212559147e-03
5.789792857556384613e-03
5.871021459990752658e-03
6.024093411648967847e-03
6.156637176849188466e-03
6.308665175355682858e-03
6.430502784606832029e-03
6.420525032604146656e-03
6.257702665819502366e-03
6.075449963314121307e-03
5.844187174690215238e-03
5.844187174690215238e-03
5.676271483959288537e-03
5.585989808363805986e-03
5.535742392231388607e-03
5.501888590209812364e-03
5.581158070016039099e-03
5.685766046258686202e-03
5.794553724357870590e-03
5.949994168993605684e-03
6.007309576082689104e-03
6.092358578173109190e-03
6.092358578173109190e-03
6.214642211039952263e-03
6.372497477590808451e-03
6.516576368933726937e-03
6.837784905442800994e-03
7.088201253181596918e-03
7.245436641749864251e-03
7.376215230777688828e-03
7.479853743420389334e-03
7.365561043154444931e-03
7.292629910514619555e-03
7.292629910514619555e-03
7.297962508091190501e-03
7.211396216580929532e-03
7.046689881970164514e-03
6.853120711465680512e-03
6.410715082835625502e-03
5.979943989083905641e-03
5.653599394279923418e-03
5.503085019151325065e-03
5.371886072262554643e-03
5.248450064791757887e-03
5.248450064791757887e-03
5.116880651280751417e-03
5.000337953117143033e-03
4.918789621682296588e-03
4.889182848919109217e-03
4.917089797107441172e-03
5.043282797752015982e-03
5.216268094800664314e-03
5.436231125055781405e-03
5.627558930820571181e-03
5.758032092101692326e-03
5.758032092101692326e-03
5.874886466425682102e-03
6.028163583565138497e-03
6.251278563805808333e-03
6.475054235666681535e-03
6.716312923529596003e-03
6.872517580554361391e-03
6.885447073450968666e-03
6.854424234983180937e-03
6.709428515107776665e-03
6.593582511428519068e-03
6.593582511428519068e-03
6.479150525886654029e-03
6.497689355101927966e-03
6.611646299572277244e-03
6.707024419590064748e-03
6.756336218977542635e-03
6.791970135004354522e-03
6.781972950540030194e-03
6.818925234697013546e-03
6.765132661243727398e-03
6.659176524037162780e-03
6.659176524037162780e-03
6.505188263740795986e-03
6.374754113599927045e-03
6.405143344666979280e-03
6.479340187870956738e-03
6.572288796436632705e-03
6.631317309372143642e-03
6.770900292032604531e-03
6.875157558152432055e-03
6.891371316043140745e-03
6.951691599926339803e-03
6.951691599926339803e-03
6.955168472827233384e-03
6.877715669362844189e-03
6.841912068930141450e-03
6.878262832430695126e-03
6.923336772133218894e-03
6.995596805937076383e-03
7.162656001888239449e-03
7.372784140099742853e-03
7.585540316369107118e-03
7.757318173782637612e-03
7.757318173782637612e-03
7.884508878092876330e-03
7.970517487380241947e-03
8.117269580826761560e-03
8.253955690009273996e-03
8.203020430368343496e-03
8.125343030471130976e-03
8.017440935426103574e-03
7.974095377245254621e-03
7.906491753796601393e-03
7.736754472803137120e-03
7.736754472803137120e-03
7.553040696417201265e-03
7.173257950703650944e-03
6.874325814623336375e-03
6.640000169536099638e-03
6.478203785917890749e-03
6.451502957526006853e-03
6.592817203602772611e-03
6.656541632037243049e-03
6.805922060662636212e-03
6.923598589519339153e-03
6.923598589519339153e-03
7.075187293617330245e-03
7.112426558908859983e-03
7.051499785538577897e-03
7.004378613762552407e-03
6.904651749539945232e-03
6.682803292961662922e-03
6.441111618025226714e-03
6.284823863071721008e-03
6.180511468084639269e-03
6.123127414693675143e-03
6.123127414693675143e-03
6.088087827551480306e-03
6.063973789528127184e-03
5.939285822680736779e-03
5.802353724802635990e-03
5.689761672636245091e-03
5.593618795120507484e-03
5.508922817147012679e-03
5.458318682898970209e-03
5.312057707675596312e-03
5.313177060772850818e-03
5.313177060772850818e-03
5.295297693678777638e-03
5.266376265854506508e-03
5.231943769154753093e-03
4.959054001822311465e-03
4.779846222997556973e-03
4.649577815759971082e-03
4.613911589588259345e-03
4.597231351145249396e-03
4.731739191652927466e-03
4.961481304795637738e-03
