2.553209476172924042e-02
2.996071614325046539e-02
3.268552944064140320e-02
3.632389754056930542e-02
3.884006664156913757e-02
4.009347781538963318e-02
4.125627502799034119e-02
4.198319092392921448e-02
4.278132319450378418e-02
4.358600825071334839e-02
4.293460398912429810e-02
4.293460398912429810e-02
4.223016276955604553e-02
4.166977480053901672e-02
4.259346798062324524e-02
4.352361708879470825e-02
4.458473622798919678e-02
4.543887823820114136e-02
4.779817163944244385e-02
5.046950653195381165e-02
5.255224183201789856e-02
5.477970466017723083e-02
5.477970466017723083e-02
5.662541463971138000e-02
5.882797762751579285e-02
6.070338189601898193e-02
6.226170808076858521e-02
6.294416636228561401e-02
6.325606256723403931e-02
6.289126724004745483e-02
6.228149309754371643e-02
6.222669780254364014e-02
6.129958480596542358e-02
6.129958480596542358e-02
6.028935685753822327e-02
5.983242020010948181e-02
5.970534682273864746e-02
5.969845131039619446e-02
5.950619652867317200e-02
5.873303115367889404e-02
5.835045129060745239e-02
5.805400013923645020e-02
5.733385682106018066e-02
5.628920719027519226e-02
5.628920719027519226e-02
5.443223565816879272e-02
5.217195674777030945e-02
5.011123791337013245e-02
4.956535622477531433e-02
5.019355937838554382e-02
5.017181113362312317e-02
4.952649772167205811e-02
4.797819256782531738e-02
4.650671035051345825e-02
4.517290368676185608e-02
4.517290368676185608e-02
4.402939602732658386e-02
4.326902702450752258e-02
4.236110672354698181e-02
4.169454798102378845e-02
4.142484441399574280e-02
4.139077290892601013e-02
4.194134473800659180e-02
4.284152761101722717e-02
4.317666590213775635e-02
4.355061799287796021e-02
4.355061799287796021e-02
4.337217286229133606e-02
4.332202300429344177e-02
4.350002482533454895e-02
4.314563795924186707e-02
4.281692579388618469e-02
4.243923723697662354e-02
4.214059188961982727e-02
4.187827929854393005e-02
4.175204783678054810e-02
4.194525256752967834e-02
4.194525256752967834e-02
4.364233464002609253e-02
4.486799240112304688e-02
4.533835500478744507e-02
4.586068540811538696e-02
4.682908207178115845e-02
4.763858020305633545e-02
4.798961058259010315e-02
4.756487905979156494e-02
4.631709307432174683e-02
4.521125555038452148e-02
4.521125555038452148e-02
4.414816573262214661e-02
4.318020120263099670e-02
4.268867522478103638e-02
4.137675836682319641e-02
3.979323804378509521e-02
3.810467943549156189e-02
3.658480942249298096e-02
3.547285124659538269e-02
3.406380861997604370e-02
3.361760824918746948e-02
3.361760824918746948e-02
3.320981934666633606e-02
3.345770016312599182e-02
3.393177688121795654e-02
3.391982987523078918e-02
3.362048417329788208e-02
3.261738643050193787e-02
3.170771524310112000e-02
3.089321963489055634e-02
3.025522641837596893e-02
2.974541671574115753e-02
2.974541671574115753e-02
2.793956734240055084e-02
2.601829357445240021e-02
2.504687942564487457e-02
2.431802079081535339e-02
2.350667119026184082e-02
2.238691039383411407e-02
2.210046723484992981e-02
2.125874906778335571e-02
2.164935693144798279e-02
2.282917313277721405e-02
2.282917313277721405e-02
2.447616308927536011e-02
2.593236230313777924e-02
2.686539851129055023e-02
2.599413506686687469e-02
2.505376376211643219e-02
2.311066910624504089e-02
2.046044170856475830e-02
1.775318570435047150e-02
1.642475835978984833e-02
1.819137856364250183e-02
1.819137856364250183e-02
1.910335570573806763e-02
2.003945596516132355e-02
1.924649998545646667e-02
1.838766969740390778e-02
1.797490939497947693e-02
1.853228174149990082e-02
1.922136545181274414e-02
1.979510486125946045e-02
2.047806046903133392e-02
2.115471847355365753e-02
