5.948804691433906555e-02
5.948804691433906555e-02
5.841097980737686157e-02
5.744297057390213013e-02
5.644581094384193420e-02
5.561206117272377014e-02
5.489227548241615295e-02
5.413264408707618713e-02
5.333688482642173767e-02
5.262374132871627808e-02
5.190199613571166992e-02
5.124691873788833618e-02
5.124691873788833618e-02
5.067004263401031494e-02
5.022555589675903320e-02
4.983929917216300964e-02
4.948583245277404785e-02
4.912896081805229187e-02
4.880198091268539429e-02
4.847405105829238892e-02
4.813016951084136963e-02
4.781732708215713501e-02
4.752418026328086853e-02
4.752418026328086853e-02
4.723013564944267273e-02
4.689075425267219543e-02
4.661102965474128723e-02
4.633384570479393005e-02
4.605105146765708923e-02
4.574258998036384583e-02
4.544716700911521912e-02
4.517786204814910889e-02
4.487885534763336182e-02
4.459603875875473022e-02
4.459603875875473022e-02
4.427582398056983948e-02
4.396654292941093445e-02
4.363544285297393799e-02
4.329355061054229736e-02
4.300459474325180054e-02
4.273990169167518616e-02
4.249000921845436096e-02
4.225117713212966919e-02
4.202107712626457214e-02
4.185379669070243835e-02
4.185379669070243835e-02
4.166421294212341309e-02
4.148499295115470886e-02
4.135124757885932922e-02
4.128592088818550110e-02
4.115331172943115234e-02
4.103285819292068481e-02
4.086263105273246765e-02
4.072757437825202942e-02
4.058709368109703064e-02
4.040617495775222778e-02
4.040617495775222778e-02
4.017738252878189087e-02
3.993343934416770935e-02
3.959565982222557068e-02
3.929225727915763855e-02
3.903826326131820679e-02
3.876579925417900085e-02
3.857689723372459412e-02
3.841794654726982117e-02
3.822962567210197449e-02
3.799525275826454163e-02
3.799525275826454163e-02
3.777467086911201477e-02
3.762634843587875366e-02
3.747702017426490784e-02
3.728682920336723328e-02
3.698335587978363037e-02
3.656461834907531738e-02
3.617115691304206848e-02
3.570250794291496277e-02
3.521002456545829773e-02
3.472471982240676880e-02
3.472471982240676880e-02
3.442645817995071411e-02
3.423767164349555969e-02
3.403862193226814270e-02
3.378997370600700378e-02
3.352827578783035278e-02
3.313687071204185486e-02
3.273786231875419617e-02
3.227354958653450012e-02
3.172495961189270020e-02
3.110806271433830261e-02
3.110806271433830261e-02
3.058178164064884186e-02
2.995517104864120483e-02
2.943673357367515564e-02
2.893800660967826843e-02
2.840355969965457916e-02
2.789300680160522461e-02
2.731427177786827087e-02
2.677053213119506836e-02
2.632471546530723572e-02
2.595065906643867493e-02
2.595065906643867493e-02
2.554148435592651367e-02
2.518017217516899109e-02
2.491422183811664581e-02
2.472191117703914642e-02
2.463721111416816711e-02
2.447029948234558105e-02
2.424817718565464020e-02
2.388053573668003082e-02
2.357706427574157715e-02
2.334677800536155701e-02
2.334677800536155701e-02
2.311487682163715363e-02
2.291049435734748840e-02
2.270251885056495667e-02
2.246212773025035858e-02
2.223250642418861389e-02
2.193351462483406067e-02
2.159027941524982452e-02
2.138720266520977020e-02
2.119702100753784180e-02
2.105222083628177643e-02
2.105222083628177643e-02
2.092656120657920837e-02
2.081941440701484680e-02
2.065605297684669495e-02
2.036444470286369324e-02
2.004420943558216095e-02
1.972172409296035767e-02
1.935577020049095154e-02
1.885839551687240601e-02
1.838191971182823181e-02
1.793899759650230408e-02
1.793899759650230408e-02
1.756411045789718628e-02
1.730655878782272339e-02
1.736457459628582001e-02
1.757958717644214630e-02
1.787610352039337158e-02
1.822981424629688263e-02
1.849372684955596924e-02
1.857439428567886353e-02
1.850751228630542755e-02
1.829963736236095428e-02
1.829963736236095428e-02
1.800381392240524292e-02
1.770931668579578400e-02
1.749107055366039276e-02
1.758369617164134979e-02
1.763601973652839661e-02
1.766210608184337616e-02
1.773230545222759247e-02
1.771137677133083344e-02
1.761100441217422485e-02
1.748047210276126862e-02
1.748047210276126862e-02
1.743617653846740723e-02
1.762348599731922150e-02
1.788816042244434357e-02
1.818456873297691345e-02
1.852977834641933441e-02
1.888114959001541138e-02
1.907769963145256042e-02
1.910989731550216675e-02
1.903949677944183350e-02
1.889675483107566833e-02
1.889675483107566833e-02
1.873257197439670563e-02
1.850104331970214844e-02
1.835102215409278870e-02
1.826171018183231354e-02
1.818094961345195770e-02
1.825002580881118774e-02
1.847052760422229767e-02
1.897004432976245880e-02
1.944381184875965118e-02
1.991004869341850281e-02
1.991004869341850281e-02
2.010145783424377441e-02
2.016280591487884521e-02
2.012632600963115692e-02
1.998016610741615295e-02
1.980456523597240448e-02
1.965455524623394012e-02
1.950279623270034790e-02
1.931467093527317047e-02
1.919229514896869659e-02
1.909362897276878357e-02
1.909362897276878357e-02
1.906661316752433777e-02
1.910779997706413269e-02
1.920286566019058228e-02
1.943691074848175049e-02
1.976069249212741852e-02
2.005437202751636505e-02
2.030964195728302002e-02
2.050026506185531616e-02
2.057692036032676697e-02
2.054668776690959930e-02
2.054668776690959930e-02
2.039779163897037506e-02
2.033922635018825531e-02
2.023460343480110168e-02
2.006405964493751526e-02
1.979500241577625275e-02
1.950051449239253998e-02
1.930806227028369904e-02
1.921658404171466827e-02
1.928788609802722931e-02
1.951360516250133514e-02
1.951360516250133514e-02
1.972848176956176758e-02
1.989095658063888550e-02
1.998518779873847961e-02
2.008642069995403290e-02
2.016691677272319794e-02
2.013873495161533356e-02
2.010404691100120544e-02
1.990182884037494659e-02
1.957843825221061707e-02
1.934130117297172546e-02
1.934130117297172546e-02
1.910178177058696747e-02
1.888431422412395477e-02
1.872341707348823547e-02
1.864482834935188293e-02
1.856073364615440369e-02
1.862293295562267303e-02
1.867276243865489960e-02
1.868414320051670074e-02
1.867033727467060089e-02
1.880348846316337585e-02
1.880348846316337585e-02
1.886903680860996246e-02
1.885437034070491791e-02
1.873472332954406738e-02
1.871077343821525574e-02
1.877905800938606262e-02
1.887409202754497528e-02
1.912914775311946869e-02
1.945706084370613098e-02
1.982974074780941010e-02
2.014138177037239075e-02
2.014138177037239075e-02
2.047228068113327026e-02
2.082851529121398926e-02
2.123290486633777618e-02
2.157084271311759949e-02
2.180733345448970795e-02
2.206511981785297394e-02
2.208433672785758972e-02
2.204902283847332001e-02
2.206510305404663086e-02
2.212932333350181580e-02
2.212932333350181580e-02
2.215552702546119690e-02
2.231995575129985809e-02
2.241089567542076111e-02
2.233385294675827026e-02
2.231792919337749481e-02
2.236276492476463318e-02
2.240024507045745850e-02
2.255506627261638641e-02
2.273952029645442963e-02
2.286981791257858276e-02
2.286981791257858276e-02
2.297498844563961029e-02
2.290929108858108521e-02
2.272263914346694946e-02
2.255560457706451416e-02
2.244116365909576416e-02
2.237013913691043854e-02
2.240842580795288086e-02
2.240492589771747589e-02
2.230877801775932312e-02
2.211373113095760345e-02
2.211373113095760345e-02
2.184337936341762543e-02
2.149469032883644104e-02
2.121576480567455292e-02
2.101748436689376831e-02
2.085042744874954224e-02
2.053636312484741211e-02
2.001371979713439941e-02
1.932576857507228851e-02
1.860138773918151855e-02
1.781706325709819794e-02
1.781706325709819794e-02
1.712080091238021851e-02
1.646932028234004974e-02
1.594316959381103516e-02
1.562957651913166046e-02
1.546392031013965607e-02
1.546392031013965607e-02
1.546392031013965607e-02
1.546392031013965607e-02
1.541616860777139664e-02
1.549163740128278732e-02
1.549163740128278732e-02
1.559035852551460266e-02
1.553200278431177139e-02
1.547046657651662827e-02
1.539248693734407425e-02
1.523995213210582733e-02
1.491335965692996979e-02
1.461668685078620911e-02
1.443944219499826431e-02
1.444554515182971954e-02
1.465139817446470261e-02
1.465139817446470261e-02
1.503000780940055847e-02
1.557250507175922394e-02
1.605029404163360596e-02
1.644983887672424316e-02
1.688063517212867737e-02
1.702936179935932159e-02
1.711269840598106384e-02
1.710468903183937073e-02
1.705116219818592072e-02
1.697186566889286041e-02
1.697186566889286041e-02
1.689269207417964935e-02
1.676412671804428101e-02
1.673864200711250305e-02
1.672223769128322601e-02
1.676720008254051208e-02
1.692904531955718994e-02
1.709227077662944794e-02
1.730917021632194519e-02
1.756595820188522339e-02
1.762706227600574493e-02
1.762706227600574493e-02
1.751193404197692871e-02
1.736614294350147247e-02
1.716321147978305817e-02
1.715419255197048187e-02
1.741389930248260498e-02
1.778374239802360535e-02
1.807440258562564850e-02
1.821480132639408112e-02
1.823582500219345093e-02
1.792452670633792877e-02
1.792452670633792877e-02
1.762816496193408966e-02
1.732745580375194550e-02
1.713857240974903107e-02
1.702640205621719360e-02
1.732484251260757446e-02
1.768773049116134644e-02
1.821834966540336609e-02
1.871600002050399780e-02
1.915641687810420990e-02
1.951196044683456421e-02
1.951196044683456421e-02
1.987978443503379822e-02
2.001251652836799622e-02
1.999704726040363312e-02
1.983623206615447998e-02
1.953491382300853729e-02
1.915887556970119476e-02
1.887595839798450470e-02
1.867503114044666290e-02
1.851520128548145294e-02
1.863915100693702698e-02
1.863915100693702698e-02
1.897508837282657623e-02
1.936306990683078766e-02
1.978373341262340546e-02
2.017396874725818634e-02
2.046920545399188995e-02
2.056213468313217163e-02
2.064186707139015198e-02
2.060334756970405579e-02
2.034071087837219238e-02
1.985904946923255920e-02
1.985904946923255920e-02
1.950930245220661163e-02
1.925261691212654114e-02
1.927015744149684906e-02
1.938330568373203278e-02
1.964223757386207581e-02
2.010128088295459747e-02
2.066806517541408539e-02
2.123919315636157990e-02
2.140867896378040314e-02
2.132458984851837158e-02
2.132458984851837158e-02
2.100647054612636566e-02
2.062514610588550568e-02
2.021122351288795471e-02
1.981425844132900238e-02
1.960339583456516266e-02
1.944387704133987427e-02
1.931174099445343018e-02
1.929527334868907928e-02
1.930705085396766663e-02
1.937300153076648712e-02
1.937300153076648712e-02
1.943513192236423492e-02
1.936175301671028137e-02
1.909175701439380646e-02
1.827940344810485840e-02
1.748495176434516907e-02
1.669193617999553680e-02
1.605400815606117249e-02
1.554238609969615936e-02
1.515316031873226166e-02
1.486486289650201797e-02
1.486486289650201797e-02
1.464944798499345779e-02
1.445284485816955566e-02
1.432907581329345703e-02
1.406521629542112350e-02
1.386659499257802963e-02
1.365750934928655624e-02
1.335388422012329102e-02
1.303018070757389069e-02
1.252457685768604279e-02
1.167446747422218323e-02
1.167446747422218323e-02
1.114153861999511719e-02
1.081660855561494827e-02
1.057790033519268036e-02
1.039225235581398010e-02
1.023711636662483215e-02
1.014864817261695862e-02
1.009526569396257401e-02
1.029823161661624908e-02
1.050582993775606155e-02
1.065536122769117355e-02
