2.398152950396082242e-02
2.398152950396082242e-02
2.473559493505562284e-02
2.527258243516563446e-02
2.519288238992838450e-02
2.494739594135027272e-02
2.521123506613025950e-02
2.553694322446162582e-02
2.590670554034850762e-02
2.602685468383333575e-02
2.605660069498395501e-02
2.618588340127494390e-02
2.618588340127494390e-02
2.606021963455396398e-02
2.596473491496148478e-02
2.575538876345953229e-02
2.556212030510259317e-02
2.534981949514739791e-02
2.505123662462113016e-02
2.465567601895909955e-02
2.430172086117599398e-02
2.393839705872336659e-02
2.407446948579720220e-02
2.407446948579720220e-02
2.411645436453537308e-02
2.406658964382562410e-02
2.391565398255704120e-02
2.363563028706338817e-02
2.335897189013112774e-02
2.335897189013112774e-02
2.291630957127498147e-02
2.256125190202256867e-02
2.223634688615181570e-02
2.189381539744176403e-02
2.189381539744176403e-02
2.165074158173599730e-02
2.131152887537365523e-02
2.093210888913322673e-02
2.055815856249105372e-02
2.025747352779316834e-02
1.998379712323748725e-02
1.969698074384860359e-02
1.944571978762966655e-02
1.911591578177371589e-02
1.929579436980873031e-02
1.929579436980873031e-02
1.969743623348686051e-02
2.003850004018398190e-02
2.037133434278556518e-02
2.059418627887301539e-02
2.067973747421127453e-02
2.084139622456524649e-02
2.087684820408295880e-02
2.090930160595517312e-02
2.094963306129222352e-02
2.097289084237028214e-02
2.097289084237028214e-02
2.100400375497606109e-02
2.099152596723015407e-02
2.096649776215937441e-02
2.081267708849584078e-02
2.063718888356868425e-02
2.040348426941710272e-02
2.022371106006590896e-02
1.987931788880859321e-02
1.940210911053203216e-02
1.895607275038744058e-02
1.895607275038744058e-02
1.854179696297132002e-02
1.811706387616347433e-02
1.772327568533534070e-02
1.739767005976574840e-02
1.710877946067929437e-02
1.701314338853522970e-02
1.703912901179620645e-02
1.686958072444093293e-02
1.682105680997922348e-02
1.683188667246853301e-02
1.683188667246853301e-02
1.693685524619827076e-02
1.700596226421152365e-02
1.700051979229205354e-02
1.694693212397880427e-02
1.683584047076461601e-02
1.673993401613799864e-02
1.666975075008383933e-02
1.659702042136582817e-02
1.651907472699958024e-02
1.637591606669782859e-02
1.637591606669782859e-02
1.634656973698732710e-02
1.633112935225378495e-02
1.616871908042829403e-02
1.605633798224245096e-02
1.622643043211256797e-02
1.637295684607949914e-02
1.648234663023808930e-02
1.725407957528639694e-02
1.780768150546959555e-02
1.844530984869219986e-02
1.844530984869219986e-02
1.880638913057918957e-02
1.880638913057918957e-02
1.880638913057918957e-02
1.880638913057918957e-02
1.880638913057918957e-02
1.899443583497914881e-02
1.888517303403652176e-02
1.867501273966077485e-02
1.848481307795021497e-02
1.821939860788659299e-02
1.821939860788659299e-02
1.785302798594510035e-02
1.754797236033152005e-02
1.722231136076170580e-02
1.693319983595648059e-02
1.664177875682292321e-02
1.640384010733434220e-02
1.620011715759141907e-02
1.583641767859942512e-02
1.546441900406174061e-02
1.521241640193341307e-02
1.521241640193341307e-02
1.497239613564619806e-02
1.481468806237328656e-02
1.476936518664560306e-02
1.475995318636472674e-02
1.491021658107275459e-02
1.514098010776305202e-02
1.526754163198066824e-02
1.531452483304712557e-02
1.523881034136797923e-02
1.505522292822800666e-02
1.505522292822800666e-02
1.484929412143655772e-02
1.465483090310039371e-02
1.453955396371029406e-02
1.448560233033319329e-02
1.450638172961719180e-02
1.451168461551174266e-02
1.448381845189826087e-02
1.448350060109112984e-02
1.452089211250917611e-02
1.456046508746655643e-02
1.456046508746655643e-02
1.466289230307873774e-02
1.472953062067336970e-02
1.484129597390729596e-02
1.495780947129503671e-02
1.502545263726542436e-02
1.506549047445491715e-02
1.510820451125350315e-02
1.508645906225398840e-02
1.500150489423718314e-02
1.489601640955056684e-02
1.489601640955056684e-02
1.464883405446145391e-02
1.437198756801616809e-02
1.405505786850252611e-02
1.372101098203832095e-02
1.354518098035191985e-02
1.341758958159513029e-02
1.329129092377590547e-02
1.313852324566786023e-02
1.296548983449172764e-02
1.282641041951922481e-02
1.282641041951922481e-02
1.258269355377129861e-02
1.255551840997149067e-02
1.266592371259605242e-02
1.292502343963777660e-02
1.328782541117405278e-02
1.371873604899829201e-02
1.411074776223068296e-02
1.445056802131547066e-02
1.461042619230990165e-02
1.477491838412963929e-02
1.477491838412963929e-02
1.489948203832096134e-02
1.493160749295939158e-02
1.492761714050819775e-02
1.480759479822967711e-02
1.458632205190688556e-02
1.431143506637351688e-02
1.400179200847961186e-02
1.372474547635754889e-02
1.342341462512041880e-02
1.304420054145069563e-02
1.304420054145069563e-02
1.272509876696401726e-02
1.255759597952977452e-02
1.258227584724423351e-02
1.268336644433807822e-02
1.278468885856206584e-02
1.293997822545795567e-02
1.335018846106104592e-02
1.378529337075520833e-02
1.422429638459535815e-02
1.457140591451386649e-02
1.457140591451386649e-02
1.488013531083377632e-02
1.506566470219976653e-02
1.517221977618523308e-02
1.507412375650089842e-02
1.482260898255805502e-02
1.454739158542752049e-02
1.422730287449053624e-02
1.390350043397844786e-02
1.359445515817334950e-02
1.329962828041681040e-02
1.329962828041681040e-02
1.298973871171846609e-02
1.277873225395199583e-02
1.289854518237426931e-02
1.301268674832523412e-02
1.306163792995499069e-02
1.310957298664827513e-02
1.315599662427744017e-02
1.306236887885783154e-02
1.298352521246989508e-02
1.280103762221063840e-02
1.280103762221063840e-02
1.258900615394058231e-02
1.245510189231829358e-02
1.238264467159648323e-02
1.239672702572584828e-02
1.251134584826438245e-02
1.274927289625574743e-02
1.307682904192035596e-02
1.333049220345322410e-02
1.355612016734486502e-02
1.343473193609207722e-02
1.343473193609207722e-02
1.318251763451334241e-02
1.280696936322395056e-02
1.368297128812264937e-02
1.445011492254041213e-02
1.513312044888544955e-02
1.567928312403524607e-02
1.612785669514145773e-02
1.647892985040188760e-02
1.676190897042627304e-02
1.698773304990299632e-02
1.698773304990299632e-02
1.715553580341236048e-02
1.725469401138002637e-02
1.730377276792317148e-02
1.730325765729814891e-02
1.729599728667024008e-02
1.723119509702588509e-02
1.713641827523160882e-02
1.706190086441041268e-02
1.693133636862999628e-02
1.690328031245429477e-02
1.690328031245429477e-02
1.684235510966309093e-02
1.672619459781657728e-02
1.656586836217141881e-02
1.641335402455759013e-02
1.621541303575876197e-02
1.600515219041136541e-02
1.579751107916279457e-02
1.559376063458393739e-02
1.535558551540300819e-02
1.508984426852620978e-02
1.508984426852620978e-02
1.508984426852620978e-02
1.483343196533250599e-02
1.461308247764397071e-02
1.445368614487169308e-02
1.428139949671732543e-02
1.426515968371719519e-02
1.425914819040893441e-02
1.423035794560747157e-02
1.408548756462414675e-02
1.395919964177760181e-02
1.395919964177760181e-02
1.379548378687857693e-02
1.366769463903840486e-02
1.353948409166933625e-02
1.349814234752831806e-02
1.352472276605442246e-02
1.359443668329009085e-02
1.368056563675136388e-02
1.377286595131369841e-02
1.389327017487381605e-02
1.414410997325448761e-02
1.414410997325448761e-02
1.435957093474744470e-02
1.454382657439168107e-02
1.466407263639733088e-02
1.475176253878256356e-02
1.481160143173864199e-02
1.483219268381654604e-02
1.476538280151250097e-02
1.466866713561345952e-02
1.451277520727421895e-02
1.431955422104771655e-02
1.431955422104771655e-02
1.413263596026282168e-02
1.393830880303223614e-02
1.375547310881574531e-02
1.355446336476926958e-02
1.341435302241738604e-02
1.328916389678501571e-02
1.325747001360027752e-02
1.326864832355523563e-02
1.336948880179034474e-02
1.351550991260429269e-02
1.351550991260429269e-02
1.365605834120358665e-02
1.377157392911506316e-02
1.384452349737996281e-02
1.389218557124316175e-02
1.390730873740685450e-02
1.390011747186706628e-02
1.388978825585821669e-02
1.389492935421632498e-02
1.387678510933412768e-02
1.379146078654402800e-02
1.379146078654402800e-02
1.370449373979847063e-02
1.361928126096500352e-02
1.358499410979213846e-02
1.358613475757056675e-02
1.359434994576617234e-02
1.366838978569088169e-02
1.377214763155363599e-02
1.382889671429228182e-02
1.384903717844401978e-02
1.383977637432337593e-02
1.383977637432337593e-02
1.382414324013190102e-02
1.372708120218735055e-02
1.359179692379589542e-02
1.342065818893912153e-02
1.324260413813013564e-02
1.312612454461185851e-02
1.303929976986893495e-02
1.300958261902035625e-02
1.300472790626542793e-02
1.301544139039180134e-02
1.301544139039180134e-02
1.301286406768519151e-02
1.305995415412230208e-02
1.310767584997234517e-02
1.317437236241932909e-02
1.321357330034155821e-02
1.326089807196238063e-02
1.336359694982414310e-02
1.346768922812478439e-02
1.356306060227503718e-02
1.362362499807496206e-02
1.362362499807496206e-02
1.367948826363892673e-02
1.375862495882207263e-02
1.378674894100707753e-02
1.381590463848618271e-02
1.390798652423913886e-02
1.397954624640905530e-02
1.400105722993656016e-02
1.400613673213009502e-02
1.403439523311422223e-02
1.412292973749411720e-02
1.412292973749411720e-02
1.424591137151428981e-02
1.438826331789977604e-02
1.446236831806622589e-02
1.448946930292745704e-02
1.451932149331143854e-02
1.452269190224346994e-02
1.449660261429556833e-02
1.456874352135522667e-02
1.458993548130458652e-02
1.459659833481008820e-02
1.459659833481008820e-02
1.457985691713097227e-02
1.443601860490118308e-02
1.426593564414753781e-02
1.408568190742326594e-02
1.400559970920073165e-02
1.387320459262167752e-02
1.374332408703978804e-02
1.363075547515414307e-02
1.346520775619780910e-02
1.342766547337922479e-02
1.342766547337922479e-02
1.347031295534727169e-02
1.360430084955903222e-02
1.372714425392203286e-02
1.388995021706349205e-02
1.400414639101785902e-02
1.403863886422005922e-02
1.406103023354807538e-02
1.409475689427349548e-02
1.407316235433594444e-02
1.403464694100460888e-02
1.403464694100460888e-02
1.397334132596448654e-02
1.389380673730158250e-02
1.379731753377584982e-02
1.365269244848713558e-02
1.357696484469799944e-02
1.359238965174091977e-02
1.368341862673141951e-02
1.380954761362579442e-02
1.396962043562429735e-02
1.414111695334422172e-02
1.414111695334422172e-02
1.421955577162909053e-02
1.421064903196117557e-02
1.412908677123438442e-02
1.401994665758611418e-02
1.389633471670027355e-02
1.382114399495172792e-02
1.376623697992641199e-02
1.381921612457284905e-02
1.388002467059361311e-02
1.402016668717187553e-02
1.402016668717187553e-02
1.420996341814727282e-02
1.442035915661033126e-02
1.463592690609337096e-02
1.479620208675700051e-02
1.489581013691853272e-02
1.489461739510355119e-02
1.490568306308914445e-02
1.491334856989313951e-02
1.491914174160946689e-02
1.486356388203234277e-02
