6.320605427026748657e-02
6.320605427026748657e-02
6.162072345614433289e-02
6.186180934309959412e-02
6.250525265932083130e-02
6.285193562507629395e-02
6.311902403831481934e-02
6.317105144262313843e-02
6.345345824956893921e-02
6.357093155384063721e-02
6.354362517595291138e-02
6.366325914859771729e-02
6.366325914859771729e-02
6.386610865592956543e-02
6.403270363807678223e-02
6.415364891290664673e-02
6.409817934036254883e-02
6.401223689317703247e-02
6.386811286211013794e-02
6.383180618286132812e-02
6.374149024486541748e-02
6.363593041896820068e-02
6.356268376111984253e-02
