5.964486760747290256e-02
6.080795866418343271e-02
6.178394434680165026e-02
6.207848282343601809e-02
6.167471299007384888e-02
6.127281889196328768e-02
6.064507829134448136e-02
6.003862038623736241e-02
5.949028630855595495e-02
5.886406738423264479e-02
5.835664295836090476e-02
5.835664295836090476e-02
5.786203497897799558e-02
5.736412811719588528e-02
5.694346686655213374e-02
5.654095528314675295e-02
5.617927690678223285e-02
5.591633156867813897e-02
5.579148125063252556e-02
5.561422841772680620e-02
5.535283480757736962e-02
5.512746602685695413e-02
5.512746602685695413e-02
5.515438729329229933e-02
5.507844801597954615e-02
5.498392847008349432e-02
5.484132850463595971e-02
5.481294169802117949e-02
5.443257006136173470e-02
5.408807681780181814e-02
5.377190453034868395e-02
5.354333011274039350e-02
5.370185004813913393e-02
5.370185004813913393e-02
5.385597803823415075e-02
5.396382745677007903e-02
5.409032150644363379e-02
5.427463649855249900e-02
5.441982795784943566e-02
5.454278414990769430e-02
5.468850895124760525e-02
5.485426292538111287e-02
5.500819807859328586e-02
5.515934016708245319e-02
5.515934016708245319e-02
5.524770779284735728e-02
5.532902127751251203e-02
5.534021240337695657e-02
5.533787914464718960e-02
5.535766738342037113e-02
5.536766828744057317e-02
5.540436309467988013e-02
5.540836769264107647e-02
5.540353358121528904e-02
5.532969461446151510e-02
5.532969461446151510e-02
5.529137006407131016e-02
5.520838686677052159e-02
5.517770034482031433e-02
5.510126539940471413e-02
5.494547818922481536e-02
5.487075746878322668e-02
5.482558243872401316e-02
5.489352179893590422e-02
5.498227003548131209e-02
5.515059009785839433e-02
5.515059009785839433e-02
5.528972278505765031e-02
5.542732339167532468e-02
5.555615060805249583e-02
5.569020418576414028e-02
5.582409346461268684e-02
5.595179427794559623e-02
5.606172839444237971e-02
5.616472952539198343e-02
5.625084863980190503e-02
5.633390486368689692e-02
5.633390486368689692e-02
5.636942345806678772e-02
5.636566074725688630e-02
5.631319402462570817e-02
5.623277987433641240e-02
5.614208860061413453e-02
5.604640746915455496e-02
5.592512737113902732e-02
5.583730277044917506e-02
5.578495911240000105e-02
5.574544326610936934e-02
5.574544326610936934e-02
5.569757702298407803e-02
5.575081068296979664e-02
5.584410323003508037e-02
5.592792776019538115e-02
5.606248860048555771e-02
5.627016467703869346e-02
5.669819530671218327e-02
5.720358199791231169e-02
5.758919830567810899e-02
5.787117709004014482e-02
5.787117709004014482e-02
5.811528466580818258e-02
5.851008451040499991e-02
5.883792895057316646e-02
5.883792895057316646e-02
5.883792895057316646e-02
5.883792895057316646e-02
5.883792895057316646e-02
5.883792895057316646e-02
5.883792895057316646e-02
5.812401149218020258e-02
5.812401149218020258e-02
5.741709565797445403e-02
5.680824916642486511e-02
5.621302797412110197e-02
5.563276327863597714e-02
5.514331887721811432e-02
5.457544975021982880e-02
5.404851190463343807e-02
5.356238731178182555e-02
5.317250927516434245e-02
5.286779627734228965e-02
5.286779627734228965e-02
5.264101721160889535e-02
5.245302847247783340e-02
5.228217825678573710e-02
5.208615081102255240e-02
5.191796607539667097e-02
5.179017903506300674e-02
5.174776712967455589e-02
5.174161152501229738e-02
5.175490764852035824e-02
5.173766863459724336e-02
5.173766863459724336e-02
5.171119735162452158e-02
5.170418262511368435e-02
5.171619158781939896e-02
5.182108772861473978e-02
5.192407769393231343e-02
5.215404109130716143e-02
5.245384638160162372e-02
5.275498158530708692e-02
5.300624177792281205e-02
5.323242549918091177e-02
5.323242549918091177e-02
5.350358499378427696e-02
5.370334475106313538e-02
5.383468719954657283e-02
5.389345641706781709e-02
5.385636876392663891e-02
5.389349206807970971e-02
5.395750523164653117e-02
5.402596578642100689e-02
5.408561181487833713e-02
5.407129752929824146e-02
5.407129752929824146e-02
5.416659977789715225e-02
5.421277758473425079e-02
5.407918225786597505e-02
5.386152849566726991e-02
5.363650626602638888e-02
5.340874073669437533e-02
5.316478192592784258e-02
5.292836534192772724e-02
5.263200430068154523e-02
5.240455707625809451e-02
5.240455707625809451e-02
5.209332024851916210e-02
5.180043825134970220e-02
5.133991346049654458e-02
5.087448546915061820e-02
5.047422331896368047e-02
5.012027864612478290e-02
4.981089932583331048e-02
4.964230642571586249e-02
4.956155300673516229e-02
4.955408045119954336e-02
4.955408045119954336e-02
4.951312301629497842e-02
4.945756483369549011e-02
4.942258590041741922e-02
4.940429584077438152e-02
4.938814618144574120e-02
4.942317627583445866e-02
4.940746428703722548e-02
4.940684942573760063e-02
4.939883089055321919e-02
4.938464550516306201e-02
4.938464550516306201e-02
4.933669003862297536e-02
4.935554690233871777e-02
4.923667317832945700e-02
4.923667317832945700e-02
4.915336118912625590e-02
4.909504951996395555e-02
4.905893421802862142e-02
4.896054500914270163e-02
4.889260410408501067e-02
4.877279690319850924e-02
4.877279690319850924e-02
4.877279690319850924e-02
4.862703663117293879e-02
4.850960735981016403e-02
4.835415062171181944e-02
4.818959167663844356e-02
4.799490400999027045e-02
4.779938927252026792e-02
4.772764238018249033e-02
4.767573158438054293e-02
4.763875382675999276e-02
4.763875382675999276e-02
4.767475999526354924e-02
4.756319447489602142e-02
4.754785550224837481e-02
4.744693965352864834e-02
4.729040595071044850e-02
4.717377137716068786e-02
4.706117408260747370e-02
4.686029651931805651e-02
4.678078479998599298e-02
4.668988567207482676e-02
4.668988567207482676e-02
4.668574031780543809e-02
4.642547430463647012e-02
4.618177425092025168e-02
4.589434502981924735e-02
4.566293289589771348e-02
4.543075543257427823e-02
4.534081498896466722e-02
4.529817030025955205e-02
4.531241252077126275e-02
4.528597653795490147e-02
4.528597653795490147e-02
4.519811040016282616e-02
4.531262441023878318e-02
4.534530989965577380e-02
4.535199543347227108e-02
4.535955672692246893e-02
4.534276598655192364e-02
4.529285645229594315e-02
4.523105599593058718e-02
4.506668067667103650e-02
4.491270906176382527e-02
4.491270906176382527e-02
4.478332837910400932e-02
4.468359924215156015e-02
4.453051860743971468e-02
4.428619820736869744e-02
4.391867491621651715e-02
4.361860070674433015e-02
4.344107698691934694e-02
4.344107698691934694e-02
4.344107698691934694e-02
4.344107698691934694e-02
4.344107698691934694e-02
4.325963944084865870e-02
4.313992798869557138e-02
4.320072409779489309e-02
4.327790372785343675e-02
4.323394162042504263e-02
4.318674193356447644e-02
4.302277808862605551e-02
4.277050037751856798e-02
4.277050037751856798e-02
4.277050037751856798e-02
4.277050037751856798e-02
4.254582780128472741e-02
4.247727486919432999e-02
4.237085844572088811e-02
4.222598811641166405e-02
4.199654476317309787e-02
4.186787333005630163e-02
4.171900635783148958e-02
4.152096500726942113e-02
4.130767575410983911e-02
4.125068541372572256e-02
4.125068541372572256e-02
4.121411161696988262e-02
4.125176380892400796e-02
4.130801860926043567e-02
4.122209226070488314e-02
4.122151447506214317e-02
4.128523246492009358e-02
4.128323417872748619e-02
4.131742845858728252e-02
4.138255787208423159e-02
4.134118621616553191e-02
4.134118621616553191e-02
4.129366689051561928e-02
4.122135608863675138e-02
4.104075428525814917e-02
4.073983815627083699e-02
4.053499508003772372e-02
4.031112022935372241e-02
4.009852838092004684e-02
4.013501509691989183e-02
4.018078733120339363e-02
4.020175243271311566e-02
4.020175243271311566e-02
4.026120933487484926e-02
4.032424692002881117e-02
4.037263924324899916e-02
4.033577005814047850e-02
4.027562203654350137e-02
4.027212525217808980e-02
4.033461745930188441e-02
4.036108102757195865e-02
4.036323374874467573e-02
4.030741752609860729e-02
4.030741752609860729e-02
4.025606328620053714e-02
4.021534140949802050e-02
4.020266485710061871e-02
4.014652790903539686e-02
4.008911145934270642e-02
4.005025759219647125e-02
3.999474850441771950e-02
3.987034120407181859e-02
3.968508699391591621e-02
3.955294156800429062e-02
3.955294156800429062e-02
3.944409401389887410e-02
3.935483028046588005e-02
3.922766309512781824e-02
3.912053476866235446e-02
3.915392370338293543e-02
3.907649900183495645e-02
3.900519994038893767e-02
3.885346336801708683e-02
3.883010904100828858e-02
3.881666728518809450e-02
3.881666728518809450e-02
3.880892097544677566e-02
3.874298896733979758e-02
3.865972413131781721e-02
3.854102745141561176e-02
3.841350002113527035e-02
3.827257755256407296e-02
3.810743585031126784e-02
3.795623614892076197e-02
3.774420846111439798e-02
3.763012460128704190e-02
3.763012460128704190e-02
3.738492485011338934e-02
3.712134777880674030e-02
3.677632415525858983e-02
3.654420265923494227e-02
3.628182605186051901e-02
3.591666268308323778e-02
3.548342696360616555e-02
3.511306529385541803e-02
3.475763601036967188e-02
3.446755995632791447e-02
3.446755995632791447e-02
3.429244131288865932e-02
3.413024053026828680e-02
3.387881375961362268e-02
3.367093985933620331e-02
3.344193683045314225e-02
3.322755840636926888e-02
3.309457912464861679e-02
3.277749761388828315e-02
3.246734796777889925e-02
3.206262498141428802e-02
3.206262498141428802e-02
3.168053144525809911e-02
3.122836452284580983e-02
3.075942615395911919e-02
3.028187745443172707e-02
2.975891090365062261e-02
2.913925212247666860e-02
2.847475948225565781e-02
2.771817318809337988e-02
2.711163202614875686e-02
2.643321760816704641e-02
2.643321760816704641e-02
2.579730415838686272e-02
2.528868016189252457e-02
2.484361575722105267e-02
2.447968602169458413e-02
2.422366621254986446e-02
2.394152864711809187e-02
2.369223522600996668e-02
2.330093655113033707e-02
2.300946588562449366e-02
2.269000291746245401e-02
2.269000291746245401e-02
2.236205420723066592e-02
2.214642455728979900e-02
2.192089476468974188e-02
2.167975095913638600e-02
2.153789219443747252e-02
2.148292406184491507e-02
2.150731381454960844e-02
2.169981047771896154e-02
2.223047360110855936e-02
2.283179766780592604e-02
2.283179766780592604e-02
2.340832268293222343e-02
2.386638751279536452e-02
2.436508808347422755e-02
2.491508439308020434e-02
2.535381509257213228e-02
2.565622690919387369e-02
2.594615761929561226e-02
2.618591905372230633e-02
2.637769437044939352e-02
2.649883482507104510e-02
2.649883482507104510e-02
2.655000071764062122e-02
2.645656281589415376e-02
2.623089808317303692e-02
2.600295189203078589e-02
2.588370164182795391e-02
2.575831554243301902e-02
2.560247265570856495e-02
2.545129160132350923e-02
2.545129160132350923e-02
2.545129160132350923e-02
2.545129160132350923e-02
2.528160962363181982e-02
2.523674925807959518e-02
2.526245755894998904e-02
2.522738872356952711e-02
2.516808064383094581e-02
2.506004967167697883e-02
2.490628863294709616e-02
2.467809334920809117e-02
2.454292335160690453e-02
2.443213103135979600e-02
2.443213103135979600e-02
2.415718737498648988e-02
2.387620843526205155e-02
2.362631384290669878e-02
2.333726755691374957e-02
2.301020390908808597e-02
2.261205511646398672e-02
2.229037143504350449e-02
2.202184858195308653e-02
2.180779972816485404e-02
2.152213951572358452e-02
2.152213951572358452e-02
2.126224024126220288e-02
2.078120629840521025e-02
2.045033190308780460e-02
2.022666883538247126e-02
2.002439844498121388e-02
1.996008232678647340e-02
1.987683065156557391e-02
1.989473352012885443e-02
1.984886275652201354e-02
1.975682747140641501e-02
1.975682747140641501e-02
1.963629017742929417e-02
1.951918290616608612e-02
1.939881467963794001e-02
1.934332990876437910e-02
1.936782887580025883e-02
1.940335882699154024e-02
1.947553041280345940e-02
1.961001526586450550e-02
1.971291732091205728e-02
1.980406247696043023e-02
1.980406247696043023e-02
1.997721914767422099e-02
2.012564182397712925e-02
2.030932243634701179e-02
2.047682188405836393e-02
2.058518738099978512e-02
2.074590196295725275e-02
2.088030566557943710e-02
2.093141705073053860e-02
2.101886496325545278e-02
2.112420219539924357e-02
2.112420219539924357e-02
2.127283454363362164e-02
2.127433816621962168e-02
2.100659134289424926e-02
2.065620860670052197e-02
2.027302376465716510e-02
2.004615419207910268e-02
1.973784564027781380e-02
1.942475346568152753e-02
1.909314798579512737e-02
1.874503321288369107e-02
1.874503321288369107e-02
1.858936537822967680e-02
1.845926189018056579e-02
1.841314570591866956e-02
1.851254676432025417e-02
1.855955666224916659e-02
1.856867237756095607e-02
1.851264120304549690e-02
1.845182581124614821e-02
1.832518923558349583e-02
1.816623754733979676e-02
1.816623754733979676e-02
1.797992204523609500e-02
1.781152499013228738e-02
1.777508845610075230e-02
1.752856841487522577e-02
1.723557092102506391e-02
1.691128282051145015e-02
1.656327598180962896e-02
1.656327598180962896e-02
1.656327598180962896e-02
1.620582136066843135e-02
1.620582136066843135e-02
1.589976142512018742e-02
1.563566501528729918e-02
1.537219934792622041e-02
1.520369850362845825e-02
1.502790476916650471e-02
1.486108953012565612e-02
1.490416816260454504e-02
1.495224055787353588e-02
1.502629916927127746e-02
1.515267655380170449e-02
1.515267655380170449e-02
1.532557702007288601e-02
1.553496979658790939e-02
1.575908949038208606e-02
1.594262046417470671e-02
1.607579919970359913e-02
1.616854519405172205e-02
1.618747281352487730e-02
1.611702903708115558e-02
1.597909744051381059e-02
1.587309958674459204e-02
1.587309958674459204e-02
1.570038676945134659e-02
1.550500880698469156e-02
1.517535401866219359e-02
1.488511275908851322e-02
1.459969801168088492e-02
1.441385701016716092e-02
1.420760523362030528e-02
1.402805359239508304e-02
1.392420840136060663e-02
1.395353790029059578e-02
1.395353790029059578e-02
1.393746904429143604e-02
1.392149449387269401e-02
1.387649457441418425e-02
1.389173816184794547e-02
1.391960233625799161e-02
1.396881179228219062e-02
1.411465881164248974e-02
1.417265667415383568e-02
1.417453143951301862e-02
1.412026448723986173e-02
1.412026448723986173e-02
1.400249620329463603e-02
1.382146006759074099e-02
1.363251491890596183e-02
1.345013172740875361e-02
1.318394717152712725e-02
1.299126305812807816e-02
1.285495969608106345e-02
1.279818962320093505e-02
1.271262775027923696e-02
1.257265904902580070e-02
1.257265904902580070e-02
1.244565713571017460e-02
1.224631710425646419e-02
1.206334965537400952e-02
1.192245691365046920e-02
1.179217721437910739e-02
1.174334615001362304e-02
1.172909261326300807e-02
1.174650232234275733e-02
1.183397442655973429e-02
1.188199687873828583e-02
