2.169795334339141846e-02
2.169795334339141846e-02
2.224829606711864471e-02
2.180999144911766052e-02
2.133921533823013306e-02
2.144980430603027344e-02
2.149828523397445679e-02
2.175763063132762909e-02
2.171504683792591095e-02
2.137282676994800568e-02
2.096452377736568451e-02
2.107912488281726837e-02
2.107912488281726837e-02
2.113690041005611420e-02
2.115964144468307495e-02
2.113632112741470337e-02
2.111038006842136383e-02
2.115652710199356079e-02
2.137412689626216888e-02
2.155152708292007446e-02
2.203102596104145050e-02
2.254503592848777771e-02
2.295481972396373749e-02
2.295481972396373749e-02
2.352081052958965302e-02
2.406136132776737213e-02
2.458010055124759674e-02
2.518986724317073822e-02
2.559532411396503448e-02
2.605636976659297943e-02
2.654187381267547607e-02
2.685613185167312622e-02
2.705315314233303070e-02
2.724734693765640259e-02
2.724734693765640259e-02
2.733801119029521942e-02
2.751462534070014954e-02
2.743063308298587799e-02
2.749105915427207947e-02
2.757474221289157867e-02
2.744599245488643646e-02
2.737225405871868134e-02
2.734643593430519104e-02
2.745064161717891693e-02
2.751782350242137909e-02
2.751782350242137909e-02
2.773905545473098755e-02
2.792786620557308197e-02
2.843273989856243134e-02
2.895716950297355652e-02
2.928481437265872955e-02
2.947312220931053162e-02
2.969107031822204590e-02
2.977582998573780060e-02
2.981283329427242279e-02
2.986825443804264069e-02
2.986825443804264069e-02
2.987127192318439484e-02
2.971159480512142181e-02
2.952513843774795532e-02
2.919821254909038544e-02
2.891528047621250153e-02
2.860987558960914612e-02
2.835906110703945160e-02
2.806702256202697754e-02
2.797002159059047699e-02
2.785655483603477478e-02
2.785655483603477478e-02
2.751555666327476501e-02
2.722159773111343384e-02
2.660121768712997437e-02
2.609913237392902374e-02
2.556011267006397247e-02
2.487443946301937103e-02
2.413109689950942993e-02
2.332239039242267609e-02
2.216488122940063477e-02
2.095520868897438049e-02
2.095520868897438049e-02
1.974311098456382751e-02
1.865260303020477295e-02
1.762680895626544952e-02
1.664164662361145020e-02
1.578557305037975311e-02
1.503984257578849792e-02
1.449458952993154526e-02
1.381485071033239365e-02
1.304677408188581467e-02
1.323130354285240173e-02
1.323130354285240173e-02
1.340297050774097443e-02
1.343769952654838562e-02
1.343514304608106613e-02
1.332848705351352692e-02
1.310556847602128983e-02
1.274352055042982101e-02
1.248107384890317917e-02
1.217844057828187943e-02
1.177905965596437454e-02
1.141371298581361771e-02
1.141371298581361771e-02
1.121283508837223053e-02
1.112605258822441101e-02
1.087080687284469604e-02
1.076913904398679733e-02
1.044413913041353226e-02
1.038813963532447815e-02
1.043965108692646027e-02
1.058573927730321884e-02
1.079566776752471924e-02
1.099916454404592514e-02
1.099916454404592514e-02
1.122430991381406784e-02
1.142514683306217194e-02
1.153812278062105179e-02
1.176120806485414505e-02
1.196362916380167007e-02
1.209745835512876511e-02
1.223938073962926865e-02
1.244098320603370667e-02
1.254096627235412598e-02
1.262417621910572052e-02
1.262417621910572052e-02
1.256869360804557800e-02
1.248839497566223145e-02
1.232325285673141479e-02
1.232325285673141479e-02
1.232325285673141479e-02
1.232325285673141479e-02
1.232325285673141479e-02
1.214747689664363861e-02
1.199704874306917191e-02
1.172542385756969452e-02
1.172542385756969452e-02
1.146837044507265091e-02
1.128835417330265045e-02
1.126551721245050430e-02
1.135961245745420456e-02
1.160523295402526855e-02
1.192192174494266510e-02
1.223182864487171173e-02
1.250263489782810211e-02
1.268316432833671570e-02
1.268408261239528656e-02
1.268408261239528656e-02
1.285237167030572891e-02
1.302908640354871750e-02
1.329967379570007324e-02
1.356791891157627106e-02
1.388532668352127075e-02
1.409526076167821884e-02
1.427836809307336807e-02
1.445287931710481644e-02
1.446586288511753082e-02
1.448997948318719864e-02
1.448997948318719864e-02
1.434627361595630646e-02
1.422174740582704544e-02
1.400060858577489853e-02
1.373454835265874863e-02
1.354789640754461288e-02
1.332350913435220718e-02
1.306496653705835342e-02
1.280059944838285446e-02
1.253141742199659348e-02
1.226906664669513702e-02
1.226906664669513702e-02
1.203294470906257629e-02
1.177425682544708252e-02
1.152839791029691696e-02
1.119244936853647232e-02
1.086878683418035507e-02
1.046673022210597992e-02
1.002769730985164642e-02
9.623609483242034912e-03
9.290738962590694427e-03
8.976465091109275818e-03
8.976465091109275818e-03
8.661423809826374054e-03
8.351177908480167389e-03
8.047881536185741425e-03
7.790467701852321625e-03
7.474588695913553238e-03
7.178605068475008011e-03
6.937142461538314819e-03
6.703952793031930923e-03
6.529379636049270630e-03
6.487697362899780273e-03
6.487697362899780273e-03
6.345667876303195953e-03
6.123637314885854721e-03
5.885832943022251129e-03
5.807285197079181671e-03
5.769905168563127518e-03
5.914861802011728287e-03
6.183611229062080383e-03
6.455386523157358170e-03
6.697154603898525238e-03
6.823757663369178772e-03
6.823757663369178772e-03
6.747768260538578033e-03
6.718195043504238129e-03
6.846938747912645340e-03
7.002082653343677521e-03
7.168319076299667358e-03
7.318645715713500977e-03
7.561880629509687424e-03
7.782400585711002350e-03
7.944135926663875580e-03
8.139560930430889130e-03
8.139560930430889130e-03
8.365411311388015747e-03
8.512252941727638245e-03
8.889200165867805481e-03
9.189232252538204193e-03
9.505071677267551422e-03
9.823106229305267334e-03
9.956073947250843048e-03
1.005302369594573975e-02
1.009013876318931580e-02
1.000220980495214462e-02
1.000220980495214462e-02
9.973322972655296326e-03
9.955198504030704498e-03
9.947757236659526825e-03
9.860806167125701904e-03
9.787339717149734497e-03
9.702358394861221313e-03
9.677698835730552673e-03
9.581254795193672180e-03
9.297764860093593597e-03
9.035594761371612549e-03
9.035594761371612549e-03
8.727024309337139130e-03
8.363767527043819427e-03
7.950380444526672363e-03
7.496169302612543106e-03
7.072217296808958054e-03
6.791399326175451279e-03
6.561918649822473526e-03
6.453931331634521484e-03
6.429321598261594772e-03
6.404674611985683441e-03
6.404674611985683441e-03
6.363057065755128860e-03
6.302587222307920456e-03
6.295737810432910919e-03
6.112124305218458176e-03
6.008170079439878464e-03
6.004689726978540421e-03
6.124028470367193222e-03
6.432380992919206619e-03
6.424112711101770401e-03
6.388230714946985245e-03
6.388230714946985245e-03
6.561854388564825058e-03
6.871324498206377029e-03
7.133265957236289978e-03
7.456802763044834137e-03
7.717064581811428070e-03
7.978552021086215973e-03
8.003391325473785400e-03
7.875482551753520966e-03
7.715424988418817520e-03
7.520893588662147522e-03
7.520893588662147522e-03
7.360932417213916779e-03
7.424291223287582397e-03
7.554287556558847427e-03
7.777041755616664886e-03
7.795643527060747147e-03
7.794540841132402420e-03
7.641238160431385040e-03
7.612550631165504456e-03
7.633120287209749222e-03
7.869494147598743439e-03
7.869494147598743439e-03
7.997379638254642487e-03
8.014202117919921875e-03
7.839577272534370422e-03
7.740577682852745056e-03
7.650633342564105988e-03
7.630572654306888580e-03
7.613676600158214569e-03
7.748976815491914749e-03
7.945150136947631836e-03
8.165711537003517151e-03
8.165711537003517151e-03
8.169139735400676727e-03
8.022326044738292694e-03
7.836979813873767853e-03
7.515690289437770844e-03
7.250828202813863754e-03
6.991520524024963379e-03
6.712624803185462952e-03
6.486680358648300171e-03
6.332304794341325760e-03
6.206692196428775787e-03
6.206692196428775787e-03
6.443731021136045456e-03
6.808064412325620651e-03
7.277988363057374954e-03
7.905304431915283203e-03
8.362138643860816956e-03
8.548253215849399567e-03
8.632682263851165771e-03
8.734473958611488342e-03
8.672391064465045929e-03
8.289013989269733429e-03
8.289013989269733429e-03
7.890637964010238647e-03
7.621098309755325317e-03
7.355818990617990494e-03
7.223821710795164108e-03
7.144308649003505707e-03
6.982489489018917084e-03
6.809972692281007767e-03
6.691870279610157013e-03
6.707581225782632828e-03
6.592467427253723145e-03
6.592467427253723145e-03
6.427628919482231140e-03
6.354498676955699921e-03
6.546708289533853531e-03
6.819745060056447983e-03
6.870205514132976532e-03
6.986849941313266754e-03
7.114017382264137268e-03
7.314754184335470200e-03
7.489848881959915161e-03
7.746167480945587158e-03
7.746167480945587158e-03
7.926545105874538422e-03
8.099289610981941223e-03
8.269003592431545258e-03
8.504344150424003601e-03
8.892794139683246613e-03
9.313086979091167450e-03
9.807110764086246490e-03
1.017477177083492279e-02
1.046345848590135574e-02
1.059965509921312332e-02
1.059965509921312332e-02
1.045918185263872147e-02
1.032914686948060989e-02
1.033259090036153793e-02
1.035280711948871613e-02
1.037917658686637878e-02
1.037786621600389481e-02
1.010399684309959412e-02
9.822693653404712677e-03
9.437203407287597656e-03
8.932335302233695984e-03
8.932335302233695984e-03
8.518684655427932739e-03
8.252424187958240509e-03
8.494461886584758759e-03
8.876213803887367249e-03
9.275433607399463654e-03
9.547519497573375702e-03
9.832757525146007538e-03
1.010944228619337082e-02
1.033633947372436523e-02
1.050570607185363770e-02
1.050570607185363770e-02
1.073333434760570526e-02
1.091425959020853043e-02
1.109191030263900757e-02
1.136685162782669067e-02
1.150283962488174438e-02
1.159099396318197250e-02
1.156764663755893707e-02
1.154927350580692291e-02
1.152528636157512665e-02
1.158545352518558502e-02
1.158545352518558502e-02
1.165750529617071152e-02
1.174238882958889008e-02
1.163919921964406967e-02
1.144482754170894623e-02
1.118983887135982513e-02
1.083357911556959152e-02
1.034228410571813583e-02
9.859972633421421051e-03
9.323813952505588531e-03
8.772777393460273743e-03
8.772777393460273743e-03
8.339488878846168518e-03
8.548373356461524963e-03
8.797565475106239319e-03
9.050946682691574097e-03
9.228718467056751251e-03
9.397971443831920624e-03
9.592339396476745605e-03
9.837056510150432587e-03
1.012483797967433929e-02
1.024128217250108719e-02
1.024128217250108719e-02
1.033530756831169128e-02
1.038117706775665283e-02
1.044774893671274185e-02
1.062359381467103958e-02
1.062359381467103958e-02
1.062359381467103958e-02
1.076419837772846222e-02
1.111954264342784882e-02
1.138969510793685913e-02
1.161110959947109222e-02
1.161110959947109222e-02
1.170295197516679764e-02
1.197423972189426422e-02
1.216337829828262329e-02
1.223505474627017975e-02
1.239556167274713516e-02
1.232196390628814697e-02
1.217712182551622391e-02
1.203034631907939911e-02
1.184748392552137375e-02
1.163383759558200836e-02
1.163383759558200836e-02
1.137287821620702744e-02
1.113936398178339005e-02
1.090098265558481216e-02
1.063711382448673248e-02
1.024096645414829254e-02
9.781841188669204712e-03
9.689594618976116180e-03
9.665465913712978363e-03
9.644544683396816254e-03
9.718671441078186035e-03
