3.149950504302978516e-02
3.964668139815330505e-02
4.536130279302597046e-02
5.090933293104171753e-02
5.627035349607467651e-02
6.202257797122001648e-02
6.632178276777267456e-02
6.932118535041809082e-02
7.139084488153457642e-02
7.242187112569808960e-02
7.217746227979660034e-02
7.217746227979660034e-02
7.201123237609863281e-02
7.145351916551589966e-02
7.088176906108856201e-02
7.013264298439025879e-02
6.884188950061798096e-02
6.779393553733825684e-02
6.643523275852203369e-02
6.507220119237899780e-02
6.373980641365051270e-02
6.250616908073425293e-02
6.250616908073425293e-02
6.128464639186859131e-02
6.024644523859024048e-02
5.954330414533615112e-02
5.903198942542076111e-02
5.785085260868072510e-02
5.628605186939239502e-02
5.506714805960655212e-02
5.408418178558349609e-02
5.328835174441337585e-02
5.284230038523674011e-02
5.284230038523674011e-02
5.243178457021713257e-02
5.159775167703628540e-02
5.095906183123588562e-02
5.031770095229148865e-02
4.983570426702499390e-02
4.937014728784561157e-02
4.891986027359962463e-02
4.862328618764877319e-02
4.801723361015319824e-02
4.779723659157752991e-02
4.779723659157752991e-02
4.873715341091156006e-02
4.953962564468383789e-02
5.015367642045021057e-02
5.024800077080726624e-02
5.038736388087272644e-02
5.098856240510940552e-02
5.173248052597045898e-02
5.266008526086807251e-02
5.331585928797721863e-02
5.378833040595054626e-02
5.378833040595054626e-02
5.403954535722732544e-02
5.433564260601997375e-02
5.465514585375785828e-02
5.500958487391471863e-02
5.407359451055526733e-02
5.332599207758903503e-02
5.239755660295486450e-02
5.112930014729499817e-02
4.968470335006713867e-02
4.810055345296859741e-02
4.810055345296859741e-02
4.641754552721977234e-02
4.560147970914840698e-02
4.429426789283752441e-02
4.323206469416618347e-02
4.231093451380729675e-02
4.158705100417137146e-02
4.201344773173332214e-02
4.337446764111518860e-02
4.509599134325981140e-02
4.703021049499511719e-02
4.703021049499511719e-02
4.922769218683242798e-02
5.004899576306343079e-02
5.143482610583305359e-02
5.213563889265060425e-02
5.246117338538169861e-02
5.224690213799476624e-02
5.182325839996337891e-02
5.134125053882598877e-02
5.109166353940963745e-02
5.122460424900054932e-02
5.122460424900054932e-02
5.122048780322074890e-02
5.081225559115409851e-02
5.025038495659828186e-02
4.941547289490699768e-02
4.873032495379447937e-02
4.821829125285148621e-02
4.783551022410392761e-02
4.778224974870681763e-02
4.819738119840621948e-02
4.794738441705703735e-02
4.794738441705703735e-02
4.794000834226608276e-02
4.662240669131278992e-02
4.571104049682617188e-02
4.493299499154090881e-02
4.441390559077262878e-02
4.443189501762390137e-02
4.419439658522605896e-02
4.402472823858261108e-02
4.383228719234466553e-02
4.398716241121292114e-02
4.398716241121292114e-02
4.427651688456535339e-02
4.376723617315292358e-02
4.309533163905143738e-02
4.316714033484458923e-02
4.324687644839286804e-02
4.270552098751068115e-02
4.187902063131332397e-02
4.183940216898918152e-02
4.224007576704025269e-02
4.251335188746452332e-02
4.251335188746452332e-02
4.235403239727020264e-02
4.230166971683502197e-02
4.383201152086257935e-02
4.595745727419853210e-02
4.796449095010757446e-02
5.049771815538406372e-02
5.294046178460121155e-02
5.549392849206924438e-02
5.702024325728416443e-02
5.849636718630790710e-02
5.849636718630790710e-02
5.948682874441146851e-02
6.034633517265319824e-02
6.088984385132789612e-02
6.087008491158485413e-02
6.083701550960540771e-02
6.084195896983146667e-02
6.011980772018432617e-02
5.988343060016632080e-02
5.992674827575683594e-02
6.026869267225265503e-02
