2.517277561128139496e-02
2.517277561128139496e-02
2.356576733291149139e-02
2.242587879300117493e-02
2.155847474932670593e-02
2.056499198079109192e-02
1.958712004125118256e-02
1.860491931438446045e-02
1.769457012414932251e-02
1.674166694283485413e-02
1.600312441587448120e-02
1.556747779250144958e-02
1.556747779250144958e-02
1.514447480440139771e-02
1.450980734080076218e-02
1.396771054714918137e-02
1.341754477471113205e-02
1.291160658001899719e-02
1.232144888490438461e-02
1.172446925193071365e-02
1.119223888963460922e-02
1.067029405385255814e-02
1.022792048752307892e-02
