4.216156527400016785e-02
4.216156527400016785e-02
4.327629134058952332e-02
4.415876790881156921e-02
4.475817829370498657e-02
4.515457898378372192e-02
4.509766027331352234e-02
4.447060823440551758e-02
4.413659125566482544e-02
4.401070624589920044e-02
4.373344406485557556e-02
4.326306656002998352e-02
4.326306656002998352e-02
4.284511879086494446e-02
4.232714325189590454e-02
4.195451363921165466e-02
4.168362170457839966e-02
4.131513088941574097e-02
4.095830768346786499e-02
4.057543352246284485e-02
4.021225869655609131e-02
3.968521207571029663e-02
3.911937773227691650e-02
3.911937773227691650e-02
3.869708254933357239e-02
3.840888664126396179e-02
3.794268891215324402e-02
3.735253587365150452e-02
3.676432371139526367e-02
3.609282895922660828e-02
3.536832332611083984e-02
3.506584092974662781e-02
3.475882112979888916e-02
3.440905734896659851e-02
3.440905734896659851e-02
3.402928635478019714e-02
3.356439620256423950e-02
3.305311873555183411e-02
3.251763805747032166e-02
3.196231648325920105e-02
3.145369887351989746e-02
3.086322173476219177e-02
3.031092509627342224e-02
2.989393845200538635e-02
2.939293161034584045e-02
2.939293161034584045e-02
2.890771254897117615e-02
2.848996408283710480e-02
2.810027450323104858e-02
2.767749316990375519e-02
2.725250087678432465e-02
2.681695856153964996e-02
2.624010480940341949e-02
2.576265297830104828e-02
2.524906396865844727e-02
2.475168555974960327e-02
2.475168555974960327e-02
2.444390952587127686e-02
2.427832409739494324e-02
2.425782382488250732e-02
2.441672608256340027e-02
2.462881617248058319e-02
2.487426251173019409e-02
2.511963620781898499e-02
2.536048181354999542e-02
2.554376609623432159e-02
2.575265057384967804e-02
2.575265057384967804e-02
2.577275224030017853e-02
2.565485239028930664e-02
2.540313825011253357e-02
2.496420033276081085e-02
2.449657022953033447e-02
2.407149784266948700e-02
2.372093684971332550e-02
2.335087023675441742e-02
2.292134426534175873e-02
2.249550446867942810e-02
2.249550446867942810e-02
2.217701822519302368e-02
2.193463966250419617e-02
2.178505621850490570e-02
2.160665392875671387e-02
2.144536375999450684e-02
2.138303779065608978e-02
2.135860174894332886e-02
2.153562381863594055e-02
2.187368832528591156e-02
2.235839702188968658e-02
2.235839702188968658e-02
2.281671389937400818e-02
2.317487262189388275e-02
2.353332191705703735e-02
2.379156835377216339e-02
2.380116470158100128e-02
2.379559539258480072e-02
2.379023469984531403e-02
2.362200804054737091e-02
2.329017966985702515e-02
2.279867790639400482e-02
2.279867790639400482e-02
2.215373888611793518e-02
2.142599038779735565e-02
2.083402499556541443e-02
2.052787877619266510e-02
2.019753120839595795e-02
2.009190246462821960e-02
2.020217664539813995e-02
2.027122303843498230e-02
2.030867710709571838e-02
2.041906304657459259e-02
2.041906304657459259e-02
2.050141617655754089e-02
2.060537785291671753e-02
2.051116712391376495e-02
2.035819180309772491e-02
2.027657628059387207e-02
2.021178975701332092e-02
2.019045874476432800e-02
2.035951241850852966e-02
2.052383869886398315e-02
2.055913023650646210e-02
2.055913023650646210e-02
2.053197100758552551e-02
2.044565789401531219e-02
2.027282491326332092e-02
2.006101608276367188e-02
1.996813341975212097e-02
1.978418231010437012e-02
1.950518228113651276e-02
1.917059347033500671e-02
1.880596950650215149e-02
1.867000572383403778e-02
1.867000572383403778e-02
1.878609880805015564e-02
1.900967583060264587e-02
1.926613226532936096e-02
1.955412328243255615e-02
1.982044056057929993e-02
1.993792504072189331e-02
1.991751044988632202e-02
1.977539993822574615e-02
1.955798454582691193e-02
1.946438103914260864e-02
1.946438103914260864e-02
1.916081458330154419e-02
1.884242706000804901e-02
1.852871663868427277e-02
1.809555292129516602e-02
1.771037839353084564e-02
1.757930964231491089e-02
1.757610403001308441e-02
1.777627319097518921e-02
1.799095422029495239e-02
1.843386329710483551e-02
1.843386329710483551e-02
1.879077218472957611e-02
1.864515244960784912e-02
1.828587986528873444e-02
1.778132654726505280e-02
1.720702089369297028e-02
1.662607304751873016e-02
1.608021371066570282e-02
1.561181619763374329e-02
1.526057999581098557e-02
1.487712282687425613e-02
1.487712282687425613e-02
1.481983531266450882e-02
1.490053161978721619e-02
1.509358920156955719e-02
1.535333599895238876e-02
1.556350104510784149e-02
1.561263948678970337e-02
1.550836022943258286e-02
1.535637956112623215e-02
1.503053214401006699e-02
1.481486298143863678e-02
1.481486298143863678e-02
1.489475928246974945e-02
1.511038932949304581e-02
1.549059525132179260e-02
1.584865339100360870e-02
1.608561538159847260e-02
1.623034104704856873e-02
1.632454060018062592e-02
1.615642197430133820e-02
1.574535295367240906e-02
1.523751206696033478e-02
1.523751206696033478e-02
1.492419280111789703e-02
1.465360634028911591e-02
1.433171145617961884e-02
1.415899116545915604e-02
1.405767071992158890e-02
1.388080604374408722e-02
1.368991658091545105e-02
1.345257647335529327e-02
1.310200337320566177e-02
1.269713044166564941e-02
1.269713044166564941e-02
1.241109892725944519e-02
1.209362316876649857e-02
1.197690237313508987e-02
1.200413424521684647e-02
1.224527787417173386e-02
1.270636357367038727e-02
1.329844631254673004e-02
1.390578784048557281e-02
1.488183345645666122e-02
1.580674387514591217e-02
1.580674387514591217e-02
1.643782667815685272e-02
1.685510762035846710e-02
1.685510762035846710e-02
1.685510762035846710e-02
1.685510762035846710e-02
1.678977161645889282e-02
1.663927920162677765e-02
1.638884842395782471e-02
1.608593948185443878e-02
1.586783677339553833e-02
1.586783677339553833e-02
1.504383515566587448e-02
1.431121118366718292e-02
1.365043874830007553e-02
1.311003696173429489e-02
1.265062112361192703e-02
1.234418060630559921e-02
1.212800294160842896e-02
1.219164859503507614e-02
1.244507450610399246e-02
1.281933858990669250e-02
1.281933858990669250e-02
1.319956779479980469e-02
1.356208324432373047e-02
1.381580624729394913e-02
1.397872809320688248e-02
1.401367411017417908e-02
1.388238091021776199e-02
1.367987040430307388e-02
1.338022574782371521e-02
1.301433797925710678e-02
1.268364489078521729e-02
1.268364489078521729e-02
1.247022766619920731e-02
1.235402654856443405e-02
1.235402654856443405e-02
1.245736889541149139e-02
1.270620618015527725e-02
1.304001640528440475e-02
1.344175636768341064e-02
1.373871136456727982e-02
1.387526746839284897e-02
1.405452471226453781e-02
1.405452471226453781e-02
1.416481472551822662e-02
1.415751781314611435e-02
1.406480558216571808e-02
1.397876814007759094e-02
1.395271252840757370e-02
1.385003142058849335e-02
1.377802807837724686e-02
1.378574222326278687e-02
1.386833563446998596e-02
1.401544269174337387e-02
1.401544269174337387e-02
1.418704353272914886e-02
1.429572235792875290e-02
1.436837483197450638e-02
1.441488321870565414e-02
1.435159705579280853e-02
1.436334010213613510e-02
1.429068110883235931e-02
1.424255687743425369e-02
1.428741309791803360e-02
1.431726664304733276e-02
1.431726664304733276e-02
1.431075856089591980e-02
1.437903847545385361e-02
1.438067108392715454e-02
1.426200754940509796e-02
1.410593651235103607e-02
1.389278192073106766e-02
1.362151186913251877e-02
1.344129536300897598e-02
1.336526032537221909e-02
1.341221760958433151e-02
1.341221760958433151e-02
1.349201332777738571e-02
1.377129182219505310e-02
1.406839303672313690e-02
1.425629947334527969e-02
1.448187045753002167e-02
1.450273301452398300e-02
1.445052959024906158e-02
1.438748929649591446e-02
1.426468137651681900e-02
1.415597088634967804e-02
1.415597088634967804e-02
1.405973359942436218e-02
1.410415302962064743e-02
1.423355005681514740e-02
1.428564265370368958e-02
1.464197505265474319e-02
1.498187240213155746e-02
1.528433058410882950e-02
1.545893587172031403e-02
1.547704730182886124e-02
1.546796411275863647e-02
1.546796411275863647e-02
1.545388624072074890e-02
1.541186589747667313e-02
1.541186589747667313e-02
1.541186589747667313e-02
1.541186589747667313e-02
1.543081365525722504e-02
1.552348583936691284e-02
1.572093367576599121e-02
1.601198874413967133e-02
1.623654179275035858e-02
1.623654179275035858e-02
1.647083833813667297e-02
1.664413139224052429e-02
1.673190668225288391e-02
1.670314557850360870e-02
1.664695888757705688e-02
1.659575663506984711e-02
1.657015085220336914e-02
1.657777093350887299e-02
1.665838062763214111e-02
1.677038148045539856e-02
1.677038148045539856e-02
1.689814403653144836e-02
1.704788766801357269e-02
1.720497943460941315e-02
1.733718253672122955e-02
1.748637668788433075e-02
1.776020787656307220e-02
1.810831949114799500e-02
1.857770420610904694e-02
1.877714321017265320e-02
1.862211339175701141e-02
1.862211339175701141e-02
1.850501075387001038e-02
1.842243969440460205e-02
1.847640983760356903e-02
1.847640983760356903e-02
1.841492392122745514e-02
1.841492392122745514e-02
1.841492392122745514e-02
1.843328773975372314e-02
1.845438778400421143e-02
1.854177750647068024e-02
1.854177750647068024e-02
1.871814206242561340e-02
1.899410784244537354e-02
1.932956837117671967e-02
1.967885717749595642e-02
1.999084465205669403e-02
2.013688348233699799e-02
2.019034326076507568e-02
2.020535990595817566e-02
2.014567144215106964e-02
2.015046775341033936e-02
2.015046775341033936e-02
2.010682784020900726e-02
2.004922926425933838e-02
2.002121694386005402e-02
1.999488100409507751e-02
1.982400752604007721e-02
1.958430372178554535e-02
1.936163008213043213e-02
1.913349144160747528e-02
1.900152303278446198e-02
1.888965256512165070e-02
1.888965256512165070e-02
1.879391074180603027e-02
1.873218826949596405e-02
1.877081021666526794e-02
1.874780841171741486e-02
1.858576387166976929e-02
1.834454946219921112e-02
1.798441633582115173e-02
1.763102971017360687e-02
1.733160763978958130e-02
1.692731864750385284e-02
1.692731864750385284e-02
1.638701371848583221e-02
1.584111899137496948e-02
1.529913861304521561e-02
1.491534244269132614e-02
1.460697501897811890e-02
1.442968659102916718e-02
1.430743932723999023e-02
1.412464119493961334e-02
1.392711419612169266e-02
1.369607448577880859e-02
1.369607448577880859e-02
1.352897938340902328e-02
1.344634871929883957e-02
1.341338455677032471e-02
1.334300357848405838e-02
1.317444257438182831e-02
1.300255674868822098e-02
1.295599993318319321e-02
1.295005157589912415e-02
1.291310880333185196e-02
1.300469320267438889e-02
1.300469320267438889e-02
1.308958977460861206e-02
1.301996037364006042e-02
1.292465627193450928e-02
1.276197470724582672e-02
1.260393951088190079e-02
1.269607152789831161e-02
1.286959275603294373e-02
1.314879767596721649e-02
1.365310978144407272e-02
1.425166707485914230e-02
1.425166707485914230e-02
1.488158293068408966e-02
1.548096630722284317e-02
1.600634679198265076e-02
1.631580851972103119e-02
1.662266626954078674e-02
1.685566455125808716e-02
1.709884591400623322e-02
1.721513830125331879e-02
1.739548891782760620e-02
1.764884591102600098e-02
