2.755827225087142257e-03
2.755827225087142257e-03
2.579026946406508172e-03
3.089850333628066902e-03
3.208392070177326638e-03
3.269668460363328068e-03
3.145795169607154985e-03
2.850133523743452607e-03
2.498799453565893943e-03
2.302617392348196759e-03
2.179936580698811025e-03
2.089097869644779629e-03
2.089097869644779629e-03
2.104870169287426096e-03
2.241902176200496078e-03
2.534480148291053895e-03
2.746114659817896955e-03
2.903841513866140499e-03
3.007241789298501899e-03
3.103967248254540200e-03
3.050649562778804356e-03
2.950843543120115157e-03
2.779246001311747559e-03
2.779246001311747559e-03
2.648215980613613952e-03
2.538722274367303383e-03
2.426897202491257177e-03
2.286365401068626933e-03
2.098443737800151452e-03
1.913234045600330138e-03
1.898445065211676027e-03
2.063336601208920571e-03
2.328312090505159707e-03
2.637773593983769229e-03
2.637773593983769229e-03
2.887186246916051760e-03
2.996164671246645018e-03
2.913501613171159878e-03
2.682590694555962111e-03
2.424290005277662807e-03
2.252108478119133755e-03
2.164736027808086133e-03
2.105770861182392189e-03
2.104838806036174806e-03
2.148093106863171748e-03
2.148093106863171748e-03
2.204119215079028849e-03
2.227239535799880807e-03
2.301993762679319881e-03
2.379294311679963636e-03
2.509285485167053655e-03
2.604942801521772846e-03
2.647784112867656008e-03
2.625854641939861026e-03
2.522245944764154712e-03
2.381191651083458798e-03
2.381191651083458798e-03
2.201826761169476451e-03
2.130281711531629551e-03
2.217618330155017668e-03
2.293199358816891669e-03
2.272671775026195544e-03
2.275888637002261485e-03
2.235225407703977756e-03
2.124067086415278027e-03
2.026175539083390192e-03
2.042251699377685241e-03
2.042251699377685241e-03
2.109731997511725670e-03
2.205454936637606805e-03
2.277372988890681311e-03
2.315174050620345727e-03
2.322833625623397982e-03
2.403002184591627576e-03
2.506462869149415733e-03
2.583030328252456081e-03
2.589698695179441009e-03
2.503332915028869121e-03
2.503332915028869121e-03
2.283283051270190885e-03
2.135627807481390531e-03
2.078434798606202966e-03
2.102291214934424047e-03
2.131912077182751206e-03
2.091682401868414070e-03
2.082811550802107434e-03
2.225468456354063890e-03
2.434755647959265922e-03
2.637627180004578978e-03
2.637627180004578978e-03
2.772754301524895434e-03
2.825097873207108989e-03
2.751250716603404443e-03
2.680459511093976222e-03
2.579782988882695863e-03
2.494120761053597590e-03
2.392606366597692987e-03
2.254230363190955037e-03
2.254230363190955037e-03
2.140088960311805396e-03
2.140088960311805396e-03
2.055418234120531817e-03
2.019024776475955487e-03
2.007552085629430317e-03
2.046090417393236702e-03
2.079842646572207816e-03
2.039614667727730670e-03
2.112035346569195171e-03
2.223816136698010103e-03
2.360323994741219625e-03
2.380300408411454519e-03
2.380300408411454519e-03
2.332151300987872836e-03
2.264011864363001548e-03
2.206147524343645208e-03
2.223641235414167486e-03
2.283192279944452896e-03
2.337325310052638418e-03
2.333104990328398187e-03
2.365598035513513577e-03
2.404740678221738582e-03
2.414465896531811217e-03
2.414465896531811217e-03
2.341483845503500218e-03
2.286130716311889945e-03
2.196321858283629275e-03
2.134737513708244178e-03
2.107857883488507052e-03
2.054024033103762133e-03
1.975040063655255067e-03
1.910620726758223290e-03
1.942313096475029553e-03
2.080790725240695520e-03
2.080790725240695520e-03
2.299127309492389817e-03
2.608135123140249007e-03
2.759860818788103989e-03
2.837012643316575225e-03
2.818839934247009248e-03
2.658042497617310422e-03
2.438196722120254765e-03
2.175818258389203199e-03
2.035536005285417619e-03
2.000011900382283377e-03
2.000011900382283377e-03
1.964266561688324860e-03
1.908070505169766253e-03
2.002916315086505483e-03
2.015063035958883971e-03
2.015377709575081906e-03
2.030690398018320918e-03
1.996442058058227245e-03
1.967215497255723165e-03
1.966912414704425661e-03
1.921074391053232376e-03
1.921074391053232376e-03
1.922496504644145149e-03
1.955097417612271411e-03
1.917883809171625322e-03
1.923933383844594197e-03
1.925972835493456074e-03
1.967336618978888629e-03
2.008929976103410349e-03
2.032131033239855267e-03
1.979282711581614555e-03
1.916044415463633325e-03
1.916044415463633325e-03
1.889540055970881241e-03
1.920690176537635492e-03
2.035651268218730513e-03
2.173690403224934602e-03
2.182974502608146360e-03
2.078273637070483879e-03
2.022944636277294352e-03
1.908536401772761718e-03
1.920195086894575494e-03
2.000899625873732175e-03
2.000899625873732175e-03
2.028128284945887334e-03
1.946646070742338213e-03
1.873063944102718861e-03
1.893614058008559822e-03
1.977471900419490881e-03
2.083146832632333002e-03
2.188644502026283398e-03
2.233470026199156980e-03
2.197601730422756115e-03
2.158656732277110159e-03
2.158656732277110159e-03
2.135839349173861753e-03
2.139640440608476298e-03
2.145279078826461353e-03
2.131174962737885509e-03
2.070131302247056170e-03
2.060280481413645764e-03
2.101123623095408049e-03
2.156976859084073096e-03
2.236520114028044039e-03
2.253586735736816653e-03
2.253586735736816653e-03
2.364197995421297646e-03
2.410746716905371508e-03
2.434548573870123217e-03
2.424007860978549464e-03
2.350347944666891179e-03
2.315163213366058185e-03
2.346707681402231908e-03
2.399797976141648803e-03
2.446175313800107078e-03
2.396346683809749863e-03
2.396346683809749863e-03
2.265877232846505440e-03
2.104343992535612998e-03
1.996039930398612119e-03
1.989715654367499396e-03
2.094683471424488384e-03
2.239951346042498483e-03
2.297679614767202377e-03
2.248887314478068781e-03
2.173353735897081383e-03
2.158568730338776033e-03
2.158568730338776033e-03
2.170284750571431585e-03
2.147196503504302575e-03
2.105833567742011487e-03
2.066588275416749148e-03
2.025477968833897576e-03
1.992012961226473453e-03
2.033468367470120820e-03
2.335034140689819324e-03
2.531153789837227268e-03
2.644928527211972379e-03
2.644928527211972379e-03
2.560918422152220000e-03
2.447852454298669357e-03
2.399824538827479217e-03
2.359376122474553337e-03
2.304981479985498613e-03
2.245688245968260541e-03
2.169210840068894631e-03
2.169282234115887508e-03
2.261257497841524539e-03
2.374024539793052457e-03
2.374024539793052457e-03
2.374024539793052457e-03
2.426714260871090309e-03
2.449491135714503259e-03
2.402927690582436302e-03
2.294580258749949475e-03
2.155493788554603204e-03
2.084852290849053061e-03
2.089297350940550000e-03
2.137849103742036922e-03
2.251857002737024920e-03
2.251857002737024920e-03
2.195689118747338152e-03
2.089200257607314645e-03
1.979234327488314966e-03
2.017262116621362875e-03
2.130922627816412077e-03
2.273643857265154802e-03
2.293607055286920032e-03
2.258400163112821678e-03
2.166399940711628228e-03
2.075949909167049048e-03
2.075949909167049048e-03
1.960614848588458463e-03
1.879582177794623292e-03
1.870664877484028762e-03
1.907442298320595952e-03
1.938837192801321462e-03
1.950218784530985188e-03
1.912429593711778954e-03
1.876840052602993638e-03
1.901883774605304641e-03
1.962777068288670910e-03
