3.739585727453231812e-02
3.389581292867660522e-02
3.024747595191001892e-02
2.827671356499195099e-02
2.909505926072597504e-02
3.061810694634914398e-02
3.121903911232948303e-02
3.130298852920532227e-02
3.136839717626571655e-02
3.142592683434486389e-02
3.090261295437812805e-02
3.090261295437812805e-02
3.122971206903457642e-02
3.165342286229133606e-02
3.271326422691345215e-02
3.348860517144203186e-02
3.482080996036529541e-02
3.679279237985610962e-02
3.878939151763916016e-02
4.046926647424697876e-02
4.099611937999725342e-02
4.012344405055046082e-02
4.012344405055046082e-02
3.909782692790031433e-02
3.855533525347709656e-02
3.845489397644996643e-02
3.836609795689582825e-02
3.841742500662803650e-02
3.865435719490051270e-02
3.985900804400444031e-02
4.033861309289932251e-02
4.106733202934265137e-02
4.153114929795265198e-02
4.153114929795265198e-02
4.327182099223136902e-02
4.506617411971092224e-02
4.589580371975898743e-02
4.658169671893119812e-02
4.657414183020591736e-02
4.664319753646850586e-02
4.763096570968627930e-02
4.871400445699691772e-02
4.974792897701263428e-02
5.040848627686500549e-02
5.040848627686500549e-02
4.999946802854537964e-02
4.994788393378257751e-02
4.938762634992599487e-02
4.774604737758636475e-02
4.604931920766830444e-02
4.438636079430580139e-02
4.306067153811454773e-02
4.171404242515563965e-02
4.058611020445823669e-02
3.984463959932327271e-02
3.984463959932327271e-02
3.954400122165679932e-02
3.880897909402847290e-02
3.733610734343528748e-02
3.643060848116874695e-02
3.466919064521789551e-02
3.415920957922935486e-02
3.285448998212814331e-02
3.237505257129669189e-02
3.273050487041473389e-02
3.300145268440246582e-02
3.300145268440246582e-02
3.437115997076034546e-02
3.330992907285690308e-02
3.271421045064926147e-02
3.254582360386848450e-02
3.229739516973495483e-02
3.278587758541107178e-02
3.577178716659545898e-02
3.853891417384147644e-02
4.233871400356292725e-02
4.613225162029266357e-02
4.613225162029266357e-02
4.966193065047264099e-02
5.266252532601356506e-02
5.579971149563789368e-02
5.793115124106407166e-02
6.036177277565002441e-02
6.261129677295684814e-02
6.463398039340972900e-02
6.604076176881790161e-02
6.733289361000061035e-02
6.826358288526535034e-02
6.826358288526535034e-02
6.922726333141326904e-02
6.948740035295486450e-02
6.964545696973800659e-02
6.990885734558105469e-02
7.063805311918258667e-02
7.124970853328704834e-02
7.137392461299896240e-02
7.092899084091186523e-02
7.040725648403167725e-02
6.983935832977294922e-02
6.983935832977294922e-02
6.926945596933364868e-02
6.876368075609207153e-02
6.822845339775085449e-02
6.764456629753112793e-02
6.460824608802795410e-02
6.153219938278198242e-02
5.830631405115127563e-02
5.528689920902252197e-02
5.224416404962539673e-02
4.921820387244224548e-02
4.921820387244224548e-02
4.607895016670227051e-02
4.276743903756141663e-02
3.937944397330284119e-02
3.603882715106010437e-02
3.293957933783531189e-02
3.041034936904907227e-02
2.837017737329006195e-02
2.690654434263706207e-02
2.735850401222705841e-02
2.857221662998199463e-02
2.857221662998199463e-02
2.995097823441028595e-02
3.153221681714057922e-02
3.194944560527801514e-02
3.209237009286880493e-02
3.311184048652648926e-02
3.376597911119461060e-02
3.538971021771430969e-02
3.621223941445350647e-02
3.692315891385078430e-02
3.699901327490806580e-02
3.699901327490806580e-02
3.671388700604438782e-02
3.640596568584442139e-02
3.527676314115524292e-02
3.420243039727210999e-02
3.211580589413642883e-02
3.023531474173069000e-02
2.795384451746940613e-02
2.590909227728843689e-02
2.426929771900177002e-02
2.428491041064262390e-02
2.428491041064262390e-02
2.453164942562580109e-02
2.493116445839405060e-02
2.640722878277301788e-02
2.779040671885013580e-02
3.059187158942222595e-02
3.338402137160301208e-02
3.581796586513519287e-02
3.762936964631080627e-02
3.900064527988433838e-02
4.026819765567779541e-02
