2.333395741879940033e-02
2.333395741879940033e-02
2.366148866713047028e-02
2.376917004585266113e-02
2.379552461206912994e-02
2.400740049779415131e-02
2.449015900492668152e-02
2.470993250608444214e-02
2.485500834882259369e-02
2.493108622729778290e-02
2.508772537112236023e-02
2.531182020902633667e-02
2.531182020902633667e-02
2.550036087632179260e-02
2.555651031434535980e-02
2.560759149491786957e-02
2.565415948629379272e-02
2.558884024620056152e-02
2.545246109366416931e-02
2.530886419117450714e-02
2.509724162518978119e-02
2.468212693929672241e-02
2.421415783464908600e-02
