1.582420803606510162e-02
1.582420803606510162e-02
1.609579473733901978e-02
1.716948114335536957e-02
1.757140830159187317e-02
1.801570504903793335e-02
1.844500750303268433e-02
1.899665407836437225e-02
1.963352970778942108e-02
1.995806954801082611e-02
2.030447311699390411e-02
2.086557820439338684e-02
2.086557820439338684e-02
2.133098058402538300e-02
2.179076336324214935e-02
2.237615361809730530e-02
2.287967316806316376e-02
2.332109771668910980e-02
2.375964261591434479e-02
2.440373413264751434e-02
2.491534501314163208e-02
2.534879930317401886e-02
2.574774436652660370e-02
2.574774436652660370e-02
2.621562033891677856e-02
2.682727761566638947e-02
2.753769792616367340e-02
2.834580652415752411e-02
2.914431132376194000e-02
2.981153689324855804e-02
3.035717830061912537e-02
3.068441152572631836e-02
3.089564666152000427e-02
3.110116161406040192e-02
3.110116161406040192e-02
3.146434575319290161e-02
3.193094208836555481e-02
3.255246579647064209e-02
3.305153176188468933e-02
3.357220068573951721e-02
3.401325270533561707e-02
3.443466871976852417e-02
3.466730564832687378e-02
3.467041626572608948e-02
3.465924784541130066e-02
3.465924784541130066e-02
3.451855853199958801e-02
3.456469252705574036e-02
3.463648259639739990e-02
3.478754684329032898e-02
3.495915234088897705e-02
3.505808487534523010e-02
3.535081446170806885e-02
3.560198843479156494e-02
3.582660481333732605e-02
3.599513322114944458e-02
3.599513322114944458e-02
3.631058335304260254e-02
3.638921678066253662e-02
3.656132519245147705e-02
3.665343299508094788e-02
3.676187619566917419e-02
3.693602606654167175e-02
3.703051060438156128e-02
3.711010888218879700e-02
3.726379573345184326e-02
3.740827366709709167e-02
3.740827366709709167e-02
3.764628618955612183e-02
3.765860944986343384e-02
3.773846477270126343e-02
3.822876513004302979e-02
3.859668225049972534e-02
3.899142146110534668e-02
3.949904069304466248e-02
3.975123539566993713e-02
4.007882252335548401e-02
4.033754020929336548e-02
4.033754020929336548e-02
4.059762507677078247e-02
4.076966643333435059e-02
4.084663093090057373e-02
4.089488089084625244e-02
4.099310189485549927e-02
4.106853902339935303e-02
4.119478166103363037e-02
4.132707789540290833e-02
4.145589098334312439e-02
4.160135984420776367e-02
4.160135984420776367e-02
4.189396649599075317e-02
4.216293245553970337e-02
4.251498728990554810e-02
4.296815022826194763e-02
4.337750002741813660e-02
4.382773488759994507e-02
4.421957209706306458e-02
4.465995356440544128e-02
4.532038420438766479e-02
4.592654481530189514e-02
4.592654481530189514e-02
4.653067141771316528e-02
4.718495532870292664e-02
4.771728813648223877e-02
4.816945642232894897e-02
4.871089011430740356e-02
4.938942566514015198e-02
5.000064149498939514e-02
5.059036239981651306e-02
5.120757222175598145e-02
5.180449411273002625e-02
5.180449411273002625e-02
5.220472067594528198e-02
5.250115692615509033e-02
5.279300361871719360e-02
5.313752591609954834e-02
5.341419205069541931e-02
5.367445945739746094e-02
5.394081771373748779e-02
5.430526286363601685e-02
5.478557944297790527e-02
5.542001873254776001e-02
5.542001873254776001e-02
5.594160035252571106e-02
5.651504546403884888e-02
5.715206265449523926e-02
5.771681666374206543e-02
5.826460570096969604e-02
5.886220559477806091e-02
5.937839671969413757e-02
5.986396968364715576e-02
6.044606864452362061e-02
6.095671653747558594e-02
6.095671653747558594e-02
6.144749745726585388e-02
6.196226179599761963e-02
6.249011307954788208e-02
6.294065713882446289e-02
6.327863782644271851e-02
6.356144696474075317e-02
6.386519968509674072e-02
6.423079967498779297e-02
6.455399096012115479e-02
6.487081199884414673e-02
6.487081199884414673e-02
6.509794294834136963e-02
6.527623534202575684e-02
6.547436863183975220e-02
6.567163020372390747e-02
6.585895270109176636e-02
6.586369127035140991e-02
6.593944877386093140e-02
6.602392345666885376e-02
6.605686992406845093e-02
6.605686992406845093e-02
6.605686992406845093e-02
6.605955213308334351e-02
6.601025164127349854e-02
6.595856696367263794e-02
6.588158756494522095e-02
6.578090041875839233e-02
6.577371060848236084e-02
6.566622853279113770e-02
6.560751795768737793e-02
6.548856943845748901e-02
6.524159759283065796e-02
6.524159759283065796e-02
6.493357568979263306e-02
6.452790647745132446e-02
6.413040310144424438e-02
6.378777325153350830e-02
6.338732689619064331e-02
6.302948296070098877e-02
6.259314715862274170e-02
6.221248582005500793e-02
6.195172294974327087e-02
6.177612766623497009e-02
6.177612766623497009e-02
6.161291152238845825e-02
6.147403642535209656e-02
6.132578849792480469e-02
6.115794926881790161e-02
6.097854301333427429e-02
6.083889678120613098e-02
6.068238615989685059e-02
6.061891466379165649e-02
6.059562414884567261e-02
6.056190654635429382e-02
6.056190654635429382e-02
6.059653311967849731e-02
6.060490384697914124e-02
6.055192649364471436e-02
6.054713577032089233e-02
6.056865677237510681e-02
6.054728850722312927e-02
6.046859920024871826e-02
6.046361476182937622e-02
6.051833555102348328e-02
6.034097820520401001e-02
6.034097820520401001e-02
6.004271283745765686e-02
5.979916453361511230e-02
5.969970300793647766e-02
5.935626477003097534e-02
5.910116061568260193e-02
5.876102298498153687e-02
5.839033424854278564e-02
5.812601000070571899e-02
5.780547112226486206e-02
5.745735391974449158e-02
5.745735391974449158e-02
5.709402635693550110e-02
5.699578672647476196e-02
5.699939280748367310e-02
5.710348486900329590e-02
5.731590092182159424e-02
5.755959451198577881e-02
5.772821977734565735e-02
5.792021751403808594e-02
5.811269581317901611e-02
5.817399919033050537e-02
5.817399919033050537e-02
5.811002105474472046e-02
5.791682004928588867e-02
5.770730972290039062e-02
5.748847499489784241e-02
5.707237124443054199e-02
5.663136392831802368e-02
5.615832284092903137e-02
5.563348531723022461e-02
5.563348531723022461e-02
5.508203804492950439e-02
5.508203804492950439e-02
5.452736467123031616e-02
5.390805751085281372e-02
5.331875756382942200e-02
5.279441177845001221e-02
5.233814567327499390e-02
5.188642442226409912e-02
5.167215317487716675e-02
5.150786414742469788e-02
5.142332613468170166e-02
5.152167007327079773e-02
5.152167007327079773e-02
5.160180851817131042e-02
5.162845179438591003e-02
5.169429630041122437e-02
5.172492191195487976e-02
5.185528472065925598e-02
5.188655108213424683e-02
5.167881399393081665e-02
5.143721774220466614e-02
5.108471214771270752e-02
5.075910687446594238e-02
5.075910687446594238e-02
5.042741075158119202e-02
5.012747645378112793e-02
4.993085190653800964e-02
4.974026232957839966e-02
4.961065575480461121e-02
4.931813105940818787e-02
4.906360059976577759e-02
4.886001721024513245e-02
4.877672344446182251e-02
4.877042025327682495e-02
4.877042025327682495e-02
4.872026294469833374e-02
4.867902025580406189e-02
4.867902025580406189e-02
4.867902025580406189e-02
4.849573969841003418e-02
4.830075055360794067e-02
4.815444722771644592e-02
4.789509251713752747e-02
4.765573516488075256e-02
4.744670167565345764e-02
4.744670167565345764e-02
4.735254123806953430e-02
4.724962636828422546e-02
4.722482711076736450e-02
4.715118557214736938e-02
4.728154838085174561e-02
4.725889861583709717e-02
4.736478999257087708e-02
4.743294045329093933e-02
4.759405925869941711e-02
4.756840690970420837e-02
4.756840690970420837e-02
4.774318262934684753e-02
4.800515621900558472e-02
4.826650023460388184e-02
4.855025932192802429e-02
4.888290166854858398e-02
4.929791018366813660e-02
4.958630725741386414e-02
4.978306218981742859e-02
4.989258199930191040e-02
4.991738125681877136e-02
4.991738125681877136e-02
4.980546236038208008e-02
4.972523078322410583e-02
4.940751940011978149e-02
4.907762631773948669e-02
4.878839105367660522e-02
4.841864109039306641e-02
4.813869670033454895e-02
4.798057675361633301e-02
4.787591099739074707e-02
4.781181365251541138e-02
4.781181365251541138e-02
4.779646173119544983e-02
4.755832254886627197e-02
4.731574282050132751e-02
4.682367667555809021e-02
4.603040590882301331e-02
4.531776905059814453e-02
4.474963992834091187e-02
4.424751922488212585e-02
4.390272498130798340e-02
4.367303103208541870e-02
4.367303103208541870e-02
4.336604103446006775e-02
4.307948797941207886e-02
4.269311577081680298e-02
4.229743406176567078e-02
4.186224564909934998e-02
4.144459590315818787e-02
4.098815843462944031e-02
4.122110828757286072e-02
4.139844700694084167e-02
4.157325997948646545e-02
4.157325997948646545e-02
4.155904799699783325e-02
4.138914495706558228e-02
4.109597951173782349e-02
4.075874388217926025e-02
4.047515988349914551e-02
4.033550992608070374e-02
4.028815776109695435e-02
4.030509665608406067e-02
4.037529602646827698e-02
4.048413410782814026e-02
4.048413410782814026e-02
4.067203402519226074e-02
4.084340482950210571e-02
4.104661941528320312e-02
4.121647775173187256e-02
4.131458327174186707e-02
4.141127318143844604e-02
4.138022288680076599e-02
4.126957803964614868e-02
4.111846908926963806e-02
4.095091670751571655e-02
4.095091670751571655e-02
4.077348485589027405e-02
4.070943593978881836e-02
4.077512398362159729e-02
4.093882441520690918e-02
4.103059321641921997e-02
4.122768715023994446e-02
4.141245409846305847e-02
4.155875369906425476e-02
4.169914871454238892e-02
4.185122624039649963e-02
4.185122624039649963e-02
4.195841401815414429e-02
4.187059402465820312e-02
4.169753193855285645e-02
4.151449725031852722e-02
4.134853929281234741e-02
4.116148129105567932e-02
4.102763533592224121e-02
4.096139594912528992e-02
4.092899337410926819e-02
4.090278223156929016e-02
4.090278223156929016e-02
4.085446149110794067e-02
4.080613702535629272e-02
4.073318466544151306e-02
4.066090285778045654e-02
4.054695740342140198e-02
4.052638635039329529e-02
4.038859158754348755e-02
4.028507322072982788e-02
4.004624113440513611e-02
3.985118865966796875e-02
3.985118865966796875e-02
3.957120329141616821e-02
3.932316973805427551e-02
3.910788521170616150e-02
3.888712078332901001e-02
3.868189081549644470e-02
3.852253034710884094e-02
3.828866779804229736e-02
3.812606260180473328e-02
3.794009611010551453e-02
3.792079538106918335e-02
3.792079538106918335e-02
3.788508847355842590e-02
3.781951591372489929e-02
3.783012926578521729e-02
3.788400068879127502e-02
3.790182992815971375e-02
3.779437392950057983e-02
3.766612336039543152e-02
3.745651245117187500e-02
3.724936395883560181e-02
3.703372552990913391e-02
3.703372552990913391e-02
3.680717572569847107e-02
3.657975420355796814e-02
3.641473129391670227e-02
3.641673550009727478e-02
3.648294508457183838e-02
3.658986464142799377e-02
3.678693249821662903e-02
3.675349801778793335e-02
3.677851334214210510e-02
3.659861162304878235e-02
3.659861162304878235e-02
3.654038533568382263e-02
3.644940257072448730e-02
3.647841513156890869e-02
3.655776381492614746e-02
3.681715950369834900e-02
3.703182563185691833e-02
3.714543581008911133e-02
3.734625503420829773e-02
3.743834421038627625e-02
3.748441860079765320e-02
3.748441860079765320e-02
3.752027451992034912e-02
3.757267072796821594e-02
3.787384182214736938e-02
3.828411549329757690e-02
3.872235864400863647e-02
3.919472172856330872e-02
3.968932107090950012e-02
4.028047248721122742e-02
4.093777015805244446e-02
4.157162085175514221e-02
4.157162085175514221e-02
4.220612719655036926e-02
4.278043657541275024e-02
4.316448792815208435e-02
4.360548779368400574e-02
4.442566633224487305e-02
4.513127729296684265e-02
4.576947912573814392e-02
4.630399495363235474e-02
4.675427079200744629e-02
4.716667532920837402e-02
4.716667532920837402e-02
4.750497266650199890e-02
4.781108722090721130e-02
4.822916910052299500e-02
4.870723187923431396e-02
4.908621683716773987e-02
4.942553862929344177e-02
4.977612197399139404e-02
5.019883438944816589e-02
5.071546882390975952e-02
5.119303613901138306e-02
5.119303613901138306e-02
5.164491385221481323e-02
5.202494561672210693e-02
5.230974778532981873e-02
5.255092680454254150e-02
5.276744812726974487e-02
5.287925899028778076e-02
5.288045108318328857e-02
5.290685594081878662e-02
5.293775722384452820e-02
5.294681712985038757e-02
5.294681712985038757e-02
5.303436517715454102e-02
5.315783619880676270e-02
5.318114906549453735e-02
5.325949937105178833e-02
5.339603498578071594e-02
5.359575152397155762e-02
5.376571044325828552e-02
5.399714037775993347e-02
5.419850349426269531e-02
5.446150153875350952e-02
5.446150153875350952e-02
5.464276298880577087e-02
5.484039708971977234e-02
5.511583760380744934e-02
5.539087951183319092e-02
5.571122467517852783e-02
5.603864043951034546e-02
5.637065321207046509e-02
5.666156858205795288e-02
5.685517191886901855e-02
5.702824518084526062e-02
5.702824518084526062e-02
5.703031271696090698e-02
5.694226548075675964e-02
5.688446387648582458e-02
5.691223219037055969e-02
5.692258104681968689e-02
5.696891248226165771e-02
5.706053599715232849e-02
5.722954496741294861e-02
5.746792256832122803e-02
5.757780000567436218e-02
5.757780000567436218e-02
5.770499259233474731e-02
5.777876451611518860e-02
5.786600336432456970e-02
5.782335624098777771e-02
5.785658583045005798e-02
5.792990326881408691e-02
5.810288712382316589e-02
5.823076516389846802e-02
5.827533826231956482e-02
5.849023535847663879e-02
5.849023535847663879e-02
5.873339250683784485e-02
5.895348265767097473e-02
5.916648358106613159e-02
5.925596877932548523e-02
5.930247530341148376e-02
5.934560671448707581e-02
5.947973951697349548e-02
5.961501225829124451e-02
5.974848568439483643e-02
5.990665405988693237e-02
5.990665405988693237e-02
6.010863929986953735e-02
6.028595566749572754e-02
6.044276058673858643e-02
6.056534871459007263e-02
6.077075749635696411e-02
6.102066859602928162e-02
6.122092157602310181e-02
6.141995266079902649e-02
6.158597767353057861e-02
6.179922819137573242e-02
6.179922819137573242e-02
6.193476170301437378e-02
6.201380491256713867e-02
6.208723783493041992e-02
6.226558983325958252e-02
6.246094033122062683e-02
6.272421032190322876e-02
6.294944137334823608e-02
6.323913484811782837e-02
6.348298490047454834e-02
6.381304562091827393e-02
6.381304562091827393e-02
6.412863731384277344e-02
6.430388987064361572e-02
6.444421410560607910e-02
6.464219093322753906e-02
6.486985087394714355e-02
6.504350900650024414e-02
6.517139822244644165e-02
6.524752080440521240e-02
6.526822596788406372e-02
6.520382314920425415e-02
6.520382314920425415e-02
6.523395329713821411e-02
6.532113999128341675e-02
6.542898714542388916e-02
6.555112451314926147e-02
6.566099822521209717e-02
6.583703309297561646e-02
6.602767854928970337e-02
6.621500104665756226e-02
6.635703891515731812e-02
6.647454947233200073e-02
6.647454947233200073e-02
6.662110239267349243e-02
6.683538109064102173e-02
6.708638370037078857e-02
6.737370789051055908e-02
6.775867193937301636e-02
6.808023899793624878e-02
6.836932152509689331e-02
6.862480193376541138e-02
6.892816722393035889e-02
6.921161711215972900e-02
6.921161711215972900e-02
6.948149949312210083e-02
6.974196434020996094e-02
6.999369710683822632e-02
7.022643089294433594e-02
7.063309848308563232e-02
7.096911966800689697e-02
7.121463865041732788e-02
7.143044471740722656e-02
7.163345068693161011e-02
7.174719870090484619e-02
7.174719870090484619e-02
7.190560549497604370e-02
7.208648324012756348e-02
7.223955541849136353e-02
7.234737277030944824e-02
7.240619510412216187e-02
7.241578400135040283e-02
7.238313555717468262e-02
7.236456871032714844e-02
7.242057472467422485e-02
7.249417901039123535e-02
7.249417901039123535e-02
7.247947901487350464e-02
7.250017672777175903e-02
7.252566516399383545e-02
7.258169353008270264e-02
7.263682037591934204e-02
7.270168513059616089e-02
7.282821834087371826e-02
7.305248826742172241e-02
7.327643036842346191e-02
7.348845154047012329e-02
7.348845154047012329e-02
7.365312427282333374e-02
7.382471859455108643e-02
7.394255697727203369e-02
7.404264807701110840e-02
7.417683303356170654e-02
7.429704070091247559e-02
7.448168843984603882e-02
7.459003478288650513e-02
7.470916211605072021e-02
7.470771670341491699e-02
7.470771670341491699e-02
7.471954822540283203e-02
7.477313280105590820e-02
7.477328181266784668e-02
7.481545954942703247e-02
7.479246705770492554e-02
7.488092780113220215e-02
7.489280402660369873e-02
7.496208697557449341e-02
7.503651082515716553e-02
7.503651082515716553e-02
7.503651082515716553e-02
7.507752627134323120e-02
7.515393197536468506e-02
7.529494911432266235e-02
7.536126673221588135e-02
7.529528439044952393e-02
7.520508021116256714e-02
7.506477832794189453e-02
7.499272376298904419e-02
7.502018660306930542e-02
7.506477832794189453e-02
7.506477832794189453e-02
7.509049773216247559e-02
7.500168681144714355e-02
7.488162070512771606e-02
7.480027526617050171e-02
7.464081048965454102e-02
7.448197901248931885e-02
7.434064149856567383e-02
7.428514957427978516e-02
7.437412440776824951e-02
7.445324957370758057e-02
7.445324957370758057e-02
7.456175237894058228e-02
7.471730560064315796e-02
7.489977777004241943e-02
7.533296197652816772e-02
7.570957392454147339e-02
7.608004659414291382e-02
7.625149190425872803e-02
7.639557123184204102e-02
7.654187083244323730e-02
7.668147981166839600e-02
7.668147981166839600e-02
7.677339017391204834e-02
7.683900743722915649e-02
7.685308158397674561e-02
7.691519707441329956e-02
7.703121751546859741e-02
7.713845372200012207e-02
7.728952169418334961e-02
7.746928930282592773e-02
7.761433720588684082e-02
7.774898409843444824e-02
7.774898409843444824e-02
7.788930088281631470e-02
7.800294458866119385e-02
7.806945592164993286e-02
7.822100818157196045e-02
7.822100818157196045e-02
7.839749753475189209e-02
7.848300039768218994e-02
7.857670634984970093e-02
7.862400263547897339e-02
7.867086678743362427e-02
