4.418726265430450439e-02
4.418726265430450439e-02
4.281639307737350464e-02
4.171109199523925781e-02
4.111855104565620422e-02
4.092179983854293823e-02
4.121301323175430298e-02
4.175715893507003784e-02
4.224618524312973022e-02
4.232309758663177490e-02
4.232397675514221191e-02
4.212674871087074280e-02
4.212674871087074280e-02
4.180688783526420593e-02
4.133905097842216492e-02
4.088820517063140869e-02
4.040850698947906494e-02
3.975157067179679871e-02
3.893686458468437195e-02
3.835929185152053833e-02
3.753831237554550171e-02
3.681154176592826843e-02
3.620371595025062561e-02
