2.835668250918388367e-02
2.835668250918388367e-02
2.672753483057022095e-02
2.526028081774711609e-02
2.375706844031810760e-02
2.248383685946464539e-02
2.120238542556762695e-02
2.008552849292755127e-02
1.935224980115890503e-02
1.856978051364421844e-02
1.795584149658679962e-02
1.795584149658679962e-02
1.795584149658679962e-02
1.756603643298149109e-02
1.720799133181571960e-02
1.664265058934688568e-02
1.626264676451683044e-02
1.591456308960914612e-02
1.551968231797218323e-02
1.516746357083320618e-02
1.459576934576034546e-02
1.402547117322683334e-02
1.351013593375682831e-02
1.351013593375682831e-02
1.299332920461893082e-02
1.257518865168094635e-02
1.218793075531721115e-02
1.160870399326086044e-02
1.115269027650356293e-02
1.073456462472677231e-02
1.042919699102640152e-02
1.051835622638463974e-02
1.052215322852134705e-02
1.045497693121433258e-02
1.045497693121433258e-02
1.042635738849639893e-02
1.048589125275611877e-02
1.062690466642379761e-02
1.076644100248813629e-02
1.086852606385946274e-02
1.097075268626213074e-02
1.116694323718547821e-02
1.136899366974830627e-02
1.166992541402578354e-02
1.213831920176744461e-02
1.213831920176744461e-02
1.251175347715616226e-02
1.275053247809410095e-02
1.279217097908258438e-02
1.278926432132720947e-02
1.268031448125839233e-02
1.257937401533126831e-02
1.247878000140190125e-02
1.216956228017807007e-02
1.192353572696447372e-02
1.167709846049547195e-02
1.167709846049547195e-02
1.133162248879671097e-02
1.087089534848928452e-02
1.042963191866874695e-02
1.003657188266515732e-02
9.558086283504962921e-03
9.132768027484416962e-03
8.701238781213760376e-03
8.108291774988174438e-03
7.540477439761161804e-03
7.081738207489252090e-03
7.081738207489252090e-03
6.695232354104518890e-03
6.455511320382356644e-03
6.316779181361198425e-03
5.952566396445035934e-03
5.415426567196846008e-03
4.810562357306480408e-03
4.134335555136203766e-03
3.683440852910280228e-03
3.377825720235705376e-03
3.259558463469147682e-03
3.259558463469147682e-03
3.197131445631384850e-03
3.435432910919189453e-03
3.637145273387432098e-03
3.868458326905965805e-03
3.993532620370388031e-03
4.181743599474430084e-03
4.508663434535264969e-03
4.956576041877269745e-03
5.611544009298086166e-03
6.361001636832952499e-03
6.361001636832952499e-03
7.057398557662963867e-03
7.707453332841396332e-03
8.416648022830486298e-03
9.206883609294891357e-03
9.999023750424385071e-03
1.045742630958557129e-02
1.078743766993284225e-02
1.103283837437629700e-02
1.123162824660539627e-02
1.118036638945341110e-02
1.118036638945341110e-02
1.104549132287502289e-02
1.080410834401845932e-02
1.054370868951082230e-02
1.031600497663021088e-02
1.013907976448535919e-02
9.894344024360179901e-03
9.672553278505802155e-03
9.565911255776882172e-03
9.412505663931369781e-03
9.303746744990348816e-03
9.303746744990348816e-03
9.262558072805404663e-03
9.292204864323139191e-03
9.424767456948757172e-03
9.594008326530456543e-03
9.815171360969543457e-03
1.000609900802373886e-02
1.019701641052961349e-02
1.022065430879592896e-02
1.030466984957456589e-02
1.017080899327993393e-02
1.017080899327993393e-02
1.015376672148704529e-02
1.021774485707283020e-02
1.021886430680751801e-02
1.007143035531044006e-02
9.705704636871814728e-03
9.420988149940967560e-03
9.134015068411827087e-03
9.096794761717319489e-03
8.960169740021228790e-03
8.748566731810569763e-03
8.748566731810569763e-03
8.720987476408481598e-03
8.643199689686298370e-03
8.524898439645767212e-03
8.415590040385723114e-03
8.171494118869304657e-03
8.044416084885597229e-03
8.120492100715637207e-03
8.379252627491950989e-03
8.770399726927280426e-03
9.168892167508602142e-03
9.168892167508602142e-03
9.733811020851135254e-03
1.048496551811695099e-02
1.122706942260265350e-02
1.203883253037929535e-02
1.285346224904060364e-02
1.364618539810180664e-02
1.431535836309194565e-02
1.491272822022438049e-02
1.539589930325746536e-02
1.568242907524108887e-02
1.568242907524108887e-02
1.588223315775394440e-02
1.617369987070560455e-02
1.643569767475128174e-02
1.666765660047531128e-02
1.688314974308013916e-02
1.712691225111484528e-02
1.730144023895263672e-02
1.753941737115383148e-02
1.769398339092731476e-02
1.782499626278877258e-02
1.782499626278877258e-02
1.774871349334716797e-02
1.794860512018203735e-02
1.822401769459247589e-02
1.852941326797008514e-02
1.874595135450363159e-02
1.892785355448722839e-02
1.903022825717926025e-02
1.906974986195564270e-02
1.909644715487957001e-02
1.913890615105628967e-02
1.913890615105628967e-02
1.929745636880397797e-02
1.947710290551185608e-02
1.950747705996036530e-02
1.954754814505577087e-02
1.955727860331535339e-02
1.963711529970169067e-02
1.956916041672229767e-02
1.952066272497177124e-02
1.945889368653297424e-02
1.912108808755874634e-02
1.912108808755874634e-02
1.903296075761318207e-02
1.885202527046203613e-02
1.857429742813110352e-02
1.826596632599830627e-02
1.791720464825630188e-02
1.757529005408287048e-02
1.737141795456409454e-02
1.733213290572166443e-02
1.729406975209712982e-02
1.726933941245079041e-02
1.726933941245079041e-02
1.720735244452953339e-02
1.714605279266834259e-02
1.708405278623104095e-02
1.715945452451705933e-02
1.752723567187786102e-02
1.785208843648433685e-02
1.801222562789916992e-02
1.813874393701553345e-02
1.819031313061714172e-02
1.805765926837921143e-02
1.805765926837921143e-02
1.871665194630622864e-02
1.929173991084098816e-02
1.987545192241668701e-02
2.045250311493873596e-02
2.111979201436042786e-02
2.173852175474166870e-02
2.215929888188838959e-02
2.254632301628589630e-02
2.294554375112056732e-02
2.338347025215625763e-02
2.338347025215625763e-02
2.385659888386726379e-02
2.429852262139320374e-02
2.463924884796142578e-02
2.477524057030677795e-02
2.467364817857742310e-02
2.451619319617748260e-02
2.424388751387596130e-02
2.401209063827991486e-02
2.376530133187770844e-02
2.350966073572635651e-02
2.350966073572635651e-02
2.315455302596092224e-02
2.275869622826576233e-02
2.243353240191936493e-02
2.211024798452854156e-02
2.171920798718929291e-02
2.135725319385528564e-02
2.106694877147674561e-02
2.077550813555717468e-02
2.058384008705615997e-02
2.054475806653499603e-02
2.054475806653499603e-02
2.057901583611965179e-02
2.060389891266822815e-02
2.058305405080318451e-02
2.057853154838085175e-02
2.052752859890460968e-02
2.036714553833007812e-02
2.015641704201698303e-02
1.992894150316715240e-02
1.975355483591556549e-02
1.955321244895458221e-02
1.955321244895458221e-02
1.925482787191867828e-02
1.890288479626178741e-02
1.852034032344818115e-02
1.822677440941333771e-02
1.806429587304592133e-02
1.798009872436523438e-02
1.798418536782264709e-02
1.794784329831600189e-02
1.831229031085968018e-02
1.852430030703544617e-02
1.852430030703544617e-02
1.865193247795104980e-02
1.869251579046249390e-02
1.876953989267349243e-02
1.888410188257694244e-02
1.903001032769680023e-02
1.914023794233798981e-02
1.909144781529903412e-02
1.896982267498970032e-02
1.877036318182945251e-02
1.854551210999488831e-02
1.854551210999488831e-02
1.833832450211048126e-02
1.829174533486366272e-02
1.827120222151279449e-02
1.820117793977260590e-02
1.810455322265625000e-02
1.796059124171733856e-02
1.780817285180091858e-02
1.770933344960212708e-02
1.778558455407619476e-02
1.796638034284114838e-02
1.796638034284114838e-02
1.804562285542488098e-02
1.796638965606689453e-02
1.790048927068710327e-02
1.785366795957088470e-02
1.789344847202301025e-02
1.801492273807525635e-02
1.815273053944110870e-02
1.826046593487262726e-02
1.838806830346584320e-02
1.846866682171821594e-02
1.846866682171821594e-02
1.855362020432949066e-02
1.869671791791915894e-02
1.865943334996700287e-02
1.861462555825710297e-02
1.850655302405357361e-02
1.843404583632946014e-02
1.819457486271858215e-02
1.786511391401290894e-02
1.748472824692726135e-02
1.710215024650096893e-02
1.710215024650096893e-02
1.679915748536586761e-02
1.665874011814594269e-02
1.658883877098560333e-02
1.656793989241123199e-02
1.657387427985668182e-02
1.657271198928356171e-02
1.658968999981880188e-02
1.671401970088481903e-02
1.681448891758918762e-02
1.694425567984580994e-02
1.694425567984580994e-02
1.713340170681476593e-02
1.728957891464233398e-02
1.647143252193927765e-02
1.595287024974822998e-02
1.595287024974822998e-02
1.574091054499149323e-02
1.569696888327598572e-02
1.576637476682662964e-02
1.589967869222164154e-02
1.605293713510036469e-02
1.605293713510036469e-02
1.624492369592189789e-02
1.642191410064697266e-02
1.670015789568424225e-02
1.714393310248851776e-02
1.770216226577758789e-02
1.818856969475746155e-02
1.864898018538951874e-02
1.887305080890655518e-02
1.892333664000034332e-02
1.887712068855762482e-02
1.887712068855762482e-02
1.871745660901069641e-02
1.864988356828689575e-02
1.859329640865325928e-02
1.846156828105449677e-02
1.827605441212654114e-02
1.795929856598377228e-02
1.742922514677047729e-02
1.712315157055854797e-02
1.708112284541130066e-02
1.741284318268299103e-02
1.741284318268299103e-02
1.773363165557384491e-02
1.801531389355659485e-02
1.830306649208068848e-02
1.857000775635242462e-02
1.920647919178009033e-02
1.975281350314617157e-02
2.021195180714130402e-02
2.057720534503459930e-02
2.081015519797801971e-02
2.082840353250503540e-02
2.082840353250503540e-02
2.073493599891662598e-02
2.053919620811939240e-02
2.031257376074790955e-02
2.011643908917903900e-02
1.991210319101810455e-02
1.974693313241004944e-02
1.961763016879558563e-02
1.950497739017009735e-02
1.953732781112194061e-02
1.963359490036964417e-02
1.963359490036964417e-02
1.981460489332675934e-02
1.997716911137104034e-02
2.004784718155860901e-02
2.000095322728157043e-02
1.991944760084152222e-02
1.988742128014564514e-02
1.979145407676696777e-02
2.013977430760860443e-02
1.973302289843559265e-02
1.932907849550247192e-02
1.932907849550247192e-02
1.894595287740230560e-02
1.870536804199218750e-02
1.875505410134792328e-02
1.892845705151557922e-02
1.915466412901878357e-02
1.923289336264133453e-02
1.913819462060928345e-02
1.891570910811424255e-02
1.862177811563014984e-02
1.831325329840183258e-02
1.831325329840183258e-02
1.803949847817420959e-02
1.789380982518196106e-02
1.790943369269371033e-02
1.795488595962524414e-02
1.798214018344879150e-02
1.805431768298149109e-02
1.800464466214179993e-02
1.799978315830230713e-02
1.803876645863056183e-02
1.809853501617908478e-02
1.809853501617908478e-02
1.811613328754901886e-02
1.814604364335536957e-02
1.828263141214847565e-02
1.852711476385593414e-02
1.885535567998886108e-02
1.918241940438747406e-02
1.948386244475841522e-02
1.981303095817565918e-02
2.003742754459381104e-02
2.021609619259834290e-02
2.021609619259834290e-02
2.042400836944580078e-02
2.074508182704448700e-02
2.113017253577709198e-02
2.140587382018566132e-02
2.165988273918628693e-02
2.181748859584331512e-02
2.184357307851314545e-02
2.185263484716415405e-02
2.184219658374786377e-02
2.186028100550174713e-02
