1.268622837960720062e-02
1.784200780093669891e-02
2.089931443333625793e-02
1.872337237000465393e-02
1.676215045154094696e-02
1.621630787849426270e-02
1.534342020750045776e-02
1.499951351433992386e-02
1.462849136441946030e-02
1.464244630187749863e-02
1.645772531628608704e-02
1.645772531628608704e-02
1.824420504271984100e-02
1.900975219905376434e-02
1.990505307912826538e-02
2.061615511775016785e-02
2.156846970319747925e-02
2.251392230391502380e-02
2.291230484843254089e-02
2.345904707908630371e-02
2.401991561055183411e-02
2.474674955010414124e-02
2.474674955010414124e-02
2.598451077938079834e-02
2.738919667899608612e-02
2.910448797047138214e-02
3.060938231647014618e-02
3.174456581473350525e-02
3.306461498141288757e-02
3.269132971763610840e-02
3.152265772223472595e-02
2.987274527549743652e-02
2.873842976987361908e-02
2.873842976987361908e-02
2.709058672189712524e-02
2.649665623903274536e-02
2.695839479565620422e-02
2.764222212135791779e-02
2.790187112987041473e-02
2.859747409820556641e-02
2.928784303367137909e-02
3.016558289527893066e-02
3.113872930407524109e-02
3.186162188649177551e-02
3.186162188649177551e-02
3.311217576265335083e-02
3.292860090732574463e-02
3.330625966191291809e-02
3.378886356949806213e-02
3.495874628424644470e-02
3.631134331226348877e-02
3.794576227664947510e-02
3.862547501921653748e-02
3.942357376217842102e-02
4.047942161560058594e-02
4.047942161560058594e-02
4.081791639328002930e-02
4.054575785994529724e-02
4.026720300316810608e-02
3.995421901345252991e-02
3.967425972223281860e-02
3.962327912449836731e-02
3.927690535783767700e-02
3.859509527683258057e-02
3.767478466033935547e-02
3.704889118671417236e-02
3.704889118671417236e-02
3.657368943095207214e-02
3.698741644620895386e-02
3.704658895730972290e-02
3.807797655463218689e-02
3.879615664482116699e-02
3.939387202262878418e-02
3.995589539408683777e-02
4.058594629168510437e-02
4.137584939599037170e-02
4.239491745829582214e-02
4.239491745829582214e-02
4.318545386195182800e-02
4.280362650752067566e-02
4.247912392020225525e-02
4.267046228051185608e-02
4.292101040482521057e-02
4.341185465455055237e-02
4.333673790097236633e-02
4.369932413101196289e-02
4.428137466311454773e-02
4.473605379462242126e-02
4.473605379462242126e-02
4.510730132460594177e-02
4.485303163528442383e-02
4.463603347539901733e-02
4.435856640338897705e-02
4.443347826600074768e-02
4.470519721508026123e-02
4.567418619990348816e-02
4.679900035262107849e-02
4.779952391982078552e-02
4.849068447947502136e-02
4.849068447947502136e-02
4.964499175548553467e-02
5.018727481365203857e-02
5.060105398297309875e-02
5.059786140918731689e-02
4.990572109818458557e-02
4.974731430411338806e-02
4.975992441177368164e-02
5.008462816476821899e-02
5.030065774917602539e-02
5.109886080026626587e-02
5.109886080026626587e-02
5.194121226668357849e-02
5.251630395650863647e-02
5.217320099472999573e-02
5.076909065246582031e-02
4.913502186536788940e-02
4.891315847635269165e-02
4.909955337643623352e-02
4.891892895102500916e-02
4.810700193047523499e-02
4.725451022386550903e-02
4.725451022386550903e-02
4.535867273807525635e-02
4.328657314181327820e-02
4.061177372932434082e-02
3.837992250919342041e-02
3.656274452805519104e-02
3.450084477663040161e-02
3.314933553338050842e-02
3.129254654049873352e-02
2.961305715143680573e-02
2.817879989743232727e-02
2.817879989743232727e-02
2.636130899190902710e-02
2.481571026146411896e-02
2.385808341205120087e-02
2.327648550271987915e-02
2.312882430851459503e-02
2.298822067677974701e-02
2.342293784022331238e-02
2.375962212681770325e-02
2.395036071538925171e-02
2.388339117169380188e-02
