2.652855309055315164e-02
2.652855309055315164e-02
2.709742428485080110e-02
2.645724901375133206e-02
2.600754663471505426e-02
2.559152965851645492e-02
2.564437672556187792e-02
2.568493426017090520e-02
2.580568882746502035e-02
2.582771947466115658e-02
2.599281126957399962e-02
2.623637856190469755e-02
2.623637856190469755e-02
2.630777761906446036e-02
2.637708682381818825e-02
2.634354468478720956e-02
2.634833264376806178e-02
2.645696967904613561e-02
2.649624497357323458e-02
2.644244637279641319e-02
2.622812095475077557e-02
2.594302772560686671e-02
2.637724345059339406e-02
