1.780464127659797668e-02
1.676565781235694885e-02
1.543028187006711960e-02
1.439109817147254944e-02
1.335641741752624512e-02
1.230738591402769089e-02
1.143129542469978333e-02
1.100854855030775070e-02
1.048704888671636581e-02
1.011569797992706299e-02
9.850585833191871643e-03
9.850585833191871643e-03
9.631880559027194977e-03
9.294042363762855530e-03
8.878802880644798279e-03
8.781934157013893127e-03
8.613118901848793030e-03
8.341182023286819458e-03
7.959730923175811768e-03
7.449762895703315735e-03
7.059182040393352509e-03
6.711918860673904419e-03
6.711918860673904419e-03
6.327829323709011078e-03
5.873791407793760300e-03
5.339507944881916046e-03
4.849582444876432419e-03
4.425677005201578140e-03
4.020463209599256516e-03
3.669914091005921364e-03
3.388783894479274750e-03
3.132005454972386360e-03
2.887226175516843796e-03
2.887226175516843796e-03
2.695086179301142693e-03
2.512539969757199287e-03
2.326063113287091255e-03
2.279144711792469025e-03
2.164008794352412224e-03
2.045954577624797821e-03
1.947163487784564495e-03
1.755226636305451393e-03
1.241260324604809284e-03
1.055652159266173840e-03
1.055652159266173840e-03
9.726448333822190762e-04
9.444413008168339729e-04
9.739810484461486340e-04
1.092233113013207912e-03
1.224151114001870155e-03
1.447107875719666481e-03
1.716359285637736320e-03
1.906552584841847420e-03
2.032557735219597816e-03
2.150240819901227951e-03
2.150240819901227951e-03
2.035333076491951942e-03
1.988344592973589897e-03
1.929392106831073761e-03
1.829030341468751431e-03
1.759607461281120777e-03
1.739734085276722908e-03
1.786487991921603680e-03
1.870635314844548702e-03
2.017257967963814735e-03
2.302570035681128502e-03
2.302570035681128502e-03
2.572538796812295914e-03
2.791429869830608368e-03
2.943858271464705467e-03
3.141327993944287300e-03
3.351025050505995750e-03
3.567797830328345299e-03
3.695347812026739120e-03
3.764763940125703812e-03
3.911153413355350494e-03
4.045254085212945938e-03
4.045254085212945938e-03
4.176641348749399185e-03
4.271804355084896088e-03
4.550430458039045334e-03
4.909005947411060333e-03
5.329161882400512695e-03
5.779792554676532745e-03
6.123250816017389297e-03
6.405451800674200058e-03
6.605220958590507507e-03
6.740633398294448853e-03
6.740633398294448853e-03
6.912710610777139664e-03
7.160203065723180771e-03
7.297351490706205368e-03
7.274010684341192245e-03
7.155016530305147171e-03
7.092786487191915512e-03
6.979610770940780640e-03
6.921026855707168579e-03
6.815636530518531799e-03
6.789952050894498825e-03
6.789952050894498825e-03
6.807920057326555252e-03
6.829320453107357025e-03
6.921685300767421722e-03
7.045185659080743790e-03
7.199333515018224716e-03
7.423594594001770020e-03
7.728511467576026917e-03
7.969525642693042755e-03
8.224262855947017670e-03
8.571414276957511902e-03
8.571414276957511902e-03
8.935596793889999390e-03
9.307291358709335327e-03
9.743710979819297791e-03
1.014267466962337494e-02
1.052924618124961853e-02
1.098276022821664810e-02
1.144365780055522919e-02
1.184671279042959213e-02
1.215789653360843658e-02
1.243934966623783112e-02
1.243934966623783112e-02
1.269496418535709381e-02
1.287391409277915955e-02
1.303900778293609619e-02
1.307008415460586548e-02
1.312196068465709686e-02
1.250093709677457809e-02
1.142947003245353699e-02
1.043247431516647339e-02
9.554014541208744049e-03
8.769141510128974915e-03
8.769141510128974915e-03
8.073548786342144012e-03
7.554214913398027420e-03
7.177583873271942139e-03
6.846757605671882629e-03
7.001642137765884399e-03
7.164909038692712784e-03
7.106811273843050003e-03
7.116659078747034073e-03
7.157774642109870911e-03
7.152658887207508087e-03
7.152658887207508087e-03
7.191978394985198975e-03
7.245213724672794342e-03
7.211804855614900589e-03
7.157018873840570450e-03
7.095980923622846603e-03
7.113051135092973709e-03
6.939677521586418152e-03
6.815013475716114044e-03
6.635211408138275146e-03
6.483872886747121811e-03
6.483872886747121811e-03
6.407591979950666428e-03
6.239297799766063690e-03
5.996163934469223022e-03
5.718013737350702286e-03
5.398158915340900421e-03
5.127065815031528473e-03
4.924685694277286530e-03
4.802657756954431534e-03
4.655055236071348190e-03
4.570634569972753525e-03
4.570634569972753525e-03
4.540730267763137817e-03
4.500522278249263763e-03
4.466557875275611877e-03
4.663450643420219421e-03
4.943730309605598450e-03
5.378935020416975021e-03
5.904207937419414520e-03
6.531021557748317719e-03
7.135288324207067490e-03
7.716260384768247604e-03
7.716260384768247604e-03
8.266259916126728058e-03
8.738830685615539551e-03
9.250038303434848785e-03
9.800514206290245056e-03
1.023500040173530579e-02
1.061014831066131592e-02
1.099327299743890762e-02
1.138617191463708878e-02
1.174404658377170563e-02
1.215738337486982346e-02
1.215738337486982346e-02
1.215738337486982346e-02
1.252897921949625015e-02
1.325672864913940430e-02
1.393546815961599350e-02
1.458081882447004318e-02
1.529587246477603912e-02
1.608392782509326935e-02
1.685034111142158508e-02
1.759043894708156586e-02
1.835459843277931213e-02
1.835459843277931213e-02
1.912477612495422363e-02
2.001674287021160126e-02
2.117102779448032379e-02
2.218756452202796936e-02
2.316372469067573547e-02
2.402652986347675323e-02
2.475991658866405487e-02
2.542835287749767303e-02
2.605627849698066711e-02
2.656554430723190308e-02
2.656554430723190308e-02
2.704543061554431915e-02
2.744319476187229156e-02
2.779139950871467590e-02
2.806883864104747772e-02
2.828214317560195923e-02
2.852463163435459137e-02
2.872370742261409760e-02
2.887343987822532654e-02
2.901607565581798553e-02
2.912047877907752991e-02
2.912047877907752991e-02
2.917114831507205963e-02
2.919915877282619476e-02
2.921330183744430542e-02
2.924784459173679352e-02
2.929375320672988892e-02
2.939364127814769745e-02
2.934913896024227142e-02
2.933102101087570190e-02
2.937590330839157104e-02
2.951585873961448669e-02
2.951585873961448669e-02
2.977208606898784637e-02
3.000707365572452545e-02
3.035842627286911011e-02
3.076741658151149750e-02
3.133763745427131653e-02
3.191859275102615356e-02
3.254902735352516174e-02
3.314848989248275757e-02
3.373235464096069336e-02
3.424955904483795166e-02
3.424955904483795166e-02
3.470362722873687744e-02
3.511065989732742310e-02
3.542505577206611633e-02
3.562095016241073608e-02
3.567083925008773804e-02
3.567903116345405579e-02
3.560861200094223022e-02
3.549433127045631409e-02
3.541670367121696472e-02
3.535169363021850586e-02
3.535169363021850586e-02
3.529342636466026306e-02
3.524708375334739685e-02
3.534158691763877869e-02
3.545530140399932861e-02
3.549533709883689880e-02
3.549601510167121887e-02
3.545320406556129456e-02
3.533205389976501465e-02
3.517103567719459534e-02
3.513754159212112427e-02
3.513754159212112427e-02
3.507925197482109070e-02
3.499150648713111877e-02
3.485446050763130188e-02
3.473081439733505249e-02
3.454526886343955994e-02
3.428708016872406006e-02
3.408604115247726440e-02
3.397242352366447449e-02
3.389218077063560486e-02
3.386822715401649475e-02
3.386822715401649475e-02
3.392054885625839233e-02
3.398908302187919617e-02
3.414398804306983948e-02
3.427908942103385925e-02
3.442737460136413574e-02
3.452443704009056091e-02
3.456662595272064209e-02
3.471365943551063538e-02
3.467878699302673340e-02
3.452707082033157349e-02
3.452707082033157349e-02
3.419943526387214661e-02
3.373742848634719849e-02
3.320796042680740356e-02
3.272788226604461670e-02
3.235983848571777344e-02
3.200762346386909485e-02
3.172937408089637756e-02
3.157356008887290955e-02
3.156151250004768372e-02
3.157632052898406982e-02
3.157632052898406982e-02
3.163047879934310913e-02
3.172609582543373108e-02
3.188993409276008606e-02
3.206793963909149170e-02
3.227458521723747253e-02
3.254999220371246338e-02
3.279433771967887878e-02
3.290563449263572693e-02
3.296324238181114197e-02
3.301468119025230408e-02
3.301468119025230408e-02
3.305914998054504395e-02
3.285253420472145081e-02
3.263366967439651489e-02
3.227958083152770996e-02
3.189995139837265015e-02
3.155091032385826111e-02
3.126879036426544189e-02
3.104353696107864380e-02
3.086390160024166107e-02
3.069802559912204742e-02
3.069802559912204742e-02
3.046365268528461456e-02
3.020517714321613312e-02
2.997006848454475403e-02
2.972584962844848633e-02
2.954334020614624023e-02
2.925162948668003082e-02
2.887502871453762054e-02
2.841267175972461700e-02
2.787558548152446747e-02
2.733175083994865417e-02
2.733175083994865417e-02
2.681118994951248169e-02
2.632658556103706360e-02
2.626719884574413300e-02
2.620090730488300323e-02
2.615086361765861511e-02
2.596074528992176056e-02
2.574930340051651001e-02
2.550909854471683502e-02
2.523816190659999847e-02
2.490144781768321991e-02
2.490144781768321991e-02
2.453489042818546295e-02
2.425364032387733459e-02
2.392594516277313232e-02
2.392594516277313232e-02
2.364104799926280975e-02
2.334743179380893707e-02
2.301005646586418152e-02
2.260822616517543793e-02
2.214508689939975739e-02
2.165566384792327881e-02
2.165566384792327881e-02
2.121526002883911133e-02
2.074615098536014557e-02
2.038570493459701538e-02
2.005778253078460693e-02
1.972276158630847931e-02
1.938695646822452545e-02
1.908994838595390320e-02
1.908994838595390320e-02
1.908994838595390320e-02
1.908994838595390320e-02
1.908994838595390320e-02
1.880413852632045746e-02
1.844784617424011230e-02
1.797620579600334167e-02
1.757816225290298462e-02
1.722196675837039948e-02
1.688199676573276520e-02
1.653606630861759186e-02
1.622094772756099701e-02
1.594151929020881653e-02
1.569327898323535919e-02
1.569327898323535919e-02
1.544884499162435532e-02
1.524598430842161179e-02
1.505327131599187851e-02
1.492900121957063675e-02
1.494775805622339249e-02
1.511736214160919189e-02
1.536318566650152206e-02
1.568691432476043701e-02
1.615329831838607788e-02
1.671048626303672791e-02
1.671048626303672791e-02
1.735808141529560089e-02
1.795369945466518402e-02
1.851693354547023773e-02
1.900316961109638214e-02
1.949187740683555603e-02
1.994691975414752960e-02
2.045345120131969452e-02
2.091256715357303619e-02
2.132019959390163422e-02
2.192425169050693512e-02
2.192425169050693512e-02
2.255964092910289764e-02
2.310652285814285278e-02
2.360872179269790649e-02
2.401099167764186859e-02
2.435368672013282776e-02
2.457139641046524048e-02
2.479643560945987701e-02
2.501223236322402954e-02
2.521196007728576660e-02
2.533776499330997467e-02
2.533776499330997467e-02
2.543728984892368317e-02
2.555475383996963501e-02
2.564556524157524109e-02
2.529443986713886261e-02
2.499224618077278137e-02
2.478364109992980957e-02
2.453877776861190796e-02
2.433332800865173340e-02
2.417391911149024963e-02
2.395045943558216095e-02
2.395045943558216095e-02
2.369251102209091187e-02
2.350792102515697479e-02
2.310053631663322449e-02
2.256016805768013000e-02
2.205375023186206818e-02
2.158349752426147461e-02
2.122289128601551056e-02
2.085811644792556763e-02
2.069472335278987885e-02
2.057546563446521759e-02
2.057546563446521759e-02
2.037758566439151764e-02
2.022119984030723572e-02
2.001913636922836304e-02
1.985052786767482758e-02
1.956294290721416473e-02
1.921276003122329712e-02
1.886694878339767456e-02
1.860493049025535583e-02
1.827967353165149689e-02
1.795055717229843140e-02
1.795055717229843140e-02
1.762380637228488922e-02
1.730266585946083069e-02
1.706646941602230072e-02
1.689678058028221130e-02
1.676100119948387146e-02
1.663103885948657990e-02
1.657038554549217224e-02
1.652369461953639984e-02
1.661491580307483673e-02
1.682620123028755188e-02
1.682620123028755188e-02
1.708326488733291626e-02
1.725378632545471191e-02
1.759207434952259064e-02
1.795157790184020996e-02
1.829405501484870911e-02
1.855162158608436584e-02
1.866251230239868164e-02
1.869483664631843567e-02
1.864658482372760773e-02
1.857280544936656952e-02
1.857280544936656952e-02
1.843865774571895599e-02
1.831345632672309875e-02
1.817596703767776489e-02
1.806415989995002747e-02
1.794195361435413361e-02
1.782213710248470306e-02
1.771607249975204468e-02
1.772917434573173523e-02
1.788150146603584290e-02
1.821266114711761475e-02
1.821266114711761475e-02
1.862345449626445770e-02
1.899711973965167999e-02
1.934842579066753387e-02
1.970526576042175293e-02
1.998183876276016235e-02
2.019051276147365570e-02
2.028469555079936981e-02
2.030434086918830872e-02
2.018978819251060486e-02
1.994506828486919403e-02
1.994506828486919403e-02
1.964083500206470490e-02
1.930211856961250305e-02
1.896107196807861328e-02
1.860778406262397766e-02
1.825935579836368561e-02
1.796390302479267120e-02
1.771518774330615997e-02
1.753081567585468292e-02
1.747802458703517914e-02
1.740688458085060120e-02
1.740688458085060120e-02
1.740688458085060120e-02
1.729690842330455780e-02
1.684635505080223083e-02
1.641708798706531525e-02
1.606083661317825317e-02
1.576076820492744446e-02
1.549091935157775879e-02
1.517373975366353989e-02
1.499981153756380081e-02
1.493649370968341827e-02
1.493649370968341827e-02
1.495224516838788986e-02
1.504747662693262100e-02
1.504747662693262100e-02
1.504747662693262100e-02
1.504747662693262100e-02
1.525400113314390182e-02
1.550031919032335281e-02
1.578108035027980804e-02
1.611228100955486298e-02
1.633091829717159271e-02
1.633091829717159271e-02
1.649354770779609680e-02
1.653518900275230408e-02
1.659514382481575012e-02
1.652384921908378601e-02
1.639718376100063324e-02
1.627781428396701813e-02
1.618261449038982391e-02
1.611941121518611908e-02
1.605858653783798218e-02
1.602337323129177094e-02
1.602337323129177094e-02
1.598512195050716400e-02
1.592279225587844849e-02
1.591342128813266754e-02
1.585981249809265137e-02
1.572121679782867432e-02
1.553667336702346802e-02
1.529177092015743256e-02
1.496792677789926529e-02
1.455966942012310028e-02
1.413102820515632629e-02
1.413102820515632629e-02
1.370281167328357697e-02
1.324958074837923050e-02
1.281342934817075729e-02
1.247544214129447937e-02
1.225275918841362000e-02
1.206352189183235168e-02
1.188058126717805862e-02
1.179044228047132492e-02
1.176426745951175690e-02
1.169058308005332947e-02
1.169058308005332947e-02
1.162120793014764786e-02
1.150015369057655334e-02
1.131269242614507675e-02
1.110962592065334320e-02
1.085062138736248016e-02
1.068778056651353836e-02
1.052704825997352600e-02
1.038610655814409256e-02
1.033592689782381058e-02
1.034346967935562134e-02
