4.164510362125026927e-02
4.164510362125026927e-02
4.228889659342333074e-02
4.174860479508039207e-02
4.047493033790230954e-02
3.937033155549635177e-02
3.889172358971408616e-02
3.867911200761654789e-02
3.838121894996164574e-02
3.798847519773309450e-02
3.754822581697817713e-02
3.714658630918953736e-02
3.714658630918953736e-02
3.702694089250104653e-02
3.693815437689133840e-02
3.618802177894977351e-02
3.543562214157729845e-02
3.478817099786845474e-02
3.418132286896648914e-02
3.367735462080814757e-02
3.316077066886122249e-02
3.271552039095928371e-02
3.225577738206660688e-02
3.225577738206660688e-02
3.170133797319115571e-02
3.132829915240002011e-02
3.097070610356362705e-02
3.067946253277886379e-02
3.052590091377474155e-02
3.037518536007624906e-02
3.024617992345662865e-02
3.015999332531627691e-02
3.009125367111390587e-02
3.013230930519493478e-02
3.013230930519493478e-02
3.015987705299415234e-02
3.029799943961936776e-02
3.053620457058482673e-02
3.087175460440050312e-02
3.129782276154912529e-02
3.174919646376674065e-02
3.215318490941976304e-02
3.255502965672236321e-02
3.288933149267835032e-02
3.324042781946082159e-02
3.324042781946082159e-02
3.346791726664875150e-02
3.374195645902169222e-02
3.374961401321476678e-02
3.374920229386876164e-02
3.385124923934526575e-02
3.392680787796333031e-02
3.377883796578424330e-02
3.366535877772712515e-02
3.352048647671414250e-02
3.337580437795775734e-02
3.337580437795775734e-02
3.293997808021176255e-02
3.257279710269182782e-02
3.248710138093683503e-02
3.240609973124433663e-02
3.235022666745758502e-02
3.236430520954618195e-02
3.236164182751285340e-02
3.234951967215295848e-02
3.226827823836419390e-02
3.221006561029465115e-02
3.221006561029465115e-02
3.203430410736267386e-02
3.199798636126594681e-02
3.194561272657920475e-02
3.210163583753164462e-02
3.191981751751959279e-02
3.142659418534496374e-02
3.099000494771622649e-02
3.071145213925992670e-02
3.047112805579039324e-02
3.021671373740764110e-02
3.021671373740764110e-02
3.006599931420643815e-02
2.996048175516514978e-02
2.998682572284837658e-02
3.013919203448396991e-02
3.070222186120958111e-02
3.131379343038162566e-02
3.165859886619123292e-02
3.194123890601977683e-02
3.223877637501835342e-02
3.248485405667545650e-02
3.248485405667545650e-02
3.263644641045748696e-02
3.283146488573311650e-02
3.305654619527538529e-02
3.315656206298780301e-02
3.327422136582430107e-02
3.335083499774405685e-02
3.326253805815258813e-02
3.314435769841934248e-02
3.311010099376850147e-02
3.310725485356087738e-02
3.310725485356087738e-02
3.313469127348082216e-02
3.315692281495094540e-02
3.310876278351140845e-02
3.295944658301221825e-02
3.287854206329317991e-02
3.268931111929201244e-02
3.241442464253727063e-02
3.207182529781011510e-02
3.168400773071035348e-02
3.132491327223188571e-02
3.132491327223188571e-02
3.116603379696451445e-02
3.107117618335322393e-02
3.096828084760674601e-02
3.092242015100879482e-02
3.080146641634601626e-02
3.069569088344476643e-02
3.056336739991058829e-02
3.038427621336380405e-02
3.019452412296336555e-02
2.992102796960924641e-02
2.992102796960924641e-02
2.964361078660059448e-02
2.938481963837632355e-02
2.909155125386449908e-02
2.893665682449260423e-02
2.889403840540218441e-02
2.892511185181693284e-02
2.913993037421255469e-02
2.937443616361810547e-02
2.959226814837864067e-02
2.982727252387700617e-02
2.982727252387700617e-02
3.015440609483498874e-02
3.044723340635688974e-02
3.069607305561853142e-02
3.112480389694474020e-02
3.147523209563607427e-02
3.160037728845990074e-02
3.155330336049629036e-02
3.137324718133394086e-02
3.120700276101776374e-02
3.104276756619796934e-02
3.104276756619796934e-02
3.099472659500793204e-02
3.098781327178130873e-02
3.113064752734125140e-02
3.142840064490202978e-02
3.177876141337088872e-02
3.212175865760969612e-02
3.255843146074471894e-02
3.286658446040290060e-02
3.330442214272783669e-02
3.361892432262400532e-02
3.361892432262400532e-02
3.380346643184509864e-02
3.380806852464880718e-02
3.371618228762651714e-02
3.358408984087136312e-02
3.340618493020081070e-02
3.339341360755209570e-02
3.353554808787368585e-02
3.380841133089332318e-02
3.405697415354485419e-02
3.432620115382978981e-02
3.432620115382978981e-02
3.472022098347100905e-02
3.494993690283476617e-02
3.507163893836359042e-02
3.508889370253674006e-02
3.516209890378299563e-02
3.523260531664407225e-02
3.524253025319300237e-02
3.510959187712719975e-02
3.479497962275038964e-02
3.446815888772013919e-02
3.446815888772013919e-02
3.412444542224361138e-02
3.380283356211240264e-02
3.354142644839892828e-02
3.338020810826016621e-02
3.312551122957244076e-02
3.297735721135126863e-02
3.289641157131836108e-02
3.294026164381146093e-02
3.304011389885934402e-02
3.322203388330465662e-02
3.322203388330465662e-02
3.331533875299575592e-02
3.345269673288800427e-02
3.356774718590999074e-02
3.351774065555455928e-02
3.334748435615052936e-02
3.320787289089380950e-02
3.306117271897632270e-02
3.290829506047221464e-02
3.278750927266296106e-02
3.277611260411182614e-02
3.277611260411182614e-02
3.292292558608451297e-02
3.315847321450423463e-02
3.357907082056806047e-02
3.404744424549470405e-02
3.447692323241998563e-02
3.473647173641276203e-02
3.478036030556092006e-02
3.473710313029694519e-02
3.467367351074744641e-02
3.454401752567875378e-02
3.454401752567875378e-02
3.451279764741854023e-02
3.455269308417538432e-02
3.467691193710424613e-02
3.493797008451843267e-02
3.538328928697489356e-02
3.591008771693222218e-02
3.639887238436154832e-02
3.677956167456803566e-02
3.689682503980291906e-02
3.676843248641773615e-02
3.676843248641773615e-02
3.648846809831219479e-02
3.608134802577948885e-02
3.566789908313797164e-02
3.515809517902437203e-02
3.468667477810821742e-02
3.427442990509421694e-02
3.398145324474311640e-02
3.365847374158801447e-02
3.333632489165244683e-02
3.311560043830800992e-02
3.311560043830800992e-02
3.303707450649314564e-02
3.299091562341878447e-02
3.294219019062084863e-02
3.288001476926651068e-02
3.280556212980668962e-02
3.266365938747994163e-02
3.271474238884431590e-02
3.268617651253697548e-02
3.265523166894531565e-02
3.255528527629107660e-02
3.255528527629107660e-02
3.252184171966682191e-02
3.227946832921494563e-02
3.207043302033926041e-02
3.183415579933030620e-02
3.167160021053239821e-02
3.144165354807822166e-02
3.127542906313217352e-02
3.137938393355543809e-02
3.144631038802653961e-02
3.179505903371949993e-02
3.179505903371949993e-02
3.230620738212476584e-02
3.275052016948794970e-02
3.322605173996636546e-02
3.363697397629602376e-02
3.390822539624793047e-02
3.404205578564068607e-02
3.414104675217142365e-02
3.429303286723551364e-02
3.417057982748380324e-02
3.402424829990104149e-02
3.402424829990104149e-02
3.376265026235403255e-02
3.356515093905743791e-02
3.356943645215722943e-02
3.381895584537323446e-02
3.429172919889057758e-02
3.460988595728160810e-02
3.500299191370094543e-02
3.530227789332546218e-02
3.556487351099392458e-02
3.572613307040041486e-02
3.572613307040041486e-02
3.594145116811181540e-02
3.589895417809373795e-02
3.565064615051126429e-02
3.546837323866315617e-02
3.550242424821026949e-02
3.559417469971386944e-02
3.563942518434623508e-02
3.563508925395002941e-02
3.564626095356764751e-02
3.571390386215379797e-02
3.571390386215379797e-02
3.575447614161539334e-02
3.588319775747928625e-02
3.596683163122713078e-02
3.592231106771480442e-02
3.591674729903731461e-02
3.579005486256515989e-02
3.558415255932197152e-02
3.539835838168594456e-02
3.528285386093733128e-02
3.529175619173511441e-02
3.529175619173511441e-02
3.530749713188240796e-02
3.538686670709320636e-02
3.539052510166507126e-02
3.544332329072513027e-02
3.534453531647972768e-02
3.508215841817907688e-02
3.479413467882443156e-02
3.463838166103789390e-02
3.458273408997864645e-02
3.468628041040792281e-02
3.468628041040792281e-02
3.471608247276008336e-02
3.484364580114097942e-02
3.511474943786724312e-02
3.533597662557904501e-02
3.570677176941754877e-02
3.599717389616891028e-02
3.618956417685964544e-02
3.636165806907488973e-02
3.643149425272868003e-02
3.648736869192768101e-02
3.648736869192768101e-02
3.643193549541048903e-02
3.639343886289751057e-02
3.623596817539492809e-02
3.614059012803320925e-02
3.619895639611470095e-02
3.640611573587616834e-02
3.680957544387851443e-02
3.743882455390570158e-02
3.799130864659792939e-02
3.834793464963118931e-02
3.834793464963118931e-02
3.852096055504883321e-02
3.848068394330301373e-02
3.830701767559617499e-02
3.803630921910888113e-02
3.773453940535155537e-02
3.738068035144305468e-02
3.701802065315054624e-02
3.670946919915601958e-02
3.625156692554216270e-02
3.588776506672428090e-02
3.588776506672428090e-02
3.570324303043948683e-02
3.568763978394609571e-02
3.575714846168747546e-02
3.610823395106917133e-02
3.650503469663186895e-02
3.667577509234176691e-02
3.694413571924103773e-02
3.704544436087050391e-02
3.701229184186047988e-02
3.691616992004758541e-02
3.691616992004758541e-02
3.680062547299172565e-02
3.663862562032832448e-02
3.666005206294336433e-02
3.668450073530234862e-02
3.671988097876900670e-02
3.678906635721522489e-02
3.679298961816890312e-02
3.672238093554950483e-02
3.679009335625306465e-02
3.676324849119841365e-02
3.676324849119841365e-02
3.667618192921898168e-02
3.651434572579326937e-02
3.648443567105846136e-02
3.653108001646428876e-02
3.651552247577315863e-02
3.657569655902106337e-02
3.658615550261409138e-02
3.665419557578526721e-02
3.668603432693741395e-02
3.676160551865396975e-02
3.676160551865396975e-02
3.700623291349919297e-02
3.721270770139902678e-02
3.732394750348892037e-02
3.724337239660283766e-02
3.721145001002137270e-02
3.725279322595388687e-02
3.728334612699193973e-02
3.730058334106243351e-02
3.721349109576062991e-02
3.715694106257225182e-02
3.715694106257225182e-02
3.714273112807640886e-02
3.714738702891780264e-02
3.705283362325809127e-02
3.690435230571764008e-02
3.681884264673944418e-02
3.676124575933403804e-02
3.665584907903961936e-02
3.654338841418115769e-02
3.656685031961368765e-02
3.659793903319749631e-02
3.659793903319749631e-02
3.662337204042273586e-02
3.663620759603525290e-02
3.665318873272441214e-02
3.661631456878647328e-02
3.663586636288199139e-02
3.654685254363573138e-02
3.652844562117720656e-02
3.768446450645478174e-02
3.848440032475226175e-02
3.909032544450871671e-02
3.909032544450871671e-02
3.961385589852712413e-02
4.004622429959569380e-02
4.040523041415892275e-02
4.077004889083106487e-02
4.116357719074555110e-02
4.160909536240793571e-02
4.205908675472283531e-02
4.247727860783763465e-02
4.285820724165904233e-02
4.322002740464873927e-02
4.322002740464873927e-02
4.353112561030841876e-02
4.390826690984485359e-02
4.421992764923604602e-02
4.452324367443795394e-02
4.481806363692456691e-02
4.511163141939188853e-02
4.535604021127379037e-02
4.548407438499722788e-02
4.559498006214418586e-02
4.573281123358736988e-02
4.573281123358736988e-02
4.583720500834898709e-02
4.590792449204583042e-02
4.599099325347793393e-02
4.606848521720587064e-02
4.603701692760978764e-02
4.605442635139821161e-02
4.616980175493487493e-02
4.628510302866584852e-02
4.640448062707169113e-02
4.658829354493628644e-02
4.658829354493628644e-02
4.682046898607715446e-02
4.696034194846050724e-02
4.714866608803223308e-02
4.734262291956418955e-02
4.747136722702330336e-02
4.756076795305225896e-02
4.767164026589842257e-02
4.773892448210578787e-02
4.782905252639822746e-02
4.788541379030983314e-02
4.788541379030983314e-02
4.790614436420143757e-02
4.792029892752295434e-02
4.796136838047518336e-02
4.799864586037318193e-02
4.805713997785967390e-02
4.816119039014164077e-02
4.826372397330844916e-02
4.832384160193335665e-02
4.831539676079142642e-02
4.827713973790831448e-02
4.827713973790831448e-02
4.837068645434828423e-02
4.839457167544840288e-02
4.845078877505989284e-02
4.849092853309135143e-02
4.850702190185372797e-02
4.855525180721188827e-02
4.865140366684830159e-02
4.864092509582963048e-02
4.853874614954598737e-02
4.840266685657611950e-02
4.840266685657611950e-02
4.829698667147536845e-02
4.818791255607336038e-02
4.807813409881233485e-02
4.791952977049188100e-02
4.775268881777601504e-02
4.765528255491304627e-02
4.758364510449065304e-02
4.758521504589145745e-02
4.763001474811402736e-02
4.769417380311191668e-02
4.769417380311191668e-02
4.778063289519391549e-02
4.787732992022943751e-02
4.798293682609474503e-02
4.808325349432709950e-02
4.815619840698327075e-02
4.822093009776785844e-02
4.828384993072282194e-02
4.831197822952327386e-02
4.834186835562648971e-02
4.831069445233946574e-02
4.831069445233946574e-02
4.825214562558886172e-02
4.823114897981983090e-02
4.821804818584814883e-02
4.825306404144361766e-02
4.837003509251271149e-02
4.850457780606765024e-02
4.869686618657641936e-02
4.890675112235959993e-02
4.906602055331216183e-02
4.923896926469868707e-02
4.923896926469868707e-02
4.938663604229669157e-02
4.940334922589474653e-02
4.937884891434095314e-02
4.925079099941290228e-02
4.904183401794175168e-02
4.882346185566879132e-02
4.867798086533836610e-02
4.852031312630863957e-02
4.832087207054589634e-02
4.808333691870880083e-02
4.808333691870880083e-02
4.790834728215353361e-02
4.780158280762047962e-02
4.777514689984863061e-02
4.774752214260363087e-02
4.779250204194224888e-02
4.780755892608343216e-02
4.783820509283311789e-02
4.777572382805261170e-02
4.777613126913307640e-02
4.777300545418550898e-02
4.777300545418550898e-02
4.775761739513997850e-02
4.763201373218756141e-02
4.751104248308492956e-02
4.737501173681542971e-02
4.727975259398082414e-02
4.722180169692535151e-02
4.717144667199722058e-02
4.711879493984971051e-02
4.707038530724688002e-02
4.694791161724545109e-02
4.694791161724545109e-02
4.685493728257854318e-02
4.677622350203603646e-02
4.679596357606716217e-02
4.684995288800572477e-02
4.688301814733758510e-02
4.691067191438229311e-02
4.688471979153966546e-02
4.693068102913273976e-02
4.704834372631709616e-02
4.720966284295268628e-02
4.720966284295268628e-02
4.735918555411451625e-02
4.753718982925713571e-02
4.775101028777947038e-02
4.795960582175439607e-02
4.811220863646901297e-02
4.826296241765087869e-02
4.841618916766884939e-02
4.856958861627719976e-02
4.864552921016699477e-02
4.866266557987814628e-02
4.866266557987814628e-02
4.873376334306507573e-02
4.871658089137721054e-02
4.868457230501251759e-02
4.856818772325884742e-02
4.840988299826911451e-02
4.828081382459352422e-02
4.817411649991133055e-02
4.806312138459838817e-02
4.798753719377586713e-02
4.790104431086242981e-02
4.790104431086242981e-02
4.775887723191069023e-02
4.773733966322761535e-02
4.769695405639322316e-02
4.766733091850555021e-02
4.773529923623537341e-02
4.778349398925724190e-02
4.791547021807524703e-02
4.803187361429123864e-02
4.814359995705239093e-02
4.818386716177101153e-02
4.818386716177101153e-02
4.821627705626659738e-02
4.816060394757101792e-02
4.808592709216245875e-02
4.796833095616905018e-02
4.784871101387820624e-02
4.772574141590203017e-02
4.769955279496498196e-02
4.769432345283981800e-02
4.770561958238069694e-02
4.772352246480601051e-02
4.772352246480601051e-02
4.769304790128786609e-02
4.760598360919696820e-02
4.752293863706317373e-02
4.743374292889058347e-02
4.736252850550472238e-02
4.731666082220273295e-02
4.732231887001458331e-02
4.736681220763203082e-02
4.741854295118189122e-02
4.747591417832239258e-02
4.747591417832239258e-02
4.759973170388299285e-02
4.768464548514107088e-02
4.771234582017627734e-02
4.775771314364311848e-02
4.784183774639920450e-02
4.789911096758749792e-02
4.785449178766600087e-02
4.778064251933828582e-02
4.770852751276155601e-02
4.772651345752422503e-02
4.772651345752422503e-02
4.775488267889402977e-02
4.776977446638518837e-02
4.774693656105405415e-02
4.767809813405025215e-02
4.768056004892796962e-02
4.766570014233535019e-02
4.751236444396379072e-02
4.739858091245714028e-02
4.729807980371015380e-02
4.715157718944850557e-02
4.715157718944850557e-02
4.719027781446298586e-02
4.725685356146077515e-02
4.739392740641595880e-02
4.750829210599503277e-02
4.758997853849838283e-02
4.769484632882424469e-02
4.778797829348802040e-02
4.794977402424042967e-02
4.810123575052353134e-02
4.829608443396268824e-02
4.829608443396268824e-02
4.846037325976228216e-02
4.859747053561738750e-02
4.864573189559562999e-02
4.866161721923398936e-02
4.860886510749234252e-02
4.849584490252510649e-02
4.834647408150503228e-02
4.823222469542546437e-02
4.810803409725641910e-02
4.783953592759954132e-02
4.783953592759954132e-02
4.758879936408572098e-02
4.735453319586468979e-02
4.716946165926456935e-02
4.707069918575706308e-02
4.704830289142253319e-02
4.702749985671056399e-02
4.696830679337713615e-02
4.696382326881815006e-02
4.687785107962967601e-02
4.677310975393948744e-02
4.677310975393948744e-02
4.667191070741850967e-02
4.663585612702858541e-02
4.661383055361294214e-02
4.659722287930513629e-02
4.656615726830038576e-02
4.652150985733825156e-02
4.656558226410621032e-02
4.664489454863949419e-02
4.682910570424475560e-02
4.707224020652321650e-02
4.707224020652321650e-02
4.748451475082363094e-02
4.804484355784716804e-02
4.849210818011183421e-02
4.879536197026637656e-02
4.902982228265715531e-02
4.932439066266076227e-02
4.958190964072926171e-02
4.969398597084757202e-02
4.977577209294606342e-02
4.977671827804708987e-02
4.977671827804708987e-02
4.971898259524289848e-02
4.958662118102574040e-02
4.942665665778104428e-02
4.930776500807749346e-02
4.915262707670860903e-02
4.899344530045884882e-02
4.886129289043832785e-02
4.878256399081170452e-02
4.872448208752323817e-02
4.869746688445120847e-02
