2.173483557999134064e-02
2.077892795205116272e-02
2.077780477702617645e-02
2.085880003869533539e-02
2.091849222779273987e-02
2.125853113830089569e-02
2.161410450935363770e-02
2.197458408772945404e-02
2.258419059216976166e-02
2.336079999804496765e-02
2.407708019018173218e-02
2.407708019018173218e-02
2.462043985724449158e-02
2.511930279433727264e-02
2.556515298783779144e-02
2.609677053987979889e-02
2.666578814387321472e-02
2.728039957582950592e-02
2.788990177214145660e-02
2.843293175101280212e-02
2.883786335587501526e-02
2.919165603816509247e-02
2.919165603816509247e-02
2.944951318204402924e-02
2.976754121482372284e-02
3.002305515110492706e-02
3.027652204036712646e-02
3.047366999089717865e-02
3.062955290079116821e-02
3.092840127646923065e-02
3.111855126917362213e-02
3.137071430683135986e-02
3.169358894228935242e-02
3.169358894228935242e-02
3.193616867065429688e-02
3.222248330712318420e-02
3.252531588077545166e-02
3.286926075816154480e-02
3.325809910893440247e-02
3.360467031598091125e-02
3.397240117192268372e-02
3.431950882077217102e-02
3.451646491885185242e-02
3.464661538600921631e-02
3.464661538600921631e-02
3.481566160917282104e-02
3.503811359405517578e-02
3.503277152776718140e-02
3.502690419554710388e-02
3.508977591991424561e-02
3.520447015762329102e-02
3.511324524879455566e-02
3.504374250769615173e-02
3.501391038298606873e-02
3.503716364502906799e-02
3.503716364502906799e-02
3.494756668806076050e-02
3.486873209476470947e-02
3.485032916069030762e-02
3.492917120456695557e-02
3.490197658538818359e-02
3.485915064811706543e-02
3.494126349687576294e-02
3.502544388175010681e-02
3.518571332097053528e-02
3.511335328221321106e-02
3.511335328221321106e-02
3.500612452626228333e-02
3.489150479435920715e-02
3.483202308416366577e-02
3.478842973709106445e-02
3.485212475061416626e-02
3.494333848357200623e-02
3.500508144497871399e-02
3.507119789719581604e-02
3.521516546607017517e-02
3.542909771203994751e-02
3.542909771203994751e-02
3.570241853594779968e-02
3.592478111386299133e-02
3.612287715077400208e-02
3.630582988262176514e-02
3.671257197856903076e-02
3.691928833723068237e-02
3.702682629227638245e-02
3.747551143169403076e-02
3.788058832287788391e-02
3.831685706973075867e-02
3.831685706973075867e-02
3.871031105518341064e-02
3.914417326450347900e-02
3.960151597857475281e-02
4.004044458270072937e-02
4.041375219821929932e-02
4.076254740357398987e-02
4.103703051805496216e-02
4.122395440936088562e-02
4.133973643183708191e-02
4.139028489589691162e-02
4.139028489589691162e-02
4.137177765369415283e-02
4.147590324282646179e-02
4.196213930845260620e-02
4.234762117266654968e-02
4.269738867878913879e-02
4.307266324758529663e-02
4.348926246166229248e-02
4.383535683155059814e-02
4.424010217189788818e-02
4.468781873583793640e-02
4.468781873583793640e-02
4.511138424277305603e-02
4.549608379602432251e-02
4.591738060116767883e-02
4.637210443615913391e-02
4.681028798222541809e-02
4.717477038502693176e-02
4.747620970010757446e-02
4.756756126880645752e-02
4.769330099225044250e-02
4.778811708092689514e-02
4.778811708092689514e-02
4.780117422342300415e-02
4.797588288784027100e-02
4.797935485839843750e-02
4.790350049734115601e-02
4.779969528317451477e-02
4.754734784364700317e-02
4.726712405681610107e-02
4.705911874771118164e-02
4.681268334388732910e-02
4.659621044993400574e-02
4.659621044993400574e-02
4.651728272438049316e-02
4.657953605055809021e-02
4.664538428187370300e-02
4.692997038364410400e-02
4.729485884308815002e-02
4.761481285095214844e-02
4.790001735091209412e-02
4.821169748902320862e-02
4.835239052772521973e-02
4.856216162443161011e-02
4.856216162443161011e-02
4.879099130630493164e-02
4.915760084986686707e-02
4.950878396630287170e-02
4.992339387536048889e-02
5.029775202274322510e-02
5.082955583930015564e-02
5.132752284407615662e-02
5.180525034666061401e-02
5.185312405228614807e-02
5.184495449066162109e-02
5.184495449066162109e-02
5.197540670633316040e-02
5.198935791850090027e-02
5.190310999751091003e-02
5.195546522736549377e-02
5.200273171067237854e-02
5.203600600361824036e-02
5.215443670749664307e-02
5.232669040560722351e-02
5.261633545160293579e-02
5.302725732326507568e-02
5.302725732326507568e-02
5.341921746730804443e-02
5.379829928278923035e-02
5.386871099472045898e-02
5.383997038006782532e-02
5.362296849489212036e-02
5.334079265594482422e-02
5.307361483573913574e-02
5.277805775403976440e-02
5.246056616306304932e-02
5.218894034624099731e-02
5.218894034624099731e-02
5.206662416458129883e-02
5.203545466065406799e-02
5.203887075185775757e-02
5.211399868130683899e-02
5.220334604382514954e-02
5.233760923147201538e-02
5.226907506585121155e-02
5.215463787317276001e-02
5.209165811538696289e-02
5.215057358145713806e-02
5.215057358145713806e-02
5.232461169362068176e-02
5.254486203193664551e-02
5.184342712163925171e-02
5.114816129207611084e-02
5.044117942452430725e-02
4.983101785182952881e-02
4.938324540853500366e-02
4.902948439121246338e-02
4.856887459754943848e-02
4.817954450845718384e-02
4.817954450845718384e-02
4.778181016445159912e-02
4.754738882184028625e-02
4.732702672481536865e-02
4.703157767653465271e-02
4.677826538681983948e-02
4.652167856693267822e-02
4.625019803643226624e-02
4.597588256001472473e-02
4.578806832432746887e-02
4.560409858822822571e-02
4.560409858822822571e-02
4.545892030000686646e-02
4.533031210303306580e-02
4.522477090358734131e-02
4.512167349457740784e-02
4.500958323478698730e-02
4.481505230069160461e-02
4.465646669268608093e-02
4.453707113862037659e-02
4.448342323303222656e-02
4.443240538239479065e-02
4.443240538239479065e-02
4.436485469341278076e-02
4.436848685145378113e-02
4.436526820063591003e-02
4.448715224862098694e-02
4.499081522226333618e-02
4.551097378134727478e-02
4.603461176156997681e-02
4.657287523150444031e-02
4.685796424746513367e-02
4.715453088283538818e-02
4.715453088283538818e-02
4.744406789541244507e-02
4.775881767272949219e-02
4.803138971328735352e-02
4.824904724955558777e-02
4.852289333939552307e-02
4.866059496998786926e-02
4.880255833268165588e-02
4.893409833312034607e-02
4.916947335004806519e-02
4.916947335004806519e-02
4.916947335004806519e-02
4.930394142866134644e-02
4.941993579268455505e-02
4.951978847384452820e-02
4.953664541244506836e-02
4.955099523067474365e-02
4.970758408308029175e-02
4.983263462781906128e-02
4.994321614503860474e-02
5.004098266363143921e-02
5.004147812724113464e-02
5.004147812724113464e-02
4.995411634445190430e-02
4.986488446593284607e-02
4.973052814602851868e-02
4.958206042647361755e-02
4.944723471999168396e-02
4.931067302823066711e-02
4.924095049500465393e-02
4.925061762332916260e-02
4.926583543419837952e-02
4.921767115592956543e-02
4.921767115592956543e-02
4.918280988931655884e-02
4.899953678250312805e-02
4.880344867706298828e-02
4.863858968019485474e-02
4.840757325291633606e-02
4.815201088786125183e-02
4.784727469086647034e-02
4.758019745349884033e-02
4.723677411675453186e-02
4.703306034207344055e-02
4.703306034207344055e-02
4.682851582765579224e-02
4.657358676195144653e-02
4.627550020813941956e-02
4.592835530638694763e-02
4.561350122094154358e-02
4.537553712725639343e-02
4.511551558971405029e-02
4.492654278874397278e-02
4.469740390777587891e-02
4.449589550495147705e-02
4.449589550495147705e-02
4.429651796817779541e-02
4.411711543798446655e-02
4.393319785594940186e-02
4.367611929774284363e-02
4.331123083829879761e-02
4.286702349781990051e-02
4.249723628163337708e-02
4.225955158472061157e-02
4.207124188542366028e-02
4.183806106448173523e-02
4.183806106448173523e-02
4.167998209595680237e-02
4.151448979973793030e-02
4.141224548220634460e-02
4.132239520549774170e-02
4.128203541040420532e-02
4.121901839971542358e-02
4.111224040389060974e-02
4.107055068016052246e-02
4.108515381813049316e-02
4.114696383476257324e-02
4.114696383476257324e-02
4.116948693990707397e-02
4.111710563302040100e-02
4.103114455938339233e-02
4.091596230864524841e-02
4.092536494135856628e-02
4.099799692630767822e-02
4.110766574740409851e-02
4.124845564365386963e-02
4.136031121015548706e-02
4.144018143415451050e-02
4.144018143415451050e-02
4.155849665403366089e-02
4.151955619454383850e-02
4.144311696290969849e-02
4.137596115469932556e-02
4.126821085810661316e-02
4.121134430170059204e-02
4.119183123111724854e-02
4.115395992994308472e-02
4.109605401754379272e-02
4.079411178827285767e-02
4.079411178827285767e-02
4.053925722837448120e-02
4.028547927737236023e-02
4.001780599355697632e-02
3.979392349720001221e-02
3.955987095832824707e-02
3.944527730345726013e-02
3.930643200874328613e-02
3.919502347707748413e-02
3.906574845314025879e-02
3.910609707236289978e-02
3.910609707236289978e-02
3.907098248600959778e-02
3.896835818886756897e-02
3.869638592004776001e-02
3.850534930825233459e-02
3.831961750984191895e-02
3.815413266420364380e-02
3.756260499358177185e-02
3.702345490455627441e-02
3.643272444605827332e-02
3.593426197767257690e-02
3.593426197767257690e-02
3.546419739723205566e-02
3.505642712116241455e-02
3.462483361363410950e-02
3.428766876459121704e-02
3.399081155657768250e-02
3.375068306922912598e-02
3.348965197801589966e-02
3.314172849059104919e-02
3.283987939357757568e-02
3.260849416255950928e-02
3.260849416255950928e-02
3.237212076783180237e-02
3.214400634169578552e-02
3.181869909167289734e-02
3.148090839385986328e-02
3.115978091955184937e-02
3.085341304540634155e-02
3.061903454363346100e-02
3.040544129908084869e-02
3.014463558793067932e-02
2.985415048897266388e-02
2.985415048897266388e-02
2.959203533828258514e-02
2.930092997848987579e-02
2.900436893105506897e-02
2.875438891351222992e-02
2.839078195393085480e-02
2.806046418845653534e-02
2.775658294558525085e-02
2.751799859106540680e-02
2.727836370468139648e-02
2.707657031714916229e-02
2.707657031714916229e-02
2.684687264263629913e-02
2.660520374774932861e-02
2.650831267237663269e-02
2.642694488167762756e-02
2.628497965633869171e-02
2.620429731905460358e-02
2.613838575780391693e-02
2.617242373526096344e-02
2.625581063330173492e-02
2.627640031278133392e-02
2.627640031278133392e-02
2.631219103932380676e-02
2.629647403955459595e-02
2.624727971851825714e-02
2.616850845515727997e-02
2.611077390611171722e-02
2.600645460188388824e-02
2.586020529270172119e-02
2.568789571523666382e-02
2.548968978226184845e-02
2.530447766184806824e-02
2.530447766184806824e-02
2.518063038587570190e-02
2.503485791385173798e-02
2.481579966843128204e-02
2.454905770719051361e-02
2.428443171083927155e-02
2.428443171083927155e-02
2.428443171083927155e-02
2.404212392866611481e-02
2.383051626384258270e-02
2.355022355914115906e-02
2.355022355914115906e-02
2.326518483459949493e-02
2.300225570797920227e-02
2.275727130472660065e-02
2.249625883996486664e-02
2.223656512796878815e-02
2.195596694946289062e-02
2.164977975189685822e-02
2.141038142144680023e-02
2.126132138073444366e-02
2.120224386453628540e-02
2.120224386453628540e-02
2.116481587290763855e-02
2.118332870304584503e-02
2.123288810253143311e-02
2.129509113729000092e-02
2.070980146527290344e-02
2.035856060683727264e-02
2.004261687397956848e-02
1.977696642279624939e-02
1.952083967626094818e-02
1.921782270073890686e-02
1.921782270073890686e-02
1.890856772661209106e-02
1.851588301360607147e-02
1.815469935536384583e-02
1.779307983815670013e-02
1.750426366925239563e-02
1.727082766592502594e-02
1.708798669278621674e-02
1.687545888125896454e-02
1.660097949206829071e-02
1.633041910827159882e-02
1.633041910827159882e-02
1.607101410627365112e-02
1.582980528473854065e-02
1.559472642838954926e-02
1.541351154446601868e-02
1.530719641596078873e-02
1.516786683350801468e-02
1.504511479288339615e-02
1.490545365959405899e-02
1.471757609397172928e-02
1.443262957036495209e-02
1.443262957036495209e-02
1.419264916330575943e-02
1.398005243390798569e-02
1.375729497522115707e-02
1.355690415948629379e-02
1.337258238345384598e-02
1.323676388710737228e-02
1.303899101912975311e-02
1.280161272734403610e-02
1.255693379789590836e-02
1.242061425000429153e-02
1.242061425000429153e-02
1.230832654982805252e-02
1.206697337329387665e-02
1.179357152432203293e-02
1.147118117660284042e-02
1.129003893584012985e-02
1.108766440302133560e-02
1.091842353343963623e-02
1.080974563956260681e-02
1.069261971861124039e-02
1.059176586568355560e-02
1.059176586568355560e-02
1.054651290178298950e-02
1.055420190095901489e-02
1.051570475101470947e-02
1.047573611140251160e-02
1.048315688967704773e-02
1.051368750631809235e-02
1.048337947577238083e-02
1.045761350542306900e-02
1.049087941646575928e-02
1.050317008048295975e-02
1.050317008048295975e-02
1.064854674041271210e-02
1.076951157301664352e-02
1.091133803129196167e-02
1.102950796484947205e-02
1.111877989023923874e-02
1.116724964231252670e-02
1.120975147932767868e-02
1.118563394993543625e-02
1.121899578720331192e-02
1.134583167731761932e-02
1.134583167731761932e-02
1.147622056305408478e-02
1.153269503265619278e-02
1.160455401986837387e-02
1.162430271506309509e-02
1.165483426302671432e-02
1.157727651298046112e-02
1.149319112300872803e-02
1.150354463607072830e-02
1.148450374603271484e-02
1.152710895985364914e-02
1.152710895985364914e-02
1.157561875879764557e-02
1.157677173614501953e-02
1.152995694428682327e-02
1.139959599822759628e-02
1.116032991558313370e-02
1.089911349117755890e-02
1.070390176028013229e-02
1.050207484513521194e-02
1.031415164470672607e-02
1.027133408933877945e-02
1.027133408933877945e-02
1.027467381209135056e-02
1.025834027677774429e-02
1.023206021636724472e-02
1.028900220990180969e-02
1.028595771640539169e-02
1.031285338103771210e-02
1.030296646058559418e-02
1.026937551796436310e-02
1.023986749351024628e-02
1.019631605595350266e-02
1.019631605595350266e-02
1.017373707145452499e-02
1.015184447169303894e-02
1.020283531397581100e-02
1.038092840462923050e-02
1.058373879641294479e-02
1.079350896179676056e-02
1.102405879646539688e-02
1.117996498942375183e-02
1.131868548691272736e-02
1.123585738241672516e-02
1.123585738241672516e-02
1.120777800679206848e-02
1.122080069035291672e-02
1.122753508388996124e-02
1.127398200333118439e-02
1.130170002579689026e-02
1.128137484192848206e-02
1.135099492967128754e-02
1.145027019083499908e-02
1.149423886090517044e-02
1.157214678823947906e-02
1.157214678823947906e-02
1.164294779300689697e-02
1.168637815862894058e-02
1.166005805134773254e-02
1.159615907818078995e-02
1.153605524450540543e-02
1.148053351789712906e-02
1.134807430207729340e-02
1.127890497446060181e-02
1.123572140932083130e-02
1.121053751558065414e-02
