3.716938808284961371e-02
3.716938808284961371e-02
3.799033626185164408e-02
3.821086856819237709e-02
3.809566904212366434e-02
3.821821945496060163e-02
3.811023823371619684e-02
3.806675881167487924e-02
3.819532739427996398e-02
3.774718156844693306e-02
3.735026763301949743e-02
3.706637225009137837e-02
3.706637225009137837e-02
3.670482740577315356e-02
3.632668999045592095e-02
3.603864232388474809e-02
3.588414447446252459e-02
3.595688732276940136e-02
3.613113062932108571e-02
3.637948235225711702e-02
3.658796192248147533e-02
3.679771957347093697e-02
3.688095528335644940e-02
3.688095528335644940e-02
3.690755032373192052e-02
3.661462043542825645e-02
3.614550186009701793e-02
3.547531787994707975e-02
3.479139018225896329e-02
3.398917770225657470e-02
3.321891391394783677e-02
3.263537080220556968e-02
3.221573385777205117e-02
3.156574558645465489e-02
3.156574558645465489e-02
3.094689296356147035e-02
3.026887604417280095e-02
2.960797535776565903e-02
2.892155605021747358e-02
2.834717725512432562e-02
2.785330120871453569e-02
2.725703607135238765e-02
2.668475218395282775e-02
2.612105198773289130e-02
2.559473032719157895e-02
2.559473032719157895e-02
2.535072553703056342e-02
2.528152124061899125e-02
2.523639381299366824e-02
2.525834498017836410e-02
2.529842129212811833e-02
2.525836640701996025e-02
2.535022920339454616e-02
2.552637180179872720e-02
2.558004018175194863e-02
2.548905243131030854e-02
2.548905243131030854e-02
2.565788100571745819e-02
2.578075935516714601e-02
2.598728604222861130e-02
2.620300860300380646e-02
2.654785770137461573e-02
2.628826324585745514e-02
2.591824975603437484e-02
2.548747080241248880e-02
2.506671958116945403e-02
2.467803973760144751e-02
2.467803973760144751e-02
2.433777904114110477e-02
2.399179280035101600e-02
2.363322804679345024e-02
2.339113914888018078e-02
2.311997492562066145e-02
2.298349396046297718e-02
2.285296543269366154e-02
2.281228483707700705e-02
2.284394156244151999e-02
2.280024107101067191e-02
2.280024107101067191e-02
2.286004270968020405e-02
2.286834517336631956e-02
2.290364607289594248e-02
2.293733067643376200e-02
2.318494730124249364e-02
2.360287571279333710e-02
2.415678588700886920e-02
2.463750512046064545e-02
2.489355722133163029e-02
2.502390671797167718e-02
2.502390671797167718e-02
2.498343608491268228e-02
2.501327202077290035e-02
2.510941214298563484e-02
2.507958963809352182e-02
2.495208937873457863e-02
2.467307520893810557e-02
2.431275754170364456e-02
2.377614022555315024e-02
2.342921571349661919e-02
2.310988681562805430e-02
2.310988681562805430e-02
2.274855888957821870e-02
2.260986029733612693e-02
2.256041326598077004e-02
2.259274557376961257e-02
2.276188608550006737e-02
2.301205705282053163e-02
2.333690671800126709e-02
2.366481566819200397e-02
2.416037665856934913e-02
2.446430817954933779e-02
2.446430817954933779e-02
2.450821801962693378e-02
2.438484538806147753e-02
2.437886714949037345e-02
2.441636533768543754e-02
2.451467899398688047e-02
2.469131067394725668e-02
2.477953268194041381e-02
2.468984130036777636e-02
2.463009425731237101e-02
2.437312449339066461e-02
2.437312449339066461e-02
2.413001212526748318e-02
2.396692253780949647e-02
2.382773540997657272e-02
2.376469966443858772e-02
2.371699844306597929e-02
2.346623046351029376e-02
2.323638912434696641e-02
2.312970894819663809e-02
2.315002504791977000e-02
2.313894662496497959e-02
2.313894662496497959e-02
2.317383503351791788e-02
2.308054639045590065e-02
2.305502954807788982e-02
2.289904746346973358e-02
2.262356159597688626e-02
2.245415184186965937e-02
2.250680345515019415e-02
2.268829813419834945e-02
2.275847267098847146e-02
2.281703771324547145e-02
2.281703771324547145e-02
2.277668618326052219e-02
2.262663850670385349e-02
2.239378925578087293e-02
2.223237504990723673e-02
2.217773253298406869e-02
2.238038567772724155e-02
2.264017619022107644e-02
2.282478960040362770e-02
2.282688415310775779e-02
2.262763863258181532e-02
2.262763863258181532e-02
2.221799881022281861e-02
2.198626646145522903e-02
2.190402734265127146e-02
2.202899052701441998e-02
2.198681160905624488e-02
2.184285125738447825e-02
2.153903513256042943e-02
2.119674573730234365e-02
2.107204968218737151e-02
2.098422312989927513e-02
2.098422312989927513e-02
2.110147418809061107e-02
2.130965741645504674e-02
2.155866511409638975e-02
2.187966874674887249e-02
2.225825694517889058e-02
2.248726778454578079e-02
2.262252748402168029e-02
2.276510282899062501e-02
2.294904505537432096e-02
2.320727081762137198e-02
2.320727081762137198e-02
2.337521350697932196e-02
2.348384959289188251e-02
2.346162234813018235e-02
2.328765587346413521e-02
2.323441150375984629e-02
2.326820986265085850e-02
2.349164408493328512e-02
2.395078892686556410e-02
2.446199126610651420e-02
2.479107232353081405e-02
2.479107232353081405e-02
2.483702267459805130e-02
2.474257525262972893e-02
2.469952920157025486e-02
2.472996392068805074e-02
2.479031352389044970e-02
2.485792852495099375e-02
2.495896630778705189e-02
2.506711030379253288e-02
2.498911789575223100e-02
2.475276493817581483e-02
2.475276493817581483e-02
2.451586313868794886e-02
2.432758421305292185e-02
2.404109427009481700e-02
2.385491319491008302e-02
2.384140205911865901e-02
2.407465837920104088e-02
2.443808133371299166e-02
2.474737789309645539e-02
2.495162271593847139e-02
2.501588822474921578e-02
2.501588822474921578e-02
2.505151573908930007e-02
2.490010763078938719e-02
2.477622440937272269e-02
2.483826032032131551e-02
2.515433221995011515e-02
2.554627347940955501e-02
2.592665733727298610e-02
2.609662095495751677e-02
2.623366757383808340e-02
2.613762639871381604e-02
2.613762639871381604e-02
2.592243538924419999e-02
2.581319741132275317e-02
2.592197678442496531e-02
2.623960143882693094e-02
2.654179361413327304e-02
2.667038162405263244e-02
2.665550488630062664e-02
2.650452884790013841e-02
2.612899898708254814e-02
2.593636921256636113e-02
2.593636921256636113e-02
2.585812396062268231e-02
2.588717728998076242e-02
2.605058481672900203e-02
2.621341713651724470e-02
2.631627738618493029e-02
2.624194985341267092e-02
2.605810518160961431e-02
2.586860485995028450e-02
2.580567336034296846e-02
2.602818244901462102e-02
2.602818244901462102e-02
2.628211817598783556e-02
2.650150155351460243e-02
2.651382396155452931e-02
2.653080006624737239e-02
2.658800676437559143e-02
2.667870979286733960e-02
2.674061261726560015e-02
2.690959547015646033e-02
2.712648601409180238e-02
2.731386667939113971e-02
2.731386667939113971e-02
2.736138895214207042e-02
2.736520789767198439e-02
2.729736363587203021e-02
2.727917355589662071e-02
2.731798255014803237e-02
2.745752259116424412e-02
2.761139452464966837e-02
2.767368696913704088e-02
2.772644134362521259e-02
2.776318439148894174e-02
2.776318439148894174e-02
2.771657813346367974e-02
2.770666148802855208e-02
2.765428491279200637e-02
2.759792116374065393e-02
2.768173864801545814e-02
2.788700300306612076e-02
2.799871144285159125e-02
2.794625493939671343e-02
2.772568900151633695e-02
2.759142891264908248e-02
2.759142891264908248e-02
2.762847126265413622e-02
2.779962252871516493e-02
2.801754514902186216e-02
2.818589741505019702e-02
2.819754164943307981e-02
2.812749538285376147e-02
2.802834263537440015e-02
2.795991730042027973e-02
2.801688049707871248e-02
2.806641406793231042e-02
2.806641406793231042e-02
2.811516316060289414e-02
2.822954143682656833e-02
2.827387480624003399e-02
2.828237658899347695e-02
2.828692864723838032e-02
2.827512769590433822e-02
2.821244850758718864e-02
2.813082429811148213e-02
2.799391280035468110e-02
2.804394784409402000e-02
2.804394784409402000e-02
2.806850501528704994e-02
2.814607275377236512e-02
2.832584315843999362e-02
2.839937737007269467e-02
2.849014727691252108e-02
2.839920804394603301e-02
2.820415980441849310e-02
2.795162447526448879e-02
2.781517616937573961e-02
2.776429768189090166e-02
2.776429768189090166e-02
2.787442084321487337e-02
2.804580728680514806e-02
2.819073045680030656e-02
2.812223563303441545e-02
2.789874624007697423e-02
2.765172996536027772e-02
2.748194154292052729e-02
2.736151015755022842e-02
2.739116759693298320e-02
2.757325257796667053e-02
2.757325257796667053e-02
2.770942314823600025e-02
2.785904131014036583e-02
2.789698768640853574e-02
2.783004847853979072e-02
2.772706238646213683e-02
2.769363982610059324e-02
2.776787507729833529e-02
2.789251843473188400e-02
2.807069279729481823e-02
2.814497456445839985e-02
2.814497456445839985e-02
2.821541195040535785e-02
2.827104867879468367e-02
2.834423023867696165e-02
2.849296357368676785e-02
2.869371063177679829e-02
2.886248023410517213e-02
2.891553186641955195e-02
2.897301962730877700e-02
2.900813542934422076e-02
2.904666232384347721e-02
2.904666232384347721e-02
2.919349929565236840e-02
2.930199425560990265e-02
2.941562091480694544e-02
2.941465903827250941e-02
2.944336359632137093e-02
2.940621118592100236e-02
2.937054719976588818e-02
2.940797845987958015e-02
2.942328539285881880e-02
2.949259017198356189e-02
2.949259017198356189e-02
2.949367135639785475e-02
2.958016817312627417e-02
2.970430246697973106e-02
2.968360806753864156e-02
2.967032429472590133e-02
2.965789495705043605e-02
2.955857299701243959e-02
2.950215204279088912e-02
2.956527179397851895e-02
2.961452773418508239e-02
2.961452773418508239e-02
2.965990635888906060e-02
2.969799981949543602e-02
2.976258692985684490e-02
2.985582718196966648e-02
2.992881664578100898e-02
2.997391717613743373e-02
3.000598236868016327e-02
2.993555893046356484e-02
2.985697578573229954e-02
2.978777809508276891e-02
2.978777809508276891e-02
2.980702784804586253e-02
2.979311584456728612e-02
2.979849657842476018e-02
2.985816799528680579e-02
2.985576558379466477e-02
2.982875805501788644e-02
2.980106926546074314e-02
2.976305983137790892e-02
2.966343201766158053e-02
2.956029052327598453e-02
2.956029052327598453e-02
2.952028531189383395e-02
2.947879142479192804e-02
2.946820019143858715e-02
2.951151316229660981e-02
2.950808418824853521e-02
2.939651613977766267e-02
2.932269921135934043e-02
2.939574610911006164e-02
2.951139564691677986e-02
2.961141867315018536e-02
2.961141867315018536e-02
2.979421940276907876e-02
2.989274317499533706e-02
2.999778908538492175e-02
3.009937824188920613e-02
3.007917289640860137e-02
3.001392293796325411e-02
3.002058789608969686e-02
3.004076779825086418e-02
3.014427372335882344e-02
3.022103446844559907e-02
3.022103446844559907e-02
3.021209003983749489e-02
3.021467963307252966e-02
3.016849720196619969e-02
3.021077793182517027e-02
3.022480990091955255e-02
3.021652905430970149e-02
3.037264136260722433e-02
3.059521143914414529e-02
3.080132227335944869e-02
3.098464863293921845e-02
3.098464863293921845e-02
3.105312671056039212e-02
3.096752815903620198e-02
3.095262307601992155e-02
3.090872046371461596e-02
3.091280283357798406e-02
3.096753698808605432e-02
3.106736720100570018e-02
3.120430431916645583e-02
3.134069330165532852e-02
3.148274556540699154e-02
3.148274556540699154e-02
3.148630889754214235e-02
3.156664322019078761e-02
3.168394434832317447e-02
3.177768832670936627e-02
3.180106154920766398e-02
3.183929162525643564e-02
3.202929493378110087e-02
3.222425566406291603e-02
3.246400761235981175e-02
3.265623766711266834e-02
3.265623766711266834e-02
3.270413214755907294e-02
3.265115960171936782e-02
3.269260233866425058e-02
3.279702085075223567e-02
3.288867550123560773e-02
3.310092327233141868e-02
3.327521636804810223e-02
3.344198379620971773e-02
3.354903173970952973e-02
3.352623847719880812e-02
3.352623847719880812e-02
3.345437869239271944e-02
3.331423523555826494e-02
3.323348712605361799e-02
3.314697401299419866e-02
3.320357443332398045e-02
3.322100691738105738e-02
3.320287608627001119e-02
3.310198900180690712e-02
3.292500704779568327e-02
3.274028202502907853e-02
3.274028202502907853e-02
3.268632754943916890e-02
3.267384369538294669e-02
3.276402516044393809e-02
3.284382550229723863e-02
3.287709116540073889e-02
3.275716613002112310e-02
3.270372688765862956e-02
3.275930107291577520e-02
3.274459101984675963e-02
3.272867363328924722e-02
3.272867363328924722e-02
3.274775934494768281e-02
3.279300526057316728e-02
3.305836097971402709e-02
3.314473374705001474e-02
3.322195552419155568e-02
3.329238188398067622e-02
3.337347846665933426e-02
3.359242600686405955e-02
3.371588565362516193e-02
3.384142209130670820e-02
3.384142209130670820e-02
3.393680199758265792e-02
3.396440771659242630e-02
3.395889802677951042e-02
3.396838476269491841e-02
3.407415594162910982e-02
3.425317745023504640e-02
3.445664659247346662e-02
3.454380371723829446e-02
3.458261817054930631e-02
3.452938009709725226e-02
3.452938009709725226e-02
3.443626573978506716e-02
3.437169898003548940e-02
3.437672861210896297e-02
3.445005140086224160e-02
3.457160874176121862e-02
3.464648316581712267e-02
3.475324272038132073e-02
3.478064427286531313e-02
3.478079565578304222e-02
3.478306864328266357e-02
3.478306864328266357e-02
3.490584598380220421e-02
3.516400436446552591e-02
3.553292606922892061e-02
3.574532824540083142e-02
3.587300020571845827e-02
3.588379653763575095e-02
3.582955405086317435e-02
3.570204510346380172e-02
3.559621964798145161e-02
3.554047325493308457e-02
3.554047325493308457e-02
3.545042079656792605e-02
3.544709823636911505e-02
3.532604597597676505e-02
3.525345362854640646e-02
3.514252770765725203e-02
3.509792180847824683e-02
3.508675332078634024e-02
3.508267407763202006e-02
3.513139730708132735e-02
3.519378929623684371e-02
3.519378929623684371e-02
3.526248130517081747e-02
3.521154077245835373e-02
3.514691336666092569e-02
3.518175018876330135e-02
3.534595034659462204e-02
3.558445229689868872e-02
3.568591687995605055e-02
3.579894587664431138e-02
3.590935880085805582e-02
3.591826489007688555e-02
3.591826489007688555e-02
3.586845281620324594e-02
3.583092542343076226e-02
3.563467271567297839e-02
3.547508772191484278e-02
3.533713940976832696e-02
3.536272174552321235e-02
3.543139454140172007e-02
3.550671750539502458e-02
3.566595906225516338e-02
3.579282516667676300e-02
3.579282516667676300e-02
3.583170488308495133e-02
3.577291437336577867e-02
3.570053476181588720e-02
3.563207413890535219e-02
3.561705090753115865e-02
3.561536407758517792e-02
3.573048765632409057e-02
3.597904088421850777e-02
3.614151323168136171e-02
3.626369163817290409e-02
3.626369163817290409e-02
3.630525237827078588e-02
3.619727743396997793e-02
3.594297748541664533e-02
3.565549965412712075e-02
3.546940515408948669e-02
3.538562521996031773e-02
3.541584463625562645e-02
3.563703547670811489e-02
3.592278513940250911e-02
3.612713296254551482e-02
3.612713296254551482e-02
3.613533194530875459e-02
3.609843485215798869e-02
3.599294461652677302e-02
3.587204648230601922e-02
3.573463121434113793e-02
3.580883056074703197e-02
3.593682814491751254e-02
3.606928631385794559e-02
3.621310655500851322e-02
3.620539340064181377e-02
3.620539340064181377e-02
3.605635708647986215e-02
3.581239239068380320e-02
3.581239239068380320e-02
3.581239239068380320e-02
3.554900690565757082e-02
3.539107959488019955e-02
3.534959230431353183e-02
3.535986456213915941e-02
3.539720834114923331e-02
3.551637793172607305e-02
3.551637793172607305e-02
3.558199037436750312e-02
3.563038984540040088e-02
3.548927983794669672e-02
3.516727725240333113e-02
3.490834706623385797e-02
3.482118893693031403e-02
3.469704653882046963e-02
3.460948452764724126e-02
3.457437565461027318e-02
3.480227716439052155e-02
3.480227716439052155e-02
3.492629600829919717e-02
3.492990526473720853e-02
3.480167437753658305e-02
3.468067233012989137e-02
3.454098366020848937e-02
3.445423964228008090e-02
3.442867395486242516e-02
3.439227208886711656e-02
3.441502578961756070e-02
3.449733160491166156e-02
3.449733160491166156e-02
3.454112586467978502e-02
3.469831622562750267e-02
3.481728059036800355e-02
3.489055568467804014e-02
3.496594933261298194e-02
3.503952366636493843e-02
3.515095892989682919e-02
3.518377818008843610e-02
3.509623234428031757e-02
3.506742742047080225e-02
3.506742742047080225e-02
3.509907477058250846e-02
3.520202389800868720e-02
3.526808137892250422e-02
3.538602225969379733e-02
3.554429996126790697e-02
3.556578337152654923e-02
3.559923167174017244e-02
3.562296611066637780e-02
3.557816051835408638e-02
3.557550963152013995e-02
3.557550963152013995e-02
3.571103215917963841e-02
3.586322077859736834e-02
3.599990029375003259e-02
3.600037166356856444e-02
3.592376947103984725e-02
3.579931218053095804e-02
3.562685039697083972e-02
3.551580282978846620e-02
3.550408612525912666e-02
3.564578928353780152e-02
3.564578928353780152e-02
3.580162537146956703e-02
3.593464251089144301e-02
3.599815309499085347e-02
3.600260792981951202e-02
3.595879755832055019e-02
3.584817635494884358e-02
3.571672943547440221e-02
3.575021787583754218e-02
3.588192847782677164e-02
3.606335971192543149e-02
3.606335971192543149e-02
3.622299398638188783e-02
3.646145586269463473e-02
3.656305594179420915e-02
3.660575457051439691e-02
3.654851689397124737e-02
3.644717958893965715e-02
3.639223841172749274e-02
3.638880480917017213e-02
3.649498486382184853e-02
3.665704535595182972e-02
3.665704535595182972e-02
3.678647393963811740e-02
3.698834713634083227e-02
3.712517458958156796e-02
3.718184266702495577e-02
3.719471772781642732e-02
3.722799335938371812e-02
3.724709565704113767e-02
3.723260913963776647e-02
3.726318478721790672e-02
3.727178862245323493e-02
3.727178862245323493e-02
3.731581275990110413e-02
3.737195928993749389e-02
3.748945164405126373e-02
3.756982106113986031e-02
3.761169820137152953e-02
3.755785937441320083e-02
3.758985513860473721e-02
3.768958888285383474e-02
3.786787918892707550e-02
3.799277049127151862e-02
