3.324078023433685303e-02
3.324078023433685303e-02
3.223026543855667114e-02
3.147462755441665649e-02
3.069803304970264435e-02
3.023945726454257965e-02
2.944760583341121674e-02
2.858441509306430817e-02
2.785311266779899597e-02
2.711000666022300720e-02
2.664547972381114960e-02
2.592105604708194733e-02
2.592105604708194733e-02
2.517830207943916321e-02
2.449608221650123596e-02
2.422350272536277771e-02
2.387021109461784363e-02
2.345535717904567719e-02
2.317502722144126892e-02
2.295810356736183167e-02
2.276895940303802490e-02
2.254159562289714813e-02
2.225990407168865204e-02
