3.672278019591238701e-02
3.556239215330106451e-02
3.459506426562539844e-02
3.397412048205646073e-02
3.384365090760628469e-02
3.403331281116546425e-02
3.437953388777943015e-02
3.452534716585010238e-02
3.496103488983860058e-02
3.549666684067778744e-02
3.610324732171447948e-02
3.666668628859671292e-02
3.729490113170635945e-02
3.791451537742991651e-02
3.858618736126832871e-02
3.916449247952551171e-02
3.948668510140524585e-02
3.983612767292806639e-02
4.019106882614670306e-02
4.062531539001959513e-02
4.086841816537252481e-02
4.112072837720203572e-02
4.125944235457338488e-02
4.136635136248359434e-02
4.151282046200975573e-02
4.155368398623809911e-02
4.171122722016375184e-02
4.206785783762093112e-02
4.227690733668747203e-02
4.264076459037621086e-02
4.297605390947507875e-02
