4.415802740140491178e-02
4.415802740140491178e-02
4.375774683480122135e-02
4.434265307539724671e-02
4.472245419048989645e-02
4.534359962229921048e-02
4.555496092113291845e-02
4.611398251552405181e-02
4.589386040701497194e-02
4.534880286897420565e-02
4.461010700007358304e-02
4.380160686671612930e-02
4.380160686671612930e-02
4.292235977093018795e-02
4.191357388141841306e-02
4.085597259314156793e-02
3.982971389604781504e-02
3.877150148117194245e-02
3.767250110029292387e-02
3.649108102367015077e-02
3.537730652950522858e-02
3.444855577423699966e-02
3.361315876088441512e-02
3.361315876088441512e-02
3.311544732435697802e-02
3.242834693768808368e-02
3.243564284258473873e-02
3.250462217685868432e-02
3.256336455312416195e-02
3.274126093100477447e-02
3.290582456068327083e-02
3.304411672034998637e-02
3.317916812757124717e-02
3.332446679032444181e-02
3.332446679032444181e-02
3.350944386022174787e-02
3.374265070787771381e-02
3.375404883046690535e-02
3.376837659721142193e-02
3.372721904251577141e-02
3.369343024032348671e-02
3.369687993735247244e-02
3.355115398361812468e-02
3.329494989895116080e-02
3.311556921838966494e-02
3.311556921838966494e-02
3.293470915575110597e-02
3.249448797943068484e-02
3.217512830756949493e-02
3.190443947735046443e-02
3.154252253633348102e-02
3.125058871264634053e-02
3.090900270709814185e-02
3.061854984260529641e-02
3.033171353959194724e-02
2.990570390816528479e-02
2.990570390816528479e-02
2.958491664626462445e-02
2.926762238312697814e-02
2.917710192099462127e-02
2.896000032021191217e-02
2.881372964834383668e-02
2.869084036153604286e-02
2.865081725993999170e-02
2.888889651708544115e-02
2.887760073102346378e-02
2.884464002532086818e-02
2.884464002532086818e-02
2.872004367833879204e-02
2.852958810707468401e-02
2.837608617510117143e-02
2.819921545572618218e-02
2.794617448332704229e-02
2.786267279466516852e-02
2.767079222422275803e-02
2.768877830382404301e-02
2.790053806848699636e-02
2.814980302572171050e-02
2.814980302572171050e-02
2.852665883025358798e-02
2.894454582476110524e-02
2.938828327524974776e-02
2.984248480995560157e-02
3.025442401571101433e-02
3.091575494920209208e-02
3.125795394760399332e-02
3.157277375916672096e-02
3.190283153214758943e-02
3.215259389440334320e-02
3.215259389440334320e-02
3.210517689215416220e-02
3.212331969172074059e-02
3.231931152245386130e-02
3.227644435065480516e-02
3.217827798675356593e-02
3.223664416576749181e-02
3.228842768476743175e-02
3.209119775546638575e-02
3.189960923465075260e-02
3.165436698018022493e-02
3.165436698018022493e-02
3.141064102290826165e-02
3.115047298006825074e-02
3.090819597235948749e-02
3.057719513733966193e-02
3.024705979862736191e-02
2.938416055799542362e-02
2.857013074542474884e-02
2.786613046175889438e-02
2.720838052557846345e-02
2.648827771419409033e-02
2.648827771419409033e-02
2.573769655091182745e-02
2.522288177956889810e-02
2.469626309229443206e-02
2.415550718448914932e-02
2.391273857870029190e-02
2.387483481166367827e-02
2.392594492504695677e-02
2.376054629111236730e-02
2.375277643737312705e-02
2.375502332800819363e-02
2.375502332800819363e-02
2.379480785920914943e-02
2.388683496512829241e-02
2.385942110343455477e-02
2.388041278920397664e-02
2.395196718200609184e-02
2.404456589833997918e-02
2.417881169366438432e-02
2.414214340748192106e-02
2.402038584463803139e-02
2.372396258007554090e-02
2.372396258007554090e-02
2.356904158815804895e-02
2.305279331736419940e-02
2.270568012023365181e-02
2.236392029187108527e-02
2.211171675083752411e-02
2.179647101747566804e-02
2.144568570822939432e-02
2.105430914569157361e-02
2.058896997094529502e-02
2.019199391095407095e-02
2.019199391095407095e-02
1.968050395842845315e-02
1.924780173357148322e-02
1.887274728587510358e-02
1.859198518630148303e-02
1.838872440295691996e-02
1.801120576478147314e-02
1.764706794630062359e-02
1.737921287977070572e-02
1.712067343787476367e-02
1.693860703632937836e-02
1.693860703632937836e-02
1.670604121066101080e-02
1.660760452574417886e-02
1.671445569933774702e-02
1.671565771950360782e-02
1.658913955801481419e-02
1.643231963907258730e-02
1.632206041603953550e-02
1.623845502117241685e-02
1.621349396299247986e-02
1.618189462714076862e-02
1.618189462714076862e-02
1.614528144861684597e-02
1.609961138044028670e-02
1.600769167944495960e-02
1.586898779757407729e-02
1.577684383661316289e-02
1.547299356153403714e-02
1.512063237114431510e-02
1.470859756309115390e-02
1.441557689891659159e-02
1.411038348898519847e-02
1.411038348898519847e-02
1.388065685385078338e-02
1.380450304958700039e-02
1.374795713491351254e-02
1.374696209494314161e-02
1.379926957912858826e-02
1.383624700957229725e-02
1.403393564411735059e-02
1.423263905087445401e-02
1.439675345430581864e-02
1.457424368935818573e-02
1.457424368935818573e-02
1.471143960215730816e-02
1.491873233178880181e-02
1.518533726150632542e-02
1.563849264999937760e-02
1.617329380124447880e-02
1.677667606917301532e-02
1.734639387665194363e-02
1.787875132132344877e-02
1.831982801156524510e-02
1.873829150385264083e-02
1.873829150385264083e-02
1.910203442088996215e-02
1.943379058579737181e-02
2.023788041974277502e-02
2.099223004850937768e-02
2.172359133282970173e-02
2.240947058407401909e-02
2.298869063132347873e-02
2.354561805216802070e-02
2.404926597711737335e-02
2.447561351142061789e-02
2.447561351142061789e-02
2.488509347731178087e-02
2.527288104459175788e-02
2.560387387226090855e-02
2.588391590046932450e-02
2.609662659796091119e-02
2.626268824309178213e-02
2.637040250643838540e-02
2.643221071745570361e-02
2.646244774170459363e-02
2.652284140606826421e-02
2.652284140606826421e-02
2.656425879969007142e-02
2.654125762127539090e-02
2.649171825201634620e-02
2.637069472439940859e-02
2.621532807647958610e-02
2.602001104915204616e-02
2.579812533309260025e-02
2.557063548695867258e-02
2.524221856349450482e-02
2.491573911486960266e-02
2.491573911486960266e-02
2.469569277802639851e-02
2.451203593398349964e-02
2.431872926910706376e-02
2.408275713873071072e-02
2.386226697349252274e-02
2.365996739144957117e-02
2.343406623122074733e-02
2.323136370674417153e-02
2.301219143588473584e-02
2.274780833352717593e-02
2.274780833352717593e-02
2.246287307638762318e-02
2.218507382470420383e-02
2.196130440406723894e-02
2.171151896922781863e-02
2.154377798228654037e-02
2.138658756923552187e-02
2.127170480882330933e-02
2.113804727729855920e-02
2.105047631636878733e-02
2.101192304362013014e-02
2.101192304362013014e-02
2.103741235814638941e-02
2.111596225527433493e-02
2.124838662654927532e-02
2.138968986122768284e-02
2.150314280468811415e-02
2.166093328534376278e-02
2.181287165530263264e-02
2.191436420077630745e-02
2.195185017686713050e-02
2.197284663474231500e-02
2.197284663474231500e-02
2.199050273104963954e-02
2.206814538023722100e-02
2.210119375324419086e-02
2.210455915626270001e-02
2.204388958727606165e-02
2.197731376906347442e-02
2.192528974473510403e-02
2.187961311034519740e-02
2.182761985289856724e-02
2.171212252214771779e-02
2.171212252214771779e-02
2.161580845766426784e-02
2.146718880484975792e-02
2.133038419062806279e-02
2.115288685215688594e-02
2.099061113810035684e-02
2.084639646611931643e-02
2.071685618952569252e-02
2.062020992856411494e-02
2.056208247420212090e-02
2.051249829157980251e-02
2.051249829157980251e-02
2.038604929722669101e-02
2.038031249099012468e-02
2.038023747205944605e-02
2.039738837680610609e-02
2.046040024405291688e-02
2.055142132211025888e-02
2.074667132995653210e-02
2.088031548472397969e-02
2.102404267011675695e-02
2.114824879506277747e-02
2.114824879506277747e-02
2.125528487812684830e-02
2.135600254676441392e-02
2.157096428507495819e-02
2.173484401715960329e-02
2.185201090060289938e-02
2.195904809714845085e-02
2.201127071598307436e-02
2.199094004093785429e-02
2.197422978183224615e-02
2.194569481300957109e-02
2.194569481300957109e-02
2.191702913188054228e-02
2.187639445210757400e-02
2.184355019399903536e-02
2.186148882723754072e-02
2.191449779284833366e-02
2.198018452884285823e-02
2.219688150545108540e-02
2.244185128163632068e-02
2.271310107348941537e-02
2.294030753786767754e-02
2.294030753786767754e-02
2.308762692322816751e-02
2.321114142502368055e-02
2.325559814721285187e-02
2.326972931815398174e-02
2.329252079097599015e-02
2.326793564863612052e-02
2.369082585587747869e-02
2.407230664417351479e-02
2.439845517459731869e-02
2.460819974181233452e-02
2.460819974181233452e-02
2.471968105657167819e-02
2.482947544045412472e-02
2.481778030774949365e-02
2.483618943451944630e-02
2.477242289445068940e-02
2.474805534364971776e-02
2.475790449168233445e-02
2.481965932971763600e-02
2.483299909630328969e-02
2.484486443977900957e-02
2.484486443977900957e-02
2.491757849561299087e-02
2.499888338138451724e-02
2.510112093081711890e-02
2.520265031779197334e-02
2.532898768305253193e-02
2.544462789319005408e-02
2.558446217022337238e-02
2.566385123631825457e-02
2.572748511706037661e-02
2.582039056032290475e-02
2.582039056032290475e-02
2.590204286712872311e-02
2.599360621399230201e-02
2.608942208414377975e-02
2.628472421959423058e-02
2.644618778165374814e-02
2.658553117599015900e-02
2.683122406372321148e-02
2.706777547456944155e-02
2.732695391593260859e-02
2.753612693635817954e-02
2.753612693635817954e-02
2.767639868815367776e-02
2.775780714285282572e-02
2.776260065707723823e-02
2.775738143568418775e-02
2.775708400940081824e-02
2.771300485549650638e-02
2.761090213887181302e-02
2.747812099637575792e-02
2.736023367336496565e-02
2.730896148045866556e-02
2.730896148045866556e-02
2.729347754688367031e-02
2.732461945812561521e-02
2.735958557855919585e-02
2.764400894316295168e-02
2.791047028143745293e-02
2.810040122748417094e-02
2.826429473587143207e-02
2.845114139807143963e-02
2.858221469224067265e-02
2.861300767060274627e-02
2.861300767060274627e-02
2.879987589155989791e-02
2.897380631574026158e-02
2.913122329199583152e-02
2.922431014817656811e-02
2.925322313508032374e-02
2.926929661565396551e-02
2.925840793116325778e-02
2.924078151401731870e-02
2.920014341029605540e-02
2.914083736824890983e-02
2.914083736824890983e-02
2.910398232295046198e-02
2.909155716958486057e-02
2.913553728696561401e-02
2.919634981717606978e-02
2.927616371648408822e-02
2.932407432474781750e-02
2.936344440018531093e-02
2.937965674315930892e-02
2.942214666450163746e-02
2.946441260003132209e-02
2.946441260003132209e-02
2.947172649028291166e-02
2.948207015138580578e-02
2.948207015138580578e-02
2.948207015138580578e-02
2.952096309856586109e-02
2.956369863738111947e-02
2.963551306117969547e-02
2.981064439305351754e-02
3.009207323004420981e-02
3.031846865682112646e-02
3.031846865682112646e-02
3.060024499363043701e-02
3.083057325585670042e-02
3.111792964049492696e-02
3.139922856208742646e-02
3.126661415443263842e-02
3.111839843808944864e-02
3.099213926316738213e-02
3.089290588049262501e-02
3.083406142242262407e-02
3.094221019343777399e-02
