1.801899918091239353e-02
1.836011024731572933e-02
1.858506743290583990e-02
1.830981912582749227e-02
1.805991308955274058e-02
1.797470206160425507e-02
1.795733142721011102e-02
1.806154251277856254e-02
1.815058278532920288e-02
1.830892135201137721e-02
1.853733503373008323e-02
1.853733503373008323e-02
1.880419822871367067e-02
1.902484713555039827e-02
1.924491873744279755e-02
1.944425436120767944e-02
1.969801042580588205e-02
1.989003327555508710e-02
2.008878027524969856e-02
2.022957944081438947e-02
2.033643931671954772e-02
2.065982082264350081e-02
2.065982082264350081e-02
2.101550252096917593e-02
2.138579091270698812e-02
2.163226787140835536e-02
2.188948687357600981e-02
2.204711839069002990e-02
2.222714695460142192e-02
2.253548244073570392e-02
2.286989736448878652e-02
2.314663783175133216e-02
2.349872979188472044e-02
2.349872979188472044e-02
2.381292593442439418e-02
2.396475978195876724e-02
2.411748749150416024e-02
2.426934569305770617e-02
2.450185358966234378e-02
2.472432912869217819e-02
2.487302616414723694e-02
2.509975217475663226e-02
2.532718361686215128e-02
2.569173294442327754e-02
2.569173294442327754e-02
2.595428099141123754e-02
2.616125486689895377e-02
2.677753019655946740e-02
2.731110464713031732e-02
2.776218818553925424e-02
2.816364853386472619e-02
2.848152873451448644e-02
2.875271139659909408e-02
2.890850003446792174e-02
2.889369622920925224e-02
2.889369622920925224e-02
2.887698599384982620e-02
2.873989328223335027e-02
2.877728141235347259e-02
2.873780964116321238e-02
2.869475671889692645e-02
2.855556586220161369e-02
2.833095747436542231e-02
2.802890433674994769e-02
2.769917347674492533e-02
2.735851402793562301e-02
2.735851402793562301e-02
2.708153568539514722e-02
2.682267973363791289e-02
2.662721739368659538e-02
2.626069796133851525e-02
2.592594873673214825e-02
2.555392496686646059e-02
2.512391172315455237e-02
2.463740825015369590e-02
2.414636853300527325e-02
2.361532281864555174e-02
2.361532281864555174e-02
2.311623536410790589e-02
2.265132298940717576e-02
2.207916616026741122e-02
2.166844428298870043e-02
2.155331758399802941e-02
2.147672680126449726e-02
2.150778404001549293e-02
2.152537287691684564e-02
2.159376643361704540e-02
2.168451510458034581e-02
2.168451510458034581e-02
2.178923425861128971e-02
2.181728935987160833e-02
2.163368685924687077e-02
2.124851450913233311e-02
2.099251212646131154e-02
2.057472210032440865e-02
2.007341572176498876e-02
1.963226143034436585e-02
1.915122906821013771e-02
1.868234288344305591e-02
1.868234288344305591e-02
1.825241696359800742e-02
1.774773622064552275e-02
1.723438933004381793e-02
1.676775749746815466e-02
1.627006946854260908e-02
1.584085627832340637e-02
1.552634248866537753e-02
1.518056980235724454e-02
1.502548987195609712e-02
1.484236921604745012e-02
1.484236921604745012e-02
1.458262051506659975e-02
1.435257155689963898e-02
1.437144526054731815e-02
1.449676696421793934e-02
1.471966225516875212e-02
1.490200132636299371e-02
1.498793424415324933e-02
1.491767045883292224e-02
1.471620081856637487e-02
1.447766809115654495e-02
1.447766809115654495e-02
1.421909232417302264e-02
1.387431841921358752e-02
1.350220466770126436e-02
1.309940102234856754e-02
1.284033381062903503e-02
1.258750185192226805e-02
1.227988722336717867e-02
1.213805789371243636e-02
1.200172936718460134e-02
1.202445858857116925e-02
1.202445858857116925e-02
1.218426023578514893e-02
1.256879583960621855e-02
1.301689740044145033e-02
1.341383346699277779e-02
1.370766611100243844e-02
1.392997898460455151e-02
1.385556363057072193e-02
1.361737173855792453e-02
1.310395640035946947e-02
1.257775071675625543e-02
1.257775071675625543e-02
1.235354670108784227e-02
1.217932780744855441e-02
1.214705760733579207e-02
1.214985020467583901e-02
1.226647547427509206e-02
1.242118830946615723e-02
1.264328809676146248e-02
1.294004652525084821e-02
1.324336474718474342e-02
1.342133588358456614e-02
1.342133588358456614e-02
1.348875949742802879e-02
1.350687320694733337e-02
1.338592720624847722e-02
1.292871363344371555e-02
1.254655355276125886e-02
1.210097017054654646e-02
1.170598444272816924e-02
1.143926081769016181e-02
1.124999560281113656e-02
1.109257996121590546e-02
1.109257996121590546e-02
1.100633370413555898e-02
1.097645432686600482e-02
1.118610339323680355e-02
1.140595647261203466e-02
1.185770030099015347e-02
1.230242790849114289e-02
1.264434036906727891e-02
1.274859953436673771e-02
1.284479718810615893e-02
1.293245032117448269e-02
1.293245032117448269e-02
1.296730942783494954e-02
1.290592384732564338e-02
1.252307035062203561e-02
1.212793501353231357e-02
1.174385437749849055e-02
1.146407475284557526e-02
1.116986609505844427e-02
1.116680544012089125e-02
1.120072848659867636e-02
1.118088349870428183e-02
1.118088349870428183e-02
1.118236720219497812e-02
1.117426267988337087e-02
1.116365726744270211e-02
1.113086431202356570e-02
1.096782749052538884e-02
1.082569351256679017e-02
1.088966023873154387e-02
1.099278652244579761e-02
1.094416861941987021e-02
1.084421266171006759e-02
1.084421266171006759e-02
1.055139944458795970e-02
1.083003518792834650e-02
1.139353748858374336e-02
1.191878158140607935e-02
1.236402200034992030e-02
1.282396809399922663e-02
1.320314082038492529e-02
1.349891028740929887e-02
1.381420578630702597e-02
1.401406413412040024e-02
1.401406413412040024e-02
1.420887726960252950e-02
1.441434740601691723e-02
1.452140053805964573e-02
1.455164536476053448e-02
1.449443188062685822e-02
1.448700078451518013e-02
1.442538214014922257e-02
1.443821557857994514e-02
1.429807226731987825e-02
1.421083391704958641e-02
1.421083391704958641e-02
1.410787937818354203e-02
1.399526227086519102e-02
1.374896914590104449e-02
1.344377290167805654e-02
1.310420287393826086e-02
1.281011459540119801e-02
1.244806499563742494e-02
1.200076976466926855e-02
1.154751085493820571e-02
1.116397119348564761e-02
1.116397119348564761e-02
1.081985346691017973e-02
1.030734065476474927e-02
9.643016691401296372e-03
8.894614530985374065e-03
8.252813090157483378e-03
7.934435842330013131e-03
7.694932332943721885e-03
7.683187533283962305e-03
7.862683937066416301e-03
8.067522462948844772e-03
8.067522462948844772e-03
8.263480761598220384e-03
8.467514923187154097e-03
8.577420440065749996e-03
8.413976837420072616e-03
8.157216760351825025e-03
7.908080271329475872e-03
7.626044390715679654e-03
7.329178754782659545e-03
7.120872000192090580e-03
7.060687736488434861e-03
7.060687736488434861e-03
7.082256346978153989e-03
7.216772455173803801e-03
7.381647667089619516e-03
7.494483714499145313e-03
7.719424656455752508e-03
7.778146014843070020e-03
7.682335453599939933e-03
7.477783014873881640e-03
7.194037781505370314e-03
6.906604530830412828e-03
6.906604530830412828e-03
6.643972936983744658e-03
6.456488968150144066e-03
6.393053966661418550e-03
6.350593517417802911e-03
6.275369174878707261e-03
6.365085410222150880e-03
6.413307310206443901e-03
6.481782905982686610e-03
6.583526020076363450e-03
6.684849709571069956e-03
6.684849709571069956e-03
6.810425283313816143e-03
6.859945593144570024e-03
6.917668562410098608e-03
6.940519493676433095e-03
6.986040926633874451e-03
7.022243736294492451e-03
7.029800116863728875e-03
7.003720498801485964e-03
6.920064689537531316e-03
6.868512409282789312e-03
6.868512409282789312e-03
6.510250051617949042e-03
6.311882988640099036e-03
6.120702212300826658e-03
6.117533447325585079e-03
6.093500308629494315e-03
6.102382121285337621e-03
6.123827858126197794e-03
6.186596660009285008e-03
6.228697128111151081e-03
6.317537784007004088e-03
6.317537784007004088e-03
6.390765837763884814e-03
6.314286753940995256e-03
6.083800632798420753e-03
5.748043174617955067e-03
5.403598499940626999e-03
5.207357702338203352e-03
5.149845524604553491e-03
5.170619927026427406e-03
5.194023288777265858e-03
5.221718762518459157e-03
5.221718762518459157e-03
5.179222702393800927e-03
5.243807788154470143e-03
5.157162685639942248e-03
5.047188462336911138e-03
4.857220790583919277e-03
4.579748236195326123e-03
4.255173689246547972e-03
3.954756423772375074e-03
3.604666632709809752e-03
3.357215438127351438e-03
3.357215438127351438e-03
3.196121202403098740e-03
3.158597652241102675e-03
3.087649212691848544e-03
3.155706579521214746e-03
3.132776068869307269e-03
3.147363907142620813e-03
3.186642327506099444e-03
3.362752059137504024e-03
3.552225882233703627e-03
3.791578505794567996e-03
3.791578505794567996e-03
3.932496166279996451e-03
3.976372682458411550e-03
3.939895884572841740e-03
3.918850286695454467e-03
3.944001139432162795e-03
3.902179299899092950e-03
3.912521641594386528e-03
3.948822582367133953e-03
3.989595606643305328e-03
3.992639177722980513e-03
3.992639177722980513e-03
3.980639193986483353e-03
3.904043309158776107e-03
3.904043309158776107e-03
3.808223237776838920e-03
3.753128878782729418e-03
3.660902619948666788e-03
3.560782957552801123e-03
3.495714031100901828e-03
3.471964741528680599e-03
3.626590735404939484e-03
3.626590735404939484e-03
3.800927541103067686e-03
3.887637050211450226e-03
3.938829970092070504e-03
3.910393307870734837e-03
3.754104222831767656e-03
3.645033870208664456e-03
3.599501936646222131e-03
3.564261987824484095e-03
3.530374517978729539e-03
3.523333059513397703e-03
3.523333059513397703e-03
3.478371482873292633e-03
3.435458082930998181e-03
3.422431810640176597e-03
3.349303095449007294e-03
3.191738107047141504e-03
3.065128767139478974e-03
3.055068694292569810e-03
3.049869549650346696e-03
3.073654474473064020e-03
3.046667851181124580e-03
3.046667851181124580e-03
3.042299846180263057e-03
3.010578427836519116e-03
2.961359678521118411e-03
2.920413496963018656e-03
2.888068736315807950e-03
2.817528917324434428e-03
2.673978309171681344e-03
2.589242693366568000e-03
2.562037747022298702e-03
2.576434387868694904e-03
2.576434387868694904e-03
2.652501017736764131e-03
2.759741852959483877e-03
2.951227583630721719e-03
3.187940110937734911e-03
3.453362371002504944e-03
3.559571551455427418e-03
3.562711298220635342e-03
3.580042308422023457e-03
3.561864350369136571e-03
3.629716361885290676e-03
3.629716361885290676e-03
3.765925703236551719e-03
3.887060868672892640e-03
3.923623240360186830e-03
4.020931886789309677e-03
4.033626237742160385e-03
4.018326104140683072e-03
3.947982952528411235e-03
3.778679209896023371e-03
3.495561118619308714e-03
3.293882908596217074e-03
3.293882908596217074e-03
3.168499828099093172e-03
3.142358163681811638e-03
3.248576142222657677e-03
3.502670415276346993e-03
3.744398422290948648e-03
3.961445298952909373e-03
4.013975826294218299e-03
4.013701417304279401e-03
3.880784033302717758e-03
3.552479758451044037e-03
3.552479758451044037e-03
3.289005165723286449e-03
3.166457714028238571e-03
3.128553575555926766e-03
3.095204859704084235e-03
3.197264140315113704e-03
3.333157779089063449e-03
3.521829140769330846e-03
3.604881612530420800e-03
3.589143340651861688e-03
3.642009022218184195e-03
3.642009022218184195e-03
3.659387579276237278e-03
3.737299654812406904e-03
3.724275334484945799e-03
3.575368477630499163e-03
3.406282993483414085e-03
3.187799456724622806e-03
2.972836498805917112e-03
2.766949388902260974e-03
2.590599915737896389e-03
2.612717102629324387e-03
2.612717102629324387e-03
2.717338760202771090e-03
2.835836029544651880e-03
2.923997366074181179e-03
2.802609547337212622e-03
2.726030334596722237e-03
2.687443825777417229e-03
2.795705054740102100e-03
2.994942789989502203e-03
3.173119762544701281e-03
3.327324945653973957e-03
3.327324945653973957e-03
3.427342775813219545e-03
3.505447515037773357e-03
3.766298249588003431e-03
4.045342792820676679e-03
4.347442037220768107e-03
4.478578539618235065e-03
4.536358391144345963e-03
4.512499581121339094e-03
4.481389991842597322e-03
4.513970466512446690e-03
4.513970466512446690e-03
4.659826819526813324e-03
4.817128324500963808e-03
4.927506931849946065e-03
5.084385547407033190e-03
5.102805442888821291e-03
5.058075640149985522e-03
5.065802578587791719e-03
5.114366587864431143e-03
5.223951751076497119e-03
5.347792671597652141e-03
5.347792671597652141e-03
5.530403126613085175e-03
5.683360306193716363e-03
5.801188099822864042e-03
5.807305146765698138e-03
5.817223760256670824e-03
5.828428086447361503e-03
5.945084482397217443e-03
6.052012492264969082e-03
6.047506297919979720e-03
6.098562287273567861e-03
6.098562287273567861e-03
6.298331649389009475e-03
6.532380930252673461e-03
6.733059508464964149e-03
6.903682064293788570e-03
6.901374008804993243e-03
6.801036522948613987e-03
6.787404124025680704e-03
6.729998528019080772e-03
6.678867361753411738e-03
6.678848803424597066e-03
6.678848803424597066e-03
6.685662149191435449e-03
6.726791288255437942e-03
6.850946674819834679e-03
7.056416273733111082e-03
7.219909724097796529e-03
7.235596259971378147e-03
7.389826908122751857e-03
7.528663382766433675e-03
7.550562714780976840e-03
7.536637654614779594e-03
7.536637654614779594e-03
7.474994252495539664e-03
7.416192508199876549e-03
7.380854009732099735e-03
7.390922203782274331e-03
7.426785093864062340e-03
7.584782378766976967e-03
7.646199461951956079e-03
7.608978621840407908e-03
7.554532798444936123e-03
7.505879138194494933e-03
7.505879138194494933e-03
7.624610966238445572e-03
7.759110402920326929e-03
7.880529083079131081e-03
8.019633496250695021e-03
8.031452292286999847e-03
8.028328479582276175e-03
7.955429676862317903e-03
7.931017073662895503e-03
7.891077036969436007e-03
8.032695615766241234e-03
8.032695615766241234e-03
8.322397344986597056e-03
8.576272374744587160e-03
8.787814806227986844e-03
8.892659149713171354e-03
8.988774540719692702e-03
9.009071922221716100e-03
8.944910070495578486e-03
8.896813207791920766e-03
8.864615356047184092e-03
8.870008073436295645e-03
8.870008073436295645e-03
8.918346007928446700e-03
9.002930734912080110e-03
9.086838230221851859e-03
9.142607411285834026e-03
9.235698671423457282e-03
9.374158945071302956e-03
9.508562865317180673e-03
9.703800005240657139e-03
9.865361076444898597e-03
9.938153148159276432e-03
9.938153148159276432e-03
9.951407689958080907e-03
9.822311509421578074e-03
9.602206002953398226e-03
9.379577348858112590e-03
9.309612674132966559e-03
9.215368316919464453e-03
9.169190119081373908e-03
9.284879956316542671e-03
9.447114444423527005e-03
9.611139643995712106e-03
9.611139643995712106e-03
9.764715253179515747e-03
9.851594043741650902e-03
1.015813705505714225e-02
1.041182826637932109e-02
1.057717710940000826e-02
1.059542941770947634e-02
1.061405644398576327e-02
1.063215502432201913e-02
1.061798801263114794e-02
1.060933574535074218e-02
