2.627616375684738159e-02
2.627616375684738159e-02
2.720504999160766602e-02
2.817356027662754059e-02
2.899975702166557312e-02
2.967454865574836731e-02
3.027650155127048492e-02
3.075884096324443817e-02
3.131939843297004700e-02
3.203807398676872253e-02
3.251989558339118958e-02
3.295919671654701233e-02
3.295919671654701233e-02
3.327533975243568420e-02
3.346283361315727234e-02
3.346946462988853455e-02
3.357578814029693604e-02
3.352523595094680786e-02
3.376804664731025696e-02
3.394889086484909058e-02
3.413844481110572815e-02
3.413026779890060425e-02
3.409569710493087769e-02
