9.108243510127067566e-03
9.108243510127067566e-03
7.625519763678312302e-03
8.033949881792068481e-03
8.328781463205814362e-03
8.382521569728851318e-03
8.735340088605880737e-03
9.123570285737514496e-03
9.692414663732051849e-03
1.029490772634744644e-02
1.039687357842922211e-02
1.051299832761287689e-02
1.051299832761287689e-02
1.044272724539041519e-02
1.036393735557794571e-02
1.032262481749057770e-02
1.022515539079904556e-02
1.016433723270893097e-02
9.991331957280635834e-03
9.753072634339332581e-03
9.559514932334423065e-03
9.347043000161647797e-03
9.194894693791866302e-03
9.194894693791866302e-03
9.054363705217838287e-03
9.014042094349861145e-03
9.043849073350429535e-03
9.072545915842056274e-03
8.991989307105541229e-03
8.835144340991973877e-03
8.562634699046611786e-03
8.147954009473323822e-03
7.768574636429548264e-03
7.408167701214551926e-03
7.408167701214551926e-03
7.111769169569015503e-03
6.984470877796411514e-03
7.133498787879943848e-03
7.467254064977169037e-03
8.005161769688129425e-03
8.515955880284309387e-03
8.963610045611858368e-03
9.235713630914688110e-03
9.385386481881141663e-03
9.504362940788269043e-03
9.504362940788269043e-03
9.534770622849464417e-03
9.608623571693897247e-03
9.674898348748683929e-03
9.780945256352424622e-03
9.909354150295257568e-03
9.973266161978244781e-03
9.937431663274765015e-03
9.966426528990268707e-03
1.001106761395931244e-02
1.012551598250865936e-02
1.012551598250865936e-02
1.031974609941244125e-02
1.049958355724811554e-02
1.082045305520296097e-02
1.126120798289775848e-02
1.169676799327135086e-02
1.218778267502784729e-02
1.256771944463253021e-02
1.272199396044015884e-02
1.269487105309963226e-02
1.246631704270839691e-02
1.246631704270839691e-02
1.233112718909978867e-02
1.234453450888395309e-02
1.234467606991529465e-02
1.264351326972246170e-02
1.290990225970745087e-02
1.305552665144205093e-02
1.308426819741725922e-02
1.311562862247228622e-02
1.312990952283143997e-02
1.308121159672737122e-02
1.308121159672737122e-02
1.285236980766057968e-02
1.253924611955881119e-02
1.207028701901435852e-02
1.169748883694410324e-02
1.135447155684232712e-02
1.106543093919754028e-02
1.082190126180648804e-02
1.058113668113946915e-02
1.025645062327384949e-02
9.962826035916805267e-03
9.962826035916805267e-03
9.701698087155818939e-03
9.601345285773277283e-03
9.676755405962467194e-03
9.820554405450820923e-03
1.004120614379644394e-02
1.025310065597295761e-02
1.040732208639383316e-02
1.050111744552850723e-02
1.063241623342037201e-02
1.080372650176286697e-02
1.080372650176286697e-02
1.098481565713882446e-02
1.112779136747121811e-02
1.119695417582988739e-02
1.107680611312389374e-02
1.091530639678239822e-02
1.093867328017950058e-02
1.109784282743930817e-02
1.142388675361871719e-02
1.175568811595439911e-02
1.184831187129020691e-02
1.184831187129020691e-02
1.188855431973934174e-02
1.179895363748073578e-02
1.162324566394090652e-02
1.135383360087871552e-02
1.117829699069261551e-02
1.111287809908390045e-02
1.113714836537837982e-02
1.123077422380447388e-02
1.130790542811155319e-02
1.135744433850049973e-02
1.135744433850049973e-02
1.130047254264354706e-02
1.133086159825325012e-02
1.142071373760700226e-02
1.152768917381763458e-02
1.158852037042379379e-02
1.158327050507068634e-02
1.149122510105371475e-02
1.132694166153669357e-02
1.112339831888675690e-02
1.096092537045478821e-02
1.096092537045478821e-02
1.106955017894506454e-02
1.118132285773754120e-02
1.136386673897504807e-02
1.151055097579956055e-02
1.163179799914360046e-02
1.177346799522638321e-02
1.187916472554206848e-02
1.196083426475524902e-02
1.196002028882503510e-02
1.182667724788188934e-02
1.182667724788188934e-02
1.175791025161743164e-02
1.169402804225683212e-02
1.181543059647083282e-02
1.203172560781240463e-02
1.228169538080692291e-02
1.251898705959320068e-02
1.264942251145839691e-02
1.262354478240013123e-02
1.241065654903650284e-02
1.220240537077188492e-02
1.220240537077188492e-02
1.199691556394100189e-02
1.175455376505851746e-02
1.155946962535381317e-02
1.116706524044275284e-02
1.078772637993097305e-02
1.045401673763990402e-02
1.015133410692214966e-02
9.854831732809543610e-03
9.677091613411903381e-03
9.541653096675872803e-03
9.541653096675872803e-03
9.453264065086841583e-03
9.477356448769569397e-03
9.644501842558383942e-03
9.908602572977542877e-03
1.015752740204334259e-02
1.028834562748670578e-02
1.039976160973310471e-02
1.061245519667863846e-02
1.087122503668069839e-02
1.116205938160419464e-02
1.116205938160419464e-02
1.152856275439262390e-02
1.195156108587980270e-02
1.237063482403755188e-02
1.269712671637535095e-02
1.292343996465206146e-02
1.301303319633007050e-02
1.302198041230440140e-02
1.296197064220905304e-02
1.286155078560113907e-02
1.274720206856727600e-02
1.274720206856727600e-02
1.262341253459453583e-02
1.248862873762845993e-02
1.240878552198410034e-02
1.239542383700609207e-02
1.233052741736173630e-02
1.217161491513252258e-02
1.200725976377725601e-02
1.177682168781757355e-02
1.143120136111974716e-02
1.096246950328350067e-02
1.096246950328350067e-02
1.039155106991529465e-02
9.897072799503803253e-03
9.491237811744213104e-03
9.174996055662631989e-03
9.009242057800292969e-03
8.861340582370758057e-03
8.712255395948886871e-03
8.629328571259975433e-03
8.617599494755268097e-03
8.675814606249332428e-03
8.675814606249332428e-03
8.918631821870803833e-03
9.269402362406253815e-03
9.631874039769172668e-03
9.976405650377273560e-03
1.028736401349306107e-02
1.060258224606513977e-02
1.088983472436666489e-02
1.114409882575273514e-02
1.130198966711759567e-02
1.140254829078912735e-02
1.140254829078912735e-02
1.136056240648031235e-02
1.124167721718549728e-02
1.095879077911376953e-02
1.071998570114374161e-02
1.063085719943046570e-02
1.065574679523706436e-02
1.089135464280843735e-02
1.125871669501066208e-02
1.162913441658020020e-02
1.205874979496002197e-02
1.205874979496002197e-02
1.243620645254850388e-02
1.265276968479156494e-02
1.272953022271394730e-02
1.271009445190429688e-02
1.254291646182537079e-02
1.231367141008377075e-02
1.198070123791694641e-02
1.166619360446929932e-02
1.135459635406732559e-02
1.110913325101137161e-02
1.110913325101137161e-02
1.089284755289554596e-02
1.068840268999338150e-02
1.057671196758747101e-02
1.055671833455562592e-02
1.061468198895454407e-02
1.070950832217931747e-02
1.082821656018495560e-02
1.096749678254127502e-02
1.113040186464786530e-02
1.131342165172100067e-02
1.131342165172100067e-02
1.141161099076271057e-02
1.141417119652032852e-02
1.139773242175579071e-02
1.137161720544099808e-02
1.138890068978071213e-02
1.143893599510192871e-02
1.151589304208755493e-02
1.151247415691614151e-02
1.140741538256406784e-02
1.124127116054296494e-02
1.124127116054296494e-02
1.125056855380535126e-02
1.125056855380535126e-02
1.125056855380535126e-02
1.137268543243408203e-02
1.156582403928041458e-02
1.175039913505315781e-02
1.189185958355665207e-02
1.201179437339305878e-02
1.218904368579387665e-02
1.237296778708696365e-02
