1.145218685571426816e-03
1.145218685571426816e-03
2.125015738618690146e-03
1.831592040950526332e-03
1.316888574160231078e-03
8.592015442529978963e-04
7.853100265310043911e-04
1.002521717762244313e-03
1.236266086522534334e-03
1.433425057522212144e-03
1.390336865250572842e-03
1.198798470483561666e-03
1.198798470483561666e-03
8.974055791808399976e-04
7.007080562737820484e-04
6.110586971045476332e-04
6.105528400039159174e-04
6.856788732144837974e-04
8.640181868826637837e-04
9.258895222839601648e-04
9.280224910512180521e-04
8.127238904417552739e-04
6.563656166290712714e-04
6.563656166290712714e-04
5.573925906564849639e-04
6.713911990272447951e-04
7.509478018622333696e-04
8.746844839107207692e-04
1.032195931374370063e-03
1.094708122116596575e-03
9.758997379924212040e-04
4.336043172956198771e-04
3.612767112546278413e-04
5.462439985664644011e-04
5.462439985664644011e-04
6.708088098272343026e-04
7.438600266474529581e-04
8.443929372825266727e-04
8.901780745876886058e-04
9.636419017015231256e-04
1.033476201231355984e-03
1.176988404646738115e-03
1.396405148444620397e-03
1.634402329874670191e-03
1.756954435925442252e-03
1.756954435925442252e-03
1.812685232288501012e-03
1.793490814263226521e-03
1.712377145270761736e-03
1.618123067358048350e-03
1.582588510191167098e-03
1.575770417533123736e-03
1.573737248017495179e-03
1.576223015654594018e-03
1.625529988346469459e-03
1.694359230313084459e-03
1.694359230313084459e-03
1.686587992533045144e-03
1.609457710902089051e-03
1.501161652393719764e-03
1.437631406216283679e-03
1.417259956909398431e-03
1.436795733338753914e-03
1.411638971618011957e-03
1.391487938290157222e-03
1.344689856276767631e-03
1.265933345026770511e-03
1.265933345026770511e-03
1.171951393044655051e-03
1.082668220587720788e-03
9.679794407178397148e-04
8.679037000261358549e-04
7.603145730096636965e-04
6.365407206092744009e-04
5.055783492572088911e-04
4.383920855899541371e-04
3.928896980098117329e-04
4.267193076073958727e-04
4.267193076073958727e-04
5.902995665734338607e-04
8.531916188793103178e-04
1.012345031894736416e-03
1.001553780855882420e-03
8.877292399709792560e-04
8.581327476006467021e-04
8.704444578994298019e-04
8.656494388069701628e-04
8.432174836320589350e-04
9.057458538171463342e-04
9.057458538171463342e-04
8.853082409284375887e-04
8.504989473492389736e-04
8.227828586548062038e-04
8.063260699402783997e-04
8.451201923348124504e-04
9.833216703921316727e-04
1.134165334414031969e-03
1.340524725036984282e-03
1.505436177118166892e-03
1.619789771644522102e-03
1.619789771644522102e-03
1.609579175787285857e-03
1.550058386523446487e-03
1.552004450347819857e-03
1.633834888425707158e-03
1.667246440393857065e-03
1.660068853306861372e-03
1.680142834761655553e-03
1.791449894941359164e-03
1.869082466438154802e-03
1.836023248958782404e-03
1.836023248958782404e-03
1.624239120736347330e-03
1.402359738050313514e-03
1.197707373849743592e-03
1.079150948175919798e-03
9.835436355173266150e-04
8.812046580760292316e-04
8.693541804454680546e-04
9.754452017539281487e-04
1.070813862020515619e-03
1.090466410762450534e-03
1.090466410762450534e-03
1.000278484353325521e-03
9.236469103800234006e-04
9.678436835058183739e-04
9.750001495944855172e-04
8.550214101407939112e-04
6.327565314154169314e-04
5.397214162206894839e-04
5.834218397324224693e-04
5.858315096190248048e-04
5.585782066972220595e-04
5.585782066972220595e-04
5.172960395616948374e-04
5.509625046696793116e-04
7.070904081813819859e-04
8.542846046893607260e-04
9.105943789102802438e-04
9.716960104779620057e-04
1.076655701655851840e-03
1.251847893583348968e-03
1.335131665136573024e-03
1.424458564664990738e-03
1.424458564664990738e-03
1.604882321441754257e-03
1.864803308718667330e-03
2.334249974426792339e-03
2.849771723783685838e-03
3.306279023811237346e-03
3.743829107448233204e-03
4.149751771564435740e-03
4.527115279721692816e-03
4.736480696188561171e-03
4.761975860792641048e-03
4.761975860792641048e-03
4.668675073327284084e-03
4.529992468156162320e-03
4.301968129274880495e-03
3.908329259541392167e-03
3.409563990919571661e-03
2.807844607273924167e-03
2.155926377250719662e-03
1.446915416747024050e-03
9.152650404770310824e-04
6.942067533474525088e-04
6.942067533474525088e-04
7.636378887490291850e-04
8.953609817379355133e-04
9.864520967262785378e-04
9.624804710049860313e-04
9.563849497913043179e-04
9.624996773965651797e-04
8.615544424213529692e-04
7.096879431261178626e-04
6.788245498461066519e-04
8.516088254039028962e-04
8.516088254039028962e-04
1.092308917603456711e-03
1.372189820416669717e-03
1.587903788511522019e-03
1.779341186990666479e-03
1.851518927620121472e-03
1.835249521227468690e-03
1.746578353906541375e-03
1.513146088257124634e-03
1.348692712498727412e-03
1.205954177121732612e-03
1.205954177121732612e-03
1.129396664459541384e-03
1.106435052497852867e-03
1.150733949702616382e-03
1.318880846002089919e-03
1.459561501411467529e-03
1.575367958146509009e-03
1.803690318653940628e-03
2.089077988188787257e-03
2.410007989349178138e-03
2.573129447813607331e-03
2.573129447813607331e-03
2.806139374460784458e-03
3.231385078820629957e-03
3.843669992335572733e-03
4.474589647780571541e-03
5.169031902917741589e-03
5.759840500758767363e-03
6.253672043324943509e-03
6.626547997652100681e-03
6.950717682164754725e-03
7.210033221866475085e-03
7.210033221866475085e-03
7.449211375129560948e-03
7.576409125278151663e-03
7.617130030221069305e-03
7.522309254979156305e-03
7.331004092854495266e-03
6.934559689185298970e-03
6.557046866891692513e-03
6.112589255873057854e-03
5.633637268762141381e-03
5.156178342863573447e-03
5.156178342863573447e-03
4.737851749853598873e-03
4.299890098311074348e-03
3.817104297173778624e-03
3.336639943756431262e-03
2.879842113200865861e-03
2.505651365299999683e-03
2.237207521656618247e-03
2.046666024704725181e-03
1.871397369758316317e-03
1.740246264798212634e-03
1.740246264798212634e-03
1.473920967423760766e-03
1.260434737713107996e-03
1.002246046608714540e-03
6.181948153439091121e-04
3.352785276215930607e-04
4.804439119791592853e-04
8.883659659603592362e-04
1.311354843499061215e-03
1.637067080575788525e-03
1.963296287995090674e-03
1.963296287995090674e-03
2.248081733698870620e-03
2.657496985555618963e-03
2.950630786636080152e-03
2.982638138454301539e-03
2.994447911480764470e-03
3.002335471357334314e-03
3.007902311398553009e-03
2.942064981637560611e-03
2.787801781176085531e-03
2.507145202863293992e-03
2.507145202863293992e-03
2.153078808868291467e-03
1.693543693515067684e-03
1.317672163768574423e-03
1.040284766912241655e-03
8.369101246040630245e-04
7.594402556033606408e-04
1.017577426738053292e-03
1.574241924730193339e-03
2.183505707414170726e-03
2.793019602818362819e-03
