1.579071208834648132e-02
1.579071208834648132e-02
1.416021492332220078e-02
1.465410273522138596e-02
1.478877943009138107e-02
1.481589674949645996e-02
1.484097912907600403e-02
1.473335735499858856e-02
1.481895055621862411e-02
1.476165745407342911e-02
1.484814658761024475e-02
1.504707429558038712e-02
1.504707429558038712e-02
1.537236571311950684e-02
1.563259959220886230e-02
1.591663062572479248e-02
1.610128395259380341e-02
1.617783121764659882e-02
1.621226035058498383e-02
1.623286120593547821e-02
1.645359955728054047e-02
1.666539348661899567e-02
1.688582077622413635e-02
1.688582077622413635e-02
1.721582747995853424e-02
1.763169839978218079e-02
1.798686943948268890e-02
1.823382824659347534e-02
1.839515008032321930e-02
1.837673224508762360e-02
1.824091933667659760e-02
1.808226667344570160e-02
1.790057495236396790e-02
1.780169643461704254e-02
1.780169643461704254e-02
1.782997325062751770e-02
1.795987784862518311e-02
1.818311214447021484e-02
1.843351870775222778e-02
1.865512877702713013e-02
1.875458098948001862e-02
1.878191716969013214e-02
1.872501894831657410e-02
1.854359731078147888e-02
1.824992150068283081e-02
1.824992150068283081e-02
1.784840412437915802e-02
1.738705113530158997e-02
1.683552190661430359e-02
1.631422899663448334e-02
1.600492931902408600e-02
1.587313972413539886e-02
1.583751477301120758e-02
1.582043804228305817e-02
1.585146412253379822e-02
1.591866277158260345e-02
1.591866277158260345e-02
1.600387133657932281e-02
1.606864109635353088e-02
1.613065414130687714e-02
1.627448201179504395e-02
1.649343967437744141e-02
1.675552688539028168e-02
1.709679327905178070e-02
1.750257611274719238e-02
1.790289767086505890e-02
1.823201030492782593e-02
1.823201030492782593e-02
1.844443380832672119e-02
1.862156391143798828e-02
1.869909279048442841e-02
1.876103878021240234e-02
1.882167533040046692e-02
1.928915083408355713e-02
1.963002234697341919e-02
1.977726072072982788e-02
1.975487917661666870e-02
1.965709030628204346e-02
1.965709030628204346e-02
1.943119056522846222e-02
1.920177415013313293e-02
1.889370754361152649e-02
1.860111579298973083e-02
1.834610477089881897e-02
1.811836473643779755e-02
1.802242733538150787e-02
1.799927838146686554e-02
1.812950894236564636e-02
1.830174401402473450e-02
1.830174401402473450e-02
1.853486895561218262e-02
1.874445937573909760e-02
1.884472742676734924e-02
1.888334751129150391e-02
1.881846040487289429e-02
1.870844885706901550e-02
1.859999448060989380e-02
1.847637817263603210e-02
1.841346174478530884e-02
1.847074180841445923e-02
1.847074180841445923e-02
1.855857856571674347e-02
1.871799677610397339e-02
1.894181407988071442e-02
1.918243803083896637e-02
1.930257678031921387e-02
1.939705759286880493e-02
1.956618204712867737e-02
1.971719227731227875e-02
1.972739584743976593e-02
1.970407739281654358e-02
1.970407739281654358e-02
1.968364790081977844e-02
1.958493143320083618e-02
1.954302936792373657e-02
1.950748264789581299e-02
1.945106685161590576e-02
1.945296488702297211e-02
1.945080794394016266e-02
1.939700730144977570e-02
1.926923729479312897e-02
1.915840245783329010e-02
1.915840245783329010e-02
1.903850585222244263e-02
1.889520883560180664e-02
1.874130032956600189e-02
1.853003725409507751e-02
1.827510260045528412e-02
1.806732639670372009e-02
1.787099801003932953e-02
1.770539954304695129e-02
1.758079044520854950e-02
1.753160171210765839e-02
1.753160171210765839e-02
1.750624924898147583e-02
1.747320592403411865e-02
1.739845983684062958e-02
1.727886125445365906e-02
1.706222444772720337e-02
1.683997735381126404e-02
1.669363863766193390e-02
1.659085974097251892e-02
1.645316742360591888e-02
1.671848446130752563e-02
1.671848446130752563e-02
1.700760610401630402e-02
1.730180718004703522e-02
1.759760454297065735e-02
1.786959171295166016e-02
1.813618838787078857e-02
1.836203783750534058e-02
1.857264153659343719e-02
1.868120208382606506e-02
1.880797557532787323e-02
1.887752488255500793e-02
1.887752488255500793e-02
1.885583996772766113e-02
1.882983371615409851e-02
1.882631331682205200e-02
1.879772357642650604e-02
1.876332797110080719e-02
1.873917318880558014e-02
1.879031583666801453e-02
1.889341697096824646e-02
1.910571381449699402e-02
1.929646730422973633e-02
1.929646730422973633e-02
1.958106830716133118e-02
1.989063993096351624e-02
2.024508640170097351e-02
2.063391357660293579e-02
2.105562761425971985e-02
2.141376771032810211e-02
2.171821892261505127e-02
2.192243561148643494e-02
2.199867554008960724e-02
2.200456522405147552e-02
2.200456522405147552e-02
2.185663208365440369e-02
2.169055864214897156e-02
2.135859243571758270e-02
2.102832868695259094e-02
2.081351168453693390e-02
2.065993659198284149e-02
2.063590660691261292e-02
2.073164284229278564e-02
2.081506513059139252e-02
2.083686180412769318e-02
2.083686180412769318e-02
2.067172154784202576e-02
2.045002020895481110e-02
2.014093287289142609e-02
1.975172013044357300e-02
1.928249374032020569e-02
1.883446052670478821e-02
1.839972846210002899e-02
1.796548441052436829e-02
1.755605265498161316e-02
1.724192686378955841e-02
1.724192686378955841e-02
1.700500771403312683e-02
1.683200150728225708e-02
1.672814227640628815e-02
1.661632023751735687e-02
1.660499908030033112e-02
1.665606908500194550e-02
1.675969175994396210e-02
1.695675216615200043e-02
1.721937209367752075e-02
1.745254732668399811e-02
1.745254732668399811e-02
1.763242296874523163e-02
1.777526177465915680e-02
1.789537630975246429e-02
1.795414648950099945e-02
1.791692711412906647e-02
1.777216047048568726e-02
1.749134808778762817e-02
1.719775050878524780e-02
1.690053008496761322e-02
1.652541197836399078e-02
1.652541197836399078e-02
1.631954871118068695e-02
1.625504344701766968e-02
1.634345203638076782e-02
1.654742471873760223e-02
1.671439036726951599e-02
1.687657274305820465e-02
1.698154956102371216e-02
1.700848340988159180e-02
1.696231402456760406e-02
1.684181019663810730e-02
1.684181019663810730e-02
1.679053530097007751e-02
1.687361113727092743e-02
1.699608005583286285e-02
1.716699637472629547e-02
1.731393299996852875e-02
1.742986217141151428e-02
1.734125055372714996e-02
1.716270856559276581e-02
1.694527827203273773e-02
1.673793978989124298e-02
1.673793978989124298e-02
1.659523881971836090e-02
1.646251790225505829e-02
1.630393601953983307e-02
1.619945839047431946e-02
1.610403694212436676e-02
1.585977524518966675e-02
1.563321799039840698e-02
1.544957421720027924e-02
1.526379678398370743e-02
1.510824728757143021e-02
1.510824728757143021e-02
1.489717792719602585e-02
1.466327719390392303e-02
1.439898833632469177e-02
1.412961445748806000e-02
1.391712110489606857e-02
1.368676777929067612e-02
1.348325889557600021e-02
1.330283470451831818e-02
1.322948001325130463e-02
1.318262703716754913e-02
1.318262703716754913e-02
1.304235309362411499e-02
1.280688773840665817e-02
1.255006343126296997e-02
1.226880215108394623e-02
1.196879707276821136e-02
1.173670589923858643e-02
1.152873411774635315e-02
1.127795968204736710e-02
1.106343138962984085e-02
1.093560364097356796e-02
