2.488395757973194122e-02
2.367040328681468964e-02
2.321080677211284637e-02
2.234645932912826538e-02
2.149059250950813293e-02
2.065292745828628540e-02
1.993555016815662384e-02
1.920919120311737061e-02
1.861608214676380157e-02
1.833624392747879028e-02
1.812346838414669037e-02
1.812346838414669037e-02
1.795670017600059509e-02
1.766217127442359924e-02
1.744180917739868164e-02
1.734244450926780701e-02
1.712823845446109772e-02
1.678774319589138031e-02
1.649146154522895813e-02
1.621856540441513062e-02
1.594114862382411957e-02
1.580952294170856476e-02
1.580952294170856476e-02
1.584066078066825867e-02
1.596146076917648315e-02
1.583736762404441833e-02
1.568922214210033417e-02
1.550128869712352753e-02
1.529885735362768173e-02
1.517510507255792618e-02
1.496263686567544937e-02
1.463803462684154510e-02
1.419817283749580383e-02
1.419817283749580383e-02
1.382904406636953354e-02
1.351995673030614853e-02
1.318665221333503723e-02
1.292417477816343307e-02
1.258675567805767059e-02
1.217587105929851532e-02
1.167195662856101990e-02
1.118914783000946045e-02
1.058043446391820908e-02
1.014235708862543106e-02
1.014235708862543106e-02
9.857801720499992371e-03
9.567930363118648529e-03
9.303932078182697296e-03
9.069133549928665161e-03
8.879879489541053772e-03
8.818176575005054474e-03
8.720064535737037659e-03
8.533508516848087311e-03
8.455445058643817902e-03
8.283951319754123688e-03
8.283951319754123688e-03
7.765470538288354874e-03
7.191641721874475479e-03
6.559617817401885986e-03
6.910143420100212097e-03
7.275606505572795868e-03
7.624369114637374878e-03
7.855696603655815125e-03
7.866889238357543945e-03
7.859070785343647003e-03
7.742353249341249466e-03
7.742353249341249466e-03
7.623021490871906281e-03
7.452664896845817566e-03
7.294571027159690857e-03
7.098299451172351837e-03
6.854583043605089188e-03
6.619878113269805908e-03
6.380083039402961731e-03
6.173500791192054749e-03
5.993010010570287704e-03
5.856585223227739334e-03
5.856585223227739334e-03
5.823696497827768326e-03
5.795632023364305496e-03
5.790431983768939972e-03
5.843551829457283020e-03
5.955258384346961975e-03
6.077707279473543167e-03
6.819314323365688324e-03
7.518884725868701935e-03
8.129041641950607300e-03
8.687167428433895111e-03
8.687167428433895111e-03
9.175141341984272003e-03
9.608430787920951843e-03
9.982066228985786438e-03
1.025760546326637268e-02
1.043580565601587296e-02
1.047529932111501694e-02
1.048153825104236603e-02
1.051270589232444763e-02
1.066658832132816315e-02
1.086325291544198990e-02
1.086325291544198990e-02
1.106135081499814987e-02
1.124112214893102646e-02
1.124112214893102646e-02
1.133889984339475632e-02
1.146439742296934128e-02
1.171730924397706985e-02
1.200550701469182968e-02
1.218892913311719894e-02
1.237686257809400558e-02
1.241319626569747925e-02
1.241319626569747925e-02
1.245456747710704803e-02
1.252245344221591949e-02
1.258050184696912766e-02
1.267332211136817932e-02
1.276396960020065308e-02
1.278523076325654984e-02
1.271401252597570419e-02
1.265960559248924255e-02
1.263632718473672867e-02
1.264048460870981216e-02
1.264048460870981216e-02
1.275102049112319946e-02
1.287043001502752304e-02
1.307460945099592209e-02
1.324795372784137726e-02
1.337241102010011673e-02
1.350235380232334137e-02
1.367737818509340286e-02
1.385090965777635574e-02
1.398052740842103958e-02
1.403435040265321732e-02
1.403435040265321732e-02
1.413804385811090469e-02
1.417556777596473694e-02
1.416290272027254105e-02
1.405696943402290344e-02
1.380225270986557007e-02
1.343798823654651642e-02
1.307891774922609329e-02
1.284014992415904999e-02
1.266558095812797546e-02
1.256299111992120743e-02
1.256299111992120743e-02
1.236005872488021851e-02
1.236859429627656937e-02
1.237158384174108505e-02
1.245081145316362381e-02
1.269724685698747635e-02
1.299854367971420288e-02
1.334403362125158310e-02
1.384924445301294327e-02
1.437195669859647751e-02
1.483885385096073151e-02
1.483885385096073151e-02
1.532667223364114761e-02
1.568484306335449219e-02
1.594782248139381409e-02
1.654841192066669464e-02
1.695841737091541290e-02
1.720633916556835175e-02
1.720633916556835175e-02
1.720633916556835175e-02
1.720633916556835175e-02
1.720633916556835175e-02
1.720633916556835175e-02
1.737298071384429932e-02
1.748112216591835022e-02
1.749973557889461517e-02
1.747948117554187775e-02
1.748431846499443054e-02
1.749485917389392853e-02
1.754200272262096405e-02
1.760914176702499390e-02
1.768330857157707214e-02
1.778535358607769012e-02
1.778535358607769012e-02
1.787414774298667908e-02
1.792669482529163361e-02
1.800859719514846802e-02
1.809935458004474640e-02
1.819073967635631561e-02
1.820263452827930450e-02
1.827837899327278137e-02
1.836919784545898438e-02
1.860148459672927856e-02
1.882704719901084900e-02
1.882704719901084900e-02
1.896338909864425659e-02
1.913387887179851532e-02
1.934888027608394623e-02
1.956655085086822510e-02
1.968018710613250732e-02
1.985186338424682617e-02
2.007515728473663330e-02
2.030971273779869080e-02
2.052409388124942780e-02
2.073719352483749390e-02
2.073719352483749390e-02
2.088794670999050140e-02
2.096015028655529022e-02
2.105140686035156250e-02
2.114795148372650146e-02
2.113482542335987091e-02
2.124257944524288177e-02
2.144287899136543274e-02
2.165135741233825684e-02
2.189608849585056305e-02
2.200163155794143677e-02
2.200163155794143677e-02
2.218264900147914886e-02
2.237869426608085632e-02
2.251855656504631042e-02
2.266493998467922211e-02
2.275248058140277863e-02
2.294068783521652222e-02
2.313239872455596924e-02
2.326228097081184387e-02
2.337049320340156555e-02
2.349424362182617188e-02
2.349424362182617188e-02
2.362945862114429474e-02
2.387387119233608246e-02
2.401836216449737549e-02
2.412511408329010010e-02
2.415736764669418335e-02
2.421680651605129242e-02
2.426563948392868042e-02
2.429581433534622192e-02
2.435452118515968323e-02
2.442722208797931671e-02
2.442722208797931671e-02
2.448883280158042908e-02
2.456298284232616425e-02
2.457214333117008209e-02
2.462186664342880249e-02
2.470177598297595978e-02
2.486753091216087341e-02
2.515581436455249786e-02
2.553660795092582703e-02
2.594744414091110229e-02
2.639490924775600433e-02
2.639490924775600433e-02
2.689913287758827209e-02
2.745020017027854919e-02
2.792872861027717590e-02
2.839260362088680267e-02
2.864494919776916504e-02
2.859650552272796631e-02
2.849656715989112854e-02
2.838035859167575836e-02
2.829193882644176483e-02
2.821429073810577393e-02
2.821429073810577393e-02
2.816964499652385712e-02
2.811418473720550537e-02
2.807459421455860138e-02
2.812078222632408142e-02
2.829144150018692017e-02
2.854403480887413025e-02
2.886600047349929810e-02
2.917876653373241425e-02
2.942082844674587250e-02
2.962720580399036407e-02
2.962720580399036407e-02
2.977011911571025848e-02
2.985772676765918732e-02
2.986571937799453735e-02
2.986248210072517395e-02
2.987356483936309814e-02
2.976111322641372681e-02
2.957995422184467316e-02
2.938196435570716858e-02
2.917817234992980957e-02
2.899961918592453003e-02
2.899961918592453003e-02
2.881721407175064087e-02
2.861882746219635010e-02
2.844933979213237762e-02
2.835470624268054962e-02
2.821458876132965088e-02
2.811328507959842682e-02
2.805079519748687744e-02
2.770813740789890289e-02
2.740157768130302429e-02
2.713898196816444397e-02
2.713898196816444397e-02
2.705975249409675598e-02
2.706266008317470551e-02
2.706057578325271606e-02
2.713179215788841248e-02
2.726235054433345795e-02
2.741160057485103607e-02
2.761477790772914886e-02
2.780782245099544525e-02
2.798653393983840942e-02
2.805812470614910126e-02
2.805812470614910126e-02
2.812341973185539246e-02
2.818624302744865417e-02
2.822215482592582703e-02
2.810510061681270599e-02
2.788339368999004364e-02
2.770007587969303131e-02
2.743956632912158966e-02
2.703499980270862579e-02
2.662551589310169220e-02
2.625474706292152405e-02
2.625474706292152405e-02
2.610463090240955353e-02
2.591296471655368805e-02
2.566020749509334564e-02
2.533557638525962830e-02
2.500804699957370758e-02
2.471471391618251801e-02
2.438036911189556122e-02
2.402237616479396820e-02
2.363807894289493561e-02
2.330705896019935608e-02
2.330705896019935608e-02
2.291146107017993927e-02
2.253033779561519623e-02
2.221187949180603027e-02
2.182983979582786560e-02
2.152659930288791656e-02
2.128900773823261261e-02
2.123908139765262604e-02
2.102741226553916931e-02
2.085562795400619507e-02
2.071723528206348419e-02
2.071723528206348419e-02
2.056814171373844147e-02
2.048293687403202057e-02
2.042133733630180359e-02
2.030589617788791656e-02
2.015442214906215668e-02
2.002684585750102997e-02
1.993209309875965118e-02
1.983058266341686249e-02
1.970436237752437592e-02
1.954811997711658478e-02
1.954811997711658478e-02
1.935068331658840179e-02
1.911632902920246124e-02
1.885342225432395935e-02
1.862329430878162384e-02
1.841024681925773621e-02
1.823760382831096649e-02
1.836396753787994385e-02
1.851263828575611115e-02
1.872953213751316071e-02
1.895063742995262146e-02
1.895063742995262146e-02
1.924588344991207123e-02
1.938856579363346100e-02
1.942422613501548767e-02
1.935564726591110229e-02
1.927277445793151855e-02
1.944831199944019318e-02
1.951814070343971252e-02
1.956639625132083893e-02
1.960246451199054718e-02
1.998968608677387238e-02
1.998968608677387238e-02
2.024490758776664734e-02
2.046522870659828186e-02
2.062623947858810425e-02
2.071426436305046082e-02
2.076277881860733032e-02
2.079032547771930695e-02
2.070396579802036285e-02
2.059418521821498871e-02
2.039839141070842743e-02
2.025834657251834869e-02
2.025834657251834869e-02
2.017704211175441742e-02
2.009529992938041687e-02
2.003719843924045563e-02
2.003656327724456787e-02
1.989983394742012024e-02
1.982150413095951080e-02
1.974117942154407501e-02
1.961331814527511597e-02
1.945666223764419556e-02
1.935415714979171753e-02
1.935415714979171753e-02
1.922649703919887543e-02
1.944917626678943634e-02
1.961448416113853455e-02
1.976831629872322083e-02
1.980117708444595337e-02
1.982434280216693878e-02
1.985653117299079895e-02
1.980995759367942810e-02
1.974216476082801819e-02
1.967584155499935150e-02
1.967584155499935150e-02
1.953861489892005920e-02
1.939920708537101746e-02
1.922997087240219116e-02
1.902129687368869781e-02
1.884311623871326447e-02
1.861228607594966888e-02
1.834865473210811615e-02
1.767927035689353943e-02
1.704999990761280060e-02
1.643872074782848358e-02
1.643872074782848358e-02
1.577001810073852539e-02
1.508461404591798782e-02
1.440677139908075333e-02
1.362436823546886444e-02
1.288393419235944748e-02
1.220189314335584641e-02
1.162142585963010788e-02
1.108754333108663559e-02
1.060614269226789474e-02
1.019335631281137466e-02
1.019335631281137466e-02
9.821373969316482544e-03
9.528962895274162292e-03
9.269764646887779236e-03
9.107073768973350525e-03
9.062033146619796753e-03
9.077386930584907532e-03
9.173334576189517975e-03
9.336907416582107544e-03
9.742948226630687714e-03
1.019426155835390091e-02
1.019426155835390091e-02
1.065814401954412460e-02
1.106481347233057022e-02
1.140967197716236115e-02
1.184510998427867889e-02
1.225345302373170853e-02
1.259377878159284592e-02
1.268740743398666382e-02
1.270673424005508423e-02
1.270699407905340195e-02
1.266808528453111649e-02
1.266808528453111649e-02
1.262184511870145798e-02
1.255358941853046417e-02
1.250439230352640152e-02
1.241074781864881516e-02
1.227816008031368256e-02
1.214392669498920441e-02
1.234001480042934418e-02
1.245886739343404770e-02
1.258888281881809235e-02
1.268201041966676712e-02
1.268201041966676712e-02
1.272210385650396347e-02
1.274088490754365921e-02
1.271306723356246948e-02
1.270422805100679398e-02
1.267879456281661987e-02
1.263474393635988235e-02
1.259229332208633423e-02
1.256989967077970505e-02
1.264609862118959427e-02
1.269763428717851639e-02
1.269763428717851639e-02
1.274609751999378204e-02
1.279647368937730789e-02
1.280498411506414413e-02
1.280221063643693924e-02
1.277352217584848404e-02
1.263433136045932770e-02
1.249420922249555588e-02
1.232273783534765244e-02
1.212961412966251373e-02
1.197589654475450516e-02
1.197589654475450516e-02
1.185564231127500534e-02
1.172692049294710159e-02
1.158466469496488571e-02
1.145877037197351456e-02
1.130327396094799042e-02
1.113948971033096313e-02
1.095985434949398041e-02
1.082360837608575821e-02
1.071242243051528931e-02
1.067581679672002792e-02
1.067581679672002792e-02
1.067973673343658447e-02
1.072043832391500473e-02
1.082120463252067566e-02
1.092410180717706680e-02
1.096400711685419083e-02
1.103076897561550140e-02
1.108626928180456161e-02
1.110620051622390747e-02
1.103174127638339996e-02
1.096053514629602432e-02
1.096053514629602432e-02
1.090162806212902069e-02
1.079564355313777924e-02
1.071005593985319138e-02
1.062985137104988098e-02
1.060813106596469879e-02
1.063872501254081726e-02
1.069215778261423111e-02
1.067226845771074295e-02
1.069161947816610336e-02
1.071088761091232300e-02
1.071088761091232300e-02
1.071168761700391769e-02
1.077196281403303146e-02
1.079757697880268097e-02
1.080116443336009979e-02
1.081646233797073364e-02
1.148439012467861176e-02
1.202190294861793518e-02
1.239726413041353226e-02
1.262436248362064362e-02
1.270641107112169266e-02
1.270641107112169266e-02
1.271428167819976807e-02
1.263673603534698486e-02
1.258177403360605240e-02
1.247951202094554901e-02
1.237580459564924240e-02
1.224733423441648483e-02
1.207431685179471970e-02
1.187798753380775452e-02
1.160848885774612427e-02
1.127179153263568878e-02
1.127179153263568878e-02
1.093806233257055283e-02
1.062609720975160599e-02
1.032670587301254272e-02
1.012295205146074295e-02
9.950805455446243286e-03
9.790885262191295624e-03
9.670865722000598907e-03
9.588174521923065186e-03
9.506400674581527710e-03
9.453980252146720886e-03
9.453980252146720886e-03
9.402694180607795715e-03
9.366975165903568268e-03
9.410996921360492706e-03
9.468149393796920776e-03
9.544826112687587738e-03
9.408135898411273956e-03
9.360022842884063721e-03
9.331811219453811646e-03
9.405111894011497498e-03
9.498717263340950012e-03
9.498717263340950012e-03
9.616611525416374207e-03
9.870802983641624451e-03
9.870802983641624451e-03
1.016145758330821991e-02
1.037305872887372971e-02
1.049501355737447739e-02
1.061943080276250839e-02
1.066141575574874878e-02
1.070714276283979416e-02
1.070685405284166336e-02
1.070685405284166336e-02
1.059111393988132477e-02
1.049647666513919830e-02
1.044959016144275665e-02
1.044645346701145172e-02
1.035907492041587830e-02
1.029608305543661118e-02
1.023992896080017090e-02
1.022177189588546753e-02
1.023523975163698196e-02
1.026894990354776382e-02
