2.134357579052448273e-02
2.134357579052448273e-02
2.223611436784267426e-02
2.300518937408924103e-02
2.334781736135482788e-02
2.375976182520389557e-02
2.391513064503669739e-02
2.457297407090663910e-02
2.505362406373023987e-02
2.557774260640144348e-02
2.592520415782928467e-02
2.622838690876960754e-02
2.622838690876960754e-02
2.650371193885803223e-02
2.672336623072624207e-02
2.691995538771152496e-02
2.699146233499050140e-02
2.715814113616943359e-02
2.736488915979862213e-02
2.757358364760875702e-02
2.768903784453868866e-02
2.777659520506858826e-02
2.783339470624923706e-02
2.783339470624923706e-02
2.785318531095981598e-02
2.771797031164169312e-02
2.745001018047332764e-02
2.702243812382221222e-02
2.660441398620605469e-02
2.612636238336563110e-02
2.572827041149139404e-02
2.545077539980411530e-02
2.519103512167930603e-02
2.488662488758563995e-02
2.488662488758563995e-02
2.465829253196716309e-02
2.445195615291595459e-02
2.426977269351482391e-02
2.417962439358234406e-02
2.408963441848754883e-02
2.399646490812301636e-02
2.391609176993370056e-02
2.381538040935993195e-02
2.371438965201377869e-02
2.360830642282962799e-02
2.360830642282962799e-02
2.355399541556835175e-02
2.351664379239082336e-02
2.349382452666759491e-02
2.354038879275321960e-02
2.355318330228328705e-02
2.358187176287174225e-02
2.360989898443222046e-02
2.364917472004890442e-02
2.368477359414100647e-02
2.376963384449481964e-02
2.376963384449481964e-02
2.388700842857360840e-02
2.402495034039020538e-02
2.413296699523925781e-02
2.415660209953784943e-02
2.415118552744388580e-02
2.399182133376598358e-02
2.381206303834915161e-02
2.364988066256046295e-02
2.331990748643875122e-02
2.296734973788261414e-02
2.296734973788261414e-02
2.262800000607967377e-02
2.230264246463775635e-02
2.200253121554851532e-02
2.172585949301719666e-02
2.144366502761840820e-02
2.124724537134170532e-02
2.106676809489727020e-02
2.092766948044300079e-02
2.080297470092773438e-02
2.069547958672046661e-02
2.069547958672046661e-02
2.058066613972187042e-02
2.051302790641784668e-02
2.035309001803398132e-02
2.024558186531066895e-02
2.015715837478637695e-02
2.010305225849151611e-02
1.999667659401893616e-02
1.989100687205791473e-02
1.974924281239509583e-02
1.960667595267295837e-02
1.960667595267295837e-02
1.949089765548706055e-02
1.941566355526447296e-02
1.932818628847599030e-02
1.925434358417987823e-02
1.917014271020889282e-02
1.909564435482025146e-02
1.883576437830924988e-02
1.859348639845848083e-02
1.833526976406574249e-02
1.807051710784435272e-02
1.807051710784435272e-02
1.784247159957885742e-02
1.754624024033546448e-02
1.730969734489917755e-02
1.705879531800746918e-02
1.685250364243984222e-02
1.661971025168895721e-02
1.639671996235847473e-02
1.610140874981880188e-02
1.585484296083450317e-02
1.567756384611129761e-02
1.567756384611129761e-02
1.549630705267190933e-02
1.533435750752687454e-02
1.518037356436252594e-02
1.504963636398315430e-02
1.497394125908613205e-02
1.488528028130531311e-02
1.491822674870491028e-02
1.495802588760852814e-02
1.506577432155609131e-02
1.515979226678609848e-02
1.515979226678609848e-02
1.524949539452791214e-02
1.526524312794208527e-02
1.524608302861452103e-02
1.518051326274871826e-02
1.502978708595037460e-02
1.488948334008455276e-02
1.465210132300853729e-02
1.450409460812807083e-02
1.431053783744573593e-02
1.417409535497426987e-02
1.417409535497426987e-02
1.400093454867601395e-02
1.383690815418958664e-02
1.361543405801057816e-02
1.343111600726842880e-02
1.322457846254110336e-02
1.306099910289049149e-02
1.298805698752403259e-02
1.288473885506391525e-02
1.286003459244966507e-02
1.285818777978420258e-02
1.285818777978420258e-02
1.285321731120347977e-02
1.282219495624303818e-02
1.278132013976573944e-02
1.272875908762216568e-02
1.260515302419662476e-02
1.254226267337799072e-02
1.249689236283302307e-02
1.242330018430948257e-02
1.240460295230150223e-02
1.238781586289405823e-02
1.238781586289405823e-02
1.235557999461889267e-02
1.241595484316349030e-02
1.259334664791822433e-02
1.276209950447082520e-02
1.297476887702941895e-02
1.323257107287645340e-02
1.327304728329181671e-02
1.317326165735721588e-02
1.302363816648721695e-02
1.289390772581100464e-02
1.289390772581100464e-02
1.269868388772010803e-02
1.251785736531019211e-02
1.225886214524507523e-02
1.202144194394350052e-02
1.180834136903285980e-02
1.154553424566984177e-02
1.137494016438722610e-02
1.121039222925901413e-02
1.114496029913425446e-02
1.108120940625667572e-02
1.108120940625667572e-02
1.102924253791570663e-02
1.100557669997215271e-02
1.095941103994846344e-02
1.092157978564500809e-02
1.089498773217201233e-02
1.086361519992351532e-02
1.081815548241138458e-02
1.076538767665624619e-02
1.072723232209682465e-02
1.068741176277399063e-02
1.068741176277399063e-02
1.061264239251613617e-02
1.054590474814176559e-02
1.047932542860507965e-02
1.041982043534517288e-02
1.049030199646949768e-02
1.056399662047624588e-02
1.062855869531631470e-02
1.067814137786626816e-02
1.072935387492179871e-02
1.074185222387313843e-02
1.074185222387313843e-02
1.057678926736116409e-02
1.052661705762147903e-02
1.036307308822870255e-02
1.029735710471868515e-02
1.040488295257091522e-02
1.050433982163667679e-02
1.063239388167858124e-02
1.088327914476394653e-02
1.110709272325038910e-02
1.128014922142028809e-02
1.128014922142028809e-02
1.141025032848119736e-02
1.158454269170761108e-02
1.170010585337877274e-02
1.187453418970108032e-02
1.201753225177526474e-02
1.202711462974548340e-02
1.198400557041168213e-02
1.190632861107587814e-02
1.183826196938753128e-02
1.170262694358825684e-02
1.170262694358825684e-02
1.161035615950822830e-02
1.154530700296163559e-02
1.154638826847076416e-02
1.143873110413551331e-02
1.146894786506891251e-02
1.160696800798177719e-02
1.180267706513404846e-02
1.200983393937349319e-02
1.216144394129514694e-02
1.229376904666423798e-02
1.229376904666423798e-02
1.233671046793460846e-02
1.238877512514591217e-02
1.240059640258550644e-02
1.235237810760736465e-02
1.220236346125602722e-02
1.204317528754472733e-02
1.186035946011543274e-02
1.163081545382738113e-02
1.134810410439968109e-02
1.112681161612272263e-02
1.112681161612272263e-02
1.112770289182662964e-02
1.130650751292705536e-02
1.166160777211189270e-02
1.209835242480039597e-02
1.241580676287412643e-02
1.264426019042730331e-02
1.283362321555614471e-02
1.302829664200544357e-02
1.314108818769454956e-02
1.318060979247093201e-02
1.318060979247093201e-02
1.312798541039228439e-02
1.316115073859691620e-02
1.318421773612499237e-02
1.322485413402318954e-02
1.319916546344757080e-02
1.316762343049049377e-02
1.309017278254032135e-02
1.300387177616357803e-02
1.298316195607185364e-02
1.304673496633768082e-02
1.304673496633768082e-02
1.309960894286632538e-02
1.314809080213308334e-02
1.315386313945055008e-02
1.317963842302560806e-02
1.322177890688180923e-02
1.326537411659955978e-02
1.333311013877391815e-02
1.340276468545198441e-02
1.335939019918441772e-02
1.325163524597883224e-02
1.325163524597883224e-02
1.310174074023962021e-02
1.290570478886365891e-02
1.263183914124965668e-02
1.230013184249401093e-02
1.188061106950044632e-02
1.151349116116762161e-02
1.118438597768545151e-02
1.094289124011993408e-02
1.067077368497848511e-02
1.043122261762619019e-02
1.043122261762619019e-02
1.017442066222429276e-02
1.017501950263977051e-02
1.035050954669713974e-02
1.060165371745824814e-02
1.087085809558629990e-02
1.108641643077135086e-02
1.134806871414184570e-02
1.167039759457111359e-02
1.198966149240732193e-02
1.218400243669748306e-02
1.218400243669748306e-02
1.235402282327413559e-02
1.236272044479846954e-02
1.232441328465938568e-02
1.224549394100904465e-02
1.225539762526750565e-02
1.231752615422010422e-02
1.242430228739976883e-02
1.252615079283714294e-02
1.284702401608228683e-02
1.329254545271396637e-02
1.329254545271396637e-02
1.392414793372154236e-02
1.436521392315626144e-02
1.477854419499635696e-02
1.509668678045272827e-02
1.531444769352674484e-02
1.550723426043987274e-02
1.553923264145851135e-02
1.486397534608840942e-02
1.420378219336271286e-02
1.364277116954326630e-02
1.364277116954326630e-02
1.325696334242820740e-02
1.306906435638666153e-02
1.292950194329023361e-02
1.283676084131002426e-02
1.287434156984090805e-02
1.295263413339853287e-02
1.303724106401205063e-02
1.315332856029272079e-02
1.320165768265724182e-02
1.317669637501239777e-02
1.317669637501239777e-02
1.317669637501239777e-02
1.317669637501239777e-02
1.315591949969530106e-02
1.316167693585157394e-02
1.320139411836862564e-02
1.327528338879346848e-02
1.357828825712203979e-02
1.382130756974220276e-02
1.399684231728315353e-02
1.421426050364971161e-02
1.421426050364971161e-02
1.439229678362607956e-02
1.450512558221817017e-02
1.457752753049135208e-02
1.461831759661436081e-02
1.466702856123447418e-02
1.473862677812576294e-02
1.483764499425888062e-02
1.490914169698953629e-02
1.509290281683206558e-02
1.525402348488569260e-02
1.525402348488569260e-02
1.536550000309944153e-02
1.547420490533113480e-02
1.558019034564495087e-02
1.564660668373107910e-02
1.572014763951301575e-02
1.571560278534889221e-02
1.564686559140682220e-02
1.554409321397542953e-02
1.540084276348352432e-02
1.522985566407442093e-02
1.522985566407442093e-02
1.505261193960905075e-02
1.481898687779903412e-02
1.461349613964557648e-02
1.441637240350246429e-02
1.424526143819093704e-02
1.408524718135595322e-02
1.394656300544738770e-02
1.379266567528247833e-02
1.366399228572845459e-02
1.353167556226253510e-02
1.353167556226253510e-02
1.336515787988901138e-02
1.316212583333253860e-02
1.295743323862552643e-02
1.268694829195737839e-02
1.247434597462415695e-02
1.220853254199028015e-02
1.192916836589574814e-02
1.163169089704751968e-02
1.129004172980785370e-02
1.087550166994333267e-02
1.087550166994333267e-02
1.046289876103401184e-02
1.013555284589529037e-02
9.868604131042957306e-03
9.636210277676582336e-03
9.358472190797328949e-03
9.100935421884059906e-03
8.919975720345973969e-03
8.786053396761417389e-03
8.695757016539573669e-03
8.569353260099887848e-03
8.569353260099887848e-03
8.442416787147521973e-03
8.388473652303218842e-03
8.382834494113922119e-03
8.412438444793224335e-03
8.446563035249710083e-03
8.494867943227291107e-03
8.552061393857002258e-03
8.616179227828979492e-03
8.627622388303279877e-03
8.639589883387088776e-03
8.639589883387088776e-03
8.676624856889247894e-03
8.757164701819419861e-03
8.809373714029788971e-03
8.986450731754302979e-03
9.208441711962223053e-03
9.507609531283378601e-03
9.951602667570114136e-03
1.033283025026321411e-02
1.070117205381393433e-02
1.102527324110269547e-02
