3.243114668225242914e-02
3.219070918467573095e-02
3.221029969976656887e-02
3.230855013355653227e-02
3.254628820595578675e-02
3.268460418312821997e-02
3.282641495905894852e-02
3.292021045742693497e-02
3.309651558770841662e-02
3.331160598991463051e-02
3.352147082863518590e-02
3.366243451572774326e-02
3.385924124522867590e-02
3.404421883840080126e-02
3.423086987235971629e-02
3.438952970218563804e-02
3.454638961009309783e-02
3.474857115604869373e-02
3.492632551314969747e-02
3.507910413295845659e-02
3.520425299598935187e-02
3.538847783091281923e-02
3.544358522024864538e-02
3.540849928985431716e-02
3.543852690287704194e-02
3.544199544733410423e-02
3.543601831886079856e-02
3.541950743487997516e-02
3.539324338012644205e-02
3.528412924950419943e-02
3.514584376753114581e-02
