2.153703760069694117e-03
2.153703760069694117e-03
2.004779951477493084e-03
1.642925703678762986e-03
2.137637214722179664e-03
2.373708926248076917e-03
2.429755225145217162e-03
1.928866317873136884e-03
1.795634023673667572e-03
1.909597029463951752e-03
2.119610204348998297e-03
2.305293179481817788e-03
2.305293179481817788e-03
2.576752707753721811e-03
2.644156595764976352e-03
2.740267881565602425e-03
2.771897775756259306e-03
2.727306112891032547e-03
2.727306112891032547e-03
2.672801354130166854e-03
2.508485718981810254e-03
2.405711243067055246e-03
2.323500732793820894e-03
2.323500732793820894e-03
2.355523925175863429e-03
2.409879465374009048e-03
2.566972162467299860e-03
2.670462738155440600e-03
2.842347890312715321e-03
2.893034521129672458e-03
2.886083260922087980e-03
2.966596112836383196e-03
3.159432145237485879e-03
3.249413844173782567e-03
3.249413844173782567e-03
3.280638051134908157e-03
3.373519771486294290e-03
3.288428325783428804e-03
3.120379491125917226e-03
2.888194177980717581e-03
2.590716336450526146e-03
2.284087395534601782e-03
2.088690884950138594e-03
2.206876083204212594e-03
2.442142160619191135e-03
2.442142160619191135e-03
2.677759212738999202e-03
2.702042180711415869e-03
2.697331787114446832e-03
2.617739662581886496e-03
2.485022875082539776e-03
2.333329021438742146e-03
2.199549322866742318e-03
2.005016785068482101e-03
1.771382919164207368e-03
1.627089473256040659e-03
1.627089473256040659e-03
1.532267648055420225e-03
1.580783967115111186e-03
1.759160793865970854e-03
2.002853759946258017e-03
2.057397620652073444e-03
2.128382520193082897e-03
2.113504348465313019e-03
1.761270385822470003e-03
1.279913631788029372e-03
1.110320346410859993e-03
1.110320346410859993e-03
1.084352969836222414e-03
1.038693375420189765e-03
1.204917456274208747e-03
1.337225344341879492e-03
1.647741055708756494e-03
1.913492260329137731e-03
2.015520080188352298e-03
2.013923249958412404e-03
1.833267332612630984e-03
1.636359112818767773e-03
1.636359112818767773e-03
1.318489386219755992e-03
1.126702181060973548e-03
1.170105161864614654e-03
1.299447007091475859e-03
1.368200709869912823e-03
1.496735798569669932e-03
1.647637349429548637e-03
1.710577834655030004e-03
1.658375923367029882e-03
1.554537471020577726e-03
1.554537471020577726e-03
1.459830483719724284e-03
1.319905962636582332e-03
1.210632017705296111e-03
1.105615276308073974e-03
9.769691959502140120e-04
1.030163426777266260e-03
1.145977524911842788e-03
1.382379247013540684e-03
1.594681249066852132e-03
1.785993901110547550e-03
1.785993901110547550e-03
1.992510365911056951e-03
2.008567517216586131e-03
1.896613955356242368e-03
1.762757710898114893e-03
1.465811255480770244e-03
1.111649068608182430e-03
8.777851319292901506e-04
7.511711709357524452e-04
7.476950874660107148e-04
9.329371911185617341e-04
9.329371911185617341e-04
1.272322641197930681e-03
1.604532051113763706e-03
1.870360140414629091e-03
2.010802828713913366e-03
1.911557256219136545e-03
1.671850766244292524e-03
1.408544867938742000e-03
1.177237617697959220e-03
1.167890329539414624e-03
1.227808471246377361e-03
1.227808471246377361e-03
1.349122433959631375e-03
1.367802338333937899e-03
1.337083827423353770e-03
1.261427913866022214e-03
1.169841600524592967e-03
1.162103257817957138e-03
1.233575759423565475e-03
1.247297065729163941e-03
1.281417504810434095e-03
1.339765710173562024e-03
1.339765710173562024e-03
1.260471335864801236e-03
1.107332722216504200e-03
9.543162473506229234e-04
8.963942554337366725e-04
8.670381816675832003e-04
9.797574700328602268e-04
9.825915568435620358e-04
1.004424637731216215e-03
1.062746630479228117e-03
1.124989995731008347e-03
1.124989995731008347e-03
1.269355249068774292e-03
1.276142949115187560e-03
1.187801587728429557e-03
1.152683759768069038e-03
1.208694116878601590e-03
1.210371709096569456e-03
1.189294661976046273e-03
1.242536349736189909e-03
1.480528457113218640e-03
1.691876440275562462e-03
1.691876440275562462e-03
1.705002059825876191e-03
1.608154083152389582e-03
1.504778084406798626e-03
1.422289076017737436e-03
1.388399099873463896e-03
1.430953112780475930e-03
1.556759065650739193e-03
1.560937165249209153e-03
1.502809190664403018e-03
1.536537821141241737e-03
1.536537821141241737e-03
1.625009221140069756e-03
1.774097776655439917e-03
1.999624453132730750e-03
1.994819378583105943e-03
1.925665557874837704e-03
1.788276419674992559e-03
1.628770924465797404e-03
1.389509874454814475e-03
1.248660820503586259e-03
1.257973310832822709e-03
1.257973310832822709e-03
1.349500465682432725e-03
1.551441447658166804e-03
1.854197756650169740e-03
1.956797300152531872e-03
1.880704652591093330e-03
1.614896656870559027e-03
1.324574062212290244e-03
1.204852735732821851e-03
1.299140217216587226e-03
1.513647984320241327e-03
1.513647984320241327e-03
2.004028785994031725e-03
2.291208080511088121e-03
2.427126128390702953e-03
2.527407163235053256e-03
2.616486365907379381e-03
2.536460850291808681e-03
2.502425495939125232e-03
2.574519796161114406e-03
2.689606990882608371e-03
2.710190704785885377e-03
2.710190704785885377e-03
2.831011579055462898e-03
2.938718116021963624e-03
3.131816956622971750e-03
3.243582884727603307e-03
3.181436400450967251e-03
3.114875309115850994e-03
2.997117559967265362e-03
2.839801248326671163e-03
2.684531931403353732e-03
2.566333764574026989e-03
2.566333764574026989e-03
2.559335318518208158e-03
2.320772943874130356e-03
2.286588657398666308e-03
2.325639657655793110e-03
2.401969443956265306e-03
2.500523427996725456e-03
2.720364100655121679e-03
2.943802579160597222e-03
3.096627928460540021e-03
3.010495194058002057e-03
3.010495194058002057e-03
2.846583017733168419e-03
2.742897450050389967e-03
2.687910184966496932e-03
2.836676459410732761e-03
2.951907292450868352e-03
2.999710732270908457e-03
3.022841252461457191e-03
2.907055973682638825e-03
2.753200011771077954e-03
2.602770542450869723e-03
2.602770542450869723e-03
2.493011485153980630e-03
2.396466947499222618e-03
2.323406483963029890e-03
2.216465400817488936e-03
2.083295130637043049e-03
2.347060488640779520e-03
2.736236215600478406e-03
3.155606201788005178e-03
3.452208084869482982e-03
3.631382142030392928e-03
3.631382142030392928e-03
3.754354839246333130e-03
3.771285364162560872e-03
3.688236496097963175e-03
3.524595056182086919e-03
3.351241734899484612e-03
3.287413216500039131e-03
3.075699211969739819e-03
2.915656175432782861e-03
2.723538582074716292e-03
2.607420793366477599e-03
2.607420793366477599e-03
2.492166265377033368e-03
2.537752558376252677e-03
2.469615891993365547e-03
2.441903459916022843e-03
2.232003716525857943e-03
2.025986669672654155e-03
1.869039957415528658e-03
1.824888787014994395e-03
1.996222718034337037e-03
2.163632541556237757e-03
2.163632541556237757e-03
2.284249833290730169e-03
2.358406250621522624e-03
2.406743884909503996e-03
2.448806969742846774e-03
2.286975584956054634e-03
2.139328506964415996e-03
2.095178679275170458e-03
2.162814463942751286e-03
2.209448873929455853e-03
2.210046120371662089e-03
