1.430945377796888351e-02
1.430945377796888351e-02
1.566841453313827515e-02
1.514989230781793594e-02
1.426192000508308411e-02
1.362724602222442627e-02
1.333344727754592896e-02
1.314859744161367416e-02
1.322959456592798233e-02
1.298730913549661636e-02
1.278493087738752365e-02
1.249918434768915176e-02
1.249918434768915176e-02
1.232113223522901535e-02
1.232496183365583420e-02
1.252233237028121948e-02
1.293356064707040787e-02
1.351193524897098541e-02
1.407317537814378738e-02
1.459825970232486725e-02
1.503712031990289688e-02
1.537323370575904846e-02
1.562679372727870941e-02
1.562679372727870941e-02
1.576665416359901428e-02
1.596223004162311554e-02
1.611503213644027710e-02
1.618768088519573212e-02
1.625644415616989136e-02
1.628223992884159088e-02
1.636789739131927490e-02
1.677223108708858490e-02
1.697317138314247131e-02
1.714694872498512268e-02
1.714694872498512268e-02
1.732694171369075775e-02
1.744417473673820496e-02
1.746129617094993591e-02
1.744685880839824677e-02
1.747027225792407990e-02
1.745002716779708862e-02
1.744880899786949158e-02
1.732533611357212067e-02
1.703329198062419891e-02
1.668064482510089874e-02
1.668064482510089874e-02
1.625628024339675903e-02
1.582534052431583405e-02
1.534194685518741608e-02
1.486026681959629059e-02
1.436946168541908264e-02
1.398927252739667892e-02
1.366015523672103882e-02
1.341906283050775528e-02
1.343137212097644806e-02
1.346632279455661774e-02
1.346632279455661774e-02
1.344628259539604187e-02
1.340367272496223450e-02
1.327972114086151123e-02
1.336602121591567993e-02
1.349646225571632385e-02
1.365437079221010208e-02
1.378745771944522858e-02
1.385721564292907715e-02
1.386106386780738831e-02
1.380827650427818298e-02
1.380827650427818298e-02
1.366589404642581940e-02
1.352042704820632935e-02
1.335720997303724289e-02
1.332255546003580093e-02
1.317185815423727036e-02
1.312079932540655136e-02
1.305298507213592529e-02
1.300964597612619400e-02
1.289013959467411041e-02
1.278699655085802078e-02
1.278699655085802078e-02
1.268349681049585342e-02
1.265811640769243240e-02
1.259722746908664703e-02
1.248253695666790009e-02
1.284290850162506104e-02
1.309429295361042023e-02
1.319995149970054626e-02
1.280090585350990295e-02
1.250279415398836136e-02
1.228217314928770065e-02
1.228217314928770065e-02
1.215964555740356445e-02
1.210783794522285461e-02
1.208653859794139862e-02
1.215042546391487122e-02
1.232380699366331100e-02
1.250045374035835266e-02
1.265407446771860123e-02
1.286332961171865463e-02
1.305281277745962143e-02
1.331001147627830505e-02
1.331001147627830505e-02
1.357664261013269424e-02
1.391722168773412704e-02
1.433427724987268448e-02
1.484579406678676605e-02
1.533074863255023956e-02
1.579083316028118134e-02
1.613492891192436218e-02
1.639278233051300049e-02
1.657233387231826782e-02
1.666327565908432007e-02
1.666327565908432007e-02
1.665076613426208496e-02
1.650744117796421051e-02
1.630974002182483673e-02
1.616759598255157471e-02
1.597370021045207977e-02
1.573300920426845551e-02
1.543637271970510483e-02
1.506694778800010681e-02
1.470126491039991379e-02
1.432547811418771744e-02
1.432547811418771744e-02
1.386165618896484375e-02
1.342468615621328354e-02
1.315442938357591629e-02
1.298561319708824158e-02
1.289424579590559006e-02
1.277230586856603622e-02
1.262438297271728516e-02
1.240807957947254181e-02
1.210858579725027084e-02
1.174544915556907654e-02
1.174544915556907654e-02
1.144035439938306808e-02
1.127039268612861633e-02
1.122285146266222000e-02
1.120547857135534286e-02
1.115927379578351974e-02
1.114633493125438690e-02
1.111998129636049271e-02
1.111013442277908325e-02
1.111517380923032761e-02
1.119147799909114838e-02
1.119147799909114838e-02
1.118215173482894897e-02
1.113390550017356873e-02
1.105041336268186569e-02
1.091981772333383560e-02
1.073327288031578064e-02
1.050143968313932419e-02
1.027848944067955017e-02
1.012379210442304611e-02
9.983482770621776581e-03
9.872810915112495422e-03
9.872810915112495422e-03
9.724879637360572815e-03
9.543658234179019928e-03
8.916638791561126709e-03
8.456221781671047211e-03
8.196507580578327179e-03
8.044432848691940308e-03
8.094683289527893066e-03
8.080197498202323914e-03
8.065550588071346283e-03
8.086179383099079132e-03
8.086179383099079132e-03
8.020302280783653259e-03
8.069645613431930542e-03
8.199752308428287506e-03
8.400123566389083862e-03
8.731121197342872620e-03
9.192599914968013763e-03
9.708186611533164978e-03
1.028625480830669403e-02
1.081020385026931763e-02
1.133862603455781937e-02
1.133862603455781937e-02
1.188649423420429230e-02
1.248005218803882599e-02
1.307917200028896332e-02
1.357723865658044815e-02
1.404456142336130142e-02
1.449417602270841599e-02
1.496511697769165039e-02
1.539378240704536438e-02
1.582481153309345245e-02
1.625327952206134796e-02
1.625327952206134796e-02
1.642796024680137634e-02
1.649357378482818604e-02
1.641578972339630127e-02
1.628868468105792999e-02
1.616041176021099091e-02
1.591260917484760284e-02
1.559255272150039673e-02
1.521924510598182678e-02
1.481472328305244446e-02
1.442124973982572556e-02
1.442124973982572556e-02
1.393213029950857162e-02
1.338116358965635300e-02
1.286995597183704376e-02
1.233977824449539185e-02
1.170352660119533539e-02
1.108377892524003983e-02
1.051767449826002121e-02
9.910115040838718414e-03
9.331791661679744720e-03
8.845825679600238800e-03
8.845825679600238800e-03
8.429803885519504547e-03
8.044651709496974945e-03
7.697899825870990753e-03
7.385219912976026535e-03
7.263544015586376190e-03
7.256774697452783585e-03
7.309365551918745041e-03
7.401688490062952042e-03
7.584170438349246979e-03
7.779098115861415863e-03
7.779098115861415863e-03
7.952014915645122528e-03
8.190178312361240387e-03
8.536001667380332947e-03
9.038371965289115906e-03
9.627055376768112183e-03
1.032495778053998947e-02
1.102288905531167984e-02
1.167188491672277451e-02
1.230193302035331726e-02
1.285407599061727524e-02
1.285407599061727524e-02
1.342178788036108017e-02
1.404640451073646545e-02
1.468595396727323532e-02
1.523614861071109772e-02
1.568637788295745850e-02
1.599884219467639923e-02
1.621502824127674103e-02
1.631593517959117889e-02
1.628714613616466522e-02
1.613111980259418488e-02
1.613111980259418488e-02
1.590180397033691406e-02
1.562834344804286957e-02
1.524266600608825684e-02
1.477502938359975815e-02
1.428193598985671997e-02
1.386136468499898911e-02
1.351511850953102112e-02
1.327400282025337219e-02
1.319178938865661621e-02
1.310364902019500732e-02
1.310364902019500732e-02
1.286021061241626740e-02
1.250201556831598282e-02
1.204967778176069260e-02
1.156762056052684784e-02
1.114179939031600952e-02
1.079428661614656448e-02
1.049085613340139389e-02
1.020125579088926315e-02
9.913499467074871063e-03
9.626507759094238281e-03
