2.064388960445048479e-03
2.064388960445048479e-03
3.296166381904047562e-03
2.487005241215381034e-03
1.653274499477159001e-03
1.470304275531064513e-03
1.631397386062192123e-03
1.990421476490919234e-03
2.318503418650710423e-03
2.383408617156652226e-03
2.169791017038145541e-03
1.924112538993645030e-03
1.924112538993645030e-03
1.780631322652961391e-03
1.788464688940241687e-03
1.886852207665142521e-03
1.879536954647301108e-03
1.943805175286495877e-03
2.000897385073591682e-03
2.021415409245782592e-03
2.007507263017985384e-03
1.970244688984435378e-03
1.906754791377225774e-03
1.906754791377225774e-03
1.882613308227199184e-03
2.020069362543106851e-03
2.072608992847092390e-03
2.046825948522358260e-03
2.048416177493949178e-03
2.005415032619153881e-03
1.927129094564758449e-03
1.847622358426209439e-03
1.809334444930717385e-03
1.849958064390802874e-03
1.849958064390802874e-03
1.943987656550746597e-03
2.030640506130416013e-03
2.110411573110472245e-03
2.119296483018009818e-03
2.097866833523566454e-03
2.085665498312608192e-03
2.066804309105438504e-03
2.022359758942719049e-03
2.082552412513968398e-03
2.189099516458012547e-03
2.189099516458012547e-03
2.265942549717964247e-03
2.295732770500442943e-03
2.231951873432478934e-03
2.148857245533542393e-03
2.078776875871467429e-03
2.073875372181190578e-03
2.193221877069188083e-03
2.369146591125627539e-03
2.352972482015617140e-03
2.178538712375043332e-03
2.178538712375043332e-03
2.063078279731311339e-03
2.089894191627706017e-03
2.205347433270080700e-03
2.333907463696446773e-03
2.342125906347386054e-03
2.103596545069057709e-03
1.993441615186989334e-03
2.030634200124756521e-03
2.110085649599697643e-03
2.214985856600222656e-03
2.214985856600222656e-03
2.239259089632513605e-03
2.150232706950670931e-03
2.030681496984682900e-03
1.885839369960980519e-03
1.911490267037912897e-03
2.116597121045123153e-03
2.307114567744118078e-03
2.328876811783041519e-03
2.210149134214169520e-03
1.965326552253703583e-03
1.965326552253703583e-03
1.877404605149541423e-03
1.982795586976476409e-03
2.233793964599025631e-03
2.405222199928215739e-03
2.356972530209505787e-03
2.090270733841937279e-03
1.873109260769563683e-03
1.789165900929879640e-03
1.919314207301053366e-03
2.194419167230808598e-03
2.194419167230808598e-03
2.351005400228391856e-03
2.215335303051392708e-03
1.892541584867910801e-03
1.651661449361270647e-03
1.639219311146545731e-03
1.823129915190710264e-03
2.038367720051029782e-03
2.109790330236247912e-03
2.077317352795768259e-03
1.938193128940273987e-03
1.938193128940273987e-03
1.719102177520854483e-03
1.677134835691639200e-03
1.761442272629321244e-03
1.891885997440798843e-03
2.028078001218434640e-03
2.081473399840409830e-03
2.038218529380280124e-03
1.943556972811337274e-03
1.903770915736534503e-03
1.881489994944808477e-03
1.881489994944808477e-03
1.821526026606834102e-03
1.772581682796039396e-03
1.709606938171772273e-03
1.732277351280887357e-03
1.865423702219947289e-03
1.952501501471214746e-03
1.881853589393583806e-03
1.720342965463195423e-03
1.632885011147527498e-03
1.656929068756675394e-03
1.656929068756675394e-03
1.682296176426897839e-03
1.703396251039023370e-03
1.622589933420071290e-03
1.531015652010071521e-03
1.524820324166426423e-03
1.548758956357459277e-03
1.608289860869120290e-03
1.637582056299181953e-03
1.694882786890360149e-03
1.624865546730920596e-03
1.624865546730920596e-03
1.549119439087774880e-03
1.473347921154640914e-03
1.482327585486656633e-03
1.529854936701277937e-03
1.589555034655933379e-03
1.659233915832235978e-03
1.656409879179025118e-03
1.620590797820049486e-03
1.638145216744866768e-03
1.558503020883546773e-03
1.558503020883546773e-03
1.595862392026302454e-03
1.664985369865119771e-03
1.782996866599501377e-03
1.810130053166261830e-03
1.745928481472370760e-03
1.625205357645359734e-03
1.602220285161347129e-03
1.654205779792057704e-03
1.793523785922708849e-03
1.926934557520774494e-03
1.926934557520774494e-03
1.886045476502089344e-03
1.768259359677778553e-03
1.722496137614581632e-03
1.726140992179473702e-03
1.783146606140297236e-03
1.830515888359166617e-03
1.831228886273780993e-03
1.771617248405875150e-03
1.755823840344463609e-03
1.836757050619712475e-03
1.836757050619712475e-03
1.850150485338373499e-03
1.862972351039920288e-03
1.876837865402460103e-03
1.814392331620121295e-03
1.748488339002631604e-03
1.748243997493787241e-03
1.837316656550157636e-03
1.897481732779501915e-03
1.875234272754781146e-03
1.859929340146449167e-03
1.859929340146449167e-03
1.859227462322313000e-03
1.890240330374140867e-03
1.879071048987261249e-03
1.577676035848843070e-03
1.570814545265887801e-03
1.555159281289521592e-03
1.730947979290841602e-03
2.146898125966997632e-03
2.336340775313667118e-03
2.207091682578424339e-03
2.207091682578424339e-03
2.207091682578424339e-03
1.963991496490226970e-03
1.717708014301103786e-03
1.627782311563316089e-03
1.621933852587427189e-03
1.784845473945435379e-03
2.024708292716467014e-03
2.236386089465209042e-03
2.312484460881900853e-03
2.193340106835646019e-03
2.193340106835646019e-03
2.004226510420121978e-03
1.797855100885947712e-03
1.755132550419364560e-03
1.828455211219935954e-03
2.033200310460992616e-03
2.172285801786619664e-03
2.256902135739983356e-03
2.218753028369780007e-03
2.090110751466686678e-03
1.939997113577795335e-03
1.939997113577795335e-03
1.807010479873591554e-03
1.830523129983236980e-03
1.907813381821246886e-03
1.947795037609585580e-03
1.932781643240628032e-03
1.909809245772950328e-03
1.910486696511590025e-03
1.859636689286230105e-03
1.796010634301816594e-03
1.753803244310750626e-03
1.753803244310750626e-03
1.763806094933190573e-03
1.735733814305101801e-03
1.687922485012269833e-03
1.655701029199308427e-03
1.756058511845689759e-03
1.835573818256630704e-03
1.797088687442426622e-03
1.698491861502932250e-03
1.599388863583367558e-03
1.580317466717385795e-03
1.580317466717385795e-03
1.543284526708289415e-03
1.525191841468755095e-03
1.550674300156832915e-03
1.557274418317538146e-03
1.549443952666673370e-03
1.523657338143185854e-03
1.511596233868713274e-03
1.494188249864120957e-03
1.487924284246828609e-03
1.529355561565768316e-03
1.529355561565768316e-03
1.545939377175465854e-03
1.567239058845770489e-03
1.581557661611352871e-03
1.597184077448426769e-03
1.613967046450620483e-03
1.620288936856711893e-03
1.620005204088179832e-03
1.599894276884565982e-03
1.646427716404362702e-03
1.715077143880420563e-03
1.715077143880420563e-03
1.804595501329495045e-03
1.864268651196119252e-03
1.835396960840897720e-03
1.737107137089163042e-03
1.684644614091225685e-03
1.715949487072228503e-03
1.801162957509781131e-03
1.903292021106041398e-03
1.960705659996873646e-03
1.890692515775174113e-03
1.890692515775174113e-03
1.864490410606944827e-03
1.884998885177863875e-03
1.918856034963209228e-03
1.926650512020847182e-03
1.976808764080047968e-03
1.978830322560051584e-03
1.935483162567460140e-03
1.869065423261930979e-03
1.855207875233052042e-03
1.876210277984408396e-03
