3.745958509113006540e-02
3.745958509113006540e-02
3.806821997871139007e-02
3.850124171424607056e-02
3.869991170617984033e-02
3.886238340926181922e-02
3.875316755293681942e-02
3.878044108352634439e-02
3.879720966448707564e-02
3.875884074535805579e-02
3.880119215539244021e-02
3.870450413964542785e-02
3.870450413964542785e-02
3.843311211865184374e-02
3.811216077260842772e-02
3.792473511686211829e-02
3.779251539377145169e-02
3.794103566815375944e-02
3.799706755912266032e-02
3.817532620859931392e-02
3.834816169689827386e-02
3.855493458705266246e-02
3.846670011010639573e-02
3.846670011010639573e-02
3.824976794403888575e-02
3.792014783028968550e-02
3.775697869617220676e-02
3.760611004978829663e-02
3.749896948275458636e-02
3.745924237517861410e-02
3.749253627633755692e-02
3.753589138553616034e-02
3.758256681088353868e-02
3.760151323544069779e-02
3.760151323544069779e-02
3.776129982313060351e-02
3.786798063215836285e-02
3.791900849691329234e-02
3.803850322150856972e-02
3.809881081928449820e-02
3.807052244025839471e-02
3.794486509866535490e-02
3.802595190227693600e-02
3.793077858695775156e-02
3.782365388395871747e-02
3.782365388395871747e-02
3.781228768160012355e-02
3.783125712708706317e-02
3.776588876922074012e-02
3.774449864277180933e-02
3.744174430056247671e-02
3.722477784843734872e-02
3.691853887039372312e-02
3.659550601831487726e-02
3.602244182283652341e-02
3.540621418419195171e-02
3.540621418419195171e-02
3.476705653010156438e-02
3.411733620045481058e-02
3.345566654689099972e-02
3.286703792750109154e-02
3.240315173540690014e-02
3.183743994408239075e-02
3.138568517203654817e-02
3.116374250460536219e-02
3.086734554420892535e-02
3.069064400831829353e-02
3.069064400831829353e-02
3.054651480151337334e-02
3.052256184791432916e-02
3.044889918518659325e-02
3.051239843375554844e-02
3.057013320617380653e-02
3.066682201812385988e-02
3.079268114963952530e-02
3.101248752514652873e-02
3.110720448623847598e-02
3.123723597569917979e-02
3.123723597569917979e-02
3.145396846005324432e-02
3.164138369937025824e-02
3.182011539933399941e-02
3.205097357745120140e-02
3.212539276796810839e-02
3.220777589037814026e-02
3.240776207298457640e-02
3.264019539410718818e-02
3.286880453969056454e-02
3.317064001362386022e-02
3.317064001362386022e-02
3.331057976245876268e-02
3.368144101837228233e-02
3.398186956756120425e-02
3.424545250125306944e-02
3.444381549306933799e-02
3.456624553741420580e-02
3.475812779311428236e-02
3.478680552020639583e-02
3.477442706890433721e-02
3.464168176064597038e-02
3.464168176064597038e-02
3.443138326715728531e-02
3.432647470964938358e-02
3.429732515624427797e-02
3.419242568123474768e-02
3.402169418132668099e-02
3.393295628508721795e-02
3.382386628880924839e-02
3.389105236450987158e-02
3.386453276693116715e-02
3.376033953263053722e-02
3.376033953263053722e-02
3.355865816422919090e-02
3.343217241757464459e-02
3.341969164024191641e-02
3.338695000074521496e-02
3.339034926541509241e-02
3.334843013665365202e-02
3.329018243156389029e-02
3.347846169423652346e-02
3.362215777203354794e-02
3.383095503242337931e-02
3.383095503242337931e-02
3.393796298285456370e-02
3.384596552358868499e-02
3.380430072290640381e-02
3.377666636818541651e-02
3.379368694597101319e-02
3.370143182027113271e-02
3.355945676406817124e-02
3.337687413645246126e-02
3.311791379782392380e-02
3.291603410628644172e-02
3.291603410628644172e-02
3.270176633846335473e-02
3.248957152045597180e-02
3.235416660443025255e-02
3.206611516000629908e-02
3.183433765811032046e-02
3.165379106444679569e-02
3.151052208463948900e-02
3.145410922744463350e-02
3.131857234183329369e-02
3.114339890719671974e-02
3.114339890719671974e-02
3.092463404378779229e-02
3.067327072767810775e-02
3.032066858132215909e-02
3.014798692129738375e-02
3.002942255297033972e-02
2.996938419516114241e-02
2.997612172675058473e-02
3.009248326888985456e-02
3.020627583277311901e-02
3.035623005408745814e-02
3.035623005408745814e-02
3.046140583330000581e-02
3.049527952049709348e-02
3.052253583198672945e-02
3.059429672821752447e-02
3.064221808722969453e-02
3.060941594210463135e-02
3.015417571596830382e-02
2.949941898295000559e-02
2.900861354948851278e-02
2.853001753113704880e-02
2.853001753113704880e-02
2.795874442775292401e-02
2.729191162517913619e-02
2.664954466422767357e-02
2.619101302828697256e-02
2.589307432478388585e-02
2.565689554012071452e-02
2.551163586035611400e-02
2.541640693959684727e-02
2.543729332595048159e-02
2.551787404539068368e-02
2.551787404539068368e-02
2.553428461936336005e-02
2.552390569163007911e-02
2.543992573169293753e-02
2.502858507403460039e-02
2.460266056285150341e-02
2.412359954979286653e-02
2.370999073755986064e-02
2.343034963285340125e-02
2.337779108339799183e-02
2.343502751601720877e-02
2.343502751601720877e-02
2.379706052879675127e-02
2.386203172281448417e-02
2.402478126021583005e-02
2.435446878834447021e-02
2.465647116330395294e-02
2.487220118978258898e-02
2.491523642971530880e-02
2.471212986094184494e-02
2.443992068823796354e-02
2.413326723752401426e-02
2.413326723752401426e-02
2.397360768969331035e-02
2.359377151893565783e-02
2.333611336689129026e-02
2.316883728833181444e-02
2.331809176946663884e-02
2.346437574243653151e-02
2.371827930881444460e-02
2.394666056666008500e-02
2.390710642373358036e-02
2.387541239123264908e-02
2.387541239123264908e-02
2.392720435746825691e-02
2.391604245063723433e-02
2.371894899399575388e-02
2.338482972413688868e-02
2.307224791397799110e-02
2.285115881630194953e-02
2.255082435869379051e-02
2.218646872184977525e-02
2.147224398291353725e-02
2.088047671076564971e-02
2.088047671076564971e-02
2.038419433342456705e-02
1.992578153458191351e-02
1.948363976736224371e-02
1.921160507698844999e-02
1.914274025861813222e-02
1.919667738107952437e-02
1.905358396565752857e-02
1.896500462883438792e-02
1.893692352720580119e-02
1.900125322768033559e-02
1.900125322768033559e-02
1.932293708310092381e-02
1.986511864770490465e-02
2.059349462680329021e-02
2.132169989529485860e-02
2.199563265421799682e-02
2.240706450041252823e-02
2.268092688343729957e-02
2.290485391612431115e-02
2.296697523469135374e-02
2.296752850696316683e-02
2.296752850696316683e-02
2.300837927176621958e-02
2.283059632858332189e-02
2.258346389927525996e-02
2.236384809838612084e-02
2.221677094236872499e-02
2.208014730652097662e-02
2.198880851492195088e-02
2.190811909407844663e-02
2.188230142328767558e-02
2.193977293665969053e-02
2.193977293665969053e-02
2.201611983386105725e-02
2.207995202161552872e-02
2.218418600505359106e-02
2.225573278875235539e-02
2.237585951360209283e-02
2.242995475108864115e-02
2.249809883136911354e-02
2.248161453203913890e-02
2.239875282341258905e-02
2.225791411324058722e-02
2.225791411324058722e-02
2.201858489036839783e-02
2.168054292623833659e-02
2.145843464396150757e-02
2.129368655828175680e-02
2.136127227168046691e-02
2.148131199759299031e-02
2.170720602957336778e-02
2.204666233877909318e-02
2.228909379282640463e-02
2.252800645701481808e-02
2.252800645701481808e-02
2.261230044341532366e-02
2.263529359567579766e-02
2.244103319428763024e-02
2.224671241596209992e-02
2.209340699350733836e-02
2.220357826466896542e-02
2.228295825335547750e-02
2.221531085270493991e-02
2.210663088479342467e-02
2.195657102391541590e-02
2.195657102391541590e-02
2.185481239627624570e-02
2.179498947211270382e-02
2.169331281926131089e-02
2.146890816647557473e-02
2.135650237275758465e-02
2.133252359433957662e-02
2.128190576747978138e-02
2.119898875485726891e-02
2.104576551200903686e-02
2.096124109133347749e-02
2.096124109133347749e-02
2.094479840697693190e-02
2.095659065476822638e-02
2.098596920498007126e-02
2.090492829050970627e-02
2.084365459164150627e-02
2.068931555297652547e-02
2.068532700834044974e-02
2.079039221524705758e-02
2.083801752336087235e-02
2.092015103954895580e-02
2.092015103954895580e-02
2.095636243782795366e-02
2.099430356918895180e-02
2.091227589561929848e-02
2.077683148921997958e-02
2.063206065191584837e-02
2.051629045487523423e-02
2.035818031961432462e-02
2.025988863474507268e-02
2.018215579643786034e-02
2.021044164544017266e-02
2.021044164544017266e-02
2.026605918218505123e-02
2.044413129473570886e-02
2.071124848000895080e-02
2.100472876194677332e-02
2.130131970119208615e-02
2.151213307317260959e-02
2.183032892031055300e-02
2.217828827998597277e-02
2.236310145474095304e-02
2.246980570174470296e-02
2.246980570174470296e-02
2.239844778015219126e-02
2.221489443925341381e-02
2.181214608075537215e-02
2.135232176677931415e-02
2.079254530630245471e-02
2.020018425290093927e-02
1.974760449038088714e-02
1.947168741755408300e-02
1.945527209900296123e-02
1.955985493347767515e-02
1.955985493347767515e-02
1.955103487800869885e-02
1.947525829425806113e-02
1.952851524751653828e-02
1.961400643949595332e-02
1.978988474663747818e-02
2.000959261700984218e-02
2.048369312958914917e-02
2.111234769260169827e-02
2.166742286103601201e-02
2.223420920970000519e-02
2.223420920970000519e-02
2.235064889895299611e-02
2.233634834056826349e-02
2.215769567605412049e-02
2.191038887546196620e-02
2.150431167620097533e-02
2.108323896465844408e-02
2.066147913698593297e-02
2.022032950161891870e-02
1.995371483040059984e-02
1.983431168127035640e-02
1.983431168127035640e-02
1.985403246783661729e-02
2.005226174293862906e-02
2.023327558575676796e-02
2.033962300105861265e-02
2.046962575914053686e-02
2.063318573927487923e-02
2.075492352168718108e-02
2.079839653801768273e-02
2.080345260647968597e-02
2.089926241883617586e-02
2.089926241883617586e-02
2.093479000111610547e-02
2.104081001304177953e-02
2.112168869017863257e-02
2.121656014079175909e-02
2.136501344704021949e-02
2.156228853245786489e-02
2.184430719317265526e-02
2.207830641897037469e-02
2.222250109960785883e-02
2.220969368486870946e-02
2.220969368486870946e-02
2.217739105805041980e-02
2.205595029203534854e-02
2.185846751266242241e-02
2.161394812130570595e-02
2.150798341289317586e-02
2.143711851513777772e-02
2.138478234222108629e-02
2.143112400692818303e-02
2.156902032946847458e-02
2.172281241056517320e-02
2.172281241056517320e-02
2.188826425943119630e-02
2.200745060719542373e-02
2.211127980908283996e-02
2.218766456534096779e-02
2.223703362205835254e-02
2.226398770758274831e-02
2.225240497786819954e-02
2.225240497786819954e-02
2.225405963419990057e-02
2.224695288640929358e-02
2.224695288640929358e-02
2.206921985229731015e-02
2.186468872924535525e-02
2.160920795583359116e-02
2.123377023356393459e-02
2.095494595466624796e-02
2.066989875571482310e-02
2.037953203544128067e-02
1.999562329960786686e-02
1.973817474878745634e-02
1.984834036051967218e-02
1.984834036051967218e-02
2.001305133158944385e-02
2.036136625317365098e-02
2.078449414983340321e-02
2.123640229371086610e-02
2.158746257999363469e-02
2.176103244652074706e-02
2.191047412413472603e-02
2.198896626651954817e-02
2.202867224323965326e-02
2.190910141240546075e-02
2.190910141240546075e-02
2.168708477077847807e-02
2.151941616633287063e-02
2.137561333792146329e-02
2.137121165483116952e-02
2.138824610096887527e-02
2.131995646170866190e-02
2.126505052268217247e-02
2.110791171360251739e-02
2.094703891616804189e-02
2.082179898336226215e-02
2.082179898336226215e-02
2.074156461492542014e-02
2.064075654991830502e-02
2.061873319562049570e-02
2.060548516551127113e-02
2.063105437038945111e-02
2.066691379105686441e-02
2.088028267890793682e-02
2.113668440984296445e-02
2.139273297724983425e-02
2.153537755240253829e-02
2.153537755240253829e-02
2.164393561717859252e-02
2.162889424490248985e-02
2.140407132815554808e-02
2.115510019333151359e-02
2.090387415207468555e-02
2.057904079627030647e-02
2.034982779667934491e-02
2.019476117253246605e-02
2.016178966720607105e-02
2.034143490727806716e-02
2.034143490727806716e-02
2.039091037470990020e-02
2.023117705323939156e-02
2.008589477567227638e-02
2.000050832891069746e-02
1.996637618684175483e-02
1.986714845658752240e-02
1.975022074973892261e-02
1.975580464674315043e-02
1.976765931746742033e-02
1.985198739155375272e-02
1.985198739155375272e-02
1.991581764946897398e-02
2.000347470778613551e-02
2.020435457646652805e-02
2.046067100195339203e-02
2.062975726970547527e-02
2.060153047812339142e-02
2.051042529838699446e-02
2.040248836398908180e-02
2.025544623518502410e-02
1.998189472277453124e-02
1.998189472277453124e-02
1.969454395989549481e-02
1.954028635893041710e-02
1.938099005513235773e-02
1.920748179072080675e-02
1.903327787783393524e-02
1.891345558239083263e-02
1.882047888676579087e-02
1.867567951909817128e-02
1.861900958692578809e-02
1.861414319832605663e-02
1.861414319832605663e-02
1.871351773189211531e-02
1.885864424373346823e-02
1.894550930773150621e-02
1.902795001900427566e-02
1.912090310336654261e-02
1.928315097781957768e-02
1.940885291481182426e-02
1.932218894823473782e-02
1.927723627540306114e-02
1.912751850383430721e-02
1.912751850383430721e-02
1.900061770877010253e-02
1.885298412508436619e-02
1.871083451773054157e-02
1.860063152643918680e-02
1.852648721498604059e-02
1.849951292391035715e-02
1.850948162569051800e-02
1.868812806462729140e-02
1.882724152302651943e-02
1.901172771507451953e-02
1.901172771507451953e-02
1.918413943983146575e-02
1.921003604568166309e-02
1.921676484187428979e-02
1.912135405835952220e-02
1.902615291754443730e-02
1.902615291754443730e-02
1.902615291754443730e-02
1.902615291754443730e-02
1.887397037618076742e-02
1.869615315156254731e-02
1.869615315156254731e-02
1.860921183819878519e-02
1.856686166147898664e-02
1.852838003354774152e-02
1.859585613091508174e-02
1.866749667751473746e-02
1.865339609506845228e-02
1.862157742868429666e-02
1.854894083669145557e-02
1.846490838643688112e-02
1.838769778003123551e-02
1.838769778003123551e-02
1.822801539880427452e-02
1.803489526019583233e-02
1.792151491848564121e-02
1.784354477403653563e-02
1.776375493022671129e-02
1.770633287714072635e-02
1.768690235362799928e-02
1.776788036763086998e-02
1.790871102409972992e-02
1.792232110127300534e-02
1.792232110127300534e-02
1.799144595179305584e-02
1.817688153195931577e-02
1.837628304733919526e-02
1.828665338258777390e-02
1.819359878685841703e-02
1.806612500934082557e-02
1.804626104158657540e-02
1.804626104158657540e-02
1.794465850379499405e-02
1.802041929317391503e-02
1.802041929317391503e-02
1.813658800890439668e-02
1.829203964256826548e-02
1.845053697324456482e-02
1.845053697324456482e-02
1.862186195624604759e-02
1.863261941035963473e-02
1.857973259913854591e-02
1.843475521644648632e-02
1.823621183294307085e-02
1.792699395097815257e-02
1.792699395097815257e-02
1.773793671841810207e-02
1.760851771210607264e-02
1.755900886397894836e-02
1.754259239686210836e-02
1.761872703905373663e-02
1.778603160370354277e-02
1.803354146616418033e-02
1.828565513361019718e-02
1.848275087700524885e-02
1.869839129893225219e-02
1.869839129893225219e-02
1.880206850500040772e-02
1.893254410084029352e-02
1.910776462135049120e-02
1.915786608210276812e-02
1.911960247015978553e-02
1.899702687555514594e-02
1.890939466756491605e-02
1.889333718697551803e-02
1.884784606925659495e-02
1.900534913529131065e-02
1.900534913529131065e-02
1.915728728722718849e-02
1.934461640605899049e-02
1.943279111669066542e-02
1.938909498480013982e-02
1.936002400934078160e-02
1.904058191836439581e-02
1.873528083724824642e-02
1.838895669308620098e-02
1.804016122114848741e-02
1.782480190240345527e-02
1.782480190240345527e-02
1.760502587819337203e-02
1.749849682287378180e-02
1.746340017764136041e-02
1.748773212863105608e-02
1.769981751090223682e-02
1.792665644304230338e-02
1.827848271890643306e-02
1.867327601774967580e-02
1.905307603303501435e-02
1.904990718182512227e-02
1.904990718182512227e-02
1.906970628808509968e-02
1.908153024134997752e-02
1.910592843765535759e-02
1.907683041514717653e-02
1.907999953825336922e-02
1.901733957079347268e-02
1.901396739247021919e-02
1.893778252935867518e-02
1.886872715974193329e-02
1.882880881898493092e-02
1.882880881898493092e-02
1.883578847188892638e-02
1.879661276319066418e-02
1.880010543623203759e-02
1.888816602848857745e-02
1.898448054068354457e-02
1.904200087456076051e-02
1.907250991891855027e-02
1.912000328901790683e-02
1.910898810822561980e-02
1.896104642293433909e-02
1.896104642293433909e-02
1.884773641481075207e-02
1.880936941391987346e-02
1.890221126728033538e-02
1.902828610480344906e-02
1.921069316259711376e-02
1.921069316259711376e-02
1.947750223567372777e-02
1.972652367798378992e-02
2.000143772953949170e-02
2.023998065936414778e-02
2.023998065936414778e-02
2.045738916842242128e-02
2.073230419745838646e-02
2.096111338236949714e-02
2.116593857616906257e-02
2.140231068936104125e-02
2.163895197250374769e-02
2.180132951602806179e-02
2.191840179624524390e-02
2.193302871100677801e-02
2.185698427919053471e-02
2.185698427919053471e-02
2.163572692722713631e-02
2.136838426200972016e-02
2.114025093173783204e-02
2.085658071118982188e-02
2.059599405465826344e-02
2.039818746580139563e-02
2.028208212685123774e-02
2.006263321081837997e-02
1.992679464152460195e-02
1.990516430221577621e-02
1.990516430221577621e-02
1.992832878685220702e-02
2.002719300767564700e-02
2.011344125172138952e-02
2.020619054732435485e-02
2.051112865008335520e-02
2.080047371729270428e-02
2.116866800563725962e-02
2.128589487050354043e-02
2.125899929593403487e-02
2.115732513630404557e-02
2.115732513630404557e-02
2.111525974609100229e-02
2.107864603783392299e-02
2.107040311157683948e-02
2.100088205080002587e-02
2.094722950632453909e-02
2.081551932421072532e-02
2.078128297606195163e-02
2.104497311764217879e-02
2.138995497657575351e-02
2.172628809398242239e-02
