1.743234880268573761e-02
1.743234880268573761e-02
1.579825952649116516e-02
1.509149372577667236e-02
1.476880349218845367e-02
1.435415353626012802e-02
1.404417771846055984e-02
1.382297463715076447e-02
1.367745921015739441e-02
1.357610244303941727e-02
1.353823579847812653e-02
1.355324871838092804e-02
1.355324871838092804e-02
1.360224187374114990e-02
1.366269774734973907e-02
1.371775474399328232e-02
1.378147676587104797e-02
1.383629348129034042e-02
1.390145998448133469e-02
1.395162008702754974e-02
1.410982664674520493e-02
1.425179466605186462e-02
1.441640034317970276e-02
1.441640034317970276e-02
1.458909828215837479e-02
1.476209796965122223e-02
1.489671040326356888e-02
1.492616627365350723e-02
1.498608384281396866e-02
1.498450711369514465e-02
1.498005725443363190e-02
1.499253883957862854e-02
1.492883078753948212e-02
1.484492793679237366e-02
1.484492793679237366e-02
1.479993015527725220e-02
1.477866154164075851e-02
1.476238854229450226e-02
1.475276052951812744e-02
1.477542798966169357e-02
1.478072069585323334e-02
1.479733176529407501e-02
1.486671250313520432e-02
1.492246054112911224e-02
1.499069109559059143e-02
1.499069109559059143e-02
1.501953508704900742e-02
1.505268458276987076e-02
1.510756928473711014e-02
1.517789997160434723e-02
1.526164729148149490e-02
1.535872370004653931e-02
1.548003684729337692e-02
1.561343669891357422e-02
1.574366912245750427e-02
1.577399298548698425e-02
1.577399298548698425e-02
1.582414470613002777e-02
1.588203012943267822e-02
1.597318053245544434e-02
1.604474522173404694e-02
1.628372259438037872e-02
1.649684458971023560e-02
1.669768430292606354e-02
1.695837453007698059e-02
1.719805970788002014e-02
1.737847551703453064e-02
1.737847551703453064e-02
1.763205230236053467e-02
1.782648637890815735e-02
1.796490885317325592e-02
1.808714866638183594e-02
1.816911809146404266e-02
1.822888851165771484e-02
1.827515661716461182e-02
1.838843151926994324e-02
1.848575100302696228e-02
1.854543201625347137e-02
1.854543201625347137e-02
1.860753633081912994e-02
1.864925958216190338e-02
1.883569359779357910e-02
1.895801164209842682e-02
1.907448284327983856e-02
1.916701532900333405e-02
1.920791342854499817e-02
1.926798187196254730e-02
1.931064389646053314e-02
1.935468055307865143e-02
1.935468055307865143e-02
1.934685930609703064e-02
1.921895332634449005e-02
1.896730996668338776e-02
1.867881231009960175e-02
1.830529049038887024e-02
1.805724017322063446e-02
1.779142580926418304e-02
1.748068630695343018e-02
1.722015254199504852e-02
1.689182221889495850e-02
1.689182221889495850e-02
1.658614166080951691e-02
1.624534837901592255e-02
1.605721190571784973e-02
1.601909101009368896e-02
1.608521491289138794e-02
1.619678549468517303e-02
1.632867380976676941e-02
1.653643138706684113e-02
1.677887141704559326e-02
1.705328375101089478e-02
1.705328375101089478e-02
1.721389405429363251e-02
1.734079793095588684e-02
1.752553693950176239e-02
1.771680079400539398e-02
1.787881180644035339e-02
1.807112619280815125e-02
1.816186495125293732e-02
1.809720695018768311e-02
1.813366450369358063e-02
1.812449656426906586e-02
1.812449656426906586e-02
1.800384558737277985e-02
1.780721731483936310e-02
1.768874749541282654e-02
1.758186705410480499e-02
1.746907643973827362e-02
1.738327927887439728e-02
1.727942563593387604e-02
1.709846965968608856e-02
1.694991439580917358e-02
1.675732806324958801e-02
1.675732806324958801e-02
1.655022241175174713e-02
1.637521572411060333e-02
1.629097759723663330e-02
1.628269813954830170e-02
1.636013388633728027e-02
1.634414680302143097e-02
1.600991748273372650e-02
1.562392059713602066e-02
1.530822552740573883e-02
1.510174758732318878e-02
1.510174758732318878e-02
1.504106819629669189e-02
1.511320937424898148e-02
1.529883965849876404e-02
1.551517378538846970e-02
1.577240414917469025e-02
1.605608314275741577e-02
1.632848940789699554e-02
1.631658338010311127e-02
1.622517220675945282e-02
1.617990061640739441e-02
1.617990061640739441e-02
1.602125726640224457e-02
1.596836186945438385e-02
1.595134474337100983e-02
1.581265777349472046e-02
1.568473502993583679e-02
1.559479720890522003e-02
1.557203941047191620e-02
1.571382023394107819e-02
1.583535969257354736e-02
1.589399203658103943e-02
1.589399203658103943e-02
1.571985147893428802e-02
1.577919907867908478e-02
1.581043377518653870e-02
1.581241562962532043e-02
1.577040739357471466e-02
1.565971225500106812e-02
1.545133907347917557e-02
1.508571114391088486e-02
1.468872465193271637e-02
1.465664897114038467e-02
1.465664897114038467e-02
1.479740906506776810e-02
1.488868240267038345e-02
1.509405206888914108e-02
1.532134879380464554e-02
1.550186518579721451e-02
1.550571527332067490e-02
1.548591814935207367e-02
1.527534332126379013e-02
1.498406473547220230e-02
1.463078148663043976e-02
1.463078148663043976e-02
1.429455168545246124e-02
1.393241621553897858e-02
1.348454505205154419e-02
1.306328270584344864e-02
1.264727581292390823e-02
1.227640081197023392e-02
1.198228355497121811e-02
1.188434287905693054e-02
1.183895301073789597e-02
1.184737868607044220e-02
1.184737868607044220e-02
1.170500274747610092e-02
1.138329599052667618e-02
1.107685640454292297e-02
1.105929818004369736e-02
1.098090317100286484e-02
1.084491144865751266e-02
1.084491144865751266e-02
1.084491144865751266e-02
1.078174449503421783e-02
1.076100207865238190e-02
1.076100207865238190e-02
1.083549298346042633e-02
1.092746481299400330e-02
1.106667239218950272e-02
1.126663666218519211e-02
1.134814508259296417e-02
1.148278452455997467e-02
1.149511430412530899e-02
1.155158970504999161e-02
1.167625561356544495e-02
1.177856139838695526e-02
1.177856139838695526e-02
1.187578029930591583e-02
1.197400875389575958e-02
1.199931651353836060e-02
1.201201137155294418e-02
1.189570128917694092e-02
1.180951390415430069e-02
1.160188019275665283e-02
1.135883945971727371e-02
1.100788544863462448e-02
1.062914077192544937e-02
1.062914077192544937e-02
1.036665122956037521e-02
1.026709098368883133e-02
1.022107154130935669e-02
1.024640910327434540e-02
1.028228271752595901e-02
1.029728166759014130e-02
1.042568869888782501e-02
1.071249321103096008e-02
1.106578763574361801e-02
1.135549880564212799e-02
1.135549880564212799e-02
1.159297488629817963e-02
1.174593064934015274e-02
1.180867664515972137e-02
1.173404697328805923e-02
1.141815260052680969e-02
1.101537328213453293e-02
1.051349006593227386e-02
1.003592927008867264e-02
9.581523947417736053e-03
9.196438826620578766e-03
9.196438826620578766e-03
8.883088827133178711e-03
8.672832511365413666e-03
8.614763617515563965e-03
8.714790455996990204e-03
8.992318063974380493e-03
9.384232573211193085e-03
9.750068187713623047e-03
1.009283773601055145e-02
1.039678324013948441e-02
1.058200094848871231e-02
1.058200094848871231e-02
1.061905641108751297e-02
1.059444714337587357e-02
1.054155640304088593e-02
1.043968647718429565e-02
1.032768934965133667e-02
1.010882295668125153e-02
9.925926104187965393e-03
9.716772474348545074e-03
9.531453251838684082e-03
9.315398521721363068e-03
9.315398521721363068e-03
9.074882604181766510e-03
8.967321366071701050e-03
8.832025341689586639e-03
8.703517727553844452e-03
8.516876958310604095e-03
8.344429545104503632e-03
8.241233415901660919e-03
8.420124650001525879e-03
8.615469560027122498e-03
8.829389698803424835e-03
8.829389698803424835e-03
9.046414867043495178e-03
9.216111153364181519e-03
9.346127510070800781e-03
9.441219270229339600e-03
9.540061466395854950e-03
9.528624825179576874e-03
9.650543332099914551e-03
9.562242776155471802e-03
9.429012425243854523e-03
9.344208054244518280e-03
9.344208054244518280e-03
9.238974191248416901e-03
9.132258594036102295e-03
9.071633219718933105e-03
9.031035937368869781e-03
9.042875841259956360e-03
9.173523634672164917e-03
9.299447759985923767e-03
9.363891556859016418e-03
9.285042993724346161e-03
9.180385619401931763e-03
9.180385619401931763e-03
9.030799381434917450e-03
8.883592672646045685e-03
8.839553222060203552e-03
8.826560340821743011e-03
8.845002390444278717e-03
8.865599520504474640e-03
8.857440203428268433e-03
8.925447240471839905e-03
9.002122096717357635e-03
8.973944000899791718e-03
8.973944000899791718e-03
8.996428921818733215e-03
8.872947655618190765e-03
8.765386417508125305e-03
8.640631102025508881e-03
8.494351990520954132e-03
8.384191431105136871e-03
8.321452885866165161e-03
8.373083546757698059e-03
8.465015329420566559e-03
8.568596094846725464e-03
8.568596094846725464e-03
8.634326048195362091e-03
8.664132095873355865e-03
8.666712790727615356e-03
8.567006327211856842e-03
8.403843268752098083e-03
8.120618760585784912e-03
7.850925438106060028e-03
7.532395888119935989e-03
7.186050992459058762e-03
6.804473232477903366e-03
6.804473232477903366e-03
6.556581240147352219e-03
6.312831770628690720e-03
6.123850587755441666e-03
5.802480038255453110e-03
5.406623240560293198e-03
4.928423091769218445e-03
4.566804040223360062e-03
4.306855145841836929e-03
4.005053080618381500e-03
3.982924390584230423e-03
3.982924390584230423e-03
4.087354522198438644e-03
4.366620909422636032e-03
4.366620909422636032e-03
4.366620909422636032e-03
5.010549444705247879e-03
5.665974225848913193e-03
6.307136267423629761e-03
6.789281964302062988e-03
7.090038619935512543e-03
7.193640805780887604e-03
7.193640805780887604e-03
7.109496742486953735e-03
6.978602148592472076e-03
6.794861983507871628e-03
6.552175153046846390e-03
6.317093037068843842e-03
6.107576191425323486e-03
6.025163456797599792e-03
6.032668519765138626e-03
6.131528876721858978e-03
6.272794213145971298e-03
6.272794213145971298e-03
6.488244049251079559e-03
6.801939569413661957e-03
7.079807575792074203e-03
7.312515750527381897e-03
7.475984748452901840e-03
7.661806885153055191e-03
7.737430278211832047e-03
7.750175893306732178e-03
7.746203336864709854e-03
7.673226296901702881e-03
7.673226296901702881e-03
7.672878447920084000e-03
7.751189172267913818e-03
7.864910177886486053e-03
8.059435524046421051e-03
8.223623968660831451e-03
8.406316861510276794e-03
8.582663722336292267e-03
8.800913579761981964e-03
9.099565446376800537e-03
9.379085153341293335e-03
9.379085153341293335e-03
9.678873233497142792e-03
1.004295423626899719e-02
1.035080198198556900e-02
1.054627448320388794e-02
1.068816240876913071e-02
1.084726769477128983e-02
1.095888670533895493e-02
1.111828442662954330e-02
1.134193968027830124e-02
1.156264729797840118e-02
1.156264729797840118e-02
1.188760716468095779e-02
1.230516750365495682e-02
1.273081544786691666e-02
1.310632657259702682e-02
1.337671838700771332e-02
1.347488723695278168e-02
1.357123069465160370e-02
1.365027856081724167e-02
1.363123487681150436e-02
1.355592440813779831e-02
1.355592440813779831e-02
1.358138490468263626e-02
1.361004356294870377e-02
1.370555628091096878e-02
1.382013782858848572e-02
1.400202792137861252e-02
1.421843003481626511e-02
1.445432566106319427e-02
1.462874189019203186e-02
1.481880806386470795e-02
1.510509196668863297e-02
1.510509196668863297e-02
1.545153930783271790e-02
1.586086302995681763e-02
1.586086302995681763e-02
1.623026840388774872e-02
1.650607958436012268e-02
1.677460409700870514e-02
1.705310493707656860e-02
1.722152531147003174e-02
1.725314371287822723e-02
1.727672480046749115e-02
1.727672480046749115e-02
1.724231429398059845e-02
1.710911095142364502e-02
1.701835542917251587e-02
1.696933433413505554e-02
1.693605817854404449e-02
1.688898354768753052e-02
1.693668030202388763e-02
1.703182049095630646e-02
1.716099679470062256e-02
1.725007034838199615e-02
1.725007034838199615e-02
1.738779619336128235e-02
1.745812222361564636e-02
1.749308966100215912e-02
1.748935319483280182e-02
1.740528643131256104e-02
1.717217452824115753e-02
1.692137867212295532e-02
1.665058545768260956e-02
1.635781675577163696e-02
1.603699289262294769e-02
1.603699289262294769e-02
1.571312919259071350e-02
1.549921650439500809e-02
1.534114498645067215e-02
1.516752317547798157e-02
1.498483680188655853e-02
1.477466337382793427e-02
1.456409133970737457e-02
1.465427875518798828e-02
1.465639937669038773e-02
1.461843214929103851e-02
1.461843214929103851e-02
1.455053035169839859e-02
1.442920695990324020e-02
1.426232140511274338e-02
1.415639091283082962e-02
1.413414068520069122e-02
1.423815358430147171e-02
1.436532009392976761e-02
1.448815129697322845e-02
1.463592983782291412e-02
1.486524660140275955e-02
1.486524660140275955e-02
1.509708538651466370e-02
1.532750111073255539e-02
1.552525907754898071e-02
1.575186289846897125e-02
1.596914976835250854e-02
1.616193726658821106e-02
1.632857136428356171e-02
1.641328446567058563e-02
1.636252179741859436e-02
1.623319834470748901e-02
1.623319834470748901e-02
1.607503928244113922e-02
1.586710661649703979e-02
1.561467163264751434e-02
1.538686733692884445e-02
1.511180400848388672e-02
1.481057610362768173e-02
1.459105405956506729e-02
1.449667476117610931e-02
1.443240884691476822e-02
1.430719159543514252e-02
1.430719159543514252e-02
1.429854426532983780e-02
1.433966867625713348e-02
1.458660885691642761e-02
1.484646182507276535e-02
1.502572651952505112e-02
1.520186010748147964e-02
1.517666131258010864e-02
1.510043814778327942e-02
1.490237098187208176e-02
1.472980249673128128e-02
1.472980249673128128e-02
1.464793365448713303e-02
1.463645510375499725e-02
1.476483233273029327e-02
1.502455584704875946e-02
1.537372823804616928e-02
1.571991480886936188e-02
1.597081311047077179e-02
1.617567427456378937e-02
1.643057912588119507e-02
1.663260161876678467e-02
1.663260161876678467e-02
1.663260161876678467e-02
1.679580658674240112e-02
1.691743917763233185e-02
1.697212830185890198e-02
1.722365058958530426e-02
1.738669723272323608e-02
1.750385761260986328e-02
1.761570572853088379e-02
1.760952919721603394e-02
1.741724275052547455e-02
1.741724275052547455e-02
1.711194217205047607e-02
1.670673303306102753e-02
1.631847396492958069e-02
1.598637178540229797e-02
1.565782539546489716e-02
1.535084936767816544e-02
1.512085087597370148e-02
1.498437207192182541e-02
1.487676240503787994e-02
1.474441401660442352e-02
1.474441401660442352e-02
1.460689492523670197e-02
1.438564527779817581e-02
1.419713534414768219e-02
1.403902843594551086e-02
1.391328405588865280e-02
1.382612530142068863e-02
1.379800122231245041e-02
1.375883165746927261e-02
1.359759550541639328e-02
1.346710976213216782e-02
1.346710976213216782e-02
1.323457341641187668e-02
1.302580256015062332e-02
1.277723070234060287e-02
1.252968702465295792e-02
1.230321638286113739e-02
1.211687922477722168e-02
1.200685370713472366e-02
1.197596080601215363e-02
1.204475201666355133e-02
1.217081863433122635e-02
1.217081863433122635e-02
1.218848768621683121e-02
1.218053139746189117e-02
1.222150214016437531e-02
1.226144377142190933e-02
1.227396354079246521e-02
1.215209439396858215e-02
1.199373230338096619e-02
1.190135721117258072e-02
1.189069263637065887e-02
1.194208208471536636e-02
1.194208208471536636e-02
1.193742733448743820e-02
1.189142186194658279e-02
1.177535858005285263e-02
1.171689946204423904e-02
1.158924121409654617e-02
1.148834452033042908e-02
1.139276288449764252e-02
1.130017638206481934e-02
1.112151332199573517e-02
1.094793435186147690e-02
1.094793435186147690e-02
1.082019787281751633e-02
1.069347187876701355e-02
1.062091998755931854e-02
1.056182011961936951e-02
1.053474843502044678e-02
1.053327787667512894e-02
1.057976949959993362e-02
1.077789254486560822e-02
1.099353004246950150e-02
1.121951173990964890e-02
1.121951173990964890e-02
1.150140166282653809e-02
1.172362826764583588e-02
1.192989759147167206e-02
1.200925186276435852e-02
1.199429575353860855e-02
1.200270187109708786e-02
1.199146080762147903e-02
1.190473139286041260e-02
1.179643720388412476e-02
1.162802800536155701e-02
1.162802800536155701e-02
1.138025801628828049e-02
1.112189888954162598e-02
1.087434962391853333e-02
1.071881316602230072e-02
1.071881316602230072e-02
1.071881316602230072e-02
1.069364976137876511e-02
1.074399705976247787e-02
1.085210032761096954e-02
1.102745067328214645e-02
1.102745067328214645e-02
1.128030847758054733e-02
1.149276830255985260e-02
1.162080001085996628e-02
1.170875504612922668e-02
1.178815495222806931e-02
1.184551976621150970e-02
1.176312193274497986e-02
1.146044768393039703e-02
1.110760215669870377e-02
1.066446397453546524e-02
1.066446397453546524e-02
1.025686971843242645e-02
9.936761111021041870e-03
9.669323451817035675e-03
9.608491323888301849e-03
9.616343304514884949e-03
9.835075587034225464e-03
1.005408726632595062e-02
1.020191516727209091e-02
1.035151444375514984e-02
1.036529615521430969e-02
1.036529615521430969e-02
1.041455008089542389e-02
1.017821487039327621e-02
9.929523803293704987e-03
9.704255498945713043e-03
9.471033699810504913e-03
9.242946282029151917e-03
8.976314216852188110e-03
8.703758008778095245e-03
8.438731543719768524e-03
8.233753964304924011e-03
8.233753964304924011e-03
8.144051767885684967e-03
8.200539276003837585e-03
8.321208879351615906e-03
8.525550365447998047e-03
8.811384439468383789e-03
9.233803488314151764e-03
9.640779346227645874e-03
1.009817514568567276e-02
1.048067770898342133e-02
1.078937668353319168e-02
1.078937668353319168e-02
1.099354401230812073e-02
1.097445748746395111e-02
1.089088432490825653e-02
1.086526643484830856e-02
1.091455016285181046e-02
1.103084627538919449e-02
1.119133550673723221e-02
1.143361069262027740e-02
1.167327072471380234e-02
1.193447038531303406e-02
1.193447038531303406e-02
1.226221024990081787e-02
1.258420851081609726e-02
1.290921121835708618e-02
1.321843266487121582e-02
1.343357935547828674e-02
1.356253772974014282e-02
1.359127741307020187e-02
1.356892846524715424e-02
1.365835219621658325e-02
1.372133940458297729e-02
