2.455559931695461273e-02
2.455559931695461273e-02
2.383914962410926819e-02
2.339138090610504150e-02
2.297947742044925690e-02
2.265511639416217804e-02
2.234913781285285950e-02
2.213880233466625214e-02
2.199616841971874237e-02
2.193829976022243500e-02
2.190395444631576538e-02
2.189211733639240265e-02
2.189211733639240265e-02
2.185538597404956818e-02
2.174274437129497528e-02
2.166596800088882446e-02
2.168810926377773285e-02
2.176697738468647003e-02
2.174847945570945740e-02
2.179491706192493439e-02
2.192731387913227081e-02
2.212884649634361267e-02
2.231069654226303101e-02
2.231069654226303101e-02
2.253756672143936157e-02
2.269987016916275024e-02
2.291230112314224243e-02
2.312600798904895782e-02
2.340176515281200409e-02
2.356904745101928711e-02
2.362325973808765411e-02
2.363578975200653076e-02
2.364428341388702393e-02
2.364977076649665833e-02
2.364977076649665833e-02
2.365534380078315735e-02
2.357015386223793030e-02
2.347119897603988647e-02
2.337693236768245697e-02
2.328076772391796112e-02
2.333010174334049225e-02
2.334768511354923248e-02
2.350991033017635345e-02
2.372223325073719025e-02
2.389711700379848480e-02
2.389711700379848480e-02
2.414047345519065857e-02
2.434746176004409790e-02
2.477890066802501678e-02
2.534028515219688416e-02
2.574857138097286224e-02
2.616345137357711792e-02
2.642217837274074554e-02
2.667112275958061218e-02
2.694750390946865082e-02
2.729233913123607635e-02
2.729233913123607635e-02
2.761757187545299530e-02
2.797929570078849792e-02
2.825326658785343170e-02
2.848448418080806732e-02
2.869816310703754425e-02
2.894189022481441498e-02
2.915760129690170288e-02
2.920726127922534943e-02
2.920042909681797028e-02
2.915620617568492889e-02
2.915620617568492889e-02
2.921933121979236603e-02
2.921168133616447449e-02
2.921403199434280396e-02
2.926768735051155090e-02
2.940072864294052124e-02
2.943637594580650330e-02
2.963634952902793884e-02
2.976747788488864899e-02
2.988472022116184235e-02
2.996585890650749207e-02
2.996585890650749207e-02
3.014237061142921448e-02
3.028940781950950623e-02
3.049439191818237305e-02
3.070979751646518707e-02
3.099379502236843109e-02
3.118700720369815826e-02
3.133095055818557739e-02
3.140096738934516907e-02
3.142104297876358032e-02
3.134968131780624390e-02
3.134968131780624390e-02
3.133409470319747925e-02
3.133209049701690674e-02
3.118964657187461853e-02
3.097175434231758118e-02
3.062435239553451538e-02
3.030618280172348022e-02
3.009536489844322205e-02
2.989724650979042053e-02
2.967359125614166260e-02
2.947852946817874908e-02
2.947852946817874908e-02
2.930642850697040558e-02
2.918080426752567291e-02
2.908421866595745087e-02
2.908513136208057404e-02
2.908130735158920288e-02
2.914543822407722473e-02
2.917831204831600189e-02
2.921877056360244751e-02
2.932004630565643311e-02
2.948424406349658966e-02
2.948424406349658966e-02
2.969971299171447754e-02
2.989741042256355286e-02
3.015530481934547424e-02
3.032307513058185577e-02
3.048058971762657166e-02
3.078635409474372864e-02
3.111486323177814484e-02
3.125655278563499451e-02
3.140316531062126160e-02
3.146028518676757812e-02
3.146028518676757812e-02
3.156499192118644714e-02
3.166357800364494324e-02
3.179137781262397766e-02
3.205315768718719482e-02
3.218150138854980469e-02
3.229708224534988403e-02
3.232805058360099792e-02
3.239956125617027283e-02
3.207029029726982117e-02
3.174619376659393311e-02
3.174619376659393311e-02
3.141605854034423828e-02
3.114073723554611206e-02
3.086849860846996307e-02
3.063266165554523468e-02
3.053854405879974365e-02
3.039759583771228790e-02
3.031663410365581512e-02
3.022059053182601929e-02
3.004850819706916809e-02
3.010168671607971191e-02
3.010168671607971191e-02
3.009458631277084351e-02
2.999248728156089783e-02
2.992546558380126953e-02
2.988358028233051300e-02
2.988331206142902374e-02
2.996540628373622894e-02
3.008845075964927673e-02
3.028886020183563232e-02
3.048620000481605530e-02
3.071824274957180023e-02
3.071824274957180023e-02
3.110083565115928650e-02
3.151877596974372864e-02
3.185446187853813171e-02
3.226375207304954529e-02
3.264526277780532837e-02
3.315181285142898560e-02
3.359859064221382141e-02
3.412504494190216064e-02
3.449625521898269653e-02
3.473388776183128357e-02
3.473388776183128357e-02
3.486312925815582275e-02
3.492208942770957947e-02
3.484827280044555664e-02
3.481914848089218140e-02
3.467276692390441895e-02
3.447970002889633179e-02
3.421901911497116089e-02
3.395665064454078674e-02
3.368877619504928589e-02
3.344314545392990112e-02
3.344314545392990112e-02
3.319675847887992859e-02
3.307366371154785156e-02
3.295628726482391357e-02
3.307117894291877747e-02
3.319752588868141174e-02
3.334071859717369080e-02
3.341256827116012573e-02
3.350892663002014160e-02
3.352865576744079590e-02
3.349136561155319214e-02
3.349136561155319214e-02
3.326329216361045837e-02
3.303457051515579224e-02
3.264416754245758057e-02
3.226788714528083801e-02
3.191054984927177429e-02
3.145368397235870361e-02
3.094643726944923401e-02
3.044238686561584473e-02
2.987724542617797852e-02
2.931128256022930145e-02
2.931128256022930145e-02
2.880222350358963013e-02
2.830191887915134430e-02
2.772345766425132751e-02
2.700449340045452118e-02
2.626689337193965912e-02
2.565823495388031006e-02
2.503253333270549774e-02
2.453088760375976562e-02
2.409594878554344177e-02
2.375980839133262634e-02
2.375980839133262634e-02
2.330986969172954559e-02
2.279456704854965210e-02
2.224503457546234131e-02
2.173839509487152100e-02
2.126944251358509064e-02
2.078760042786598206e-02
2.053076401352882385e-02
2.036116458475589752e-02
2.025324851274490356e-02
2.023440413177013397e-02
2.023440413177013397e-02
2.033020369708538055e-02
2.050611935555934906e-02
2.079305052757263184e-02
2.111461013555526733e-02
2.152284979820251465e-02
2.198559790849685669e-02
2.253065072000026703e-02
2.318145148456096649e-02
2.390738204121589661e-02
2.467704936861991882e-02
2.467704936861991882e-02
2.551582269370555878e-02
2.642482891678810120e-02
2.735389955341815948e-02
2.822719328105449677e-02
2.908983640372753143e-02
2.995345368981361389e-02
3.103771992027759552e-02
3.201086446642875671e-02
3.291879221796989441e-02
3.368026018142700195e-02
3.368026018142700195e-02
3.425673767924308777e-02
3.475429862737655640e-02
3.503142669796943665e-02
3.525724261999130249e-02
3.524706885218620300e-02
3.520287200808525085e-02
3.507574275135993958e-02
3.477871417999267578e-02
3.447697684168815613e-02
3.416429460048675537e-02
3.416429460048675537e-02
3.377543389797210693e-02
3.327696397900581360e-02
3.261395543813705444e-02
3.187065944075584412e-02
3.109481371939182281e-02
3.033377602696418762e-02
2.954162098467350006e-02
2.878386341035366058e-02
2.807251550257205963e-02
2.742379717528820038e-02
2.742379717528820038e-02
2.685317397117614746e-02
2.636278793215751648e-02
2.602317929267883301e-02
2.583895996212959290e-02
2.577299997210502625e-02
2.583521232008934021e-02
2.599268034100532532e-02
2.613694220781326294e-02
2.622705511748790741e-02
2.625503949820995331e-02
2.625503949820995331e-02
2.627049386501312256e-02
2.623910643160343170e-02
2.617774717509746552e-02
2.614455297589302063e-02
2.610184624791145325e-02
2.605476416647434235e-02
2.604435198009014130e-02
2.599103748798370361e-02
2.590361982583999634e-02
2.582106180489063263e-02
2.582106180489063263e-02
2.570994757115840912e-02
2.556305751204490662e-02
2.538002282381057739e-02
2.516387775540351868e-02
2.493869513273239136e-02
2.473507449030876160e-02
2.459038235247135162e-02
2.450750395655632019e-02
2.444165758788585663e-02
2.449863590300083160e-02
2.449863590300083160e-02
2.451025322079658508e-02
2.447185851633548737e-02
2.447561547160148621e-02
2.441627532243728638e-02
2.435491234064102173e-02
2.430632151663303375e-02
2.424053661525249481e-02
2.430607378482818604e-02
2.438688278198242188e-02
2.438688278198242188e-02
2.438688278198242188e-02
2.451691217720508575e-02
2.457715198397636414e-02
2.464983798563480377e-02
2.472704090178012848e-02
2.472463622689247131e-02
2.474810183048248291e-02
2.466989494860172272e-02
2.449919097125530243e-02
2.393995039165019989e-02
2.342421002686023712e-02
2.342421002686023712e-02
2.296977490186691284e-02
2.256366610527038574e-02
2.220126427710056305e-02
2.195229008793830872e-02
2.174960076808929443e-02
2.156010270118713379e-02
2.132992260158061981e-02
2.115645818412303925e-02
2.100752852857112885e-02
2.096080221235752106e-02
2.096080221235752106e-02
2.085552923381328583e-02
2.074890770018100739e-02
2.066320925951004028e-02
2.074198052287101746e-02
2.089089341461658478e-02
2.113453857600688934e-02
2.135869674384593964e-02
2.163279429078102112e-02
2.188324183225631714e-02
2.214894630014896393e-02
2.214894630014896393e-02
2.246274054050445557e-02
2.274905331432819366e-02
2.303721383213996887e-02
2.331250905990600586e-02
2.348446659743785858e-02
2.359958738088607788e-02
2.366688288748264313e-02
2.369135059416294098e-02
2.365436218678951263e-02
2.363158203661441803e-02
2.363158203661441803e-02
2.361117675900459290e-02
2.359902113676071167e-02
2.354725636541843414e-02
2.345870435237884521e-02
2.337468788027763367e-02
2.322219684720039368e-02
2.306518889963626862e-02
2.287642285227775574e-02
2.273395843803882599e-02
2.261407673358917236e-02
2.261407673358917236e-02
2.251717448234558105e-02
2.244375273585319519e-02
2.238421514630317688e-02
2.233160473406314850e-02
2.227853424847126007e-02
2.221341058611869812e-02
2.212533168494701385e-02
2.208944596350193024e-02
2.213098853826522827e-02
2.213098853826522827e-02
2.213098853826522827e-02
2.212749235332012177e-02
2.207338996231555939e-02
2.203965187072753906e-02
2.197893522679805756e-02
2.192300744354724884e-02
2.190049365162849426e-02
2.190049365162849426e-02
2.181181125342845917e-02
2.170187793672084808e-02
2.162038721144199371e-02
2.162038721144199371e-02
2.157081291079521179e-02
2.153465338051319122e-02
2.151160500943660736e-02
2.138670161366462708e-02
2.130781114101409912e-02
2.121821604669094086e-02
2.105604670941829681e-02
2.094691991806030273e-02
2.087562344968318939e-02
2.081342414021492004e-02
2.081342414021492004e-02
2.074290812015533447e-02
2.082037553191184998e-02
2.092418074607849121e-02
2.120876312255859375e-02
2.145346254110336304e-02
2.157786116003990173e-02
2.157786116003990173e-02
2.158755809068679810e-02
2.152683213353157043e-02
2.152100950479507446e-02
2.152100950479507446e-02
2.152502164244651794e-02
2.160676382482051849e-02
2.168869599699974060e-02
2.179944328963756561e-02
2.187220193445682526e-02
2.196965366601943970e-02
2.211442776024341583e-02
2.223378233611583710e-02
2.242710627615451813e-02
2.251633629202842712e-02
2.251633629202842712e-02
2.255706116557121277e-02
2.249716408550739288e-02
2.242847159504890442e-02
2.234189026057720184e-02
2.225177548825740814e-02
2.218367904424667358e-02
2.212957479059696198e-02
2.207709848880767822e-02
2.206948958337306976e-02
2.210539393126964569e-02
2.210539393126964569e-02
2.214550599455833435e-02
2.217547222971916199e-02
2.222506888210773468e-02
2.215917594730854034e-02
2.208957448601722717e-02
2.203651517629623413e-02
2.199923619627952576e-02
2.205825224518775940e-02
2.213855460286140442e-02
2.219961956143379211e-02
2.219961956143379211e-02
2.226808294653892517e-02
2.231180109083652496e-02
2.238243259489536285e-02
2.242578379809856415e-02
2.239204756915569305e-02
2.236620523035526276e-02
2.232368476688861847e-02
2.229190245270729065e-02
2.216293103992938995e-02
2.201477438211441040e-02
2.201477438211441040e-02
2.183421142399311066e-02
2.167135849595069885e-02
2.153488062322139740e-02
2.142065204679965973e-02
2.132868580520153046e-02
2.120425738394260406e-02
2.106417901813983917e-02
2.102079056203365326e-02
2.092494443058967590e-02
2.085745334625244141e-02
2.085745334625244141e-02
2.083289064466953278e-02
2.083639428019523621e-02
2.085701748728752136e-02
2.081962116062641144e-02
2.076784335076808929e-02
2.072520926594734192e-02
2.072633057832717896e-02
2.073254995048046112e-02
2.073327824473381042e-02
2.073595114052295685e-02
2.073595114052295685e-02
2.081411704421043396e-02
2.096895128488540649e-02
2.115613967180252075e-02
2.136076986789703369e-02
2.145480923354625702e-02
2.156694419682025909e-02
2.172488160431385040e-02
2.190527692437171936e-02
2.210523746907711029e-02
2.226338721811771393e-02
2.226338721811771393e-02
2.237970568239688873e-02
2.242150716483592987e-02
2.247519232332706451e-02
2.252647280693054199e-02
2.255674265325069427e-02
2.252259850502014160e-02
2.252259850502014160e-02
2.253264561295509338e-02
2.260436490178108215e-02
2.262798883020877838e-02
2.262798883020877838e-02
2.262282930314540863e-02
2.262470498681068420e-02
2.258621156215667725e-02
2.252307161688804626e-02
2.237485162913799286e-02
2.224998176097869873e-02
2.214156463742256165e-02
2.201863378286361694e-02
2.189266867935657501e-02
2.174855582416057587e-02
2.174855582416057587e-02
2.158313989639282227e-02
2.140487730503082275e-02
2.115942724049091339e-02
2.101466991007328033e-02
2.090317383408546448e-02
2.086799219250679016e-02
2.084503881633281708e-02
2.091106958687305450e-02
2.098315767943859100e-02
2.103785797953605652e-02
2.103785797953605652e-02
2.108447253704071045e-02
2.114492654800415039e-02
2.121240273118019104e-02
2.132979966700077057e-02
2.143202535808086395e-02
2.155660651624202728e-02
2.170716412365436554e-02
2.180835977196693420e-02
2.190051786601543427e-02
2.198239043354988098e-02
2.198239043354988098e-02
2.209415100514888763e-02
2.218662202358245850e-02
2.229291573166847229e-02
2.233480475842952728e-02
2.239333279430866241e-02
2.237909287214279175e-02
2.236521244049072266e-02
2.232019975781440735e-02
2.226411178708076477e-02
2.221468277275562286e-02
2.221468277275562286e-02
2.218331582844257355e-02
2.211632020771503448e-02
2.212321199476718903e-02
2.212083898484706879e-02
2.202835679054260254e-02
2.191558107733726501e-02
2.180305495858192444e-02
2.174303494393825531e-02
2.163379266858100891e-02
2.157940715551376343e-02
2.157940715551376343e-02
2.156125754117965698e-02
2.156234905123710632e-02
2.155274525284767151e-02
2.160082943737506866e-02
2.167474105954170227e-02
2.179264649748802185e-02
2.189071662724018097e-02
2.203540876507759094e-02
2.206985093653202057e-02
2.213948965072631836e-02
2.213948965072631836e-02
2.210124395787715912e-02
2.207099832594394684e-02
2.206084877252578735e-02
2.205197140574455261e-02
2.199287340044975281e-02
2.188459224998950958e-02
2.188459224998950958e-02
2.188459224998950958e-02
2.188459224998950958e-02
2.177556045353412628e-02
2.177556045353412628e-02
2.177595347166061401e-02
2.174403145909309387e-02
2.171031944453716278e-02
2.165239304304122925e-02
2.158805355429649353e-02
2.152378112077713013e-02
2.143682911992073059e-02
2.133858203887939453e-02
2.123188413679599762e-02
2.112935483455657959e-02
2.112935483455657959e-02
2.107084169983863831e-02
2.098124846816062927e-02
2.091972902417182922e-02
2.094355970621109009e-02
2.096697874367237091e-02
2.102176472544670105e-02
2.111902460455894470e-02
2.121319994330406189e-02
2.134162001311779022e-02
2.155143395066261292e-02
2.155143395066261292e-02
2.176368609070777893e-02
2.204246632754802704e-02
2.232955582439899445e-02
2.261229790747165680e-02
2.288065664470195770e-02
2.289781905710697174e-02
2.283854596316814423e-02
2.275431714951992035e-02
2.258932404220104218e-02
2.241268008947372437e-02
2.241268008947372437e-02
2.234466187655925751e-02
2.227571792900562286e-02
2.221992425620555878e-02
2.215939015150070190e-02
2.209711633622646332e-02
2.198985219001770020e-02
2.184766158461570740e-02
2.163066342473030090e-02
2.142293937504291534e-02
2.124235779047012329e-02
2.124235779047012329e-02
2.111845277249813080e-02
2.107167243957519531e-02
2.115633711218833923e-02
2.132176421582698822e-02
2.150122448801994324e-02
2.170058526098728180e-02
2.181053906679153442e-02
2.185841090977191925e-02
2.183081954717636108e-02
2.175283804535865784e-02
2.175283804535865784e-02
2.169253863394260406e-02
2.168645896017551422e-02
2.168057672679424286e-02
2.165740355849266052e-02
2.164823189377784729e-02
2.165561728179454803e-02
2.168071269989013672e-02
2.169839851558208466e-02
2.172313071787357330e-02
2.176176756620407104e-02
2.176176756620407104e-02
2.176771499216556549e-02
2.177745290100574493e-02
2.173439040780067444e-02
2.172322943806648254e-02
2.185201272368431091e-02
2.200052142143249512e-02
2.214020676910877228e-02
2.230066061019897461e-02
2.241108939051628113e-02
2.248516492545604706e-02
2.248516492545604706e-02
2.245379239320755005e-02
2.233884483575820923e-02
2.217579632997512817e-02
2.202653139829635620e-02
2.192427776753902435e-02
2.180339582264423370e-02
2.168069034814834595e-02
2.159077860414981842e-02
2.151619270443916321e-02
2.140724100172519684e-02
2.140724100172519684e-02
2.131772413849830627e-02
2.110214158892631531e-02
2.088312059640884399e-02
2.069777250289916992e-02
2.054293639957904816e-02
2.044291980564594269e-02
2.052010037004947662e-02
2.067911811172962189e-02
2.080732397735118866e-02
2.092588692903518677e-02
2.092588692903518677e-02
2.099473029375076294e-02
2.106713131070137024e-02
2.115405909717082977e-02
2.123570814728736877e-02
2.133390866219997406e-02
2.134565636515617371e-02
2.133173495531082153e-02
2.136687003076076508e-02
2.138912677764892578e-02
2.150317467749118805e-02
2.150317467749118805e-02
2.157506532967090607e-02
2.162570133805274963e-02
2.164650335907936096e-02
2.164550311863422394e-02
2.169998362660408020e-02
2.172730118036270142e-02
2.170252241194248199e-02
2.169651538133621216e-02
2.163265272974967957e-02
2.153184637427330017e-02
