2.289680577814579010e-02
2.289680577814579010e-02
2.348229661583900452e-02
2.390826679766178131e-02
2.433414570987224579e-02
2.495954558253288269e-02
2.478322573006153107e-02
2.420744672417640686e-02
2.369662933051586151e-02
2.315558306872844696e-02
2.250149473547935486e-02
2.203577011823654175e-02
2.203577011823654175e-02
2.156477607786655426e-02
2.099375054240226746e-02
2.037049643695354462e-02
2.007649093866348267e-02
1.983813941478729248e-02
1.976406201720237732e-02
1.981119625270366669e-02
1.968292519450187683e-02
1.956466212868690491e-02
1.930907368659973145e-02
1.930907368659973145e-02
1.904370263218879700e-02
1.872085779905319214e-02
1.827990449965000153e-02
1.786964200437068939e-02
1.733506284654140472e-02
1.672231033444404602e-02
1.597023196518421173e-02
1.511433441191911697e-02
1.430396363139152527e-02
1.384285185486078262e-02
1.384285185486078262e-02
1.339974440634250641e-02
1.276687439531087875e-02
1.206513959914445877e-02
1.156183518469333649e-02
1.122850086539983749e-02
1.080046780407428741e-02
1.044217962771654129e-02
1.005650125443935394e-02
9.818879887461662292e-03
9.745487011969089508e-03
9.745487011969089508e-03
9.715768508613109589e-03
9.720533154904842377e-03
9.919314645230770111e-03
1.019890513271093369e-02
1.061701122671365738e-02
1.119002047926187515e-02
1.176080014556646347e-02
1.205522101372480392e-02
1.237218268215656281e-02
1.312343217432498932e-02
1.312343217432498932e-02
1.394108496606349945e-02
1.452751550823450089e-02
1.519003883004188538e-02
1.592653058469295502e-02
1.666657626628875732e-02
1.727610267698764801e-02
1.777115650475025177e-02
1.818806305527687073e-02
1.845816895365715027e-02
1.862057484686374664e-02
1.862057484686374664e-02
1.864248327910900116e-02
1.870621554553508759e-02
1.861953176558017731e-02
1.884527876973152161e-02
1.900366693735122681e-02
1.926864869892597198e-02
1.956414431333541870e-02
1.988030970096588135e-02
2.005027979612350464e-02
2.083769626915454865e-02
2.083769626915454865e-02
2.165450528264045715e-02
2.244802378118038177e-02
2.314065955579280853e-02
2.382101304829120636e-02
2.436420507729053497e-02
2.498652040958404541e-02
2.569282241165637970e-02
2.635090053081512451e-02
2.689591795206069946e-02
2.738411165773868561e-02
2.738411165773868561e-02
2.779545448720455170e-02
2.801634743809700012e-02
2.792606316506862640e-02
2.785886265337467194e-02
2.786593325436115265e-02
2.785343490540981293e-02
2.791829593479633331e-02
2.804882638156414032e-02
2.825937233865261078e-02
2.841125987470149994e-02
2.841125987470149994e-02
2.851054258644580841e-02
2.861439250409603119e-02
2.867607027292251587e-02
2.883822843432426453e-02
2.896607294678688049e-02
2.901296690106391907e-02
2.906523458659648895e-02
2.893027290701866150e-02
2.883125841617584229e-02
2.875787764787673950e-02
2.875787764787673950e-02
2.862386219203472137e-02
2.844321727752685547e-02
2.822059020400047302e-02
2.811109460890293121e-02
2.791090123355388641e-02
2.768125757575035095e-02
2.755534090101718903e-02
2.755450643599033356e-02
2.775111608207225800e-02
2.798189409077167511e-02
2.798189409077167511e-02
2.815328724682331085e-02
2.832869254052639008e-02
2.834257297217845917e-02
2.831306867301464081e-02
2.817188017070293427e-02
2.812106348574161530e-02
2.801557257771492004e-02
2.784757502377033234e-02
2.761842310428619385e-02
2.735707350075244904e-02
2.735707350075244904e-02
2.706605941057205200e-02
2.689553424715995789e-02
2.676094882190227509e-02
2.665487304329872131e-02
2.652839384973049164e-02
2.618792094290256500e-02
2.575673349201679230e-02
2.525616437196731567e-02
2.472780831158161163e-02
2.424177341163158417e-02
2.424177341163158417e-02
2.378247305750846863e-02
2.338551729917526245e-02
2.293308824300765991e-02
2.254170551896095276e-02
2.216813899576663971e-02
2.182035148143768311e-02
2.163010463118553162e-02
2.113048546016216278e-02
2.073561027646064758e-02
2.030720748007297516e-02
2.030720748007297516e-02
1.981944404542446136e-02
1.941996812820434570e-02
1.898972317576408386e-02
1.863389462232589722e-02
1.819595135748386383e-02
1.774234510958194733e-02
1.727370545268058777e-02
1.662655733525753021e-02
1.599991507828235626e-02
1.537091098725795746e-02
1.537091098725795746e-02
1.489620283246040344e-02
1.450899988412857056e-02
1.422820985317230225e-02
1.410019490867853165e-02
1.423484366387128830e-02
1.430261228233575821e-02
1.442365068942308426e-02
1.436326745897531509e-02
1.407573558390140533e-02
1.366794481873512268e-02
1.366794481873512268e-02
1.303617842495441437e-02
1.257735677063465118e-02
1.213814411312341690e-02
1.199018955230712891e-02
1.190201472491025925e-02
1.159275136888027191e-02
1.105323527008295059e-02
1.034037955105304718e-02
9.518714621663093567e-03
8.784967474639415741e-03
8.784967474639415741e-03
8.082975633442401886e-03
7.606834638863801956e-03
7.283081300556659698e-03
7.037026807665824890e-03
6.809540092945098877e-03
6.641533691436052322e-03
6.489044986665248871e-03
6.300396751612424850e-03
6.138444412499666214e-03
6.051018368452787399e-03
6.051018368452787399e-03
6.013533100485801697e-03
6.028713658452033997e-03
5.984023679047822952e-03
5.786291789263486862e-03
5.397703032940626144e-03
5.064786877483129501e-03
4.720495548099279404e-03
4.373626317828893661e-03
4.091074690222740173e-03
3.855727380141615868e-03
3.855727380141615868e-03
3.772567026317119598e-03
3.802505088970065117e-03
3.819096833467483521e-03
3.641523886471986771e-03
3.263684688135981560e-03
2.817329484969377518e-03
2.423430792987346649e-03
2.294371137395501137e-03
2.435215748846530914e-03
2.725987695157527924e-03
2.725987695157527924e-03
3.132930491119623184e-03
3.420692635700106621e-03
3.575109643861651421e-03
3.646697616204619408e-03
3.619750263169407845e-03
3.599338466301560402e-03
3.490651026368141174e-03
3.612425643950700760e-03
3.884224919602274895e-03
4.243322182446718216e-03
4.243322182446718216e-03
4.535446874797344208e-03
4.628358408808708191e-03
4.632074385881423950e-03
4.687973298132419586e-03
4.748859908431768417e-03
4.936895333230495453e-03
5.165743175894021988e-03
5.429549608379602432e-03
5.780835170298814774e-03
6.049614865332841873e-03
6.049614865332841873e-03
6.158485077321529388e-03
6.201571319252252579e-03
6.222009193152189255e-03
6.223063450306653976e-03
6.286198273301124573e-03
6.412023678421974182e-03
6.615824531763792038e-03
6.854031700640916824e-03
7.062750868499279022e-03
7.367733400315046310e-03
7.367733400315046310e-03
7.603387814015150070e-03
7.522785104811191559e-03
7.532119750976562500e-03
7.596938405185937881e-03
7.669117767363786697e-03
7.727363612502813339e-03
7.800344377756118774e-03
7.939110510051250458e-03
8.160057477653026581e-03
8.447376079857349396e-03
8.447376079857349396e-03
8.702971972525119781e-03
8.611739613115787506e-03
8.308357559144496918e-03
7.966319099068641663e-03
7.911265827715396881e-03
7.878919132053852081e-03
7.989005185663700104e-03
8.146509528160095215e-03
8.461185730993747711e-03
8.756116032600402832e-03
8.756116032600402832e-03
9.148878976702690125e-03
9.653867222368717194e-03
1.012897770851850510e-02
1.031474303454160690e-02
1.028372440487146378e-02
1.012608874589204788e-02
9.935692884027957916e-03
9.667126461863517761e-03
9.457960724830627441e-03
9.523360058665275574e-03
9.523360058665275574e-03
9.938421659171581268e-03
1.063317153602838516e-02
1.117380056530237198e-02
1.148904394358396530e-02
1.163723692297935486e-02
1.183875650167465210e-02
1.217401772737503052e-02
1.269476301968097687e-02
1.320484094321727753e-02
1.366039458662271500e-02
1.366039458662271500e-02
1.412154268473386765e-02
1.460723858326673508e-02
1.516066584736108780e-02
1.573475636541843414e-02
1.628102734684944153e-02
1.685210317373275757e-02
1.723538525402545929e-02
1.751025393605232239e-02
1.769711822271347046e-02
1.775899715721607208e-02
1.775899715721607208e-02
1.764644496142864227e-02
1.734894514083862305e-02
1.711109839379787445e-02
1.697364449501037598e-02
1.702400296926498413e-02
1.731452159583568573e-02
1.777171343564987183e-02
1.834730990231037140e-02
1.878364756703376770e-02
1.889893971383571625e-02
1.889893971383571625e-02
1.877976581454277039e-02
1.848317310214042664e-02
1.808683015406131744e-02
1.769971102476119995e-02
1.741221733391284943e-02
1.727584004402160645e-02
1.733153499662876129e-02
1.757718995213508606e-02
1.774490810930728912e-02
1.777177490293979645e-02
1.777177490293979645e-02
1.778050325810909271e-02
1.767983846366405487e-02
1.758143678307533264e-02
1.750431396067142487e-02
1.754960231482982635e-02
1.776851527392864227e-02
1.805002242326736450e-02
1.827557571232318878e-02
1.854348741471767426e-02
1.866819523274898529e-02
1.866819523274898529e-02
1.864717714488506317e-02
1.860939711332321167e-02
1.855986006557941437e-02
1.852228492498397827e-02
1.838032342493534088e-02
1.831966079771518707e-02
1.833330094814300537e-02
1.829060167074203491e-02
1.827573776245117188e-02
1.818245276808738708e-02
1.818245276808738708e-02
1.793706230819225311e-02
1.758973300457000732e-02
1.717534288763999939e-02
1.688401959836483002e-02
1.664396002888679504e-02
1.655584946274757385e-02
1.651129685342311859e-02
1.661253161728382111e-02
1.675469428300857544e-02
1.675736345350742340e-02
1.675736345350742340e-02
1.660615205764770508e-02
1.629729196429252625e-02
1.593382470309734344e-02
1.574254408478736877e-02
1.574423909187316895e-02
1.594909839332103729e-02
1.626649312674999237e-02
1.646795682609081268e-02
1.652477495372295380e-02
1.655375771224498749e-02
1.655375771224498749e-02
1.647581532597541809e-02
1.628661714494228363e-02
1.613088510930538177e-02
1.596685871481895447e-02
1.592659391462802887e-02
1.603364571928977966e-02
1.629619114100933075e-02
1.651630178093910217e-02
1.648745499551296234e-02
1.629387773573398590e-02
1.629387773573398590e-02
1.603406853973865509e-02
1.585376821458339691e-02
1.591240800917148590e-02
1.611475460231304169e-02
1.636238396167755127e-02
1.662252657115459442e-02
1.678878813982009888e-02
1.692390255630016327e-02
1.711026206612586975e-02
1.724302023649215698e-02
1.724302023649215698e-02
1.745574735105037689e-02
1.816320978105068207e-02
1.877008751034736633e-02
1.909872144460678101e-02
1.919935271143913269e-02
1.915412582457065582e-02
1.908057928085327148e-02
1.895243115723133087e-02
1.896101236343383789e-02
1.899489574134349823e-02
1.899489574134349823e-02
1.908706501126289368e-02
1.910826936364173889e-02
1.907079108059406281e-02
1.899642869830131531e-02
1.890563778579235077e-02
1.877071894705295563e-02
1.854533515870571136e-02
1.827336661517620087e-02
1.806285418570041656e-02
1.803703419864177704e-02
1.803703419864177704e-02
1.803640462458133698e-02
1.803907752037048340e-02
1.807987876236438751e-02
1.815166883170604706e-02
1.819038763642311096e-02
1.829765737056732178e-02
1.852489821612834930e-02
1.869292370975017548e-02
1.897070556879043579e-02
1.937490887939929962e-02
