3.117221966385841370e-02
3.117221966385841370e-02
3.188881278038024902e-02
3.257600218057632446e-02
3.304927796125411987e-02
3.372522816061973572e-02
3.415033221244812012e-02
3.420005738735198975e-02
3.432226553559303284e-02
3.452070429921150208e-02
3.459657728672027588e-02
3.426915034651756287e-02
3.426915034651756287e-02
3.371563926339149475e-02
3.308111429214477539e-02
3.263001143932342529e-02
3.226594254374504089e-02
3.201027959585189819e-02
3.169177100062370300e-02
3.147941455245018005e-02
3.127294033765792847e-02
3.113878704607486725e-02
3.097783401608467102e-02
3.097783401608467102e-02
3.092786855995655060e-02
3.078286349773406982e-02
3.069428727030754089e-02
3.063199110329151154e-02
3.058968670666217804e-02
3.050314821302890778e-02
3.039990179240703583e-02
3.023624420166015625e-02
3.013119846582412720e-02
2.997716516256332397e-02
2.997716516256332397e-02
2.981086075305938721e-02
2.970266528427600861e-02
2.961685135960578918e-02
2.946635708212852478e-02
2.918048202991485596e-02
2.885552123188972473e-02
2.856781333684921265e-02
2.824759297072887421e-02
2.802032604813575745e-02
2.777133323252201080e-02
2.777133323252201080e-02
2.759468741714954376e-02
2.739109657704830170e-02
2.711062133312225342e-02
2.698083780705928802e-02
2.688764967024326324e-02
2.679440192878246307e-02
2.681191265583038330e-02
2.683632262051105499e-02
2.685061283409595490e-02
2.685189619660377502e-02
2.685189619660377502e-02
2.680627256631851196e-02
2.679033018648624420e-02
2.657709643244743347e-02
2.644840255379676819e-02
2.635691873729228973e-02
2.636238746345043182e-02
2.633089944720268250e-02
2.625379152595996857e-02
2.614003419876098633e-02
2.593473345041275024e-02
2.593473345041275024e-02
2.576666325330734253e-02
2.562552876770496368e-02
2.550466358661651611e-02
2.539506927132606506e-02
2.526889927685260773e-02
2.516849339008331299e-02
2.505427226424217224e-02
2.486451901495456696e-02
2.466168254613876343e-02
2.458169870078563690e-02
2.458169870078563690e-02
2.448426932096481323e-02
2.440232969820499420e-02
2.428022958338260651e-02
2.412041649222373962e-02
2.389914914965629578e-02
2.372090891003608704e-02
2.355464920401573181e-02
2.345830015838146210e-02
2.335661463439464569e-02
2.329162694513797760e-02
2.329162694513797760e-02
2.301496267318725586e-02
2.273634821176528931e-02
2.260429412126541138e-02
2.240678668022155762e-02
2.226930856704711914e-02
2.213884890079498291e-02
2.195576950907707214e-02
2.158167585730552673e-02
2.130372263491153717e-02
2.106300927698612213e-02
2.106300927698612213e-02
2.082187123596668243e-02
2.058077603578567505e-02
2.035797387361526489e-02
2.022304013371467590e-02
2.003758400678634644e-02
1.974620856344699860e-02
1.943491585552692413e-02
1.916578225791454315e-02
1.883607544004917145e-02
1.839021034538745880e-02
1.839021034538745880e-02
1.805236190557479858e-02
1.774716749787330627e-02
1.735990494489669800e-02
1.698565669357776642e-02
1.639416813850402832e-02
1.575583219528198242e-02
1.528502162545919418e-02
1.484098844230175018e-02
1.423741690814495087e-02
1.374048087745904922e-02
1.374048087745904922e-02
1.329404301941394806e-02
1.269677095115184784e-02
1.185692008584737778e-02
1.107585150748491287e-02
1.055117510259151459e-02
1.014506164938211441e-02
9.992352686822414398e-03
9.946640580892562866e-03
1.007092930376529694e-02
1.041642390191555023e-02
1.041642390191555023e-02
1.085454598069190979e-02
1.136311143636703491e-02
1.193558238446712494e-02
1.260031480342149734e-02
1.340403873473405838e-02
1.424569357186555862e-02
1.508367061614990234e-02
1.601780951023101807e-02
1.694293320178985596e-02
1.777872070670127869e-02
1.777872070670127869e-02
1.860155910253524780e-02
1.930403150618076324e-02
1.990682445466518402e-02
2.053530886769294739e-02
2.117419242858886719e-02
2.117419242858886719e-02
2.182825095951557159e-02
2.250188589096069336e-02
2.310284040868282318e-02
2.371771261096000671e-02
2.371771261096000671e-02
2.415302768349647522e-02
2.439790964126586914e-02
2.454619482159614563e-02
2.453768625855445862e-02
2.502844855189323425e-02
2.545903995633125305e-02
2.574108913540840149e-02
2.597187645733356476e-02
2.600665204226970673e-02
2.611150406301021576e-02
2.611150406301021576e-02
2.610323019325733185e-02
2.604627609252929688e-02
2.595521509647369385e-02
2.598432265222072601e-02
2.590578608214855194e-02
2.578641101717948914e-02
2.597547508776187897e-02
2.645597793161869049e-02
2.695931680500507355e-02
2.750492841005325317e-02
2.750492841005325317e-02
2.812663652002811432e-02
2.880998328328132629e-02
2.930414117872714996e-02
2.966633252799510956e-02
2.997869625687599182e-02
3.033285401761531830e-02
3.052140586078166962e-02
3.058247640728950500e-02
3.037919662892818451e-02
3.005796857178211212e-02
3.005796857178211212e-02
2.961855754256248474e-02
2.911614626646041870e-02
2.870292589068412781e-02
2.832769043743610382e-02
2.794068492949008942e-02
2.755414135754108429e-02
2.711799740791320801e-02
2.662533707916736603e-02
2.616141550242900848e-02
2.565810456871986389e-02
2.565810456871986389e-02
2.518327347934246063e-02
2.480928413569927216e-02
2.440643496811389923e-02
2.402200177311897278e-02
2.368490211665630341e-02
2.332872152328491211e-02
2.329104021191596985e-02
2.336885780096054077e-02
2.361493930220603943e-02
2.382807619869709015e-02
2.382807619869709015e-02
2.400937676429748535e-02
2.408556081354618073e-02
2.414076589047908783e-02
2.432751283049583435e-02
2.448184788227081299e-02
2.469571493566036224e-02
2.479897439479827881e-02
2.542286925017833710e-02
2.604208141565322876e-02
2.670408971607685089e-02
2.670408971607685089e-02
2.720702812075614929e-02
2.764866128563880920e-02
2.806926704943180084e-02
2.840171940624713898e-02
2.857015281915664673e-02
2.856585383415222168e-02
2.860859222710132599e-02
2.867498435080051422e-02
2.871535718441009521e-02
2.867014892399311066e-02
2.867014892399311066e-02
2.868718281388282776e-02
2.880807034671306610e-02
2.906197123229503632e-02
2.947617322206497192e-02
2.978649735450744629e-02
3.004639409482479095e-02
3.022958524525165558e-02
3.051071241497993469e-02
3.074754960834980011e-02
3.096568956971168518e-02
3.096568956971168518e-02
3.114015795290470123e-02
3.132627159357070923e-02
3.149034455418586731e-02
3.158626332879066467e-02
3.174713253974914551e-02
3.193967044353485107e-02
3.212186694145202637e-02
3.229099512100219727e-02
3.244594112038612366e-02
3.245113417506217957e-02
3.245113417506217957e-02
3.244198858737945557e-02
3.248839080333709717e-02
3.259300440549850464e-02
3.270046785473823547e-02
3.303374350070953369e-02
3.337375819683074951e-02
3.376022726297378540e-02
3.408693522214889526e-02
3.445216268301010132e-02
3.473158553242683411e-02
3.473158553242683411e-02
3.495707362890243530e-02
3.512068465352058411e-02
3.508806973695755005e-02
3.485787287354469299e-02
3.452827036380767822e-02
3.409295156598091125e-02
3.366649150848388672e-02
3.329654410481452942e-02
3.290798142552375793e-02
3.254397958517074585e-02
3.254397958517074585e-02
3.229722753167152405e-02
3.214454650878906250e-02
3.207148239016532898e-02
3.209507465362548828e-02
3.212477639317512512e-02
3.218496590852737427e-02
3.221247345209121704e-02
3.225415572524070740e-02
3.237720578908920288e-02
3.246291354298591614e-02
3.246291354298591614e-02
3.250181302428245544e-02
3.247883170843124390e-02
3.236822783946990967e-02
3.222173079848289490e-02
3.199952840805053711e-02
3.173758089542388916e-02
3.145175054669380188e-02
3.105641156435012817e-02
3.075412660837173462e-02
3.052088059484958649e-02
3.052088059484958649e-02
3.040210530161857605e-02
3.040013089776039124e-02
3.041289374232292175e-02
3.050437755882740021e-02
3.076193109154701233e-02
3.118781559169292450e-02
3.154647350311279297e-02
3.185503557324409485e-02
3.218550235033035278e-02
3.239529952406883240e-02
3.239529952406883240e-02
3.257500752806663513e-02
3.271946683526039124e-02
3.275435045361518860e-02
3.256352618336677551e-02
3.248592093586921692e-02
3.230661898851394653e-02
3.211534395813941956e-02
3.188052773475646973e-02
3.172714635729789734e-02
3.180186823010444641e-02
3.180186823010444641e-02
3.401309996843338013e-02
3.598029166460037231e-02
3.773405030369758606e-02
3.929874300956726074e-02
4.057199135422706604e-02
4.164543002843856812e-02
4.258292168378829956e-02
4.338245093822479248e-02
4.408517852425575256e-02
4.471797496080398560e-02
4.471797496080398560e-02
4.528031870722770691e-02
4.578414186835289001e-02
4.618851467967033386e-02
4.656083881855010986e-02
4.684727638959884644e-02
4.709248617291450500e-02
4.727464541792869568e-02
4.742893949151039124e-02
4.753591865301132202e-02
4.761737585067749023e-02
4.761737585067749023e-02
4.766637831926345825e-02
4.770351946353912354e-02
4.774479195475578308e-02
4.779061675071716309e-02
4.780981689691543579e-02
4.781068116426467896e-02
4.778659716248512268e-02
4.774548485875129700e-02
4.769511148333549500e-02
4.768297448754310608e-02
4.768297448754310608e-02
4.763917997479438782e-02
4.762332141399383545e-02
4.755939543247222900e-02
4.751230776309967041e-02
4.748027026653289795e-02
4.744305089116096497e-02
4.724492505192756653e-02
4.712232202291488647e-02
4.703692719340324402e-02
4.693030565977096558e-02
4.693030565977096558e-02
4.680545628070831299e-02
4.667041078209877014e-02
4.648701846599578857e-02
4.630479589104652405e-02
4.614592716097831726e-02
4.595535248517990112e-02
4.568956419825553894e-02
4.537396878004074097e-02
4.508824646472930908e-02
4.476799815893173218e-02
4.476799815893173218e-02
4.441796988248825073e-02
4.407469555735588074e-02
4.371305927634239197e-02
4.335964098572731018e-02
4.304468631744384766e-02
4.276571050286293030e-02
4.256787896156311035e-02
4.235081747174263000e-02
4.213413223624229431e-02
4.193833097815513611e-02
4.193833097815513611e-02
4.176425188779830933e-02
4.148796200752258301e-02
4.120902344584465027e-02
4.098126292228698730e-02
4.080855101346969604e-02
4.066188633441925049e-02
4.053572192788124084e-02
4.041551053524017334e-02
4.028119146823883057e-02
4.011303186416625977e-02
4.011303186416625977e-02
3.989655151963233948e-02
3.965156525373458862e-02
3.939006850123405457e-02
3.912005200982093811e-02
3.885953873395919800e-02
3.856074810028076172e-02
3.831798955798149109e-02
3.808438405394554138e-02
3.782998770475387573e-02
3.763890266418457031e-02
3.763890266418457031e-02
3.749091923236846924e-02
3.741963952779769897e-02
3.735183551907539368e-02
3.726714104413986206e-02
3.717513754963874817e-02
3.706081211566925049e-02
3.690819814801216125e-02
3.680262714624404907e-02
3.644875809550285339e-02
3.601983189582824707e-02
3.601983189582824707e-02
3.554310649633407593e-02
3.507668152451515198e-02
3.471821919083595276e-02
3.436605259776115417e-02
3.403129056096076965e-02
3.359485417604446411e-02
3.308924287557601929e-02
3.263070806860923767e-02
3.222624585032463074e-02
3.188046813011169434e-02
