4.573366884842995639e-02
4.573366884842995639e-02
4.576429523971770746e-02
4.486449724250723275e-02
4.413114763751309344e-02
4.384938396213911710e-02
4.326371554220125731e-02
4.307298448702229915e-02
4.276863202863851604e-02
4.256377464035505931e-02
4.233885343959230968e-02
4.201659042414111062e-02
4.201659042414111062e-02
4.157884094830289340e-02
4.148432341175618820e-02
4.111284204760080885e-02
4.083802851052834720e-02
4.051008261959960360e-02
4.031950513838768180e-02
4.030570986022988245e-02
4.042393949011462845e-02
4.047708144779374462e-02
4.070559935168254623e-02
4.070559935168254623e-02
4.096178120688371421e-02
4.102032417020699123e-02
4.076391512848738519e-02
4.025321635163024020e-02
3.974721075329277348e-02
3.935395898069476289e-02
3.898376567308606266e-02
3.860580487916761422e-02
3.814356831511907242e-02
3.782934376094606449e-02
3.782934376094606449e-02
3.756037593889675896e-02
3.733564843902687641e-02
3.702825668749114285e-02
3.664793558212938590e-02
3.629897856435450321e-02
3.609691100887159332e-02
3.579715637167025372e-02
3.544964396427355280e-02
3.513282851641456178e-02
3.484055779347355192e-02
3.484055779347355192e-02
3.446094595430011093e-02
3.406619609143472782e-02
3.348937186630024376e-02
3.303814785371907148e-02
3.257897066233311767e-02
3.204294969349495009e-02
3.154638634805984054e-02
3.091706922500324708e-02
3.035338446079979824e-02
2.990675897912421777e-02
2.990675897912421777e-02
2.945097101564631004e-02
2.900562080354716563e-02
2.865326036040099361e-02
2.835936409470601535e-02
2.800345090939747664e-02
2.754794223627445374e-02
2.729238475930252650e-02
2.703494049055855594e-02
2.659028711669365885e-02
2.618793194432931029e-02
2.618793194432931029e-02
2.564655832844130179e-02
2.510287364510338168e-02
2.463766775458609351e-02
2.410404617588660439e-02
2.361864457493432004e-02
2.303509711782961156e-02
2.244484471976067319e-02
2.173555439071642517e-02
2.138246605792400168e-02
2.087402797264304583e-02
2.087402797264304583e-02
2.012216380596400581e-02
1.932351168874659256e-02
1.853628887566382069e-02
1.784506493704603874e-02
1.718717083479410698e-02
1.666067730949213899e-02
1.614714416943984973e-02
1.575193050837318115e-02
1.532781293874675536e-02
1.486197554461024528e-02
1.486197554461024528e-02
1.437943810746929695e-02
1.426335543367390768e-02
1.418251671970150764e-02
1.394430228989855525e-02
1.372727489466841685e-02
1.351194729817490649e-02
1.342018490325753294e-02
1.332040630402970757e-02
1.324634039303992407e-02
1.310740303671743129e-02
1.310740303671743129e-02
1.281178055392142960e-02
1.255733844835262708e-02
1.226156405861865070e-02
1.199770839103432227e-02
1.168660716082202573e-02
1.158782002501647368e-02
1.147073514393806559e-02
1.131181978814587916e-02
1.126472241363100923e-02
1.134257374655093728e-02
1.134257374655093728e-02
1.157429401926939397e-02
1.179065918095144674e-02
1.207675932003973197e-02
1.234120320415668312e-02
1.248511642991890873e-02
1.263063561709583740e-02
1.276822389241543537e-02
1.247592715345218449e-02
1.247592715345218449e-02
1.247592715345218449e-02
1.247592715345218449e-02
1.222105838913729176e-02
1.206472252092596203e-02
1.179021181132091506e-02
1.152447998269190595e-02
1.130715409699438630e-02
1.115392680850081468e-02
1.104879572246539668e-02
1.084968242711387490e-02
1.057509774490920061e-02
1.036582569652337062e-02
1.036582569652337062e-02
1.023644194131568229e-02
9.922025296554549262e-03
9.558851291420025417e-03
9.180126298652802400e-03
8.853613757372761489e-03
8.542511445720156124e-03
8.262403906363787603e-03
7.914269384727197834e-03
7.506869552661245108e-03
7.053552895356428147e-03
7.053552895356428147e-03
6.580906673103952866e-03
6.047151288832586062e-03
5.492150546149531312e-03
5.017908908842089871e-03
4.467877158630517882e-03
3.895733671363177907e-03
3.286849618185213196e-03
2.717538814083338746e-03
2.086279072261445003e-03
1.457961041061819766e-03
1.457961041061819766e-03
9.657067544555207215e-04
5.879218046995151768e-04
5.299908338197083062e-04
6.459792674279560580e-04
9.458174221194288762e-04
1.584051740405101327e-03
2.389058564057760462e-03
3.216011779746934945e-03
3.947461546961452024e-03
4.630191064176645416e-03
4.630191064176645416e-03
5.273649148906708189e-03
5.648525260260540276e-03
5.810690696613219665e-03
5.901492196932794226e-03
5.915031367306706166e-03
5.889020820652067154e-03
5.821583424807489499e-03
5.636349302763256006e-03
5.561805228987228011e-03
5.690771260937758230e-03
5.690771260937758230e-03
5.614394569194991469e-03
5.708772180360135659e-03
5.699450733892854476e-03
5.680155971019428159e-03
5.571050414843775785e-03
5.528179325527101187e-03
5.719906123546615075e-03
6.055782799883262929e-03
6.346487919811508692e-03
6.666355936848590569e-03
6.666355936848590569e-03
6.897008613088627220e-03
6.654473204830620506e-03
6.473460758558620756e-03
6.542672220290802337e-03
6.616999053688626606e-03
6.682743035667063590e-03
6.626971611715586769e-03
6.672316954680652425e-03
6.638183429016040332e-03
6.708745455773101884e-03
6.708745455773101884e-03
6.883509554415871180e-03
7.127915965347926021e-03
7.344553536921544744e-03
7.474742017643941361e-03
7.497624896933664101e-03
7.407700756347030714e-03
7.312688640962249770e-03
7.293742611648849385e-03
7.319609593689087833e-03
7.332698383440289409e-03
7.332698383440289409e-03
7.352083328340618291e-03
7.425616618097685348e-03
7.775054947463685626e-03
8.327026175729010729e-03
9.008432040350728212e-03
9.409839529491186710e-03
9.877672538866807614e-03
1.016134008591465868e-02
1.021955650601311452e-02
1.024301261086751381e-02
1.024301261086751381e-02
1.017262679455770147e-02
1.009109426464935809e-02
9.815701410268712693e-03
9.616668858573247311e-03
9.316854311653726545e-03
8.865168292642238226e-03
8.409686830377146802e-03
8.042359835530947174e-03
7.650702901351665725e-03
7.260878265213043491e-03
7.260878265213043491e-03
7.020762198391917314e-03
7.032416072930923120e-03
7.197356716809069806e-03
7.321383196988526069e-03
7.402274952364124548e-03
7.465863015027896996e-03
7.723759454386670831e-03
7.936331940274763894e-03
8.123549412242307005e-03
8.261894916255771437e-03
8.261894916255771437e-03
8.319994147459468942e-03
8.461541042465279064e-03
8.640636943744594775e-03
8.918295537993446362e-03
9.261791723637930948e-03
9.603495946370039713e-03
9.975257802066260157e-03
1.011381757042617568e-02
1.014380102662999945e-02
1.015906114692960091e-02
1.015906114692960091e-02
1.030960740823702940e-02
1.043033328748266264e-02
1.044507361107607259e-02
1.039057386960781822e-02
1.027242705030640725e-02
1.003302286923684304e-02
9.761070175775167154e-03
9.388188774619362145e-03
9.123940489164200987e-03
9.024350418584415820e-03
9.024350418584415820e-03
9.116829048501414595e-03
9.289241670350823626e-03
9.613375951339155415e-03
1.003591741882701137e-02
1.049886520225455644e-02
1.100143797766672815e-02
1.138116002493163269e-02
1.178634938421818310e-02
1.215714131202004673e-02
1.245346608108575080e-02
1.245346608108575080e-02
1.261803322544862577e-02
1.257869481723388784e-02
1.258027638780491106e-02
1.240458148158400144e-02
1.204024899974671416e-02
1.170445039382962162e-02
1.140967933184680073e-02
1.114103450353975434e-02
1.085745084890323703e-02
1.055003630075931377e-02
1.055003630075931377e-02
1.021153512530795747e-02
9.843447070616332187e-03
9.500287597514008378e-03
9.193194636738469261e-03
8.838688353138730858e-03
8.599931789327809606e-03
8.473477683944980604e-03
8.497249159304977317e-03
8.538763040920575517e-03
8.641175159067517042e-03
8.641175159067517042e-03
8.751144335870077173e-03
8.931920669734491267e-03
9.048317412505708576e-03
9.130359581564629137e-03
9.269476120216444889e-03
9.467461588596902053e-03
9.738675469706319435e-03
1.014859883253219248e-02
1.057846985306228581e-02
1.098223798095472950e-02
1.098223798095472950e-02
1.123011715841018554e-02
1.141479455811516414e-02
1.149941081036512554e-02
1.150949308437622040e-02
1.157592514855212106e-02
1.154731347098937599e-02
1.147368391050724960e-02
1.134054898399936354e-02
1.113519413177609975e-02
1.086381816774781642e-02
1.086381816774781642e-02
1.062030470842495987e-02
1.025231972355019998e-02
9.774743397052124486e-03
9.976399988072520014e-03
1.033544294301326841e-02
1.082567179313333010e-02
1.137092814661882188e-02
1.195859164343775552e-02
1.241077207144511418e-02
1.282201944001029430e-02
1.282201944001029430e-02
1.317345237109497982e-02
1.336621312548066411e-02
1.339222596237066819e-02
1.339222596237066819e-02
1.336009438199646689e-02
1.333404812399157681e-02
1.327574579374356765e-02
1.312318825427765887e-02
1.283263513680633558e-02
1.251927362881422034e-02
1.251927362881422034e-02
1.215730272056999434e-02
1.177553963584867906e-02
1.130757243996825465e-02
1.088944922332952397e-02
1.055440589838576269e-02
1.032873627630075120e-02
1.017570764835696966e-02
1.006360791903691994e-02
1.006190606215427025e-02
1.033722405745511087e-02
1.033722405745511087e-02
1.076039516270720607e-02
1.126209625631578205e-02
1.180844220518513683e-02
1.228144710432524898e-02
1.257904778091603962e-02
1.278936640889179882e-02
1.294555064478162230e-02
1.286242585865734166e-02
1.270063567946074640e-02
1.234140755751616213e-02
1.234140755751616213e-02
1.196612468354852667e-02
1.143318937122998410e-02
1.091996532917993180e-02
1.042308374971022585e-02
1.003896573758102789e-02
9.746732268000418004e-03
9.568098703996981078e-03
9.559200555693864523e-03
9.611414827101700045e-03
9.664359938209424183e-03
9.664359938209424183e-03
9.765556854419731037e-03
9.870561087316631274e-03
1.002673386145913094e-02
1.021792732890544099e-02
1.041577951045689204e-02
1.061585118379401380e-02
1.075860145287108743e-02
1.087600024212492279e-02
1.103587463246247409e-02
1.087201079173488391e-02
1.087201079173488391e-02
1.072517186190895429e-02
1.060203116994201666e-02
1.052889140439645065e-02
1.047625047606189248e-02
1.042729303773846927e-02
1.042626863345451696e-02
1.039193392585481546e-02
1.034184877628561983e-02
1.039333226904506739e-02
1.049170782080015817e-02
1.049170782080015817e-02
1.061252550255941535e-02
1.089863111152023639e-02
1.118519880551086497e-02
1.146549315417826585e-02
1.176987836007778454e-02
1.203897006449289320e-02
1.217689321965492039e-02
1.225877099540430108e-02
1.232997115184569434e-02
1.227203758225094317e-02
1.227203758225094317e-02
1.211348829830240746e-02
1.194307464570114503e-02
1.176520346870048132e-02
1.136621551210070455e-02
1.105477982252833259e-02
1.079211318857701066e-02
1.071213506257583797e-02
1.074562056402090723e-02
1.078650226784597967e-02
1.070840209277543024e-02
1.070840209277543024e-02
1.069925140325275401e-02
1.077281928581977702e-02
1.094598335178655589e-02
1.113704517261200969e-02
1.137853339542102722e-02
1.159135830633270352e-02
1.162978297992328311e-02
1.149217304120977654e-02
1.136539434637353664e-02
1.132593048498291288e-02
