2.918874658644199371e-02
2.373499795794487000e-02
2.322061546146869659e-02
2.551370859146118164e-02
3.093524277210235596e-02
3.592707589268684387e-02
4.024955630302429199e-02
4.113533720374107361e-02
4.158229008316993713e-02
4.119062796235084534e-02
4.142064228653907776e-02
4.142064228653907776e-02
4.144502431154251099e-02
4.182922467589378357e-02
4.218964651226997375e-02
4.279088973999023438e-02
4.243512451648712158e-02
4.157650470733642578e-02
4.126112908124923706e-02
4.068255424499511719e-02
4.154337197542190552e-02
4.251261055469512939e-02
4.251261055469512939e-02
4.236915707588195801e-02
4.143619909882545471e-02
4.076550528407096863e-02
3.984544426202774048e-02
3.931867703795433044e-02
3.953653573989868164e-02
4.009899869561195374e-02
4.036280885338783264e-02
4.053662344813346863e-02
4.086845368146896362e-02
4.086845368146896362e-02
4.193523153662681580e-02
4.238031059503555298e-02
4.232684150338172913e-02
4.208328202366828918e-02
4.237958788871765137e-02
4.086646065115928650e-02
3.956295922398567200e-02
3.751978278160095215e-02
3.539061173796653748e-02
3.327443078160285950e-02
3.327443078160285950e-02
3.108653612434864044e-02
2.941227331757545471e-02
2.917276881635189056e-02
2.854865603148937225e-02
2.804780751466751099e-02
2.790197171270847321e-02
2.724846266210079193e-02
2.648106589913368225e-02
2.563489228487014771e-02
2.471617609262466431e-02
2.471617609262466431e-02
2.376184053719043732e-02
2.267042733728885651e-02
2.252735383808612823e-02
2.259639464318752289e-02
2.235327288508415222e-02
2.284834347665309906e-02
2.397964522242546082e-02
2.617598511278629303e-02
2.769951336085796356e-02
2.926315739750862122e-02
2.926315739750862122e-02
3.072120994329452515e-02
3.236091881990432739e-02
3.373234719038009644e-02
3.455790877342224121e-02
3.430657088756561279e-02
3.381310775876045227e-02
3.405845165252685547e-02
3.420766443014144897e-02
3.443237021565437317e-02
3.336481004953384399e-02
3.336481004953384399e-02
3.083317726850509644e-02
2.900354191660881042e-02
2.769155614078044891e-02
2.470212243497371674e-02
2.286963723599910736e-02
2.109813690185546875e-02
1.958268135786056519e-02
1.769634149968624115e-02
1.612868532538414001e-02
1.465194858610630035e-02
1.465194858610630035e-02
1.301848050206899643e-02
1.230436470359563828e-02
1.232312712818384171e-02
1.355429552495479584e-02
1.372162438929080963e-02
1.518253330141305923e-02
1.636434532701969147e-02
1.672608032822608948e-02
1.719221845269203186e-02
1.815367490053176880e-02
1.815367490053176880e-02
1.846144534647464752e-02
1.940973289310932159e-02
2.189124748110771179e-02
2.394771389663219452e-02
2.572445385158061981e-02
2.768477611243724823e-02
2.874638140201568604e-02
3.044452331960201263e-02
3.326120972633361816e-02
3.532685339450836182e-02
3.532685339450836182e-02
3.657590225338935852e-02
3.796328976750373840e-02
3.931046277284622192e-02
4.043539240956306458e-02
4.068242385983467102e-02
4.077074676752090454e-02
4.087277874350547791e-02
4.073362424969673157e-02
4.083353653550148010e-02
4.086905345320701599e-02
4.086905345320701599e-02
4.014118760824203491e-02
3.953079879283905029e-02
3.891213983297348022e-02
3.806173428893089294e-02
3.591046109795570374e-02
3.458310663700103760e-02
3.252640366554260254e-02
3.051384352147579193e-02
2.888485416769981384e-02
2.786344289779663086e-02
2.786344289779663086e-02
2.670005150139331818e-02
2.543956972658634186e-02
2.483338490128517151e-02
2.514436654746532440e-02
2.632510289549827576e-02
2.690759673714637756e-02
2.843666076660156250e-02
2.969888783991336823e-02
3.074108064174652100e-02
3.157533705234527588e-02
