1.339604146778583527e-02
5.314169917255640030e-03
1.040037441998720169e-02
1.314276549965143204e-02
1.516940072178840637e-02
1.748202368617057800e-02
1.967214792966842651e-02
2.117636986076831818e-02
2.334607392549514771e-02
2.459233440458774567e-02
2.485009282827377319e-02
2.485009282827377319e-02
2.570809237658977509e-02
2.592003531754016876e-02
2.758155576884746552e-02
2.895132638514041901e-02
3.040317445993423462e-02
3.366108611226081848e-02
3.622868657112121582e-02
3.823781758546829224e-02
4.015392065048217773e-02
4.216003417968750000e-02
4.216003417968750000e-02
4.448313638567924500e-02
4.727764427661895752e-02
4.959754645824432373e-02
5.155634507536888123e-02
5.362567305564880371e-02
5.591294169425964355e-02
5.814616382122039795e-02
6.076334416866302490e-02
6.310865283012390137e-02
6.574510782957077026e-02
6.574510782957077026e-02
6.888967752456665039e-02
7.203245162963867188e-02
7.455512881278991699e-02
7.672830671072006226e-02
7.863557338714599609e-02
8.047953993082046509e-02
8.236399292945861816e-02
8.381535112857818604e-02
8.497650921344757080e-02
8.611124008893966675e-02
8.611124008893966675e-02
8.735180646181106567e-02
8.887220919132232666e-02
9.078487753868103027e-02
9.144256263971328735e-02
9.210637211799621582e-02
9.263784438371658325e-02
9.250678867101669312e-02
9.255702048540115356e-02
9.243373572826385498e-02
9.207928925752639771e-02
9.207928925752639771e-02
9.148858487606048584e-02
9.169767796993255615e-02
9.203661978244781494e-02
9.318123012781143188e-02
9.408301860094070435e-02
9.440329670906066895e-02
9.416124969720840454e-02
9.438438713550567627e-02
9.427386522293090820e-02
9.395104646682739258e-02
9.395104646682739258e-02
9.278902411460876465e-02
9.103397279977798462e-02
8.885562419891357422e-02
8.691442012786865234e-02
8.540003001689910889e-02
8.328162133693695068e-02
8.186340332031250000e-02
8.024163544178009033e-02
7.802922278642654419e-02
7.524064183235168457e-02
7.524064183235168457e-02
7.331905514001846313e-02
7.217094302177429199e-02
7.221227139234542847e-02
7.321939617395401001e-02
7.433199137449264526e-02
7.568828016519546509e-02
7.703202962875366211e-02
7.809156924486160278e-02
7.877505570650100708e-02
7.877044379711151123e-02
7.877044379711151123e-02
7.897364348173141479e-02
7.954876869916915894e-02
8.087241649627685547e-02
8.188445121049880981e-02
8.255916088819503784e-02
8.256699889898300171e-02
8.152984082698822021e-02
8.025705069303512573e-02
7.865453511476516724e-02
7.654752582311630249e-02
7.654752582311630249e-02
7.393148541450500488e-02
7.175070047378540039e-02
6.896017491817474365e-02
6.778042763471603394e-02
6.591650843620300293e-02
6.484454125165939331e-02
6.474938988685607910e-02
6.469546258449554443e-02
6.466748565435409546e-02
6.398785114288330078e-02
6.398785114288330078e-02
6.338110566139221191e-02
6.236959248781204224e-02
6.273969262838363647e-02
6.292054057121276855e-02
6.314941495656967163e-02
6.377851217985153198e-02
6.420048326253890991e-02
6.409335881471633911e-02
6.404327601194381714e-02
6.438662111759185791e-02
6.438662111759185791e-02
6.417823582887649536e-02
6.438945978879928589e-02
6.421590596437454224e-02
6.329359114170074463e-02
6.349337846040725708e-02
6.463412195444107056e-02
6.535618007183074951e-02
6.606341153383255005e-02
6.695457547903060913e-02
6.702462583780288696e-02
6.702462583780288696e-02
6.711570918560028076e-02
6.659486144781112671e-02
6.503551453351974487e-02
6.379481405019760132e-02
6.230377405881881714e-02
6.005142256617546082e-02
5.765100941061973572e-02
5.441004037857055664e-02
5.119061097502708435e-02
4.820434376597404480e-02
