5.829989611251366888e-02
5.757115027245682248e-02
5.786864343032357971e-02
5.837870519831119681e-02
5.875625575401160344e-02
5.917939412858668619e-02
5.981162485044360516e-02
6.045549811005506563e-02
6.044603309563396226e-02
6.009374367786120275e-02
5.995245329563191755e-02
5.983976032519049137e-02
5.957721301579842199e-02
5.922573368719372122e-02
5.887029448769717094e-02
5.855232221036186374e-02
5.835996796334824016e-02
5.815810980678349368e-02
5.775167088329305476e-02
5.755912999242406708e-02
5.736033664708068552e-02
5.728250761628284060e-02
5.735941934925187918e-02
5.729396127782353937e-02
5.713932110628376637e-02
5.695150287392620331e-02
5.667371679555257419e-02
5.639086891823662240e-02
5.583986808436815913e-02
5.535488741774896582e-02
5.485926882496965085e-02
