2.815151587128639221e-02
2.986741065979003906e-02
2.993656322360038757e-02
3.026664443314075470e-02
3.040886111557483673e-02
3.120493888854980469e-02
3.187118843197822571e-02
3.250690922141075134e-02
3.307868167757987976e-02
3.373400121927261353e-02
3.448689728975296021e-02
3.448689728975296021e-02
3.534058108925819397e-02
3.614301979541778564e-02
3.689649701118469238e-02
3.769928589463233948e-02
3.844841569662094116e-02
3.913911059498786926e-02
3.974313288927078247e-02
4.023633152246475220e-02
4.069741442799568176e-02
4.117041826248168945e-02
4.117041826248168945e-02
4.161740094423294067e-02
4.216969758272171021e-02
4.267299175262451172e-02
4.317150637507438660e-02
4.359612241387367249e-02
4.394586756825447083e-02
4.421896114945411682e-02
4.447092488408088684e-02
4.455624148249626160e-02
4.457382857799530029e-02
4.457382857799530029e-02
4.458124563097953796e-02
4.460740089416503906e-02
4.463558271527290344e-02
4.464162141084671021e-02
4.455697163939476013e-02
4.459086060523986816e-02
4.487292468547821045e-02
4.525173082947731018e-02
4.556655883789062500e-02
4.590013250708580017e-02
4.590013250708580017e-02
4.625356197357177734e-02
4.654039442539215088e-02
4.691347479820251465e-02
4.749266058206558228e-02
4.805834218859672546e-02
4.844217002391815186e-02
4.885872080922126770e-02
4.929654300212860107e-02
4.965348914265632629e-02
5.000482499599456787e-02
5.000482499599456787e-02
5.039985477924346924e-02
5.066531896591186523e-02
5.104432255029678345e-02
5.157417804002761841e-02
5.231045931577682495e-02
5.285611748695373535e-02
5.337331444025039673e-02
5.375589057803153992e-02
5.410426855087280273e-02
5.441507697105407715e-02
5.441507697105407715e-02
5.456639081239700317e-02
5.466477572917938232e-02
5.463058128952980042e-02
5.463366582989692688e-02
5.470341071486473083e-02
5.476159229874610901e-02
5.495423078536987305e-02
5.496077612042427063e-02
5.496448650956153870e-02
5.504503473639488220e-02
5.504503473639488220e-02
5.518775060772895813e-02
5.537213012576103210e-02
5.563860014081001282e-02
5.587876960635185242e-02
5.603132396936416626e-02
5.615265294909477234e-02
5.619248002767562866e-02
5.627849325537681580e-02
5.625861510634422302e-02
5.631056427955627441e-02
5.631056427955627441e-02
5.631056427955627441e-02
5.650949850678443909e-02
5.684873834252357483e-02
5.733476206660270691e-02
5.781241506338119507e-02
5.816101655364036560e-02
5.852559953927993774e-02
5.887058377265930176e-02
5.912668257951736450e-02
5.940499156713485718e-02
5.940499156713485718e-02
5.966374650597572327e-02
6.010990589857101440e-02
6.055126339197158813e-02
6.111641973257064819e-02
6.166648864746093750e-02
6.211245059967041016e-02
6.244135275483131409e-02
6.266646087169647217e-02
6.283115595579147339e-02
6.290522962808609009e-02
6.290522962808609009e-02
6.286486983299255371e-02
6.287106871604919434e-02
6.299821287393569946e-02
6.301202625036239624e-02
6.297051161527633667e-02
6.282260268926620483e-02
6.268782168626785278e-02
6.244211271405220032e-02
6.215492263436317444e-02
6.171033531427383423e-02
6.171033531427383423e-02
6.132358312606811523e-02
6.082669645547866821e-02
6.056481972336769104e-02
6.030131503939628601e-02
6.012125313282012939e-02
6.020696088671684265e-02
6.049841642379760742e-02
6.079725548624992371e-02
6.123006343841552734e-02
6.174081936478614807e-02
6.174081936478614807e-02
6.226666644215583801e-02
6.265658140182495117e-02
6.311495602130889893e-02
6.352212280035018921e-02
6.377100944519042969e-02
6.385047733783721924e-02
6.386259943246841431e-02
6.375310570001602173e-02
6.350244581699371338e-02
6.337788701057434082e-02
6.337788701057434082e-02
6.335128843784332275e-02
6.315260380506515503e-02
6.305045634508132935e-02
6.318947672843933105e-02
6.332192569971084595e-02
6.350430101156234741e-02
6.357511132955551147e-02
6.362672150135040283e-02
6.333100050687789917e-02
6.292877346277236938e-02
6.292877346277236938e-02
6.256504356861114502e-02
6.217996031045913696e-02
6.184722855687141418e-02
6.148003414273262024e-02
6.124493852257728577e-02
6.090912222862243652e-02
6.056455522775650024e-02
6.031280383467674255e-02
6.026387587189674377e-02
6.026628613471984863e-02
6.026628613471984863e-02
6.033926457166671753e-02
6.045280396938323975e-02
6.054980680346488953e-02
6.064116954803466797e-02
6.078664958477020264e-02
6.062358245253562927e-02
6.036787480115890503e-02
6.007077172398567200e-02
5.955879390239715576e-02
5.902686342597007751e-02
5.902686342597007751e-02
5.839568749070167542e-02
5.777156725525856018e-02
5.709610879421234131e-02
5.655737593770027161e-02
5.612725391983985901e-02
5.591100454330444336e-02
5.605078861117362976e-02
5.658835545182228088e-02
5.735542252659797668e-02
5.797074362635612488e-02
5.797074362635612488e-02
5.843921005725860596e-02
5.869227647781372070e-02
5.877219513058662415e-02
5.856272205710411072e-02
5.808729678392410278e-02
5.754968523979187012e-02
5.695841461420059204e-02
5.633611604571342468e-02
5.571541935205459595e-02
5.510218441486358643e-02
5.510218441486358643e-02
5.455558747053146362e-02
5.406479164958000183e-02
5.340078473091125488e-02
5.264285579323768616e-02
5.185000970959663391e-02
5.103622376918792725e-02
5.030763149261474609e-02
4.969291016459465027e-02
4.906408861279487610e-02
4.860691353678703308e-02
4.860691353678703308e-02
4.832573980093002319e-02
4.807327315211296082e-02
4.770495742559432983e-02
4.735790193080902100e-02
4.706288874149322510e-02
4.664811491966247559e-02
4.612110927700996399e-02
4.557998105883598328e-02
4.497109726071357727e-02
4.430253058671951294e-02
4.430253058671951294e-02
4.324867203831672668e-02
4.324867203831672668e-02
4.211064055562019348e-02
4.094613716006278992e-02
3.972851485013961792e-02
3.864889964461326599e-02
3.765756636857986450e-02
3.675882145762443542e-02
3.596285730600357056e-02
3.534085303544998169e-02
3.534085303544998169e-02
3.500029072165489197e-02
3.481575101613998413e-02
3.487726673483848572e-02
3.507417812943458557e-02
3.533057868480682373e-02
3.572113439440727234e-02
3.615913912653923035e-02
3.653972968459129333e-02
3.677443787455558777e-02
3.663622587919235229e-02
3.663622587919235229e-02
3.630559891462326050e-02
3.597453236579895020e-02
3.557681664824485779e-02
3.524026647210121155e-02
3.482846915721893311e-02
3.444265946745872498e-02
3.420955687761306763e-02
3.398860991001129150e-02
3.387080878019332886e-02
3.381239250302314758e-02
3.381239250302314758e-02
3.371410071849822998e-02
3.354212269186973572e-02
3.321987763047218323e-02
3.285143151879310608e-02
3.243696317076683044e-02
3.168215602636337280e-02
3.110034391283988953e-02
3.077319078147411346e-02
3.061579354107379913e-02
3.062376938760280609e-02
3.062376938760280609e-02
3.062060102820396423e-02
3.050490841269493103e-02
3.055519610643386841e-02
3.059219755232334137e-02
3.041072934865951538e-02
3.022590279579162598e-02
2.997522056102752686e-02
2.961692027747631073e-02
2.915417961776256561e-02
2.854821085929870605e-02
2.854821085929870605e-02
2.799895033240318298e-02
2.762349508702754974e-02
2.751835994422435760e-02
2.770348824560642242e-02
2.813523076474666595e-02
2.856028638780117035e-02
2.897964604198932648e-02
2.929722331464290619e-02
2.943733707070350647e-02
2.914706803858280182e-02
2.914706803858280182e-02
2.877578698098659515e-02
2.847729064524173737e-02
2.821805141866207123e-02
2.804929204285144806e-02
2.785159088671207428e-02
2.764254435896873474e-02
2.748875692486763000e-02
2.726361714303493500e-02
2.705080807209014893e-02
2.682645991444587708e-02
2.682645991444587708e-02
2.670725621283054352e-02
2.667326666414737701e-02
2.655956521630287170e-02
2.636338956654071808e-02
2.606727741658687592e-02
2.575492486357688904e-02
2.533283270895481110e-02
2.484131790697574615e-02
2.448556385934352875e-02
2.417990379035472870e-02
2.417990379035472870e-02
2.373206615447998047e-02
2.322846092283725739e-02
2.269773557782173157e-02
2.234080992639064789e-02
2.199840545654296875e-02
2.142507582902908325e-02
2.082710899412631989e-02
2.015910670161247253e-02
1.959147304296493530e-02
1.912705786526203156e-02
1.912705786526203156e-02
1.881732977926731110e-02
1.854471676051616669e-02
1.809488981962203979e-02
1.753083430230617523e-02
1.679445244371891022e-02
1.620845310389995575e-02
1.536613330245018005e-02
1.433753781020641327e-02
1.334885973483324051e-02
1.235013734549283981e-02
1.235013734549283981e-02
1.160615868866443634e-02
1.106629427522420883e-02
1.095063146203756332e-02
1.099185924977064133e-02
1.108112465590238571e-02
1.114937197417020798e-02
1.124287303537130356e-02
1.130845863372087479e-02
1.121944189071655273e-02
1.098640076816082001e-02
1.098640076816082001e-02
1.084295008331537247e-02
1.088262442499399185e-02
1.115734409540891647e-02
1.157627906650304794e-02
1.211730856448411942e-02
1.268939673900604248e-02
1.322770956903696060e-02
1.345623750239610672e-02
1.352025289088487625e-02
1.356670819222927094e-02
1.356670819222927094e-02
1.357474364340305328e-02
1.356337033212184906e-02
1.371517870575189590e-02
1.390889659523963928e-02
1.421146839857101440e-02
1.456485223025083542e-02
1.492347475141286850e-02
1.525274850428104401e-02
1.556042954325675964e-02
1.586864143610000610e-02
1.586864143610000610e-02
1.615827903151512146e-02
1.641143672168254852e-02
1.651868969202041626e-02
1.660976372659206390e-02
1.656150631606578827e-02
1.650281995534896851e-02
1.646445691585540771e-02
1.651242747902870178e-02
1.658048667013645172e-02
1.676768064498901367e-02
1.676768064498901367e-02
1.681113429367542267e-02
1.698832586407661438e-02
1.699264347553253174e-02
1.697455160319805145e-02
1.695888675749301910e-02
1.770287565886974335e-02
1.829856075346469879e-02
1.873587258160114288e-02
1.906017214059829712e-02
1.923368126153945923e-02
1.923368126153945923e-02
1.927386038005352020e-02
1.924046315252780914e-02
1.901095546782016754e-02
1.863159611821174622e-02
1.818431168794631958e-02
1.760641857981681824e-02
1.690495386719703674e-02
1.609432511031627655e-02
1.527732051908969879e-02
1.464410405606031418e-02
1.464410405606031418e-02
1.402388606220483780e-02
1.352978404611349106e-02
1.321157999336719513e-02
1.309130992740392685e-02
1.308916043490171432e-02
1.330359838902950287e-02
1.349100749939680099e-02
1.371573284268379211e-02
1.395598612725734711e-02
1.419905014336109161e-02
1.419905014336109161e-02
1.440285984426736832e-02
1.448480691760778427e-02
1.451931148767471313e-02
1.461723633110523224e-02
1.474118232727050781e-02
1.480212900787591934e-02
1.484504062682390213e-02
1.491808239370584488e-02
1.495906244963407516e-02
1.504963450133800507e-02
1.504963450133800507e-02
1.514735724776983261e-02
1.529147382825613022e-02
1.543403975665569305e-02
1.564827002584934235e-02
1.590912789106369019e-02
1.620225794613361359e-02
1.646171510219573975e-02
1.668619923293590546e-02
1.683920063078403473e-02
1.697041466832160950e-02
1.697041466832160950e-02
1.716249622404575348e-02
1.737238839268684387e-02
1.747609861195087433e-02
1.758188940584659576e-02
1.758188940584659576e-02
1.758188940584659576e-02
1.758188940584659576e-02
1.768613979220390320e-02
1.772784069180488586e-02
1.772083155810832977e-02
1.772083155810832977e-02
1.767870783805847168e-02
1.771696098148822784e-02
1.784786023199558258e-02
1.801220886409282684e-02
1.809262484312057495e-02
1.812934875488281250e-02
1.812685653567314148e-02
1.799979433417320251e-02
1.782535575330257416e-02
1.773555018007755280e-02
1.773555018007755280e-02
1.775427535176277161e-02
1.789767108857631683e-02
1.806737110018730164e-02
1.816630922257900238e-02
1.815015822649002075e-02
1.799920015037059784e-02
1.775460876524448395e-02
1.726002059876918793e-02
1.688566245138645172e-02
1.650922931730747223e-02
1.650922931730747223e-02
1.618379168212413788e-02
1.603561639785766602e-02
1.605576090514659882e-02
1.626809313893318176e-02
1.651603728532791138e-02
1.679355278611183167e-02
1.713732816278934479e-02
1.743839308619499207e-02
1.768632419407367706e-02
1.765116676688194275e-02
1.765116676688194275e-02
1.751418225467205048e-02
1.723448187112808228e-02
1.686873100697994232e-02
1.650560647249221802e-02
1.626183092594146729e-02
1.610770821571350098e-02
1.597639545798301697e-02
1.609203591942787170e-02
1.641213521361351013e-02
1.681246235966682434e-02
1.681246235966682434e-02
1.709594018757343292e-02
1.729400269687175751e-02
1.740853115916252136e-02
1.737714745104312897e-02
1.726390793919563293e-02
1.706419698894023895e-02
1.686489395797252655e-02
1.670326665043830872e-02
1.663112826645374298e-02
1.666632294654846191e-02
1.666632294654846191e-02
1.669486612081527710e-02
1.661031320691108704e-02
1.652630418539047241e-02
1.641026325523853302e-02
1.637394726276397705e-02
1.637550815939903259e-02
1.651989668607711792e-02
1.670582406222820282e-02
1.699606142938137054e-02
1.727665774524211884e-02
1.727665774524211884e-02
1.751676388084888458e-02
1.743888668715953827e-02
1.731926575303077698e-02
1.700785011053085327e-02
1.668407209217548370e-02
1.617268100380897522e-02
1.557481195777654648e-02
1.494365185499191284e-02
1.442384067922830582e-02
1.395087223500013351e-02
1.395087223500013351e-02
1.356643997132778168e-02
1.336037646979093552e-02
1.330600865185260773e-02
1.343289203941822052e-02
1.358817052096128464e-02
1.369900722056627274e-02
1.375646330416202545e-02
1.375682093203067780e-02
1.364128664135932922e-02
1.346924062818288803e-02
1.346924062818288803e-02
1.335237454622983932e-02
1.334656588733196259e-02
1.339866966009140015e-02
1.338390633463859558e-02
1.320748217403888702e-02
1.304982509464025497e-02
1.292228139936923981e-02
1.285702362656593323e-02
1.285410765558481216e-02
1.285559963434934616e-02
1.285559963434934616e-02
1.295795291662216187e-02
1.307970844209194183e-02
1.319577172398567200e-02
1.337412558495998383e-02
1.347449794411659241e-02
1.351560093462467194e-02
1.349403429776430130e-02
1.337369158864021301e-02
1.310032978653907776e-02
1.274120155721902847e-02
1.274120155721902847e-02
1.244460884481668472e-02
1.227860897779464722e-02
1.229386590421199799e-02
1.254991069436073303e-02
1.286834478378295898e-02
1.315090153366327286e-02
1.338976714760065079e-02
1.344391144812107086e-02
1.332175731658935547e-02
1.301451679319143295e-02
1.301451679319143295e-02
1.272497326135635376e-02
1.250581908971071243e-02
1.245446968823671341e-02
1.254257559776306152e-02
1.277106907218694687e-02
1.302362419664859772e-02
1.316378731280565262e-02
1.325269043445587158e-02
1.327131502330303192e-02
1.327336113899946213e-02
