9.061048620582656810e-02
9.061048620582656810e-02
9.113665271270399160e-02
9.099817004060994918e-02
9.046587210877721219e-02
9.003884459922950612e-02
8.920786795142543468e-02
8.844294273071273693e-02
8.791357774620678356e-02
8.740981372276213079e-02
8.701440443855190665e-02
8.652825880133896419e-02
8.652825880133896419e-02
8.617407201936888583e-02
8.581836852520297043e-02
8.550473599332963914e-02
8.540966859949605805e-02
8.531633147711659149e-02
8.533747542653014051e-02
8.521024657947418035e-02
8.498214805956472162e-02
8.477090949777021933e-02
8.458747734533567098e-02
8.458747734533567098e-02
8.439489738594385670e-02
8.422241226355087207e-02
8.417513983111213349e-02
8.413149832487043511e-02
8.410433668320305145e-02
8.403481601670925727e-02
8.391243104248680140e-02
8.377391857092764127e-02
8.366588606608704737e-02
8.370713731065482222e-02
8.370713731065482222e-02
8.374079061142492009e-02
8.377059063208669443e-02
8.386584931417662148e-02
8.400039300266559650e-02
8.412984502496900774e-02
8.437875001195838109e-02
8.464822973616037416e-02
8.507274679200715894e-02
8.535700381372635093e-02
8.567300495618113132e-02
8.567300495618113132e-02
8.612103546579419344e-02
8.645687499575771540e-02
8.670264337616018224e-02
8.685557337487992413e-02
8.690083699354200775e-02
8.694955275400761963e-02
8.710117967988395549e-02
8.726568328089712168e-02
8.737483157647218945e-02
8.767027214257261392e-02
8.767027214257261392e-02
8.783700304851826957e-02
8.803014191927793775e-02
8.824723634426057117e-02
8.848274318401916361e-02
8.874703055032817645e-02
8.916157668829960414e-02
8.968542531952117258e-02
9.015848139433479957e-02
9.049318815963935947e-02
9.061492283837679906e-02
9.061492283837679906e-02
9.085097715276990726e-02
9.105098679863132816e-02
9.137454170057957015e-02
9.158027091793563557e-02
9.169054509381791007e-02
9.171274973446408296e-02
9.169344511606336567e-02
9.174833032824736279e-02
9.180906163412139165e-02
9.164998452619688152e-02
9.164998452619688152e-02
9.146282523668070041e-02
9.143221824317393498e-02
9.135193661494867001e-02
9.137439035657557440e-02
9.138486102744014516e-02
9.144261218286153792e-02
9.160508844696213515e-02
9.144003517484211585e-02
9.112798010548317507e-02
9.069276965701789095e-02
9.069276965701789095e-02
9.068179110741603210e-02
9.075816470617414922e-02
9.053795356511873393e-02
9.018367261846726990e-02
8.984524237332536245e-02
8.956662967966977362e-02
8.930467961063204285e-02
8.906941421254366276e-02
8.888895629908155627e-02
8.869387330970646133e-02
8.869387330970646133e-02
8.862883043819014262e-02
8.855829160456707427e-02
8.846147347700394903e-02
8.833107574253329375e-02
8.834139173038035864e-02
8.836416512313682858e-02
8.853141586767243609e-02
8.844165423077754440e-02
8.833896593852585966e-02
8.825545228364006789e-02
8.825545228364006789e-02
8.844448003399385527e-02
8.854260885149223270e-02
8.857150762360532781e-02
8.851785732402461804e-02
8.853334004816559855e-02
8.849738709000742887e-02
8.873437052537624936e-02
8.891639683522711834e-02
8.898349942314087713e-02
8.916530164137004277e-02
8.916530164137004277e-02
8.951748829110162120e-02
8.973769213933646682e-02
9.007059079539381230e-02
9.032617022923350447e-02
9.071980439489113479e-02
9.118033469557396131e-02
9.156329014693387336e-02
9.221402016582835870e-02
9.298875640582249247e-02
9.382402000312684009e-02
9.382402000312684009e-02
9.454437322762920815e-02
9.489858253188643289e-02
9.500350093190945699e-02
9.516400557172133290e-02
9.539958490046807071e-02
9.576434933418731532e-02
9.591526431549457499e-02
9.599832066451430279e-02
9.605132970321594854e-02
9.594642336624747969e-02
9.594642336624747969e-02
9.575728026520824443e-02
9.542658129175851656e-02
9.525335154046388197e-02
9.501739991918523032e-02
9.482559988587802025e-02
9.467656559430093210e-02
9.452899062023867316e-02
9.438201330035589365e-02
9.416956993523317720e-02
9.381817291716654239e-02
9.381817291716654239e-02
9.358997072672092798e-02
9.354129743914274542e-02
9.348748502406056815e-02
9.326163930006714509e-02
9.293179862982192674e-02
9.237558944853851983e-02
9.194229472585302432e-02
9.157822525647141276e-02
9.102155845420778491e-02
9.040083750448335564e-02
9.040083750448335564e-02
8.972592353326280801e-02
8.920873341393598110e-02
8.866603976957243560e-02
8.822925265132397499e-02
8.767850429762003017e-02
8.718597947797679382e-02
8.659931957972855088e-02
8.608348776651908452e-02
8.556007677632937458e-02
8.493627372450252011e-02
8.493627372450252011e-02
8.445503153731603874e-02
8.407343805792955038e-02
8.369464295201911597e-02
8.320115481710654848e-02
8.275054179973118096e-02
8.239353545766636699e-02
8.202894245054714872e-02
8.164850824040215116e-02
8.136546373157926837e-02
8.123980887127757455e-02
8.123980887127757455e-02
8.109157714943382445e-02
8.112231337105857421e-02
8.129439322732601170e-02
8.165251136543538735e-02
8.173695690053062179e-02
8.174031102956913486e-02
8.172553196617826643e-02
8.176110878820708194e-02
8.190463613901499684e-02
8.197451819184564670e-02
8.197451819184564670e-02
8.199312604556485695e-02
8.181084106792724242e-02
8.185512753923340767e-02
8.205235034841784625e-02
8.216909575225717077e-02
8.209533439421079493e-02
8.202362283735986637e-02
8.200302848650675713e-02
8.199260456370183192e-02
8.200816629840357308e-02
8.200816629840357308e-02
8.195363588498505436e-02
8.214452820047402071e-02
8.213385529233541149e-02
8.201992054615114824e-02
8.193324438949201038e-02
8.220692862963385750e-02
8.247657349007475602e-02
8.273278738811118416e-02
8.286927983179115387e-02
8.307348109591927710e-02
8.307348109591927710e-02
8.328886059158779887e-02
8.348071357832864692e-02
8.382629316383471973e-02
8.432798168858912646e-02
8.487973888427458036e-02
8.554264721388005199e-02
8.600978988653373847e-02
8.629830058330334452e-02
8.654451006010788205e-02
8.695653261069846707e-02
8.695653261069846707e-02
8.744023439570369760e-02
8.780832171250629870e-02
8.798753198195274905e-02
8.798143072751507532e-02
8.816634010999546689e-02
8.826854684504148452e-02
8.823671851681691436e-02
8.800580363194843159e-02
8.797879806234565336e-02
8.778745584953284720e-02
8.778745584953284720e-02
8.764358677843553380e-02
8.757843580978175169e-02
8.736933282994918670e-02
8.718324848758474133e-02
8.656005144220024761e-02
8.591370111334750703e-02
8.524084397919118317e-02
8.458192380528917198e-02
8.383665721286792660e-02
8.307734673131861314e-02
8.307734673131861314e-02
8.234678757715752084e-02
8.173504057069358453e-02
8.127712262030239998e-02
8.074407049609710896e-02
8.024911686762692398e-02
7.990149070294183531e-02
7.947075264578895570e-02
7.917993462928407666e-02
7.893213198422177612e-02
7.862407006356431083e-02
7.862407006356431083e-02
7.824338969198052496e-02
7.790923628836488035e-02
7.753938192097287185e-02
7.703559539269821954e-02
7.666676245465708917e-02
7.611783265998361969e-02
7.560933965102556442e-02
7.522419159793081178e-02
7.489947913652361677e-02
7.451467920608934037e-02
7.451467920608934037e-02
7.410531951923093885e-02
7.367267612529282417e-02
7.344128620501688687e-02
7.318478051984911303e-02
7.295761318377103066e-02
7.263016301652314155e-02
7.217336949261277113e-02
7.171648136257946504e-02
7.140899402749578684e-02
7.091893600344434390e-02
7.091893600344434390e-02
7.043178012601103433e-02
6.987302447137544448e-02
6.927396100092675368e-02
6.874260511347696223e-02
6.827828520721990202e-02
6.777713049142075619e-02
6.737654717809249405e-02
6.687791552840760545e-02
6.645058064943487608e-02
6.606372495398993294e-02
6.606372495398993294e-02
6.577484475875206016e-02
6.541778599733927280e-02
6.506428450703616306e-02
6.461808343859676285e-02
6.422923714865991229e-02
6.381131402089845750e-02
6.344507754629002960e-02
6.310279947649366505e-02
6.268589517751710360e-02
6.227916543279121697e-02
6.227916543279121697e-02
6.182084233565277032e-02
6.118033975627845678e-02
6.042087742282475915e-02
5.982669942128993057e-02
5.924760661733508016e-02
5.874585362935302868e-02
5.825672621791255779e-02
5.789696292082702200e-02
5.760927341156385495e-02
5.739023775272578121e-02
5.739023775272578121e-02
5.715125610237770104e-02
5.685194011238969836e-02
5.667805522247615357e-02
5.649762314568995691e-02
5.627747529147875127e-02
5.603356620786126285e-02
5.572249782790983375e-02
5.546298790333015205e-02
5.520063557239129892e-02
5.490387897119397564e-02
5.490387897119397564e-02
5.449397256891064245e-02
5.393864015009519619e-02
5.349194667746015597e-02
5.308095259223133411e-02
5.283618071017048834e-02
5.256632205336497776e-02
5.226126966566368992e-02
5.194185760057301593e-02
5.172128237931250538e-02
5.151284569742475838e-02
5.151284569742475838e-02
5.143541709730570233e-02
5.134044278007987572e-02
5.123576595799050892e-02
5.117870370262078694e-02
5.101522367580546558e-02
5.081040875256093159e-02
5.058702221784194819e-02
5.041636772796920241e-02
5.022524812545015038e-02
5.000813215700450343e-02
5.000813215700450343e-02
4.960099371068338314e-02
4.908902876201359788e-02
4.869199924639122656e-02
4.829210985535681289e-02
4.802638556055249808e-02
4.777107447049733224e-02
4.751316383230186347e-02
4.716285460183833322e-02
4.683920580525136046e-02
4.655346368723822792e-02
4.655346368723822792e-02
4.622080801567918229e-02
4.601016647171718432e-02
4.590720207288523369e-02
4.582439412953487334e-02
4.577736813794697213e-02
4.575483677335689947e-02
4.579123310135635450e-02
4.577965155658869634e-02
4.573182466028935522e-02
4.590089530137220208e-02
4.590089530137220208e-02
4.614752111877162832e-02
4.628830945657114171e-02
4.641725995151091411e-02
4.655344743293898802e-02
4.646366628227394102e-02
4.641932978653251496e-02
4.634120616813230953e-02
4.625421025737974645e-02
4.625421025737974645e-02
4.621150793831940717e-02
4.621150793831940717e-02
4.610015231052155826e-02
4.612916972235492352e-02
4.612337529388366164e-02
4.614337729500395113e-02
4.607558936675282268e-02
4.599751458731216047e-02
4.592361168432823604e-02
4.579494884521917442e-02
4.562741684062920910e-02
4.539213192946700559e-02
4.539213192946700559e-02
4.523443884416877836e-02
4.492816293574364295e-02
4.465873013274990200e-02
4.442598738345004961e-02
4.430047734809683391e-02
4.425326454182165747e-02
4.416132634843172866e-02
4.398193741840028537e-02
4.390634691261130484e-02
4.375464061576206376e-02
4.375464061576206376e-02
4.355376451327774845e-02
4.331627186555397913e-02
4.306181446775081412e-02
4.289589120221570795e-02
4.270189893412368320e-02
4.252333889490067520e-02
4.231244395184940998e-02
4.198619490541943833e-02
4.158352994358072152e-02
4.133665071714709427e-02
4.133665071714709427e-02
4.110002449050842444e-02
4.089414052374618080e-02
4.063254085710354957e-02
4.037313338449610711e-02
4.023235524199986202e-02
4.013991308375786105e-02
3.994476190400053639e-02
3.977757418283989210e-02
3.948394304879876415e-02
3.911916776616664038e-02
3.911916776616664038e-02
3.876631716552569884e-02
3.848940100098197092e-02
3.825808632918725749e-02
3.804802806038942720e-02
3.773975324452294444e-02
3.738039350079702672e-02
3.695068675822099635e-02
3.653226436933199039e-02
3.615297270727069190e-02
3.570627616565591467e-02
3.570627616565591467e-02
3.524482965124420275e-02
3.464705602997053546e-02
3.410074455166700602e-02
3.366327280360792429e-02
3.337087894994805737e-02
3.320434573068009598e-02
3.304416097050566492e-02
3.282117150916885606e-02
3.258015753193088671e-02
3.237566328220697898e-02
3.237566328220697898e-02
3.204916388483258771e-02
3.168392969394684400e-02
3.133064158515175279e-02
3.108434021504091760e-02
3.079360797889929557e-02
3.058212297497409082e-02
3.040639028484815043e-02
3.038878412029966114e-02
2.875446495829603322e-02
2.723564095970765209e-02
2.723564095970765209e-02
2.585500256059791724e-02
2.464260884773405991e-02
2.343767911002281323e-02
2.238794014251155318e-02
2.144568820340531090e-02
2.059635396344550173e-02
1.982127902415076193e-02
1.910970157699498628e-02
1.847296987081126218e-02
1.784495255607243536e-02
1.784495255607243536e-02
1.722902378788315758e-02
1.665047607185954348e-02
1.609964880797409847e-02
1.564562013826353848e-02
1.523243142295349628e-02
1.488088723432934302e-02
1.458868264212220822e-02
1.435789664901232499e-02
1.415089781158584969e-02
1.403418296835301504e-02
1.403418296835301504e-02
1.393722860797641516e-02
1.391534255689208521e-02
1.390650673785387426e-02
1.394036597964731783e-02
1.403710726730356129e-02
1.413992363237337457e-02
1.427703011805547817e-02
1.451271060115555400e-02
1.477225653997304988e-02
1.501816905780994915e-02
1.501816905780994915e-02
1.534352664982741032e-02
1.564599859816961924e-02
1.594100277125054532e-02
1.617808803487807978e-02
1.646843711875245475e-02
1.674744891006785252e-02
1.699970381561577426e-02
1.722882493801947135e-02
1.752231788124447576e-02
1.774932605142964803e-02
1.774932605142964803e-02
1.795122824924000327e-02
1.808892535917827615e-02
1.818619147852640339e-02
1.822792981538334800e-02
1.832689656233643660e-02
1.839041228153348584e-02
1.846870181170512382e-02
1.850824175013077166e-02
1.849577355033193982e-02
1.843287389963599310e-02
1.843287389963599310e-02
1.834629453718061853e-02
1.823728513651623473e-02
1.807260005734967478e-02
1.798814045462826527e-02
1.798814045462826527e-02
1.798814045462826527e-02
1.789652318930290420e-02
1.779435438081744536e-02
1.761701701731954728e-02
1.740156460976205466e-02
1.740156460976205466e-02
1.717384546352551666e-02
1.697456040001465993e-02
1.680184605019974242e-02
1.663757968177215218e-02
1.652476143404335573e-02
1.648446931235802992e-02
1.655318326689858566e-02
1.659909301384843161e-02
1.666925920602135847e-02
1.671873089931619205e-02
1.671873089931619205e-02
1.665843089583063374e-02
1.655198699966842213e-02
1.646998116590392414e-02
1.642072834452967811e-02
1.639627104728180740e-02
1.632580172900688353e-02
1.631204612940351240e-02
1.633320833580675924e-02
1.636871801153194639e-02
1.647522196476369771e-02
1.647522196476369771e-02
1.656327807256818829e-02
1.660622155519586585e-02
1.659242436308705493e-02
1.645392961508029828e-02
1.639417347270111236e-02
1.632583701390544206e-02
1.627515004151192102e-02
1.633962070407868339e-02
1.639521945009025927e-02
1.646722956492752132e-02
1.646722956492752132e-02
1.665976160824556018e-02
1.685147432061206985e-02
1.703717816260930107e-02
1.726614765191136769e-02
1.744305626684905519e-02
1.755076340166716875e-02
1.769266567715277461e-02
1.782331527527514226e-02
1.794908475376288948e-02
1.807210084862287403e-02
1.807210084862287403e-02
1.814128931823599800e-02
1.823463841544015196e-02
1.825490154221398598e-02
1.821970801941485973e-02
1.820536032143760252e-02
1.819884440508179324e-02
1.821650998234680685e-02
1.824474178860668871e-02
1.834086281043489919e-02
1.842383191006824461e-02
1.842383191006824461e-02
1.849435144007749443e-02
1.858198072049432881e-02
1.861753746941818832e-02
1.859482850570781665e-02
1.852772794849677496e-02
1.847971295469541531e-02
1.851295522799922821e-02
1.853483678443801352e-02
1.851115950006221311e-02
1.845796623322826235e-02
1.845796623322826235e-02
1.838605892080291682e-02
1.827628848126838790e-02
1.820907458632614606e-02
1.819719828598742595e-02
1.823826929016192366e-02
1.826439444106942034e-02
1.827999674653302264e-02
1.831791574566832281e-02
1.838773301424367901e-02
1.851983436453785714e-02
1.851983436453785714e-02
1.857482488341322124e-02
1.864923895852665936e-02
1.866939558581748315e-02
1.864302006597906569e-02
1.857272138261478744e-02
1.844879030770663064e-02
1.849707503161024391e-02
1.851219038409546158e-02
1.845536778984957493e-02
1.839828537189713842e-02
1.839828537189713842e-02
1.837623568219992620e-02
1.829059529874843548e-02
1.818990663475261726e-02
1.807981623804533200e-02
1.804105418202617273e-02
1.796566551594924732e-02
1.795732976479857967e-02
1.789974249940140538e-02
1.782678660258341097e-02
1.776369657164700300e-02
1.776369657164700300e-02
1.770432597919047168e-02
1.768437571066172609e-02
1.760591964579028001e-02
1.756473455921714333e-02
1.750473816146413952e-02
1.742570551060129702e-02
1.737020005927103483e-02
1.738052372342835383e-02
1.740220609862230816e-02
1.739988056178898290e-02
1.739988056178898290e-02
1.742369776818186722e-02
1.741484597362052966e-02
1.739866176138615828e-02
1.730781533632086422e-02
1.718404053726274583e-02
1.698303210101936855e-02
1.675843157867529243e-02
1.661673393534623955e-02
1.647797697130748418e-02
1.636745956246610234e-02
1.636745956246610234e-02
1.627356764784604337e-02
1.616544921411122715e-02
1.602200441997858604e-02
1.591580133539771680e-02
1.554464647051823079e-02
1.524448103146003319e-02
1.502413906495458917e-02
1.489398117319140624e-02
1.479502482444772227e-02
1.474654359803739823e-02
1.474654359803739823e-02
1.480853213389998757e-02
1.491319597322693369e-02
1.503392547458126671e-02
1.517811927878653933e-02
1.529102297506756969e-02
1.539855354351704619e-02
1.552768241018753770e-02
1.561030422554665620e-02
1.575663450310038627e-02
1.593882789865741501e-02
1.593882789865741501e-02
1.611557489540782484e-02
1.632477591634184932e-02
1.644353226665096201e-02
1.655745409162889814e-02
1.665091599557566582e-02
1.636534192101457563e-02
1.616056397330734029e-02
1.600401081190572228e-02
1.582448885555987061e-02
1.562949600286422935e-02
1.562949600286422935e-02
1.541815044142058611e-02
1.531236334237906505e-02
1.519408596457427763e-02
1.515015693704580002e-02
1.513980253507174467e-02
1.516900094390560838e-02
1.520832327736876266e-02
1.531055796888303178e-02
1.540517499447879857e-02
1.552997396896849125e-02
