5.446342006325721741e-02
5.446342006325721741e-02
5.376922711730003357e-02
5.238453671336174011e-02
5.107688903808593750e-02
4.996988177299499512e-02
4.914771020412445068e-02
4.814694449305534363e-02
4.709792137145996094e-02
4.675144702196121216e-02
4.616947472095489502e-02
4.600767046213150024e-02
4.600767046213150024e-02
4.575535655021667480e-02
4.575126618146896362e-02
4.575963690876960754e-02
4.591077938675880432e-02
4.612775146961212158e-02
4.624601453542709351e-02
4.645412415266036987e-02
4.687716066837310791e-02
4.724804311990737915e-02
4.758888110518455505e-02
