4.418483749032020569e-02
4.418483749032020569e-02
4.306855425238609314e-02
4.298797622323036194e-02
4.280946403741836548e-02
4.218760505318641663e-02
4.223812744021415710e-02
4.234061390161514282e-02
4.209724813699722290e-02
4.184278473258018494e-02
4.155943170189857483e-02
4.118366539478302002e-02
4.118366539478302002e-02
4.104786738753318787e-02
4.119385778903961182e-02
4.129710048437118530e-02
4.173741117119789124e-02
4.230948537588119507e-02
4.292866215109825134e-02
4.370388761162757874e-02
4.444989934563636780e-02
4.511605575680732727e-02
4.570708051323890686e-02
4.570708051323890686e-02
4.620657116174697876e-02
4.668311029672622681e-02
4.691792279481887817e-02
4.704216122627258301e-02
4.727372527122497559e-02
4.747633263468742371e-02
4.784373939037322998e-02
4.818594455718994141e-02
4.837184399366378784e-02
4.853528738021850586e-02
4.853528738021850586e-02
4.870365187525749207e-02
4.878662154078483582e-02
4.896898195147514343e-02
4.929457977414131165e-02
4.959426075220108032e-02
4.997302591800689697e-02
5.017754435539245605e-02
5.046144127845764160e-02
5.067087337374687195e-02
5.079928785562515259e-02
5.079928785562515259e-02
5.093669146299362183e-02
5.119610577821731567e-02
5.147721990942955017e-02
5.176114290952682495e-02
5.186039581894874573e-02
5.210860073566436768e-02
5.203158780932426453e-02
5.222916230559349060e-02
5.237058177590370178e-02
5.247478932142257690e-02
5.247478932142257690e-02
5.262226611375808716e-02
5.291439592838287354e-02
5.314788222312927246e-02
5.345924198627471924e-02
5.368395894765853882e-02
5.378302931785583496e-02
5.389665439724922180e-02
5.397658795118331909e-02
5.389985069632530212e-02
5.392421409487724304e-02
5.392421409487724304e-02
5.397050082683563232e-02
5.406722426414489746e-02
5.412374064326286316e-02
5.399045720696449280e-02
5.369716882705688477e-02
5.323682352900505066e-02
5.283829197287559509e-02
5.250633507966995239e-02
5.230861529707908630e-02
5.203204602003097534e-02
5.203204602003097534e-02
5.179598182439804077e-02
5.149304494261741638e-02
5.134138464927673340e-02
5.112550035119056702e-02
5.081536993384361267e-02
5.047373846173286438e-02
5.009734258055686951e-02
4.974006861448287964e-02
4.926422238349914551e-02
4.902547597885131836e-02
4.902547597885131836e-02
4.885571077466011047e-02
4.858201742172241211e-02
4.829823970794677734e-02
4.813709110021591187e-02
4.788877815008163452e-02
4.772706702351570129e-02
4.743530601263046265e-02
4.709974676370620728e-02
4.680092632770538330e-02
4.633303359150886536e-02
4.633303359150886536e-02
4.602180793881416321e-02
4.579655453562736511e-02
4.545335471630096436e-02
4.513590410351753235e-02
4.497134685516357422e-02
4.498633742332458496e-02
4.513013362884521484e-02
4.546641558408737183e-02
4.564727470278739929e-02
4.600261896848678589e-02
4.600261896848678589e-02
4.646892845630645752e-02
4.691305384039878845e-02
4.727631807327270508e-02
4.746498912572860718e-02
4.764781519770622253e-02
4.785199463367462158e-02
4.817517846822738647e-02
4.849630221724510193e-02
4.865327477455139160e-02
4.881901293992996216e-02
4.881901293992996216e-02
4.892813414335250854e-02
4.878393933176994324e-02
4.869616031646728516e-02
4.868764802813529968e-02
4.875183477997779846e-02
4.852150008082389832e-02
4.836773127317428589e-02
4.825812205672264099e-02
4.821353778243064880e-02
4.810854047536849976e-02
4.810854047536849976e-02
4.795613139867782593e-02
4.795145243406295776e-02
4.783542826771736145e-02
4.767319187521934509e-02
4.763373360037803650e-02
4.760637879371643066e-02
4.762512072920799255e-02
4.752413555979728699e-02
4.750754684209823608e-02
4.752467945218086243e-02
4.752467945218086243e-02
4.750693216919898987e-02
4.749571904540061951e-02
4.740440472960472107e-02
4.722086712718009949e-02
4.698600247502326965e-02
4.658736288547515869e-02
4.620861262083053589e-02
4.578237235546112061e-02
4.544015973806381226e-02
4.496942460536956787e-02
4.496942460536956787e-02
4.461720958352088928e-02
4.444041475653648376e-02
4.424459114670753479e-02
4.421211034059524536e-02
4.422102496027946472e-02
4.440581426024436951e-02
4.466128721833229065e-02
4.471747577190399170e-02
4.477167502045631409e-02
4.498752206563949585e-02
4.498752206563949585e-02
4.503038153052330017e-02
4.499620571732521057e-02
4.495875909924507141e-02
4.487727954983711243e-02
4.470483586192131042e-02
4.507247731089591980e-02
4.543684050440788269e-02
4.583777487277984619e-02
4.635291174054145813e-02
4.675720632076263428e-02
4.675720632076263428e-02
4.690337181091308594e-02
4.702551290392875671e-02
4.715704917907714844e-02
4.732629656791687012e-02
4.749368503689765930e-02
4.776664823293685913e-02
4.808910191059112549e-02
4.843481257557868958e-02
4.870181530714035034e-02
4.906066507101058960e-02
4.906066507101058960e-02
4.931755363941192627e-02
4.948567971587181091e-02
4.969580844044685364e-02
4.989412054419517517e-02
5.006776005029678345e-02
5.005206167697906494e-02
4.987249150872230530e-02
4.971381276845932007e-02
4.951310902833938599e-02
4.936169832944869995e-02
4.936169832944869995e-02
4.921753704547882080e-02
4.909837245941162109e-02
4.919732362031936646e-02
4.917002096772193909e-02
4.907511174678802490e-02
4.894288629293441772e-02
4.888334497809410095e-02
4.870038479566574097e-02
4.849101230502128601e-02
4.827725514769554138e-02
4.827725514769554138e-02
4.796225950121879578e-02
4.771223664283752441e-02
4.747756570577621460e-02
4.719617590308189392e-02
4.705287143588066101e-02
4.710225760936737061e-02
4.724620655179023743e-02
4.743864387273788452e-02
4.778065532445907593e-02
4.816398397088050842e-02
4.816398397088050842e-02
4.853007569909095764e-02
4.878860712051391602e-02
4.901274293661117554e-02
4.904369637370109558e-02
4.907830432057380676e-02
4.904267936944961548e-02
4.914952814579010010e-02
4.926626011729240417e-02
4.928202927112579346e-02
4.953133314847946167e-02
4.953133314847946167e-02
4.978175088763237000e-02
5.001329258084297180e-02
5.031240358948707581e-02
5.062516778707504272e-02
5.101049691438674927e-02
5.149811506271362305e-02
5.194333195686340332e-02
5.236493051052093506e-02
5.261339992284774780e-02
5.268863961100578308e-02
5.268863961100578308e-02
5.264251306653022766e-02
5.269073322415351868e-02
5.269157141447067261e-02
5.269713699817657471e-02
5.255789309740066528e-02
5.241352692246437073e-02
5.237194150686264038e-02
5.234729871153831482e-02
5.245603621006011963e-02
5.263334140181541443e-02
5.263334140181541443e-02
5.281455442309379578e-02
5.301220715045928955e-02
5.335042253136634827e-02
5.360836163163185120e-02
5.436623096466064453e-02
5.526302382349967957e-02
5.614983290433883667e-02
5.713520944118499756e-02
5.804120004177093506e-02
5.884100496768951416e-02
5.884100496768951416e-02
5.947091802954673767e-02
5.997079983353614807e-02
6.045228242874145508e-02
6.095420569181442261e-02
6.139868497848510742e-02
6.190681084990501404e-02
6.235463917255401611e-02
6.261142343282699585e-02
6.291951239109039307e-02
6.331464648246765137e-02
6.331464648246765137e-02
6.346224993467330933e-02
6.356196105480194092e-02
6.373555958271026611e-02
6.359436362981796265e-02
6.346924602985382080e-02
6.346069276332855225e-02
6.363537907600402832e-02
6.373501569032669067e-02
6.379639357328414917e-02
6.332764774560928345e-02
6.332764774560928345e-02
6.299176067113876343e-02
6.273309141397476196e-02
6.234650686383247375e-02
6.195181235671043396e-02
6.164500117301940918e-02
6.150845065712928772e-02
6.127189099788665771e-02
6.116615608334541321e-02
6.128897517919540405e-02
6.144552305340766907e-02
6.144552305340766907e-02
6.156154721975326538e-02
6.163683533668518066e-02
6.157515197992324829e-02
6.159368902444839478e-02
6.171815097332000732e-02
6.184630095958709717e-02
6.208106130361557007e-02
6.238859891891479492e-02
6.221925467252731323e-02
6.134903058409690857e-02
6.134903058409690857e-02
6.065552309155464172e-02
6.004099547863006592e-02
5.961021408438682556e-02
5.928375199437141418e-02
5.902766436338424683e-02
5.879510939121246338e-02
5.865153670310974121e-02
5.864715948700904846e-02
5.879915878176689148e-02
5.911905318498611450e-02
5.911905318498611450e-02
5.955748632550239563e-02
6.002314388751983643e-02
6.049394235014915466e-02
6.097060441970825195e-02
6.149788200855255127e-02
6.199308857321739197e-02
6.240992993116378784e-02
6.278875470161437988e-02
6.313160806894302368e-02
6.338116526603698730e-02
6.338116526603698730e-02
6.365986913442611694e-02
6.404236704111099243e-02
6.440406292676925659e-02
6.474292278289794922e-02
6.514951586723327637e-02
6.556934863328933716e-02
6.598675251007080078e-02
6.638869643211364746e-02
6.675371527671813965e-02
6.709262728691101074e-02
6.709262728691101074e-02
6.755042821168899536e-02
6.794643402099609375e-02
6.824783980846405029e-02
6.856062263250350952e-02
6.888698786497116089e-02
6.910362094640731812e-02
6.939368695020675659e-02
6.970847398042678833e-02
7.003442198038101196e-02
7.040677964687347412e-02
7.040677964687347412e-02
7.077876478433609009e-02
7.112479209899902344e-02
7.142562419176101685e-02
7.163915783166885376e-02
7.199882715940475464e-02
7.216232270002365112e-02
7.220789790153503418e-02
7.215371727943420410e-02
7.209982722997665405e-02
7.195939868688583374e-02
7.195939868688583374e-02
7.177048176527023315e-02
7.176263630390167236e-02
7.174172997474670410e-02
7.182189077138900757e-02
7.194726169109344482e-02
7.199625670909881592e-02
7.212415337562561035e-02
7.234254479408264160e-02
7.254948467016220093e-02
7.254873216152191162e-02
7.254873216152191162e-02
7.251048833131790161e-02
7.241105288267135620e-02
7.246188819408416748e-02
7.236119359731674194e-02
7.236119359731674194e-02
7.236119359731674194e-02
7.215287536382675171e-02
7.205100357532501221e-02
7.192392647266387939e-02
7.188125699758529663e-02
7.188125699758529663e-02
7.173759490251541138e-02
7.173802703619003296e-02
7.173439860343933105e-02
7.181219011545181274e-02
7.159347087144851685e-02
7.140780240297317505e-02
7.122629135847091675e-02
7.103786617517471313e-02
7.088138908147811890e-02
7.080803066492080688e-02
7.080803066492080688e-02
7.077363878488540649e-02
7.092142850160598755e-02
7.115009427070617676e-02
7.139429450035095215e-02
7.165092229843139648e-02
7.156568020582199097e-02
7.136448472738265991e-02
7.127317041158676147e-02
7.133673131465911865e-02
7.132919132709503174e-02
7.132919132709503174e-02
7.127425819635391235e-02
7.122997194528579712e-02
7.110352814197540283e-02
7.105159014463424683e-02
7.100825011730194092e-02
7.095813751220703125e-02
7.086344808340072632e-02
7.093576341867446899e-02
7.101117074489593506e-02
7.096119225025177002e-02
7.096119225025177002e-02
7.096366584300994873e-02
7.090374827384948730e-02
7.100680470466613770e-02
7.113786041736602783e-02
7.133354991674423218e-02
7.153123617172241211e-02
7.175023108720779419e-02
7.199846208095550537e-02
7.209890335798263550e-02
7.226547598838806152e-02
