4.824129378417859465e-02
4.824129378417859465e-02
4.788056134842499922e-02
4.726502983462523705e-02
4.690169559154380718e-02
4.624454247198499235e-02
4.539270756604882329e-02
4.432002900642449672e-02
4.374709509019200637e-02
4.311877619479185381e-02
4.267589870034410593e-02
4.221239022628564541e-02
4.221239022628564541e-02
4.197372258180082777e-02
4.189187437373434464e-02
4.160003629865097197e-02
4.133667947884712979e-02
4.091968402773131508e-02
4.048035256706042362e-02
4.002827989001751796e-02
3.960853255882272606e-02
3.925636164253906712e-02
3.905453960783373396e-02
3.905453960783373396e-02
3.854880097807671102e-02
3.834585337138959882e-02
3.809791251510315918e-02
3.778272697631352567e-02
3.737339674479774054e-02
3.678539524744604133e-02
3.609285458065027846e-02
3.551035621586542956e-02
3.498436268085610562e-02
3.437742644476901588e-02
3.437742644476901588e-02
3.388338203544780103e-02
3.334949841086538164e-02
3.292959843540632647e-02
3.231167943904802303e-02
3.185154036328311650e-02
3.143178042040958159e-02
3.107476913157964510e-02
3.089196889648494065e-02
3.074077097531775077e-02
3.065326190839430531e-02
3.065326190839430531e-02
3.048822123328938372e-02
3.045356192546287699e-02
3.023470186717791899e-02
3.003638301138839700e-02
2.987933769353644589e-02
2.970546384301592235e-02
2.963204920777424978e-02
2.980392981922137113e-02
2.987422619742370264e-02
2.979682015831100830e-02
2.979682015831100830e-02
2.958719746767003028e-02
2.937724832556061136e-02
2.908551652038931373e-02
2.893123297996772272e-02
2.891007202416922064e-02
2.897588581470217708e-02
2.909369327737893959e-02
2.925036824580708184e-02
2.939937316599511644e-02
2.954176941806729156e-02
2.954176941806729156e-02
2.966865353939374464e-02
2.964235049272852598e-02
2.963997682022691260e-02
2.960553657296915997e-02
2.959956755529345729e-02
2.952491798483734831e-02
2.941725547935473278e-02
2.944274883027789280e-02
2.926356830458843802e-02
2.916629603751225847e-02
2.916629603751225847e-02
2.909997575906267397e-02
2.903012294523051734e-02
2.890458880905166783e-02
2.885858715884596915e-02
2.884272465710859337e-02
2.878889657436587909e-02
2.875816300985508875e-02
2.866468318653364947e-02
2.856595956417800133e-02
2.849533447985625606e-02
2.849533447985625606e-02
2.852688132184209163e-02
2.854089755361426464e-02
2.849240679962431952e-02
2.840148473011354022e-02
2.830736932857459698e-02
2.809885037745369143e-02
2.790816718649489006e-02
2.768510516353685919e-02
2.747570587436740791e-02
2.723974959044835401e-02
2.723974959044835401e-02
2.693788460631998255e-02
2.673950831457027819e-02
2.650352391847133476e-02
2.633020014219732488e-02
2.643300804467610052e-02
2.642649313608526340e-02
2.631223906824264880e-02
2.627983438498972951e-02
2.611708146148856990e-02
2.593038943917157571e-02
2.593038943917157571e-02
2.585726919799493512e-02
2.592733519214221460e-02
2.634428185387543281e-02
2.666929173981242435e-02
2.699514610101579060e-02
2.726042155659280306e-02
2.762040760119394492e-02
2.788524636855596248e-02
2.811506978126978445e-02
2.835288164782994239e-02
2.835288164782994239e-02
2.846251747371529583e-02
2.870996444392161576e-02
2.879464751156329480e-02
2.859940867055446589e-02
2.837208303153044772e-02
2.801459647062493410e-02
2.763070653862591264e-02
2.713106942256007792e-02
2.656807486581485786e-02
2.605915246416727615e-02
2.605915246416727615e-02
2.550128956625210414e-02
2.488436612050876073e-02
2.436738291526182459e-02
2.390711380405411215e-02
2.354987667279270780e-02
2.330391140569844366e-02
2.314174286738552092e-02
2.293739767802672677e-02
2.264383633034226795e-02
2.245043696316454535e-02
2.245043696316454535e-02
2.236928391050480719e-02
2.228407792898531858e-02
2.214637462745402269e-02
2.197420570908554388e-02
2.176189134493403468e-02
2.142899635711881245e-02
2.133607435889156231e-02
2.123860193454907980e-02
2.132895339381025643e-02
2.146187317626677832e-02
2.146187317626677832e-02
2.162818462888011634e-02
2.198236813555771996e-02
2.259796524852058022e-02
2.343248968417479747e-02
2.415596090081098546e-02
2.512260438223748449e-02
2.603438356191095995e-02
2.697167062016108535e-02
2.796254998518883303e-02
2.885899086824019605e-02
2.885899086824019605e-02
2.975564166216653275e-02
3.047315122607072505e-02
3.109524342773405114e-02
3.158456787108331054e-02
3.189940075868284708e-02
3.200583852263328560e-02
3.213393396524524825e-02
3.219309832556258716e-02
3.205941926629588684e-02
3.197498965895622519e-02
3.197498965895622519e-02
3.202845496694426558e-02
3.199400535467691875e-02
3.195710103138311997e-02
3.185605642030576307e-02
3.183922107164142978e-02
3.173238583170642779e-02
3.162858905727056191e-02
3.133098823200660549e-02
3.102383858032700670e-02
3.077972728712440043e-02
3.077972728712440043e-02
3.055730620549724358e-02
3.028964236170796423e-02
3.016062627840380983e-02
3.012952245760635792e-02
3.001738804745106293e-02
2.986595489721009453e-02
2.981661166872901642e-02
2.967585376097104863e-02
2.954342534462504888e-02
2.926564594368471703e-02
2.926564594368471703e-02
2.898787378911688722e-02
2.882910582524949791e-02
2.862360409810673842e-02
2.841521893756798756e-02
2.808730182298024153e-02
2.787777912713727477e-02
2.754139704186260237e-02
2.735565111920395392e-02
2.721193315190839276e-02
2.711692479430622901e-02
2.711692479430622901e-02
2.702505413038896326e-02
2.690179525806735139e-02
2.682244937565486653e-02
2.675125757047643396e-02
2.675677001130442878e-02
2.662296175647142424e-02
2.666963490611798035e-02
2.675163171780809562e-02
2.672940316412114603e-02
2.663075435099282462e-02
2.663075435099282462e-02
2.651764835733495113e-02
2.628077846108715920e-02
2.628077846108715920e-02
2.610421878967103884e-02
2.605302960542197482e-02
2.605207572073838657e-02
2.605854149368977413e-02
2.612085340410275069e-02
2.603531850535037440e-02
2.592133284673695665e-02
2.592133284673695665e-02
2.563367866959287075e-02
2.543561971882591852e-02
2.529293494128865769e-02
2.545575384164190311e-02
2.569445466082984422e-02
2.594342363453255515e-02
2.607442119789392387e-02
2.605176801544104026e-02
2.592675748114281475e-02
2.564533682418237981e-02
2.564533682418237981e-02
2.556512652619663192e-02
2.543893171073457332e-02
2.526883976453787178e-02
2.494523528955417888e-02
2.459942241410779246e-02
2.429392263621899320e-02
2.399571301312432986e-02
2.388026938804588273e-02
2.382203268384280870e-02
2.372412111235175369e-02
2.372412111235175369e-02
2.366908818828006994e-02
2.351217699031704633e-02
2.330361887156301090e-02
2.323073398621657015e-02
2.316326305515861023e-02
2.310561857042993730e-02
2.305030739686688562e-02
2.298796546852116540e-02
2.310599544135626127e-02
2.320027911916620195e-02
2.320027911916620195e-02
2.315106263244359752e-02
2.314335658341383148e-02
2.311496628625264380e-02
2.308912544489741606e-02
2.230777609255208196e-02
2.151407185687244719e-02
2.080041320125592882e-02
2.035033218538459879e-02
2.005433044909096796e-02
1.972979301214282735e-02
1.972979301214282735e-02
1.964010735800952173e-02
1.976126379857848225e-02
1.978819308432665236e-02
1.986017856539919191e-02
2.007836536993055573e-02
2.050952295555726057e-02
2.099406368813656540e-02
2.116722867080457829e-02
2.121108993986312724e-02
2.140376164741111115e-02
2.140376164741111115e-02
2.149226630158999896e-02
2.161697536292608163e-02
2.181998254344269528e-02
2.191881159875460824e-02
2.205251022845962361e-02
2.272195320830907098e-02
2.319772821971551741e-02
2.351586097972338876e-02
2.372954866611547489e-02
2.379655002054970048e-02
2.379655002054970048e-02
2.378558204418562347e-02
2.372953929413332622e-02
2.371670636912897104e-02
2.358713210639888647e-02
2.354133625420366804e-02
2.401111538497230705e-02
2.451761119741959968e-02
2.489020410810152337e-02
2.513260680068860400e-02
2.530519076672288828e-02
2.530519076672288828e-02
2.530972259432701793e-02
2.527583820225106151e-02
2.516286914015108608e-02
2.524191466662098829e-02
2.530548482444459554e-02
2.527206849845529263e-02
2.530670258210244994e-02
2.528204799591564009e-02
2.520261223184227378e-02
2.519476994751966917e-02
2.519476994751966917e-02
2.532631786709626034e-02
2.545365488645066204e-02
2.561591264147704272e-02
2.575562674494243087e-02
2.580524051473736050e-02
2.581495822966588596e-02
2.571999296564849921e-02
2.554672843702851526e-02
2.539163141357190373e-02
2.521950649917148804e-02
2.521950649917148804e-02
2.510397174948876889e-02
2.495236166807959441e-02
2.484067692267787758e-02
2.472599530633561027e-02
2.460992564603684679e-02
2.449388500388938877e-02
2.449388500388938877e-02
2.437459338365967690e-02
2.429843380920800044e-02
2.439244717245676181e-02
2.439244717245676181e-02
2.440953206549901361e-02
2.439591128257644764e-02
2.440938849810387473e-02
2.442329083586457922e-02
2.440942042765013170e-02
2.434647845791551926e-02
2.431544049850664635e-02
2.436691084530975826e-02
2.429469727387199157e-02
2.445452904401168928e-02
2.445452904401168928e-02
2.459683741940982965e-02
2.466944964500606893e-02
2.458091794254228107e-02
2.445249781421305474e-02
2.427495242697287614e-02
2.410755461752349393e-02
2.398917322043055481e-02
2.386020714315125260e-02
2.372378549522168728e-02
2.344088979657145064e-02
2.344088979657145064e-02
2.323203628818741248e-02
2.304809143697106669e-02
2.293953638089578709e-02
2.305931683808958715e-02
2.316759315771192360e-02
2.324709697366388050e-02
2.340372812472227976e-02
2.355530690015230147e-02
2.368895193405938515e-02
2.386233538735082690e-02
2.386233538735082690e-02
2.399903988630090745e-02
2.413416985164125450e-02
2.421223972324741333e-02
2.420228227378339037e-02
2.408973961404752007e-02
2.410898697638608201e-02
2.399111704690209262e-02
2.398533440410529488e-02
2.393570539870879324e-02
2.387629440847622783e-02
2.387629440847622783e-02
2.369130663837497319e-02
2.353740464928781931e-02
2.348725736012887561e-02
2.336114117994768716e-02
2.321087930639567989e-02
2.316142247532099532e-02
2.315881514260996130e-02
2.312164999541447760e-02
2.320704328453090243e-02
2.326712868250486663e-02
2.326712868250486663e-02
2.319671622369602615e-02
2.314939202567743021e-02
2.311800617415665088e-02
2.305332858479213626e-02
2.298008850998849509e-02
2.311288594862933102e-02
2.316921323708243455e-02
2.320527139101309644e-02
2.315703171950948477e-02
2.312561456925552039e-02
2.312561456925552039e-02
2.306216514242929311e-02
2.301650763147443726e-02
2.298690546926360906e-02
2.279866961099261471e-02
2.246426010707485224e-02
2.270910632657933276e-02
2.286309740383268840e-02
2.290980455629399934e-02
2.293817090058345581e-02
2.291883112087361729e-02
2.291883112087361729e-02
2.305550123317992584e-02
2.306290616916771216e-02
2.304399694353270051e-02
2.299303923435482358e-02
2.303941436750245667e-02
2.302388578481472450e-02
2.305810418976256271e-02
2.307898020592473801e-02
2.305334498792647319e-02
2.303870390131002380e-02
