6.974683396412818120e-03
6.974683396412818120e-03
8.047527844760492960e-03
7.556138985655313882e-03
7.141639677526546992e-03
6.494421929620761667e-03
6.233355912213846446e-03
6.135134673048485421e-03
5.861435244253470657e-03
5.561227279144568755e-03
5.078305709464565193e-03
4.596847568275406158e-03
4.596847568275406158e-03
4.366575557542595569e-03
4.372498467969872758e-03
4.530143836780580087e-03
4.731447273806932592e-03
5.033777610643099150e-03
5.268517545630743183e-03
5.423401613401102050e-03
5.506905319852341101e-03
5.730241288455479622e-03
6.081142405427495713e-03
