3.515637293457984924e-02
3.515637293457984924e-02
3.562480583786964417e-02
3.444968909025192261e-02
3.319507092237472534e-02
3.236861154437065125e-02
3.161463513970375061e-02
3.095507621765136719e-02
3.050690330564975739e-02
3.012690320611000061e-02
3.007226623594760895e-02
3.002730570733547211e-02
3.002730570733547211e-02
2.978551201522350311e-02
2.962651848793029785e-02
2.935639210045337677e-02
2.886263467371463776e-02
2.840922959148883820e-02
2.801096439361572266e-02
2.769201435148715973e-02
2.734772488474845886e-02
2.705091424286365509e-02
2.677134796977043152e-02
2.677134796977043152e-02
2.657221257686614990e-02
2.638986892998218536e-02
2.646251767873764038e-02
2.634140662848949432e-02
2.620293013751506805e-02
2.608538791537284851e-02
2.589960768818855286e-02
2.573105320334434509e-02
2.527779527008533478e-02
2.520026639103889465e-02
2.520026639103889465e-02
2.532706037163734436e-02
2.538377605378627777e-02
2.566053345799446106e-02
2.585531026124954224e-02
2.593450061976909637e-02
2.614636160433292389e-02
2.634756267070770264e-02
2.621972933411598206e-02
2.600878104567527771e-02
2.574667334556579590e-02
2.574667334556579590e-02
2.556577324867248535e-02
2.539982646703720093e-02
2.549402974545955658e-02
2.567395754158496857e-02
2.591974474489688873e-02
2.613939717411994934e-02
2.635687403380870819e-02
2.653525769710540771e-02
2.659359760582447052e-02
2.661721408367156982e-02
2.661721408367156982e-02
2.654363214969635010e-02
2.641117759048938751e-02
2.621832676231861115e-02
2.609429508447647095e-02
2.584044635295867920e-02
2.578580565750598907e-02
2.564548887312412262e-02
2.530929073691368103e-02
2.503720112144947052e-02
2.470517158508300781e-02
2.470517158508300781e-02
2.438273839652538300e-02
2.393490634858608246e-02
2.356351166963577271e-02
2.317520603537559509e-02
2.277086675167083740e-02
2.232355251908302307e-02
2.191741019487380981e-02
2.143306657671928406e-02
2.082608081400394440e-02
2.029547281563282013e-02
2.029547281563282013e-02
1.977139152586460114e-02
1.936812698841094971e-02
1.918509975075721741e-02
1.907763257622718811e-02
1.897539012134075165e-02
1.892511546611785889e-02
1.893889158964157104e-02
1.892151869833469391e-02
1.899918913841247559e-02
1.901470869779586792e-02
1.901470869779586792e-02
1.897340081632137299e-02
1.868605054914951324e-02
1.843289285898208618e-02
1.818464137613773346e-02
1.785984449088573456e-02
1.772207021713256836e-02
1.767496950924396515e-02
1.754604652523994446e-02
1.727771386504173279e-02
1.680468581616878510e-02
1.680468581616878510e-02
1.629032194614410400e-02
1.574309729039669037e-02
1.518858596682548523e-02
1.462654117494821548e-02
1.419155485928058624e-02
1.378293894231319427e-02
1.350566651672124863e-02
1.337900664657354355e-02
1.347304880619049072e-02
1.372825447469949722e-02
1.372825447469949722e-02
1.393209956586360931e-02
1.424595527350902557e-02
1.457447744905948639e-02
1.473608706146478653e-02
1.487854775041341782e-02
1.491892710328102112e-02
1.481607835739850998e-02
1.463612169027328491e-02
1.438653469085693359e-02
1.413141842931509018e-02
1.413141842931509018e-02
1.393955759704113007e-02
1.382859796285629272e-02
1.382859796285629272e-02
1.382859796285629272e-02
1.385835371911525726e-02
1.401913631707429886e-02
1.424110960215330124e-02
1.447807345539331436e-02
1.472773496061563492e-02
1.491264998912811279e-02
1.491264998912811279e-02
1.489564497023820877e-02
1.475822366774082184e-02
1.453967206180095673e-02
1.435268763452768326e-02
1.400440838187932968e-02
1.370087824761867523e-02
1.336992904543876648e-02
1.316650025546550751e-02
1.310109533369541168e-02
1.341879554092884064e-02
1.341879554092884064e-02
1.378499437123537064e-02
1.400305237621068954e-02
1.405904721468687057e-02
1.387459319084882736e-02
1.358548365533351898e-02
1.335084531456232071e-02
1.297381147742271423e-02
1.268548984080553055e-02
1.280179247260093689e-02
1.299532968550920486e-02
1.299532968550920486e-02
1.340125128626823425e-02
1.385102793574333191e-02
1.440368406474590302e-02
1.497004553675651550e-02
1.558711845427751541e-02
1.614916883409023285e-02
1.650846563279628754e-02
1.651245728135108948e-02
1.648057997226715088e-02
1.628191955387592316e-02
1.628191955387592316e-02
1.605749689042568207e-02
1.581954769790172577e-02
1.570247486233711243e-02
1.570247486233711243e-02
1.570247486233711243e-02
1.576709188520908356e-02
1.598680019378662109e-02
1.615414954721927643e-02
1.652874052524566650e-02
1.694150269031524658e-02
1.694150269031524658e-02
1.739344373345375061e-02
1.781306602060794830e-02
1.813599467277526855e-02
1.849993504583835602e-02
1.918235048651695251e-02
1.988305523991584778e-02
2.039916440844535828e-02
2.080510370433330536e-02
2.109242416918277740e-02
2.127732150256633759e-02
2.127732150256633759e-02
2.121526934206485748e-02
2.098902501165866852e-02
2.059975080192089081e-02
2.023494616150856018e-02
2.000983990728855133e-02
1.996555551886558533e-02
2.000225335359573364e-02
2.009376138448715210e-02
2.036068774759769440e-02
2.062755823135375977e-02
2.062755823135375977e-02
2.099863067269325256e-02
2.138392254710197449e-02
2.172693237662315369e-02
2.208475396037101746e-02
2.245038561522960663e-02
2.284161001443862915e-02
2.311627566814422607e-02
2.333626709878444672e-02
2.354790270328521729e-02
2.379655092954635620e-02
2.379655092954635620e-02
2.403165772557258606e-02
2.434619702398777008e-02
2.458695881068706512e-02
2.479700371623039246e-02
2.505037561058998108e-02
2.542700804769992828e-02
2.573743276298046112e-02
2.522531151771545410e-02
2.484576962888240814e-02
2.448680438101291656e-02
2.448680438101291656e-02
2.421209402382373810e-02
2.415532059967517853e-02
2.406813390552997589e-02
2.414413541555404663e-02
2.430164627730846405e-02
2.432061173021793365e-02
2.425091899931430817e-02
2.421439066529273987e-02
2.400810457766056061e-02
2.439084276556968689e-02
2.439084276556968689e-02
2.455914765596389771e-02
2.459923550486564636e-02
2.460975572466850281e-02
2.463789470493793488e-02
2.476998418569564819e-02
2.496806532144546509e-02
2.513278275728225708e-02
2.528489753603935242e-02
2.542751096189022064e-02
2.550085633993148804e-02
2.550085633993148804e-02
2.574234642088413239e-02
2.596104517579078674e-02
2.627629972994327545e-02
2.650388143956661224e-02
2.660743147134780884e-02
2.643601968884468079e-02
2.620224654674530029e-02
2.592709288001060486e-02
2.557805180549621582e-02
2.519386075437068939e-02
2.519386075437068939e-02
2.485983446240425110e-02
2.460081316530704498e-02
2.445110678672790527e-02
2.442536130547523499e-02
2.451224811375141144e-02
2.460350096225738525e-02
2.475042641162872314e-02
2.473770827054977417e-02
2.459829114377498627e-02
2.439422905445098877e-02
2.439422905445098877e-02
2.405095286667346954e-02
2.375439926981925964e-02
2.351138554513454437e-02
2.330326661467552185e-02
2.324471250176429749e-02
2.330458164215087891e-02
2.366354316473007202e-02
2.396404929459095001e-02
2.425864897668361664e-02
2.457697689533233643e-02
2.457697689533233643e-02
2.473872527480125427e-02
2.477383799850940704e-02
2.483140118420124054e-02
2.473287470638751984e-02
2.464353479444980621e-02
2.453667856752872467e-02
2.437970973551273346e-02
2.432361617684364319e-02
2.458435483276844025e-02
2.492035552859306335e-02
2.492035552859306335e-02
2.526262588798999786e-02
2.549855224788188934e-02
2.567795850336551666e-02
2.573393285274505615e-02
2.562183700501918793e-02
2.538555115461349487e-02
2.506444044411182404e-02
2.476252987980842590e-02
2.447972260415554047e-02
2.406989783048629761e-02
2.406989783048629761e-02
2.373861521482467651e-02
2.350371889770030975e-02
2.343874797224998474e-02
2.350381761789321899e-02
2.363806776702404022e-02
2.382967248558998108e-02
2.403513155877590179e-02
2.423889748752117157e-02
2.436066046357154846e-02
2.438869513571262360e-02
2.438869513571262360e-02
2.422853000462055206e-02
2.386363409459590912e-02
2.341564185917377472e-02
2.278985269367694855e-02
2.211995795369148254e-02
2.149599790573120117e-02
2.100818790495395660e-02
2.073473297059535980e-02
2.060993574559688568e-02
2.057683467864990234e-02
2.057683467864990234e-02
2.048899792134761810e-02
2.037177979946136475e-02
2.018754743039608002e-02
1.996078342199325562e-02
1.988016441464424133e-02
1.982966624200344086e-02
1.968371123075485229e-02
1.965003833174705505e-02
1.974964514374732971e-02
1.979309506714344025e-02
1.979309506714344025e-02
1.983576081693172455e-02
1.988289132714271545e-02
1.994833908975124359e-02
1.998723484575748444e-02
1.998348534107208252e-02
2.002279460430145264e-02
2.015122584998607635e-02
2.027441561222076416e-02
2.039936184883117676e-02
2.053929492831230164e-02
2.053929492831230164e-02
2.057173289358615875e-02
2.051454409956932068e-02
2.051799371838569641e-02
2.049909904599189758e-02
2.032872475683689117e-02
2.008129097521305084e-02
1.980602927505970001e-02
1.963676884770393372e-02
1.956349611282348633e-02
1.965135335922241211e-02
1.965135335922241211e-02
1.972497068345546722e-02
1.981714554131031036e-02
2.003640867769718170e-02
2.026446349918842316e-02
2.046847902238368988e-02
2.055641822516918182e-02
2.062491141259670258e-02
2.063859626650810242e-02
2.051858045160770416e-02
2.030946686863899231e-02
2.030946686863899231e-02
2.008720673620700836e-02
1.974319107830524445e-02
1.918438449501991272e-02
1.886642351746559143e-02
1.814659126102924347e-02
1.774970069527626038e-02
1.769880764186382294e-02
1.774862594902515411e-02
1.777516305446624756e-02
1.794303208589553833e-02
1.794303208589553833e-02
1.826409809291362762e-02
1.868486590683460236e-02
1.919593662023544312e-02
1.978904567658901215e-02
2.035435289144515991e-02
2.095499075949192047e-02
2.151452936232089996e-02
2.198017388582229614e-02
2.238769270479679108e-02
2.269721031188964844e-02
2.269721031188964844e-02
2.269440516829490662e-02
2.263863198459148407e-02
2.265211567282676697e-02
2.266816794872283936e-02
2.264953777194023132e-02
2.295073121786117554e-02
2.317656204104423523e-02
2.334761247038841248e-02
2.338231727480888367e-02
2.338625490665435791e-02
2.338625490665435791e-02
2.326569147408008575e-02
2.318538911640644073e-02
2.311233803629875183e-02
2.305308170616626740e-02
2.305939234793186188e-02
2.319777943193912506e-02
2.341413125395774841e-02
2.366521023213863373e-02
2.394748292863368988e-02
2.414801530539989471e-02
2.414801530539989471e-02
2.430835179984569550e-02
2.441719919443130493e-02
2.460842020809650421e-02
2.478254400193691254e-02
2.494473196566104889e-02
2.508210763335227966e-02
2.508724667131900787e-02
2.497052401304244995e-02
2.477374300360679626e-02
2.449214830994606018e-02
2.449214830994606018e-02
2.424234710633754730e-02
2.411392703652381897e-02
2.412631362676620483e-02
2.419732883572578430e-02
2.433892339468002319e-02
2.455041371285915375e-02
2.486610040068626404e-02
2.529142610728740692e-02
2.578377164900302887e-02
2.637568674981594086e-02
