1.365447323769330978e-02
1.365447323769330978e-02
1.326056104153394699e-02
1.351105608046054840e-02
1.381745003163814545e-02
1.353952847421169281e-02
1.340017467737197876e-02
1.352362986654043198e-02
1.354895811527967453e-02
1.352534350007772446e-02
1.367090549319982529e-02
1.385065633803606033e-02
1.385065633803606033e-02
1.393568515777587891e-02
1.386950258165597916e-02
1.367937773466110229e-02
1.346979197114706039e-02
1.340182125568389893e-02
1.342993695288896561e-02
1.360879745334386826e-02
1.384973805397748947e-02
1.408840902149677277e-02
1.406405307352542877e-02
1.406405307352542877e-02
1.380496192723512650e-02
1.337096747010946274e-02
1.295201573520898819e-02
1.254004240036010742e-02
1.221616752445697784e-02
1.202161423861980438e-02
1.190216373652219772e-02
1.200035214424133301e-02
1.219937298446893692e-02
1.235595159232616425e-02
1.235595159232616425e-02
1.242989022284746170e-02
1.238765846937894821e-02
1.231629587709903717e-02
1.222700532525777817e-02
1.220165286213159561e-02
1.225212682038545609e-02
1.238255295902490616e-02
1.257836073637008667e-02
1.284565962851047516e-02
1.320438366383314133e-02
1.320438366383314133e-02
1.363847497850656509e-02
1.410140935331583023e-02
1.454158313572406769e-02
1.492410246282815933e-02
1.519811712205410004e-02
1.532178744673728943e-02
1.540330518037080765e-02
1.545719429850578308e-02
1.547937933355569839e-02
1.556206308305263519e-02
1.556206308305263519e-02
1.576721481978893280e-02
1.597610116004943848e-02
1.640774495899677277e-02
1.686923578381538391e-02
1.746019348502159119e-02
1.797674782574176788e-02
1.832863502204418182e-02
1.840718463063240051e-02
1.810710877180099487e-02
1.767232269048690796e-02
1.767232269048690796e-02
1.722722128033638000e-02
1.674017123878002167e-02
1.629270613193511963e-02
1.593684963881969452e-02
1.569210924208164215e-02
1.551566086709499359e-02
1.542638614773750305e-02
1.534574758261442184e-02
1.532418187707662582e-02
1.531798485666513443e-02
1.531798485666513443e-02
1.504676602780818939e-02
1.473201438784599304e-02
1.438117958605289459e-02
1.403149496763944626e-02
1.376491971313953400e-02
1.356613729149103165e-02
1.336853299289941788e-02
1.325413957238197327e-02
1.323549076914787292e-02
1.325840316712856293e-02
1.325840316712856293e-02
1.329542137682437897e-02
1.347687188535928726e-02
1.380316819995641708e-02
1.418088842183351517e-02
1.454085577279329300e-02
1.480249967426061630e-02
1.495245564728975296e-02
1.500068139284849167e-02
1.499343197792768478e-02
1.489709597080945969e-02
1.489709597080945969e-02
1.475199405103921890e-02
1.463451888412237167e-02
1.448516454547643661e-02
1.435447018593549728e-02
1.418759115040302277e-02
1.396336406469345093e-02
1.373054087162017822e-02
1.351836603134870529e-02
1.330876257270574570e-02
1.307945325970649719e-02
1.307945325970649719e-02
1.291010063141584396e-02
1.277048047631978989e-02
1.256316341459751129e-02
1.237407419830560684e-02
1.226852834224700928e-02
1.220988016575574875e-02
1.219973247498273849e-02
1.228717621415853500e-02
1.242236327379941940e-02
1.262878999114036560e-02
1.262878999114036560e-02
1.289039757102727890e-02
1.307925116270780563e-02
1.322127506136894226e-02
1.328257285058498383e-02
1.322026085108518600e-02
1.318106334656476974e-02
1.318904478102922440e-02
1.317740045487880707e-02
1.309201680123806000e-02
1.300489250570535660e-02
1.300489250570535660e-02
1.291100587695837021e-02
1.278910320252180099e-02
1.271294802427291870e-02
1.262652501463890076e-02
1.258315891027450562e-02
1.268254779279232025e-02
1.278832741081714630e-02
1.291051041334867477e-02
1.296730898320674896e-02
1.293857116252183914e-02
1.293857116252183914e-02
1.284269522875547409e-02
1.283417921513319016e-02
1.291018165647983551e-02
1.304879877716302872e-02
1.323586888611316681e-02
1.353803090751171112e-02
1.377016585320234299e-02
1.392144151031970978e-02
1.399357058107852936e-02
1.398315746337175369e-02
1.398315746337175369e-02
1.391294971108436584e-02
1.387104578316211700e-02
1.384475175291299820e-02
1.384434290230274200e-02
1.388762518763542175e-02
1.402106415480375290e-02
1.421805191785097122e-02
1.443311199545860291e-02
1.468919962644577026e-02
1.494872104376554489e-02
1.494872104376554489e-02
1.518338546156883240e-02
1.531220320612192154e-02
1.533289812505245209e-02
1.521508861333131790e-02
1.505416538566350937e-02
1.485383976250886917e-02
1.462087593972682953e-02
1.428561098873615265e-02
1.397348754107952118e-02
1.352951955050230026e-02
1.352951955050230026e-02
1.313814148306846619e-02
1.276287250220775604e-02
1.240939181298017502e-02
1.206999365240335464e-02
1.175676845014095306e-02
1.144554279744625092e-02
1.129225455224514008e-02
1.118641160428524017e-02
1.111974660307168961e-02
1.114493329077959061e-02
1.114493329077959061e-02
1.121037453413009644e-02
1.130982767790555954e-02
1.145561039447784424e-02
1.161334291100502014e-02
1.176664140075445175e-02
1.197500154376029968e-02
1.212236098945140839e-02
1.226568501442670822e-02
1.255494356155395508e-02
1.287740003317594528e-02
1.287740003317594528e-02
1.322506181895732880e-02
1.407827250659465790e-02
1.488128583878278732e-02
1.563021913170814514e-02
1.639343611896038055e-02
1.719564571976661682e-02
1.794639602303504944e-02
1.850958354771137238e-02
1.887547038495540619e-02
1.909078098833560944e-02
1.909078098833560944e-02
1.923274435102939606e-02
1.933806948363780975e-02
1.946519687771797180e-02
1.965197175741195679e-02
1.983909122645854950e-02
1.998759061098098755e-02
2.007782645523548126e-02
2.011183090507984161e-02
2.011758647859096527e-02
1.998434774577617645e-02
1.998434774577617645e-02
1.985133439302444458e-02
1.955093257129192352e-02
1.917283423244953156e-02
1.868995651602745056e-02
1.828224770724773407e-02
1.796667650341987610e-02
1.766110211610794067e-02
1.749117858707904816e-02
1.740951091051101685e-02
1.730711571872234344e-02
1.730711571872234344e-02
1.707164943218231201e-02
1.669910922646522522e-02
1.626095734536647797e-02
1.565754972398281097e-02
1.513300836086273193e-02
1.467301044613122940e-02
1.484597194939851761e-02
1.501996163278818130e-02
1.501996163278818130e-02
1.524944789707660675e-02
1.524944789707660675e-02
1.542114466428756714e-02
1.552268862724304199e-02
1.555278524756431580e-02
1.547259557992219925e-02
1.528625097125768661e-02
1.496201846748590469e-02
1.452582702040672302e-02
1.396563556045293808e-02
1.344160269945859909e-02
1.301000919193029404e-02
1.301000919193029404e-02
1.272421237081289291e-02
1.256636343896389008e-02
1.249086018651723862e-02
1.247007120400667191e-02
1.264187879860401154e-02
1.297937054187059402e-02
1.342913974076509476e-02
1.382142957299947739e-02
1.408676709979772568e-02
1.429529581218957901e-02
1.429529581218957901e-02
1.433253008872270584e-02
1.422690693289041519e-02
1.398595236241817474e-02
1.365708839148283005e-02
1.333596091717481613e-02
1.303640659898519516e-02
1.272922381758689880e-02
1.244401745498180389e-02
1.219431590288877487e-02
1.195259299129247665e-02
