2.922874696474336148e-02
2.922874696474336148e-02
2.979129247252071747e-02
3.030227868745857464e-02
3.060000968128636506e-02
3.042695992018998666e-02
2.991367576945108339e-02
2.985555748446815441e-02
2.973493464766141167e-02
2.953515199390378820e-02
2.913852784649380301e-02
2.870921673536911897e-02
2.870921673536911897e-02
2.835912032326221369e-02
2.802683597838500837e-02
2.769374265166856322e-02
2.739186572309575476e-02
2.696479472069293615e-02
2.656638957912665563e-02
2.680278877651569649e-02
2.701469006591403904e-02
2.708070928765127228e-02
2.716898044923688957e-02
2.716898044923688957e-02
2.732821874928149583e-02
2.759539579940548104e-02
2.797241863155749964e-02
2.841537660063478063e-02
2.878762016029313628e-02
2.908347156661875502e-02
2.926037593321586736e-02
2.944115853671977132e-02
2.941673597288021330e-02
2.935671556665036749e-02
2.935671556665036749e-02
2.926586615891238474e-02
2.914500982001904522e-02
2.900630991064650707e-02
2.891642760188324959e-02
2.877282758672682419e-02
2.858535144011472434e-02
2.831093589848998615e-02
2.795116368297469525e-02
2.749899456014495008e-02
2.703653211717360963e-02
2.703653211717360963e-02
2.665493422796319165e-02
2.642591415173491803e-02
2.619192593355379461e-02
2.611696562730010315e-02
2.599899928483818956e-02
2.587864809694222917e-02
2.580891471039441221e-02
2.566712474852604967e-02
2.558632244370767292e-02
2.550095013919585069e-02
2.550095013919585069e-02
2.524233652481338436e-02
2.486519938085072351e-02
2.454097263085328745e-02
2.429931085791295353e-02
2.411836766009796060e-02
2.392499243659738928e-02
2.371344233913902713e-02
2.340818719001584725e-02
2.307644343460129796e-02
2.270976071907763669e-02
2.270976071907763669e-02
2.246915540107802603e-02
2.238034331509065195e-02
2.242270881232814872e-02
2.247602706476899484e-02
2.258227167502097066e-02
2.276125213624775184e-02
2.303289294406002038e-02
2.328121196253691086e-02
2.345228166513334614e-02
2.353720082915686240e-02
2.353720082915686240e-02
2.362780728507602943e-02
2.367035097385650905e-02
2.359179048091670020e-02
2.362637641778721556e-02
2.365171140582240927e-02
2.369268075793050030e-02
2.355720209084268685e-02
2.340040239633151345e-02
2.328112716197100474e-02
2.317995760074184272e-02
2.317995760074184272e-02
2.322511397861074661e-02
2.328952468208234788e-02
2.344463371560566792e-02
2.378272292122779810e-02
2.415374360607679127e-02
2.452900330700994586e-02
2.495239322571744453e-02
2.504989872290122599e-02
2.503627232347574796e-02
2.507199521405929082e-02
2.507199521405929082e-02
2.533256593220743758e-02
2.532923309744234547e-02
2.532805419969639399e-02
2.516769335306852720e-02
2.498255882652043042e-02
2.483483203364546602e-02
2.486390476195046370e-02
2.480499508788882451e-02
2.480373833565403460e-02
2.483553949323180979e-02
2.483553949323180979e-02
2.481794300945718706e-02
2.468308473057193725e-02
2.465321453214465441e-02
2.446349083824518947e-02
2.417809045617828195e-02
2.392674443718271343e-02
2.369495035910030092e-02
2.355712934316236615e-02
2.348507796293076988e-02
2.329308810659901433e-02
2.329308810659901433e-02
2.303485119048655216e-02
2.283570678770276488e-02
2.276916844476636198e-02
2.280498111751455906e-02
2.289293139268882421e-02
2.289050925270735143e-02
2.297018416308613253e-02
2.302523983913143737e-02
2.306291538459458168e-02
2.311190948972994055e-02
2.311190948972994055e-02
2.311223436317108235e-02
2.302686406277004022e-02
2.302836607571562277e-02
2.299651188733711077e-02
2.301809918891573742e-02
2.291342875307836313e-02
2.285669782725783042e-02
2.283235725747477518e-02
2.269606630434430061e-02
2.250905421497378933e-02
2.250905421497378933e-02
2.231765772876502171e-02
2.223290587771865542e-02
2.203404050604988382e-02
2.190130172490300717e-02
2.180126921493661871e-02
2.166457026618374623e-02
2.167638270438917297e-02
2.173991676532117251e-02
2.173794608377407900e-02
2.164594263165769278e-02
2.164594263165769278e-02
2.159551346244930822e-02
2.149825330262430251e-02
2.125662094607803573e-02
1.961464945417409553e-02
1.816461927377366337e-02
1.695536487188048155e-02
1.591756872451700888e-02
1.501404424990494986e-02
1.423534776905433473e-02
1.355784916204528200e-02
1.355784916204528200e-02
1.297605049524338042e-02
1.248539756506171147e-02
1.208205064338949662e-02
1.176091481286719968e-02
1.149308060184125665e-02
1.130354059500993449e-02
1.118304225629037155e-02
1.113096094635805493e-02
1.113425880550601883e-02
1.119865863512997314e-02
1.119865863512997314e-02
1.125180813667745437e-02
1.134374755071688480e-02
1.149145193951574100e-02
1.171061231637595366e-02
1.193815921510131203e-02
1.221356408209123279e-02
1.255590369571409591e-02
1.294413074342687028e-02
1.332996831967097999e-02
1.371907868682448531e-02
1.371907868682448531e-02
1.409791562623487204e-02
1.440485744414130020e-02
1.463064140339371925e-02
1.477537235403075105e-02
1.488672495422790031e-02
1.497834904852669152e-02
1.490442279238160701e-02
1.482863338111169160e-02
1.476235819718692104e-02
1.467860722474814174e-02
1.467860722474814174e-02
1.448810363542303754e-02
1.433143735789017131e-02
1.412560623878102682e-02
1.389146428003507940e-02
1.370364027057789300e-02
1.357910225577170504e-02
1.348878593108021606e-02
1.344351050075028378e-02
1.345423489158913480e-02
1.348201845513698725e-02
1.348201845513698725e-02
1.346518159329111904e-02
1.353679774839265312e-02
1.358205221730933963e-02
1.366688667766691352e-02
1.371160786696573770e-02
1.364556413382523106e-02
1.353613789745604888e-02
1.343326853861930882e-02
1.319021163387896177e-02
1.295130120796894602e-02
1.295130120796894602e-02
1.283602502763176063e-02
1.277301525106352281e-02
1.275334063591808918e-02
1.269199278431831779e-02
1.258015799144510116e-02
1.248921683378364372e-02
1.242317781107181787e-02
1.237048094340666322e-02
1.234232547879022396e-02
1.232030602594355768e-02
1.232030602594355768e-02
1.233229451338699323e-02
1.241075031455883722e-02
1.255039914625161526e-02
1.271343222201696058e-02
1.291079982732031180e-02
1.309657552897368175e-02
1.329540126294688658e-02
1.343365005702882621e-02
1.353474238334483222e-02
1.357405346945649537e-02
1.357405346945649537e-02
1.353553531539953766e-02
1.348883760260682733e-02
1.348654458421523310e-02
1.352681974572320436e-02
1.359759851492059121e-02
1.372920671737039994e-02
1.385237356915298285e-02
1.399494545485564442e-02
1.415885327380843849e-02
1.438873694238413346e-02
1.438873694238413346e-02
1.466140028877636024e-02
1.499177525003175630e-02
1.527843658304663989e-02
1.527843658304663989e-02
1.553871920063612175e-02
1.582363594330689002e-02
1.605773805275671762e-02
1.628155858934464059e-02
1.644128373079320471e-02
1.660717593970889236e-02
1.660717593970889236e-02
1.673929508559500456e-02
1.683381179701478117e-02
1.687038378491808807e-02
1.693420315033762960e-02
1.692128511665968310e-02
1.692283508298763131e-02
1.687958020190298558e-02
1.677369464603298277e-02
1.668885297982712623e-02
1.660655236801843876e-02
1.660655236801843876e-02
1.648282729404341312e-02
1.634066465975826318e-02
1.616978616182557921e-02
1.598916120423214682e-02
1.578244349467561314e-02
1.558169631229025173e-02
1.537117958748494655e-02
1.520587367628276586e-02
1.497826495421672975e-02
1.477276909459270850e-02
1.477276909459270850e-02
1.464004697748135311e-02
1.450437990917710640e-02
1.437871667783017365e-02
1.426475276711992521e-02
1.418721072019216677e-02
1.411726915938108472e-02
1.408742194033860660e-02
1.406878764202187070e-02
1.403349281722435053e-02
1.396565405433481885e-02
1.396565405433481885e-02
1.388573652936405355e-02
1.384016212361171595e-02
1.385887319300846583e-02
1.392072067465884022e-02
1.399015412198212002e-02
1.406132675782989158e-02
1.407267267071762341e-02
1.409662135698867488e-02
1.401702231610059066e-02
1.390381627200442879e-02
1.390381627200442879e-02
1.374490274866300120e-02
1.357610862675773765e-02
1.340527736429098817e-02
1.319275578077992901e-02
1.291137368538929769e-02
1.260550388216195514e-02
1.231161236120347120e-02
1.207195532614068617e-02
1.192020381995913779e-02
1.177268896514068602e-02
1.177268896514068602e-02
1.166524551211225481e-02
1.156438944294275843e-02
1.150054421541703981e-02
1.146832298918897507e-02
1.144824968230389629e-02
1.146355457859635565e-02
1.144656810572451319e-02
1.106608647271448663e-02
1.074813201822390381e-02
1.052958035137725908e-02
1.052958035137725908e-02
1.040234536460727527e-02
1.028630802830972010e-02
1.026770332445832261e-02
1.028988080302391771e-02
1.032919886701495586e-02
1.034542859089340912e-02
1.042840104453616676e-02
1.054501466561784569e-02
1.064977462303639058e-02
1.080382022818087220e-02
1.080382022818087220e-02
1.098191810000255682e-02
1.123261590243687484e-02
1.149315626641108506e-02
1.173895966580123552e-02
1.202004867256399601e-02
1.228921168206165322e-02
1.257283497495985738e-02
1.257283497495985738e-02
1.257283497495985738e-02
1.275897208032684797e-02
1.275897208032684797e-02
1.286986206753689549e-02
1.293320256512138500e-02
1.295310962948964875e-02
1.289804466116157948e-02
1.275695157569758410e-02
1.253842726755779666e-02
1.229068556051834266e-02
1.204954784817063862e-02
1.184537993634766223e-02
1.167862963487878436e-02
1.167862963487878436e-02
1.149835160995013594e-02
1.132684529803771462e-02
1.113208998052846697e-02
1.103843511785036931e-02
1.088223744676295075e-02
1.073843753668204254e-02
1.058777099361695763e-02
1.051327504154375876e-02
1.042777487305159533e-02
1.033319237014092978e-02
1.033319237014092978e-02
1.030947001499821561e-02
1.028228477362920674e-02
1.026836703620882633e-02
1.022112084975124180e-02
1.016437812313885670e-02
1.006669304057790891e-02
9.826931802650006043e-03
9.634109722056765149e-03
9.442282750112409445e-03
9.287408045066876047e-03
9.287408045066876047e-03
9.133546554048412383e-03
9.018246137103946847e-03
8.928947616453583938e-03
8.819045471771435468e-03
8.712703636829473297e-03
8.608127915018160339e-03
8.494036454373419046e-03
8.376785598949056458e-03
8.332605484021432182e-03
8.278196648200857391e-03
8.278196648200857391e-03
8.178101494648412628e-03
8.112983742187981906e-03
8.107001982566799589e-03
8.080763349348468044e-03
8.040705731598877387e-03
7.953458120516983601e-03
7.888338140123980075e-03
7.755435786492513237e-03
7.176481473968182589e-03
6.621308658306549258e-03
6.621308658306549258e-03
5.954575467429268180e-03
5.345145830975999747e-03
4.840167716774903574e-03
4.555852354089417501e-03
4.379422653453240305e-03
4.315629599363423122e-03
4.287696503357177683e-03
4.281084735235330188e-03
4.201744295470976123e-03
4.060527231081432174e-03
4.060527231081432174e-03
3.972003843224275986e-03
3.990895885418796821e-03
4.097421825546115372e-03
4.097421825546115372e-03
4.097421825546115372e-03
4.107349311242311160e-03
4.110967504075101198e-03
4.125824258515906756e-03
4.112528969786636256e-03
4.072360820140127381e-03
