3.873722627758979797e-02
3.873722627758979797e-02
3.809554502367973328e-02
3.746641799807548523e-02
3.684452176094055176e-02
3.649272397160530090e-02
3.608471900224685669e-02
3.599701449275016785e-02
3.591109812259674072e-02
3.591160476207733154e-02
3.594764322042465210e-02
3.591184690594673157e-02
3.591184690594673157e-02
3.578920662403106689e-02
3.545346856117248535e-02
3.527594357728958130e-02
3.525109961628913879e-02
3.538497164845466614e-02
3.560001775622367859e-02
3.583293780684471130e-02
3.602345287799835205e-02
3.613272309303283691e-02
3.636156767606735229e-02
3.636156767606735229e-02
3.671918436884880066e-02
3.702745214104652405e-02
3.736866638064384460e-02
3.765162453055381775e-02
3.800368309020996094e-02
3.821770846843719482e-02
3.832710906863212585e-02
3.854027390480041504e-02
3.873594850301742554e-02
3.869399055838584900e-02
3.869399055838584900e-02
3.889931738376617432e-02
3.908409550786018372e-02
3.934454172849655151e-02
3.954204916954040527e-02
3.968975320458412170e-02
3.978947177529335022e-02
3.969676047563552856e-02
3.960877284407615662e-02
3.953026607632637024e-02
3.972273692488670349e-02
3.972273692488670349e-02
3.978890553116798401e-02
3.992173820734024048e-02
4.020079225301742554e-02
4.051590710878372192e-02
4.147032275795936584e-02
4.228577762842178345e-02
4.297381639480590820e-02
4.355664178729057312e-02
4.404890164732933044e-02
4.450820758938789368e-02
4.450820758938789368e-02
4.481806606054306030e-02
4.501669853925704956e-02
4.511227831244468689e-02
4.508198052644729614e-02
4.505503177642822266e-02
4.486978054046630859e-02
4.466298967599868774e-02
4.439763352274894714e-02
4.412429034709930420e-02
4.384380951523780823e-02
4.384380951523780823e-02
4.352316260337829590e-02
4.316692799329757690e-02
4.281757026910781860e-02
4.248350486159324646e-02
4.216914996504783630e-02
4.187579452991485596e-02
4.156738519668579102e-02
4.125829413533210754e-02
4.098655283451080322e-02
4.073796421289443970e-02
4.073796421289443970e-02
4.048025608062744141e-02
4.030381143093109131e-02
4.015182703733444214e-02
4.007254168391227722e-02
4.005491733551025391e-02
3.995898365974426270e-02
3.984663635492324829e-02
3.977213427424430847e-02
3.969814628362655640e-02
3.961594402790069580e-02
3.961594402790069580e-02
3.952465578913688660e-02
3.954225778579711914e-02
3.955534845590591431e-02
3.959960490465164185e-02
3.964296728372573853e-02
3.986031562089920044e-02
4.001441970467567444e-02
4.012744873762130737e-02
4.026363044977188110e-02
4.039914533495903015e-02
4.039914533495903015e-02
4.050155729055404663e-02
4.061145335435867310e-02
4.067799448966979980e-02
4.073223471641540527e-02
4.076778516173362732e-02
4.077278450131416321e-02
4.071272537112236023e-02
4.052289575338363647e-02
4.018826410174369812e-02
3.987962007522583008e-02
3.987962007522583008e-02
3.959915041923522949e-02
3.930344060063362122e-02
3.900395706295967102e-02
3.867408633232116699e-02
3.832887485623359680e-02
3.796315938234329224e-02
3.757054731249809265e-02
3.720673173666000366e-02
3.691602870821952820e-02
3.666524589061737061e-02
3.666524589061737061e-02
3.637114912271499634e-02
3.611432388424873352e-02
3.592519462108612061e-02
3.577335923910140991e-02
3.563603013753890991e-02
3.560176491737365723e-02
3.562927246093750000e-02
3.563830628991127014e-02
3.570043668150901794e-02
3.578608483076095581e-02
3.578608483076095581e-02
3.595389425754547119e-02
3.605233877897262573e-02
3.611119091510772705e-02
3.618876263499259949e-02
3.634177148342132568e-02
3.612311556935310364e-02
3.602762892842292786e-02
3.594943135976791382e-02
3.584871068596839905e-02
3.579694032669067383e-02
3.579694032669067383e-02
3.576581552624702454e-02
3.563303500413894653e-02
3.557615354657173157e-02
3.554740175604820251e-02
3.550876304507255554e-02
3.548822924494743347e-02
3.544203191995620728e-02
3.540365397930145264e-02
3.538127243518829346e-02
3.525195643305778503e-02
3.525195643305778503e-02
3.519370779395103455e-02
3.514533862471580505e-02
3.505968302488327026e-02
3.491979464888572693e-02
3.477640822529792786e-02
3.464826196432113647e-02
3.450299054384231567e-02
3.443915024399757385e-02
3.438591957092285156e-02
3.450541198253631592e-02
3.450541198253631592e-02
3.453348577022552490e-02
3.457963094115257263e-02
3.458569571375846863e-02
3.450610861182212830e-02
3.448705747723579407e-02
3.444176912307739258e-02
3.436310216784477234e-02
3.427937999367713928e-02
3.411642462015151978e-02
3.410544991493225098e-02
3.410544991493225098e-02
3.407312184572219849e-02
3.405258059501647949e-02
3.398121148347854614e-02
3.389655426144599915e-02
3.375170752406120300e-02
3.356131166219711304e-02
3.334757685661315918e-02
3.309609368443489075e-02
3.285132348537445068e-02
3.262763470411300659e-02
3.262763470411300659e-02
3.241968527436256409e-02
3.222674503922462463e-02
3.215694427490234375e-02
3.204602003097534180e-02
3.194648399949073792e-02
3.182361274957656860e-02
3.178100287914276123e-02
3.174249082803726196e-02
3.171933442354202271e-02
3.169954568147659302e-02
3.169954568147659302e-02
3.176089376211166382e-02
3.179035335779190063e-02
3.192633762955665588e-02
3.197888284921646118e-02
3.196288645267486572e-02
3.183558210730552673e-02
3.164083510637283325e-02
3.148139268159866333e-02
3.131108358502388000e-02
3.106424957513809204e-02
3.106424957513809204e-02
3.078703582286834717e-02
3.043616004288196564e-02
3.002417646348476410e-02
2.951892279088497162e-02
2.951892279088497162e-02
2.905873768031597137e-02
2.848592400550842285e-02
2.790737524628639221e-02
2.729882858693599701e-02
2.673098444938659668e-02
2.673098444938659668e-02
2.625249698758125305e-02
2.587919123470783234e-02
2.556532435119152069e-02
2.540220692753791809e-02
2.540220692753791809e-02
2.540220692753791809e-02
2.527728863060474396e-02
2.512515708804130554e-02
2.490335144102573395e-02
2.465231716632843018e-02
2.465231716632843018e-02
2.445070818066596985e-02
2.437349408864974976e-02
2.425707131624221802e-02
2.418949827551841736e-02
2.413965389132499695e-02
2.412071637809276581e-02
2.413689531385898590e-02
2.416181005537509918e-02
2.419456839561462402e-02
2.414080686867237091e-02
2.414080686867237091e-02
2.410552836954593658e-02
2.404771372675895691e-02
2.400362119078636169e-02
2.395374700427055359e-02
2.390331029891967773e-02
2.382411994040012360e-02
2.379505522549152374e-02
2.379073575139045715e-02
2.372754737734794617e-02
2.364232391119003296e-02
2.364232391119003296e-02
2.354068309068679810e-02
2.342920191586017609e-02
2.347844094038009644e-02
2.346707321703433990e-02
2.344152517616748810e-02
2.329689636826515198e-02
2.310773916542530060e-02
2.297540754079818726e-02
2.283442020416259766e-02
2.269729971885681152e-02
2.269729971885681152e-02
2.246914058923721313e-02
2.237684465944766998e-02
2.214726246893405914e-02
2.194511145353317261e-02
2.175489440560340881e-02
2.174584381282329559e-02
2.166910283267498016e-02
2.156896889209747314e-02
2.143124677240848541e-02
2.119962312281131744e-02
2.119962312281131744e-02
2.099294215440750122e-02
2.085569500923156738e-02
2.069796435534954071e-02
2.055076137185096741e-02
2.043023146688938141e-02
2.030633389949798584e-02
2.013125456869602203e-02
2.002649381756782532e-02
2.006859704852104187e-02
2.022672444581985474e-02
2.022672444581985474e-02
2.036584541201591492e-02
2.036584541201591492e-02
2.057802677154541016e-02
2.070598118007183075e-02
2.079191431403160095e-02
2.085665427148342133e-02
2.090409770607948303e-02
2.098148688673973083e-02
2.106029167771339417e-02
2.114086411893367767e-02
2.114086411893367767e-02
2.116666361689567566e-02
2.134803868830204010e-02
2.143064327538013458e-02
2.152826823294162750e-02
2.163368277251720428e-02
2.174080535769462585e-02
2.194099314510822296e-02
2.216999605298042297e-02
2.223546430468559265e-02
2.220218814909458160e-02
2.220218814909458160e-02
2.221230417490005493e-02
2.223650552332401276e-02
2.225259132683277130e-02
2.228995412588119507e-02
2.227805368602275848e-02
2.222475409507751465e-02
2.205324918031692505e-02
2.191342413425445557e-02
2.174326404929161072e-02
2.162376418709754944e-02
2.162376418709754944e-02
2.159857936203479767e-02
2.161346189677715302e-02
2.154243737459182739e-02
2.150680683553218842e-02
2.150944620370864868e-02
2.155248075723648071e-02
2.145323529839515686e-02
2.135708555579185486e-02
2.129332162439823151e-02
2.133532427251338959e-02
2.133532427251338959e-02
2.142446674406528473e-02
2.149796858429908752e-02
2.156628854572772980e-02
2.162696793675422668e-02
2.170474268496036530e-02
2.182842791080474854e-02
2.194019407033920288e-02
2.214785479009151459e-02
2.234074845910072327e-02
2.248967811465263367e-02
2.248967811465263367e-02
2.267495356500148773e-02
2.292664721608161926e-02
2.329669892787933350e-02
2.373247779905796051e-02
2.418669313192367554e-02
2.456460520625114441e-02
2.476992458105087280e-02
2.490502782166004181e-02
2.506996504962444305e-02
2.522432617843151093e-02
2.522432617843151093e-02
2.541808038949966431e-02
2.560908906161785126e-02
2.567012980580329895e-02
2.562444843351840973e-02
2.562423236668109894e-02
2.555173821747303009e-02
2.549895085394382477e-02
2.536885440349578857e-02
2.534624934196472168e-02
2.532752789556980133e-02
2.532752789556980133e-02
2.535845339298248291e-02
2.541365101933479309e-02
2.553843893110752106e-02
2.566202543675899506e-02
2.580599673092365265e-02
2.596783638000488281e-02
2.617001347243785858e-02
2.655267529189586639e-02
2.694437280297279358e-02
2.728507667779922485e-02
2.728507667779922485e-02
2.755943685770034790e-02
2.777444198727607727e-02
2.778207138180732727e-02
2.777237817645072937e-02
2.777237817645072937e-02
2.777237817645072937e-02
2.777237817645072937e-02
2.768822573125362396e-02
2.741229534149169922e-02
2.714616060256958008e-02
2.714616060256958008e-02
2.692843228578567505e-02
2.675550803542137146e-02
2.666806988418102264e-02
2.652223035693168640e-02
2.635616622865200043e-02
2.633014880120754242e-02
2.625228464603424072e-02
2.621656656265258789e-02
2.616853080689907074e-02
2.622209489345550537e-02
2.622209489345550537e-02
2.626681514084339142e-02
2.634968794882297516e-02
2.639679983258247375e-02
2.650144882500171661e-02
2.666403912007808685e-02
2.682247012853622437e-02
2.695522829890251160e-02
2.702111005783081055e-02
2.703043632209300995e-02
2.690673433244228363e-02
2.690673433244228363e-02
2.671633847057819366e-02
2.653609775006771088e-02
2.656823769211769104e-02
2.671444788575172424e-02
2.713394723832607269e-02
2.765854261815547943e-02
2.804958634078502655e-02
2.818856388330459595e-02
2.818305604159832001e-02
2.802079543471336365e-02
2.802079543471336365e-02
2.776182070374488831e-02
2.746133320033550262e-02
2.715040929615497589e-02
2.686955034732818604e-02
2.661099098622798920e-02
2.638088352978229523e-02
2.606086991727352142e-02
2.571390010416507721e-02
2.534583210945129395e-02
2.504283003509044647e-02
2.504283003509044647e-02
2.476688474416732788e-02
2.451075986027717590e-02
2.431868389248847961e-02
2.426972240209579468e-02
2.426079846918582916e-02
2.419362403452396393e-02
2.412724494934082031e-02
2.416328340768814087e-02
2.418866939842700958e-02
2.422671765089035034e-02
