2.550180389345400086e-03
2.550180389345400086e-03
1.693174690301725701e-03
2.428737069531058685e-03
2.943898778063119056e-03
2.946789775505596811e-03
2.767211333048114584e-03
2.461574867378904605e-03
2.227851342221433360e-03
2.355962596918906304e-03
2.762807366628446289e-03
3.118785801470349943e-03
3.118785801470349943e-03
3.223203174792252726e-03
3.353781011812888031e-03
3.482023465472373642e-03
3.417763462018838863e-03
3.163813785272814785e-03
2.784893521220479628e-03
2.474345157282399968e-03
2.347510000024702163e-03
2.400796647974092098e-03
2.498300301014037654e-03
2.498300301014037654e-03
2.564933702738550220e-03
2.484648294413980933e-03
2.626089493434021795e-03
2.658616421568230775e-03
2.528680720285839817e-03
2.425998294824522391e-03
2.268793704975221714e-03
2.226270835534586209e-03
2.364561204327838336e-03
2.533854810779739668e-03
2.533854810779739668e-03
2.747821171015721667e-03
2.999369993698551388e-03
3.240621587632568860e-03
3.416728889669972194e-03
3.445149834905277507e-03
3.262404333247860728e-03
3.102690521342157774e-03
3.057958396695932991e-03
2.923758969003353511e-03
2.746948885284033071e-03
2.746948885284033071e-03
2.500417807234374401e-03
2.310756874697972221e-03
2.278060530838156138e-03
2.429626982170708313e-03
2.800501407459947238e-03
3.206717051840646347e-03
3.591452317332550180e-03
3.818783805612352075e-03
3.792383792125066794e-03
3.700438591370037913e-03
3.700438591370037913e-03
3.429521387154814329e-03
3.067711186189554969e-03
2.699047055500206852e-03
2.447862159342503036e-03
2.435002833498271617e-03
2.510347800282472681e-03
2.613870808303886406e-03
2.707604423507918578e-03
2.751955750189816457e-03
2.729400653941692779e-03
2.729400653941692779e-03
2.618273239094107748e-03
2.452432104714127609e-03
2.263982863623269139e-03
2.055812723450825032e-03
1.966480827788746888e-03
1.871064150236241824e-03
1.647451347728375037e-03
1.624774173826719998e-03
1.774282260634141512e-03
1.945494414051233707e-03
1.945494414051233707e-03
2.092628899932951533e-03
2.286107017842927552e-03
2.313446215354906035e-03
2.264045106430848629e-03
2.087903028090982126e-03
1.884581332622677421e-03
1.693402409877035192e-03
1.467191066242045337e-03
1.278044127590119124e-03
1.191565635443507390e-03
1.191565635443507390e-03
1.172532800897732683e-03
1.175599084428956926e-03
1.356749662013292685e-03
1.664646108800061719e-03
1.846064566349320864e-03
1.849100016685225906e-03
1.741149979132701996e-03
1.410923613757005413e-03
1.307233566251551383e-03
1.324213518225858576e-03
1.324213518225858576e-03
1.398239709475128508e-03
1.633651628952807007e-03
1.955108742991616255e-03
2.251827898996205252e-03
2.260679529287014638e-03
2.100078748908051907e-03
1.920277120409130114e-03
1.853098046449077295e-03
1.951019945930325839e-03
2.105867690815318560e-03
2.105867690815318560e-03
2.272973411273179322e-03
2.358469478513712352e-03
2.430628485143070030e-03
2.499319163060060960e-03
2.310814092746516640e-03
2.126307538700263674e-03
1.869434883172074431e-03
1.651248045793744356e-03
1.543791290298604253e-03
1.627304809030230819e-03
1.627304809030230819e-03
1.815090068278702676e-03
1.942548463562631094e-03
1.935832114928639266e-03
1.806041287175562610e-03
1.699292191636013081e-03
1.706028190249301397e-03
1.901729566257531106e-03
2.205367197161728961e-03
2.478774346208766077e-03
2.524972593704285714e-03
2.524972593704285714e-03
2.493181400820918252e-03
2.363377601112489051e-03
2.296139220006480040e-03
2.111212264951445663e-03
1.769149472372069654e-03
1.560318258688961303e-03
1.460264775348735699e-03
1.483466749800946933e-03
1.494968521219333050e-03
1.535764326824947323e-03
1.535764326824947323e-03
1.591537600533730022e-03
1.686113362150196485e-03
1.605268130283526778e-03
1.572940283002495672e-03
1.605890820366943439e-03
1.808039289884034095e-03
1.944095231285368312e-03
2.060584785384413174e-03
2.086544674393853768e-03
2.033321487475998630e-03
2.033321487475998630e-03
1.904791509731621141e-03
1.661535056061236608e-03
1.425399106076750402e-03
1.382229665717793834e-03
1.512680818464589910e-03
1.651569832947118698e-03
1.675387545531834086e-03
1.684797685508582872e-03
1.681615770838544707e-03
1.705276929749168207e-03
1.705276929749168207e-03
1.675950042426233369e-03
1.625000935943957895e-03
1.632371145368540855e-03
1.573353931242118132e-03
1.402639828805770554e-03
1.279775595760082249e-03
1.274631918639942355e-03
1.450407717375294496e-03
1.676490666949877152e-03
1.792737081494451138e-03
1.792737081494451138e-03
1.795384685388381378e-03
1.684765241001680595e-03
1.524912905929774569e-03
1.239689388714822031e-03
1.049896233708649471e-03
1.038847461655734985e-03
1.237313756173507358e-03
1.604670426898038068e-03
1.888146736950780400e-03
1.947232477130416252e-03
1.947232477130416252e-03
1.911301478595370598e-03
1.699172464756195430e-03
1.427164426620277380e-03
1.213467111615890116e-03
1.192624260177083421e-03
1.262671953818856512e-03
1.389740365243670797e-03
1.434854389267644107e-03
1.569544589729126183e-03
1.670623294814388600e-03
1.670623294814388600e-03
1.777126482522715977e-03
1.824493449145602603e-03
1.868437566891456222e-03
2.053095548761684104e-03
2.206261899123332371e-03
2.258507985570780679e-03
2.204156845621916758e-03
2.208287307074621123e-03
2.112086376387320615e-03
2.040610336519428636e-03
2.040610336519428636e-03
1.984453737729126657e-03
1.912891018634077034e-03
1.789683358130108497e-03
1.746121890303044830e-03
1.813158130000986148e-03
1.984590484444375292e-03
2.107502648110070199e-03
2.084748094507673372e-03
2.092099989881531386e-03
2.123877621756792029e-03
2.123877621756792029e-03
2.131857399708262605e-03
2.223169371459954909e-03
2.298474427731498661e-03
2.356022922890025403e-03
2.389596386170276653e-03
2.297538182315202442e-03
2.219646569540822522e-03
2.116017328408315717e-03
1.982934755734475432e-03
1.823730169153077148e-03
1.823730169153077148e-03
1.757785904269386790e-03
1.777146335577860703e-03
1.849905619016623329e-03
1.903625169108594251e-03
2.042595795453675065e-03
2.062819531197366933e-03
2.075755772566433011e-03
2.075939538262879750e-03
1.978166501030856946e-03
1.881346463382174315e-03
1.881346463382174315e-03
1.752415337954351358e-03
1.694492474115814667e-03
1.814423502849423029e-03
1.998485237715647012e-03
2.028752147537899852e-03
1.914387206956431192e-03
1.655197672923875872e-03
1.566660849977360298e-03
1.600057814040346631e-03
1.648826835012134895e-03
1.648826835012134895e-03
1.647660662347276428e-03
1.630780694369203272e-03
1.641357121186605645e-03
1.585352974337743024e-03
1.649043799154603380e-03
1.682982628363868935e-03
1.713401593674554208e-03
1.684360708984158038e-03
1.531846874868741590e-03
1.351791774367669136e-03
