2.610394172370433807e-02
3.001848049461841583e-02
3.203388303518295288e-02
3.480659425258636475e-02
3.805736079812049866e-02
4.096131771802902222e-02
4.478073120117187500e-02
4.647943750023841858e-02
4.640500247478485107e-02
4.619933292269706726e-02
4.570109397172927856e-02
4.570109397172927856e-02
4.654009640216827393e-02
4.711660742759704590e-02
4.721968993544578552e-02
4.713196307420730591e-02
4.851963743567466736e-02
4.945656657218933105e-02
4.919680953025817871e-02
4.874454438686370850e-02
4.853136092424392700e-02
4.800817370414733887e-02
4.800817370414733887e-02
4.671422392129898071e-02
4.526397958397865295e-02
4.307528585195541382e-02
4.078572243452072144e-02
3.824616223573684692e-02
3.559868410229682922e-02
3.321654349565505981e-02
3.114926628768444061e-02
2.925145439803600311e-02
2.748835831880569458e-02
2.748835831880569458e-02
2.688604779541492462e-02
2.597381733357906342e-02
2.524902857840061188e-02
2.468925900757312775e-02
2.425364032387733459e-02
2.402815967798233032e-02
2.361110411584377289e-02
2.322372980415821075e-02
2.319771423935890198e-02
2.263788692653179169e-02
2.263788692653179169e-02
2.241719886660575867e-02
2.133574523031711578e-02
2.021695859730243683e-02
1.919526606798171997e-02
1.735932566225528717e-02
1.537787076085805893e-02
1.336782518774271011e-02
1.157687325030565262e-02
1.006720494478940964e-02
9.167208336293697357e-03
9.167208336293697357e-03
8.347046561539173126e-03
8.165404200553894043e-03
8.462170138955116272e-03
9.497754275798797607e-03
1.033266726881265640e-02
1.095109898597002029e-02
1.184766553342342377e-02
1.286684814840555191e-02
1.479450799524784088e-02
1.704751700162887573e-02
1.704751700162887573e-02
1.868061535060405731e-02
1.973480172455310822e-02
2.072581835091114044e-02
2.122708596289157867e-02
2.123275026679039001e-02
2.085138112306594849e-02
2.060325443744659424e-02
2.052790112793445587e-02
2.063150890171527863e-02
2.164689823985099792e-02
2.164689823985099792e-02
2.281108498573303223e-02
2.399935200810432434e-02
2.556641213595867157e-02
2.689338289201259613e-02
2.804926410317420959e-02
2.944705262780189514e-02
3.083038516342639923e-02
3.214125707745552063e-02
3.321746364235877991e-02
3.410053998231887817e-02
3.410053998231887817e-02
3.557248041033744812e-02
3.708387911319732666e-02
3.866488113999366760e-02
3.986408188939094543e-02
4.065906256437301636e-02
4.106797277927398682e-02
4.102607071399688721e-02
3.988338634371757507e-02
3.846936672925949097e-02
3.704844042658805847e-02
3.704844042658805847e-02
3.575857728719711304e-02
3.456135094165802002e-02
3.358098492026329041e-02
3.303731605410575867e-02
3.287104517221450806e-02
3.271753340959548950e-02
3.267934173345565796e-02
3.325349837541580200e-02
3.378294780850410461e-02
3.409934043884277344e-02
3.409934043884277344e-02
3.391484171152114868e-02
3.339732065796852112e-02
3.272904828190803528e-02
3.225885704159736633e-02
3.223343566060066223e-02
3.266846761107444763e-02
3.309936448931694031e-02
3.431764990091323853e-02
3.559088334441184998e-02
3.723183646798133850e-02
3.723183646798133850e-02
3.813209384679794312e-02
3.915615752339363098e-02
3.985774144530296326e-02
4.041923955082893372e-02
4.094846174120903015e-02
4.117753729224205017e-02
4.096539318561553955e-02
4.043665528297424316e-02
4.037310928106307983e-02
3.980332612991333008e-02
3.980332612991333008e-02
4.028696939349174500e-02
3.983017802238464355e-02
3.979818522930145264e-02
4.046136140823364258e-02
4.173189774155616760e-02
4.341819509863853455e-02
4.506396874785423279e-02
4.651070013642311096e-02
4.784621670842170715e-02
4.968003928661346436e-02
