2.344623615936864205e-02
2.344623615936864205e-02
2.267439762624947827e-02
2.208871898261666536e-02
2.153525177178173058e-02
2.085537352632855709e-02
2.014709202698720600e-02
1.987545572229440505e-02
1.939735252599887258e-02
1.906847501883284640e-02
1.860975667190259072e-02
1.812294517132214539e-02
1.812294517132214539e-02
1.781727546387592773e-02
1.776171562250522529e-02
1.770331843884286049e-02
1.768169268499596505e-02
1.776238756515901088e-02
1.775618440610873816e-02
1.763221516876804784e-02
1.769585472501111409e-02
1.781066873372479445e-02
1.789896190056423919e-02
1.789896190056423919e-02
1.793062376507377487e-02
1.782884014136331199e-02
1.775536009459080522e-02
1.765582264810305890e-02
1.771206306302898145e-02
1.773517255382985394e-02
1.782655050258045298e-02
1.780398169449769891e-02
1.766786561767942285e-02
1.749241845569336068e-02
1.749241845569336068e-02
1.714623720234200246e-02
1.677062705717304036e-02
1.677062705717304036e-02
1.630512328851963996e-02
1.582949715928679002e-02
1.545114789409341403e-02
1.522158758656148685e-02
1.497970371089846209e-02
1.483814344162775502e-02
1.473666242991473856e-02
1.473666242991473856e-02
1.480676602004158890e-02
1.493039935467066828e-02
1.494129814990161065e-02
1.500738082132080202e-02
1.507454660017830059e-02
1.527368626631650343e-02
1.549247018177124513e-02
1.567963361193793620e-02
1.588865195355338572e-02
1.602982630252132792e-02
1.602982630252132792e-02
1.615706583473566424e-02
1.640807986685488204e-02
1.666063207761338608e-02
1.678465957765861230e-02
1.673421275917153991e-02
1.660003921534601232e-02
1.622507844549276462e-02
1.586755928822413189e-02
1.550193003558336322e-02
1.526990106303051722e-02
1.526990106303051722e-02
1.496582422614903263e-02
1.479236236261937711e-02
1.474860548659638268e-02
1.486056083155156381e-02
1.506539248216890413e-02
1.536383616436640294e-02
1.544979188892693471e-02
1.549803191157919473e-02
1.547614074478735786e-02
1.561325719666304020e-02
1.561325719666304020e-02
1.574554154492121411e-02
1.584282292626027280e-02
1.583307429314890699e-02
1.563588785912407159e-02
1.541693756888449021e-02
1.529925808937852676e-02
1.526614183711758228e-02
1.506793083708267596e-02
1.488783877472010971e-02
1.477385013219579581e-02
1.477385013219579581e-02
1.474005696566232058e-02
1.465796307996765878e-02
1.454549253175073560e-02
1.446921903904759346e-02
1.451618881892141610e-02
1.461232413419317686e-02
1.470342070441501767e-02
1.482561303767447429e-02
1.477740831841969395e-02
1.459335697392557564e-02
1.459335697392557564e-02
1.459590659876339527e-02
1.456112670697989539e-02
1.456229900542834431e-02
1.469817765783676053e-02
1.514724705815062925e-02
1.553667759252717016e-02
1.576509944424915599e-02
1.586172904123061764e-02
1.582459342814393835e-02
1.589963650170816978e-02
1.589963650170816978e-02
1.599942662567932147e-02
1.618179086856846860e-02
1.633981088150170471e-02
1.638281136381529793e-02
1.642044769163204451e-02
1.635626967401709528e-02
1.627025874738195071e-02
1.629228160850306958e-02
1.611126469275390993e-02
1.596553732921758215e-02
1.596553732921758215e-02
1.588298454974456167e-02
1.582141851526903953e-02
1.590037108965097756e-02
1.608495110374311837e-02
1.630738143481177266e-02
1.643798405495012702e-02
1.652350945714305477e-02
1.649016406439181293e-02
1.645457822292595990e-02
1.646432839872618778e-02
1.646432839872618778e-02
1.656137019778514824e-02
1.678699906246822193e-02
1.699419886877604272e-02
1.727254022303820191e-02
1.748019483475626509e-02
1.768331757606763852e-02
1.771529231963737266e-02
1.759231399364889065e-02
1.749407482893644561e-02
1.734810836303192147e-02
1.734810836303192147e-02
1.723715501981464698e-02
1.715981336962591960e-02
1.713818259969511135e-02
1.715280413404097690e-02
1.718708950149050452e-02
1.712211601699922814e-02
1.702737955057038663e-02
1.678717197256545529e-02
1.657094222849688631e-02
1.640147654949762959e-02
1.640147654949762959e-02
1.636635603162851088e-02
1.641950395880933944e-02
1.660074344930932005e-02
1.679550519624469287e-02
1.697178879148391467e-02
1.708860518311106774e-02
1.722927625557299849e-02
1.730891807914098843e-02
1.743524931129506947e-02
1.754510054127419658e-02
1.754510054127419658e-02
1.751897029199751821e-02
1.758271226149787231e-02
1.763334518852770899e-02
1.768968101585824057e-02
1.774595538190654187e-02
1.775862276693813621e-02
1.764606777751531741e-02
1.745228386650217803e-02
1.726237373478761369e-02
1.711556280615650003e-02
1.711556280615650003e-02
1.703647281880180109e-02
1.700735579131728778e-02
1.694038687160017917e-02
1.686372126049940495e-02
1.684383652288163127e-02
1.673795128044866520e-02
1.650746415214211435e-02
1.631157821195547419e-02
1.623615871017520737e-02
1.613941569875225121e-02
1.613941569875225121e-02
1.595167325126619837e-02
1.583825886890736709e-02
1.574283506295402410e-02
1.553617418798770161e-02
1.541878305025772868e-02
1.531813408337233916e-02
1.529027935015536861e-02
1.519419782935831249e-02
1.519419782935831249e-02
1.519419782935831249e-02
1.519419782935831249e-02
1.507778927567406634e-02
1.500530287679337910e-02
1.490147773924993882e-02
1.492266055702133089e-02
1.496091830826267767e-02
1.495135145691688962e-02
1.494500060374001106e-02
1.491718586732568817e-02
1.484630922180203184e-02
1.474181911329721512e-02
1.474181911329721512e-02
1.461575876277034294e-02
1.448046805189358299e-02
1.426899542695250940e-02
1.398614450160846380e-02
1.369919493407488822e-02
1.333994143388464969e-02
1.299066891909471735e-02
1.266171533012384366e-02
1.235423483727775620e-02
1.210714343110045645e-02
1.210714343110045645e-02
1.195434563426663217e-02
1.164148399500436123e-02
1.138506597444198000e-02
1.119197622798033878e-02
1.103836377397174329e-02
1.090794326746479838e-02
1.071874772787142528e-02
1.057887713387101365e-02
1.039449801960177881e-02
1.022810198693918302e-02
1.022810198693918302e-02
1.011378311630879365e-02
1.010984381934047077e-02
1.018656878685809432e-02
1.027529745996866306e-02
1.040939299638688267e-02
1.054416437983997194e-02
1.062531764564644994e-02
1.071023800989004751e-02
1.068561436433453776e-02
1.040617503708802030e-02
1.040617503708802030e-02
1.040617503708802030e-02
1.006404116791234649e-02
9.708982143946675442e-03
9.358555551156146068e-03
9.056464947540575697e-03
8.822536171541234956e-03
8.698360433264391844e-03
8.671065412148265539e-03
8.666260082347942983e-03
8.661960182412851983e-03
8.661960182412851983e-03
8.560541165868832195e-03
8.420931485161748872e-03
8.298906821289005545e-03
8.317237052270758796e-03
8.361428233554096812e-03
8.377160880108744379e-03
8.410063698516739850e-03
8.446429014643083710e-03
8.566025002573444611e-03
8.639181065902435536e-03
8.639181065902435536e-03
8.705331166357887715e-03
8.754935133472422498e-03
8.868636367558116809e-03
8.962747867193015389e-03
9.078290562793253984e-03
9.138345083673988720e-03
9.220374825271701602e-03
9.274452785737175714e-03
9.361067571520307468e-03
9.499797286741867158e-03
9.499797286741867158e-03
9.732586449220793912e-03
1.003310288493486704e-02
1.028350649308875861e-02
1.050848523175295680e-02
1.065846504329781043e-02
1.067204457101973702e-02
1.065415325054767590e-02
1.057461407430449092e-02
1.039325738660106142e-02
1.020532682978139011e-02
1.020532682978139011e-02
1.002682362475255939e-02
9.858331384697702204e-03
9.750479995972638828e-03
9.663260509545324242e-03
9.612468787400582984e-03
9.559527524168331958e-03
9.553801961755802388e-03
9.588764706778543298e-03
9.849441010271263452e-03
1.009881483929157830e-02
1.009881483929157830e-02
1.033911650294349650e-02
1.054002505962401900e-02
1.063339234984574111e-02
1.068955526500702490e-02
1.064294593965529716e-02
1.061300720128363455e-02
1.061300720128363455e-02
1.065580858628161973e-02
1.065580858628161973e-02
1.065045125019474688e-02
1.065045125019474688e-02
1.054640645973751144e-02
1.024819717998433008e-02
9.859631242926103489e-03
9.568954151870281283e-03
9.344227592694147322e-03
9.144982002884865374e-03
9.023581908214060518e-03
8.958141925800902280e-03
8.970844649605140900e-03
8.955779855594462116e-03
8.955779855594462116e-03
8.907242055246705759e-03
8.831337489347172026e-03
8.812443700878079197e-03
8.888696159377634104e-03
8.978201077984949985e-03
9.001579205397982480e-03
8.995975299696128830e-03
9.002075992146148231e-03
8.996869842440273143e-03
8.938824222562374508e-03
8.938824222562374508e-03
8.801538344779709366e-03
8.586724794920027812e-03
8.351505336979373612e-03
8.115649208317008562e-03
7.963979155102610813e-03
7.893651646420214024e-03
7.836512703997589729e-03
7.816393026610551908e-03
7.786102484901116262e-03
7.758348792613780145e-03
7.758348792613780145e-03
7.727171551677894899e-03
7.684342478524579592e-03
7.682923328312771423e-03
7.758475767002216868e-03
7.912165573336312971e-03
8.144515244431396739e-03
8.382835599501767612e-03
8.591905137885817723e-03
8.823468001579248127e-03
8.928467731473727770e-03
8.928467731473727770e-03
9.010473748463502727e-03
8.972645114079746964e-03
8.947623196912564414e-03
8.860018267862406621e-03
8.741747603842820596e-03
8.608138576775555689e-03
8.395413010569903467e-03
8.174349808625620481e-03
8.112750367270318494e-03
8.120833166596229044e-03
8.120833166596229044e-03
8.233636646927064776e-03
8.330281732796878877e-03
8.473988538685304703e-03
8.592998920001232444e-03
8.834801312004330123e-03
8.950725496907540810e-03
9.067084826117519439e-03
8.994610030991775224e-03
8.838061383027444318e-03
8.695853512932822868e-03
8.695853512932822868e-03
8.595575769987748305e-03
8.508667125706330034e-03
8.488878375978748184e-03
8.488878375978748184e-03
8.488878375978748184e-03
8.488878375978748184e-03
8.488878375978748184e-03
8.488878375978748184e-03
8.450577276665418788e-03
8.354945895232411546e-03
8.354945895232411546e-03
8.326938841443516301e-03
8.425048657731431037e-03
8.713366222246355167e-03
8.944980847411467331e-03
9.169600585225595388e-03
9.402757515149122447e-03
9.526113313704068913e-03
9.584928102356267063e-03
9.575916710473553542e-03
9.452505727109232134e-03
9.452505727109232134e-03
9.324123382415713812e-03
9.210896359485593737e-03
9.096149400864889448e-03
9.083089103139752735e-03
9.132695972355688724e-03
9.190925714726551343e-03
9.172482234293474410e-03
9.097803299134843424e-03
9.009761331176703927e-03
8.911940437043837024e-03
8.911940437043837024e-03
8.850257932555368259e-03
8.812979759858974652e-03
8.824457703843456569e-03
8.931953137283763638e-03
9.087460864248102232e-03
9.082735940910371952e-03
8.975616802778939307e-03
8.896026054306284750e-03
8.823232563102585690e-03
8.775008497073029379e-03
8.775008497073029379e-03
8.731793885414921783e-03
8.786523903224827473e-03
8.838512348181814735e-03
8.933500222222232404e-03
9.010363538224996222e-03
9.031916096569099148e-03
9.392373816740278575e-03
9.840109030274249782e-03
1.032809387464041391e-02
1.085122558866855047e-02
