4.946656897664070129e-02
4.946656897664070129e-02
5.058575421571731567e-02
5.128335207700729370e-02
5.102293938398361206e-02
5.089018493890762329e-02
5.060906708240509033e-02
5.052991956472396851e-02
5.032668262720108032e-02
5.009298399090766907e-02
4.980228096246719360e-02
4.954209178686141968e-02
4.954209178686141968e-02
4.943462461233139038e-02
4.936666414141654968e-02
4.924026876688003540e-02
4.915188252925872803e-02
4.899076744914054871e-02
4.870422929525375366e-02
4.841262474656105042e-02
4.820175096392631531e-02
4.811296239495277405e-02
4.804175347089767456e-02
