6.285020824522524752e-02
6.271820242569554893e-02
6.239278635649432581e-02
6.284492686903862813e-02
6.282868716199546677e-02
6.268338163279688069e-02
6.219113111501328728e-02
6.185395653604873478e-02
6.166971562324701644e-02
6.154498010695284849e-02
6.129463952400039661e-02
6.129463952400039661e-02
6.102590342542005275e-02
6.094317836841298824e-02
6.077259069263099556e-02
6.053872717146027704e-02
6.019070649607249912e-02
5.998357959525398714e-02
5.963203046434777110e-02
5.937549081905908743e-02
5.926611933555662320e-02
5.917554150169519744e-02
5.917554150169519744e-02
5.919426461105886661e-02
5.917466292506730341e-02
5.909393079971406865e-02
5.899329389091031994e-02
5.886530105389533446e-02
5.890824460359209147e-02
5.889058994630442384e-02
5.882768938704292794e-02
5.870610449048555696e-02
5.856106604050028558e-02
5.856106604050028558e-02
5.817950826737202513e-02
5.784051683110914138e-02
5.745432274675787987e-02
5.715313295108062630e-02
5.693066634777866480e-02
5.682329869679281220e-02
5.665983860724017884e-02
5.650698786552884462e-02
5.652112509832389609e-02
5.640886483297770371e-02
5.640886483297770371e-02
5.615590995103993815e-02
5.603254086311533488e-02
5.592479288596264447e-02
5.588456779635293109e-02
5.593358731853977778e-02
5.601315517197760080e-02
5.598756218711778421e-02
5.586568732332439224e-02
5.593513722187271747e-02
5.599087699938676971e-02
5.599087699938676971e-02
5.585444775093666853e-02
5.560623494786350041e-02
5.544509941837244549e-02
5.528784735206095785e-02
5.511925156995527153e-02
5.487492888799574281e-02
5.461439381180299008e-02
5.428028911683344809e-02
5.403672220593851161e-02
5.401634625943931012e-02
5.401634625943931012e-02
5.403743297288491482e-02
5.411917949589405141e-02
5.419211931885474509e-02
5.422976637517605558e-02
5.425808033166296812e-02
5.435365721789850446e-02
5.433138402414010304e-02
5.393284825921482173e-02
5.370768253990392677e-02
5.349852887561413334e-02
5.349852887561413334e-02
5.327109367330672834e-02
5.301900416274801797e-02
5.281100905370511578e-02
5.281100905370511578e-02
5.266320084107301014e-02
5.256955426894819455e-02
5.257793528061736887e-02
5.262542665878709724e-02
5.277603493752075492e-02
5.290902471045057925e-02
5.290902471045057925e-02
5.301617032279013625e-02
5.298924501088079358e-02
5.291424768369599324e-02
5.286745635344058947e-02
5.268836991205513853e-02
5.257218693239780472e-02
5.243563691671714044e-02
5.216007417947238212e-02
5.201725444012764155e-02
5.179106880327515039e-02
5.179106880327515039e-02
5.165402821563359892e-02
5.150816232850084775e-02
5.129764377331759440e-02
5.117221018054094600e-02
5.107299386975152483e-02
5.098916541767968547e-02
5.088527999806403967e-02
5.079566632274198218e-02
5.051133982401690564e-02
5.022793430316614682e-02
5.022793430316614682e-02
5.000113767925590258e-02
4.982032001790924480e-02
4.961593173557822534e-02
4.929352533073524945e-02
4.905304937260130532e-02
4.893053221663587471e-02
4.882177014147968258e-02
4.891411090434443637e-02
4.891973205124713897e-02
4.888200469432044809e-02
4.888200469432044809e-02
4.901184664086362386e-02
4.924684843571121989e-02
4.941875829734487802e-02
4.958799724790548952e-02
4.974330664639829008e-02
4.992254101506417990e-02
5.004722290005402668e-02
5.021188897340097407e-02
5.044229079478205341e-02
5.083987693308401890e-02
5.083987693308401890e-02
5.115978073523165526e-02
5.133654130921983666e-02
5.138739217877731635e-02
5.149559109410816599e-02
5.135899888851638145e-02
5.121274743835489002e-02
5.110849257313293537e-02
5.102033419320408519e-02
5.075244048652228362e-02
5.044014793900043758e-02
5.044014793900043758e-02
5.000508530486711539e-02
4.969297073536819292e-02
4.942674341513134117e-02
4.911425825546641283e-02
4.897574778556799263e-02
4.875812047661171045e-02
4.850327939731403915e-02
4.815938367792015062e-02
4.796471783612403506e-02
4.796846067240725237e-02
4.796846067240725237e-02
4.807520259972399707e-02
4.813119210528365999e-02
4.810149431546951321e-02
4.792366521189055789e-02
4.775685862532755288e-02
4.765682455514912846e-02
4.740455128976535371e-02
4.713447666846252299e-02
4.710980413525113486e-02
4.702751228743475703e-02
4.702751228743475703e-02
4.695889811906614475e-02
4.698763999371521893e-02
4.690846249493656195e-02
4.704981136002048259e-02
4.708290994216762781e-02
4.712918709466018541e-02
4.719044470464783120e-02
4.726787268816701193e-02
4.737398561264857116e-02
4.746444559932782442e-02
4.746444559932782442e-02
4.745692087722722802e-02
4.758474521222418041e-02
4.786378495947836431e-02
4.801934119471472362e-02
4.815346995494070720e-02
4.812687662783250025e-02
4.807724554415683527e-02
4.803591386717694783e-02
4.809020116125690275e-02
4.794791473946997257e-02
4.794791473946997257e-02
4.776014081679033629e-02
4.759703386275649512e-02
4.726185567160696294e-02
4.701886743345001785e-02
4.677545588460779030e-02
4.655854693219577817e-02
4.643038183342026309e-02
4.632216472306574517e-02
4.624815710283405185e-02
4.616460232579049777e-02
4.616460232579049777e-02
4.597839733413153912e-02
4.568529439700647066e-02
4.544928287098314035e-02
4.505355427189242090e-02
4.466188601567732536e-02
4.433533752613017659e-02
4.403472294285894206e-02
4.394143135429761510e-02
4.404145383409905495e-02
4.409324459700937615e-02
4.409324459700937615e-02
4.409169710447537888e-02
4.390566132636196384e-02
4.376979772179170891e-02
4.376979772179170891e-02
4.367145801606579780e-02
4.360304377420066296e-02
4.347884080563080289e-02
4.336608856232318510e-02
4.336608856232318510e-02
4.336608856232318510e-02
4.336608856232318510e-02
4.331229064252767325e-02
4.347500600505574408e-02
4.363812040481102744e-02
4.360595645099332729e-02
4.358398795246269664e-02
4.342166345047050735e-02
4.326012899135502077e-02
4.311001970207785361e-02
4.300824389093722833e-02
4.280912796622041161e-02
4.280912796622041161e-02
4.267386363721039494e-02
4.246350094755001192e-02
4.233444037825873779e-02
4.219100452779668553e-02
4.220119303083584572e-02
4.210345120146329057e-02
4.211381197396602688e-02
4.199434065475454725e-02
4.192644376320644323e-02
4.184826185584135383e-02
4.184826185584135383e-02
4.184157233186534125e-02
4.177204082907672728e-02
4.164307738548408966e-02
4.156805407600455693e-02
4.141346811300439246e-02
4.135337845693412562e-02
4.128231851233076649e-02
4.123006092778912224e-02
4.119885077357945957e-02
4.111960000239796992e-02
4.111960000239796992e-02
4.105783720164190437e-02
4.090319439265274054e-02
4.068075691862538951e-02
4.056321616237602151e-02
4.033262294835833484e-02
4.024333349773939056e-02
4.009364160786011572e-02
3.994248294873372490e-02
3.969236226519043398e-02
3.940901707998952647e-02
3.940901707998952647e-02
3.905312745314505618e-02
3.860562437522829099e-02
3.833191861768620035e-02
3.847948603580102905e-02
3.853216881282112150e-02
3.848137889450338467e-02
3.832038798133873686e-02
3.810878381351152921e-02
3.794111047159332006e-02
3.774190704275252189e-02
3.774190704275252189e-02
3.756891133225707946e-02
3.727405037621780992e-02
3.715735929816230826e-02
3.712405468217369608e-02
3.708677388373550488e-02
3.707176535752888108e-02
3.720203399412500000e-02
3.744598022733755527e-02
3.782744570089046493e-02
3.831440789388439877e-02
3.831440789388439877e-02
3.892380715117630535e-02
3.935064220623310516e-02
3.971292720514715130e-02
3.997159061615959685e-02
3.991623185669400387e-02
3.993582625246089313e-02
3.993674219842144324e-02
3.981275133601223232e-02
3.977303986535678237e-02
3.969070035123309359e-02
3.969070035123309359e-02
3.945290290680865397e-02
3.893880011277259939e-02
3.862943699570683259e-02
3.820086925096095182e-02
3.795211385881650662e-02
3.773744523890465441e-02
3.801911494074726450e-02
3.850876244765791961e-02
3.910545497842846802e-02
3.931509702432080949e-02
3.931509702432080949e-02
3.948938830351469281e-02
3.967957640770792410e-02
3.980209984341264579e-02
3.993503951248635747e-02
3.991313789908117193e-02
3.976063817706541881e-02
3.958101352149889784e-02
3.938055109376677188e-02
3.916953113595017522e-02
3.891716348456658592e-02
3.891716348456658592e-02
3.865733553267346884e-02
3.824098789128526493e-02
3.796061292701802953e-02
3.769512112282524807e-02
3.751076043909872676e-02
3.734131645211824502e-02
3.727066338480647389e-02
3.712646389179595496e-02
3.702875717462335986e-02
3.699639982878711458e-02
3.699639982878711458e-02
3.696770063183349442e-02
3.693356014362819684e-02
3.687715281104762821e-02
3.692849074158784106e-02
3.688539088071729477e-02
3.681864131112092681e-02
3.673706864383514958e-02
3.665402796031791421e-02
3.658589397667928039e-02
3.648335024827150525e-02
3.648335024827150525e-02
3.640599722604544175e-02
3.635222345946691885e-02
3.621371154854234609e-02
3.596407172939925651e-02
3.583748524079412995e-02
3.562153941645669619e-02
3.546510706458030210e-02
3.530909379632286155e-02
3.521328671509754010e-02
3.520644730073512613e-02
3.520644730073512613e-02
3.520479416716530696e-02
3.520642471586558214e-02
3.515452508376252366e-02
3.512390303724202689e-02
3.503510394389594551e-02
3.493494854110854031e-02
3.474892760061085856e-02
3.459459145386634127e-02
3.451620961359340434e-02
3.444229671161653378e-02
3.444229671161653378e-02
3.432975531479100922e-02
3.416929349930401122e-02
3.404840193132143561e-02
3.398980905916723638e-02
3.384733878546063168e-02
3.372515488627478991e-02
3.365811268669189477e-02
3.356286630870241455e-02
3.350298088001414654e-02
3.335066443614678050e-02
3.335066443614678050e-02
3.313503060423411695e-02
3.303939555229556957e-02
3.295906654599383562e-02
3.279799114983808495e-02
3.263645248818510675e-02
3.251311904630937999e-02
3.231256734274144671e-02
3.208588740704237940e-02
3.181024556429704053e-02
3.157855806159302892e-02
3.157855806159302892e-02
3.137246562548065554e-02
3.133845279897787273e-02
3.130881049149338013e-02
3.134578009424786316e-02
3.145184425869922834e-02
3.155723612464437361e-02
3.172884832147541273e-02
3.194596382858537476e-02
3.210323298149300730e-02
3.217341282356572796e-02
3.217341282356572796e-02
3.233539612822210196e-02
3.238878687004805024e-02
3.250251130087076362e-02
3.260382964237060893e-02
3.267768244993612958e-02
3.279017748416157563e-02
3.288624355467859028e-02
3.292628213179664420e-02
3.307026529795913800e-02
3.330611995068886305e-02
3.330611995068886305e-02
3.354622492427557223e-02
3.353914589959394732e-02
3.359136414172433915e-02
3.355728612721409210e-02
3.358932159334242218e-02
3.351833504306725442e-02
3.342773134529705703e-02
3.333807328581198798e-02
3.319097095268700587e-02
3.297551220356140234e-02
3.297551220356140234e-02
3.281861043416006013e-02
3.279215540340491009e-02
3.277069563490012105e-02
3.279814962578735810e-02
3.284834871880379370e-02
3.280661355062289286e-02
3.290259873338301916e-02
3.296026748017513719e-02
3.309064898526759002e-02
3.311101743547111009e-02
3.311101743547111009e-02
3.297917969844003927e-02
3.284111927063902703e-02
3.281116578368643150e-02
3.292047708661922922e-02
3.294414286993085222e-02
3.304234722803852525e-02
3.320328868652350912e-02
3.335891430713179562e-02
3.346467822877966652e-02
3.367144150999001884e-02
3.367144150999001884e-02
3.388491349858374635e-02
3.416699959485550858e-02
3.435357472319363475e-02
3.453648015796191573e-02
3.460041826606786997e-02
3.458397964794963225e-02
3.461439600407482248e-02
3.456262383936126170e-02
3.453298459156832478e-02
3.455335069824547883e-02
3.455335069824547883e-02
3.455023750235759750e-02
3.452956602346848175e-02
3.449932655912010815e-02
3.453922559562037919e-02
3.452016936686978787e-02
3.446288186503758399e-02
3.435845778155497549e-02
3.436556319658406328e-02
3.442419794454758958e-02
3.457581706804086635e-02
3.457581706804086635e-02
3.469049348639070829e-02
3.480776618833848757e-02
3.503088161983821530e-02
3.520524240053849591e-02
3.542555317634433348e-02
3.568661973147721489e-02
3.586907317193472472e-02
3.604209398027217320e-02
3.618127879204188074e-02
3.636595046167528239e-02
3.636595046167528239e-02
3.659923917076195882e-02
3.673949475841521012e-02
3.683482055555282325e-02
3.689083901047304076e-02
3.692574412143703050e-02
3.682306425326861005e-02
3.658686303702338161e-02
3.639155045694304064e-02
3.622578887797143349e-02
3.603017541345567704e-02
3.603017541345567704e-02
3.594383271338744135e-02
3.609490940717306751e-02
3.615280920660919606e-02
3.611205816492563808e-02
3.605163621640706390e-02
3.599966414477596965e-02
3.594828923437230067e-02
3.588946583091315312e-02
3.585340596760738102e-02
3.586219204407606331e-02
3.586219204407606331e-02
3.588750848092176621e-02
3.594981516879581368e-02
3.602114469406472730e-02
3.609778595265111106e-02
3.600109768304284030e-02
3.587271060943923728e-02
3.582845212468399598e-02
3.592803584686273671e-02
3.598100707087947825e-02
3.595510216658047431e-02
3.595510216658047431e-02
3.584266297096123238e-02
3.580623350577679526e-02
3.584461974614454316e-02
3.584209918441692844e-02
3.575766632359634462e-02
3.568932502909760718e-02
3.564450230586344720e-02
3.551965488500873763e-02
3.539370114939092982e-02
3.540090049411522000e-02
3.540090049411522000e-02
3.532724781674599634e-02
3.521362708353017318e-02
3.507796739291452193e-02
3.504636230830129873e-02
3.507034083929918417e-02
3.516207770373052516e-02
3.530743267125877743e-02
3.544924505428422717e-02
3.562872043535526140e-02
3.577126558175528631e-02
3.577126558175528631e-02
3.595974788443940390e-02
3.616999925685097234e-02
3.639123819274388272e-02
3.658278871558755946e-02
3.664508234415172344e-02
3.677059217600976704e-02
3.690124318653555807e-02
3.707942699766877959e-02
3.719378446220578810e-02
3.734347155912776800e-02
3.734347155912776800e-02
3.739509190878125694e-02
3.741815340152834790e-02
3.746056742250639116e-02
3.749632652276288503e-02
3.753261683096212331e-02
3.756795458205251098e-02
3.770803267221624344e-02
3.791181721888753353e-02
3.809002251235391739e-02
3.824144529145941801e-02
3.824144529145941801e-02
3.835309407569496842e-02
3.849620232423929533e-02
3.875560558634932179e-02
3.898158890322515197e-02
3.910819547495802267e-02
3.928172405456312188e-02
3.951085977023539170e-02
3.951085977023539170e-02
3.968704573411478004e-02
3.992374430468507290e-02
3.992374430468507290e-02
4.007078590136774199e-02
4.009313585133868901e-02
4.000168738890776815e-02
3.986690921555662015e-02
3.972075105097981618e-02
3.958670182870504400e-02
3.942730508213069390e-02
3.944257531880922263e-02
3.949937741526503981e-02
3.952649515120214979e-02
