2.778877102849489772e-02
2.778877102849489772e-02
2.842769543927299233e-02
2.848234396826369516e-02
2.862005678479771775e-02
2.866766276775603237e-02
2.857168859933550270e-02
2.825057024046563961e-02
2.814079836791160208e-02
2.827876218266130517e-02
2.853331511595471118e-02
2.855957572797191910e-02
2.855957572797191910e-02
2.859583239228579918e-02
2.871997930815379380e-02
2.890476006365061412e-02
2.890797777610294716e-02
2.892333071355370627e-02
2.917905246233919517e-02
2.942764714637346318e-02
2.968824020730746402e-02
3.006409581704681463e-02
3.036588815808675262e-02
