2.744342759251594543e-02
2.724048495292663574e-02
2.639177441596984863e-02
2.548910118639469147e-02
2.493849955499172211e-02
2.445021644234657288e-02
2.394751645624637604e-02
2.347529307007789612e-02
2.300706319510936737e-02
2.269329316914081573e-02
2.234563417732715607e-02
2.234563417732715607e-02
2.206823416054248810e-02
2.188854105770587921e-02
2.171410806477069855e-02
2.149260230362415314e-02
2.144426293671131134e-02
2.135773375630378723e-02
2.070748247206211090e-02
2.012135460972785950e-02
1.956366002559661865e-02
1.910140179097652435e-02
1.910140179097652435e-02
1.866011694073677063e-02
1.827951520681381226e-02
1.792130991816520691e-02
1.761078275740146637e-02
1.734136603772640228e-02
1.707817241549491882e-02
1.684184186160564423e-02
1.661413162946701050e-02
1.639494672417640686e-02
1.619108580052852631e-02
1.619108580052852631e-02
1.599970832467079163e-02
1.587854325771331787e-02
1.581343449652194977e-02
1.574572175741195679e-02
1.570004224777221680e-02
1.560905948281288147e-02
1.550988387316465378e-02
1.542183756828308105e-02
1.545339822769165039e-02
1.544024702161550522e-02
1.544024702161550522e-02
1.542598567903041840e-02
1.539131253957748413e-02
1.538080628961324692e-02
1.533282827585935593e-02
1.533537171781063080e-02
1.527933217585086823e-02
1.522122696042060852e-02
1.513642445206642151e-02
1.507814787328243256e-02
1.499387621879577637e-02
1.499387621879577637e-02
1.483094692230224609e-02
1.466987188905477524e-02
1.452442631125450134e-02
1.436394732445478439e-02
1.424413733184337616e-02
1.410052087157964706e-02
1.392225548624992371e-02
1.373529620468616486e-02
1.354166213423013687e-02
1.348844543099403381e-02
1.348844543099403381e-02
1.339207496494054794e-02
1.338456012308597565e-02
1.334713492542505264e-02
1.330561470240354538e-02
1.326436176896095276e-02
1.319859921932220459e-02
1.311859209090471268e-02
1.303576305508613586e-02
1.292791403830051422e-02
1.283674128353595734e-02
1.283674128353595734e-02
1.274630520492792130e-02
1.262619532644748688e-02
1.254547759890556335e-02
1.242321357131004333e-02
1.231041550636291504e-02
1.220971997827291489e-02
1.209005434066057205e-02
1.196438446640968323e-02
1.183591876178979874e-02
1.169181428849697113e-02
1.169181428849697113e-02
1.129625458270311356e-02
1.094790548086166382e-02
1.063304767012596130e-02
1.038226205855607986e-02
1.022639591246843338e-02
1.010430324822664261e-02
9.970194660127162933e-03
9.864468127489089966e-03
9.815286844968795776e-03
9.785926900804042816e-03
9.785926900804042816e-03
9.727986529469490051e-03
9.718148969113826752e-03
9.719369001686573029e-03
9.758657775819301605e-03
9.835265576839447021e-03
9.933143854141235352e-03
1.004626508802175522e-02
1.013233233243227005e-02
1.019970327615737915e-02
1.028412487357854843e-02
1.028412487357854843e-02
1.036368403583765030e-02
1.044357381761074066e-02
1.051048375666141510e-02
1.059399358928203583e-02
1.065877731889486313e-02
1.068565994501113892e-02
1.073588710278272629e-02
1.079296972602605820e-02
1.082661002874374390e-02
1.088648755103349686e-02
1.088648755103349686e-02
1.095849089324474335e-02
1.104486640542745590e-02
1.112083811312913895e-02
1.119877025485038757e-02
1.125333271920681000e-02
1.135686971247196198e-02
1.142447534948587418e-02
1.147189550101757050e-02
1.153523102402687073e-02
1.149063836783170700e-02
1.149063836783170700e-02
1.148875616490840912e-02
1.153376884758472443e-02
1.161417830735445023e-02
1.171888317912817001e-02
1.183846499770879745e-02
1.197477430105209351e-02
1.202206593006849289e-02
1.206118986010551453e-02
1.213524956256151199e-02
1.218436565250158310e-02
1.218436565250158310e-02
1.228079944849014282e-02
1.240140758454799652e-02
1.261995919048786163e-02
1.288602780550718307e-02
1.316670980304479599e-02
1.349727809429168701e-02
1.381417922675609589e-02
1.413898821920156479e-02
1.439964026212692261e-02
1.456915214657783508e-02
1.456915214657783508e-02
1.457794196903705597e-02
1.446034759283065796e-02
1.431470923125743866e-02
1.417196728289127350e-02
1.402647141367197037e-02
1.389861665666103363e-02
1.382025424391031265e-02
1.379739399999380112e-02
1.382580585777759552e-02
1.380001008510589600e-02
1.380001008510589600e-02
1.373754721134901047e-02
1.370707526803016663e-02
1.360029727220535278e-02
1.338494475930929184e-02
1.312463916838169098e-02
1.279222220182418823e-02
1.248498167842626572e-02
1.223914325237274170e-02
1.163418684154748917e-02
1.120799593627452850e-02
1.120799593627452850e-02
1.088084839284420013e-02
1.068925485014915466e-02
1.062101870775222778e-02
1.059443503618240356e-02
1.057386305183172226e-02
1.050666440278291702e-02
1.040551345795392990e-02
1.026988681405782700e-02
1.011625863611698151e-02
9.922146797180175781e-03
9.922146797180175781e-03
9.804463945329189301e-03
9.749159216880798340e-03
9.703019633889198303e-03
9.688965976238250732e-03
9.589463472366333008e-03
9.516378864645957947e-03
9.466460905969142914e-03
9.422465227544307709e-03
9.413921274244785309e-03
9.380046278238296509e-03
9.380046278238296509e-03
9.402032010257244110e-03
9.451230987906455994e-03
9.488931857049465179e-03
9.532938711345195770e-03
9.625419043004512787e-03
9.625419043004512787e-03
9.625419043004512787e-03
9.625419043004512787e-03
9.625419043004512787e-03
9.676220826804637909e-03
9.676220826804637909e-03
9.722732007503509521e-03
9.767829440534114838e-03
9.862105362117290497e-03
9.947782382369041443e-03
1.006473414599895477e-02
1.022025384008884430e-02
1.037598866969347000e-02
1.053303293883800507e-02
1.064646989107131958e-02
1.068016141653060913e-02
1.068016141653060913e-02
1.073045190423727036e-02
1.075377501547336578e-02
1.071403827518224716e-02
1.067698653787374496e-02
1.067803613841533661e-02
1.066255662590265274e-02
1.067707594484090805e-02
1.072837878018617630e-02
1.079386845231056213e-02
1.085603330284357071e-02
1.085603330284357071e-02
1.093303970992565155e-02
1.105663646012544632e-02
1.116913650184869766e-02
1.119294203817844391e-02
1.124542299658060074e-02
1.130831427872180939e-02
1.137846335768699646e-02
1.143273897469043732e-02
1.146091986447572708e-02
1.148854754865169525e-02
1.148854754865169525e-02
1.152513455599546432e-02
1.149477437138557434e-02
1.150334160774946213e-02
1.150305662304162979e-02
1.144885737448930740e-02
1.141786668449640274e-02
1.142082549631595612e-02
1.150710973888635635e-02
1.162335742264986038e-02
1.178141869604587555e-02
1.178141869604587555e-02
1.200953964143991470e-02
1.222089957445859909e-02
1.241946406662464142e-02
1.256538275629281998e-02
1.270763948559761047e-02
1.291107293218374252e-02
1.317767612636089325e-02
1.345289964228868484e-02
1.367526128888130188e-02
1.383429486304521561e-02
1.383429486304521561e-02
1.392689440399408340e-02
1.398405525833368301e-02
1.391037926077842712e-02
1.377776917070150375e-02
1.362992823123931885e-02
1.351499743759632111e-02
1.330537069588899612e-02
1.309637539088726044e-02
1.292691566050052643e-02
1.274220738559961319e-02
1.274220738559961319e-02
1.265151519328355789e-02
1.255681272596120834e-02
1.249455753713846207e-02
1.247060671448707581e-02
1.240317802876234055e-02
1.240377686917781830e-02
1.236753724515438080e-02
1.232652273029088974e-02
1.225932780653238297e-02
1.227625552564859390e-02
1.227625552564859390e-02
1.225872524082660675e-02
1.233554352074861526e-02
1.239091716706752777e-02
1.243891101330518723e-02
1.247624680399894714e-02
1.245489437133073807e-02
1.246290840208530426e-02
1.243988890200853348e-02
1.240374147891998291e-02
1.250584237277507782e-02
1.250584237277507782e-02
1.261690165847539902e-02
1.276208925992250443e-02
1.286024507135152817e-02
1.300907414406538010e-02
1.317571662366390228e-02
1.334843691438436508e-02
1.354529615491628647e-02
1.376537233591079712e-02
1.403019577264785767e-02
1.422314625233411789e-02
1.422314625233411789e-02
1.436807867139577866e-02
1.444377098232507706e-02
1.443549524992704391e-02
1.436143368482589722e-02
1.421746984124183655e-02
1.403445191681385040e-02
1.383590791374444962e-02
1.368029136210680008e-02
1.348474621772766113e-02
1.332572381943464279e-02
1.332572381943464279e-02
1.317422464489936829e-02
1.302629709243774414e-02
1.281781680881977081e-02
1.259229052811861038e-02
1.239650603383779526e-02
1.216887217015028000e-02
1.194403320550918579e-02
1.168903335928916931e-02
1.145481783896684647e-02
1.125430129468441010e-02
1.125430129468441010e-02
1.113256532698869705e-02
1.107593625783920288e-02
1.105849072337150574e-02
1.101354509592056274e-02
1.095351390540599823e-02
1.087111886590719223e-02
1.084392797201871872e-02
1.085802912712097168e-02
1.087403856217861176e-02
1.087819132953882217e-02
1.087819132953882217e-02
1.086067222058773041e-02
1.091289520263671875e-02
1.103721000254154205e-02
1.108713261783123016e-02
1.115928310900926590e-02
1.132337842136621475e-02
1.147480029612779617e-02
1.160263456404209137e-02
1.167703885585069656e-02
1.169602572917938232e-02
1.169602572917938232e-02
1.148635987192392349e-02
1.127759832888841629e-02
1.112929638475179672e-02
1.123174373060464859e-02
1.138705387711524963e-02
1.149310078471899033e-02
1.170375756919384003e-02
1.177942939102649689e-02
1.189871691167354584e-02
1.202129758894443512e-02
1.202129758894443512e-02
1.225535757839679718e-02
1.239259447902441025e-02
1.240986771881580353e-02
1.232022512704133987e-02
1.221861690282821655e-02
1.204357203096151352e-02
1.189791504293680191e-02
1.179307140409946442e-02
1.166766695678234100e-02
1.158309541642665863e-02
1.158309541642665863e-02
1.162704359740018845e-02
1.150554139167070389e-02
1.137458439916372299e-02
1.131147611886262894e-02
1.139550283551216125e-02
1.150327734649181366e-02
1.154409162700176239e-02
1.152813993394374847e-02
1.142113469541072845e-02
1.119983661919832230e-02
1.119983661919832230e-02
1.098432485014200211e-02
1.075907889753580093e-02
1.050428953021764755e-02
1.032160315662622452e-02
1.022217981517314911e-02
1.020977366715669632e-02
1.030851621180772781e-02
1.013579871505498886e-02
1.006065495312213898e-02
1.004533842206001282e-02
1.004533842206001282e-02
1.008102390915155411e-02
1.004689838737249374e-02
9.930960834026336670e-03
9.736505337059497833e-03
9.569531306624412537e-03
9.425388649106025696e-03
9.370506741106510162e-03
9.334714151918888092e-03
9.391598403453826904e-03
9.441399015486240387e-03
9.441399015486240387e-03
9.510275907814502716e-03
9.667747654020786285e-03
9.822402149438858032e-03
9.952572174370288849e-03
1.007678825408220291e-02
1.013864763081073761e-02
1.017734408378601074e-02
1.004009880125522614e-02
9.958494454622268677e-03
9.914348833262920380e-03
9.914348833262920380e-03
9.861061349511146545e-03
9.969975799322128296e-03
1.011931151151657104e-02
1.042185630649328232e-02
1.069356221705675125e-02
1.092764269560575485e-02
1.114539150148630142e-02
1.138646155595779419e-02
1.156677957624197006e-02
1.173985656350851059e-02
1.173985656350851059e-02
1.191414520144462585e-02
1.209178008139133453e-02
1.233221031725406647e-02
1.257265731692314148e-02
1.279805786907672882e-02
1.300144661217927933e-02
1.318019535392522812e-02
1.336428988724946976e-02
1.354992482811212540e-02
1.370983850210905075e-02
1.370983850210905075e-02
1.379985082894563675e-02
1.384366024285554886e-02
1.388113759458065033e-02
1.395934168249368668e-02
1.409475877881050110e-02
1.428119931370019913e-02
1.446727570146322250e-02
1.464003138244152069e-02
1.481073908507823944e-02
1.503240410238504410e-02
1.503240410238504410e-02
1.521239895373582840e-02
1.542002428323030472e-02
1.557246129959821701e-02
1.567075029015541077e-02
1.577401533722877502e-02
1.583922095596790314e-02
1.594680547714233398e-02
1.601034589111804962e-02
1.603554747998714447e-02
1.598043926060199738e-02
1.598043926060199738e-02
1.591257750988006592e-02
1.579491235315799713e-02
1.562998443841934204e-02
1.544881425797939301e-02
1.519484538584947586e-02
1.494988240301609039e-02
1.468411367386579514e-02
1.446444168686866760e-02
1.421947404742240906e-02
1.397862005978822708e-02
1.397862005978822708e-02
1.374003104865550995e-02
1.351762190461158752e-02
1.332475244998931885e-02
1.306160446256399155e-02
1.282461732625961304e-02
1.261923927813768387e-02
1.237417943775653839e-02
1.212251838296651840e-02
1.180956698954105377e-02
1.151210814714431763e-02
1.151210814714431763e-02
1.127253286540508270e-02
1.107977330684661865e-02
1.087946072220802307e-02
1.073415298014879227e-02
1.066089048981666565e-02
1.066091284155845642e-02
1.067770924419164658e-02
1.063445582985877991e-02
1.054115779697895050e-02
1.046758517622947693e-02
1.046758517622947693e-02
1.038658339530229568e-02
1.027062069624662399e-02
1.020095217972993851e-02
1.028529182076454163e-02
1.035681460052728653e-02
1.039840839803218842e-02
1.044153701514005661e-02
1.037517003715038300e-02
1.028743945062160492e-02
1.028611324727535248e-02
1.028611324727535248e-02
1.025152672082185745e-02
1.019249204546213150e-02
1.010868605226278305e-02
1.002861652523279190e-02
9.943441487848758698e-03
9.851288050413131714e-03
9.772681631147861481e-03
9.674398228526115417e-03
9.564628824591636658e-03
9.451646357774734497e-03
9.451646357774734497e-03
9.420349262654781342e-03
7.862905040383338928e-03
6.795076187700033188e-03
6.200468167662620544e-03
5.981122143566608429e-03
6.006293464452028275e-03
6.203552708029747009e-03
6.483412347733974457e-03
6.784467026591300964e-03
7.098865229636430740e-03
7.098865229636430740e-03
7.377476431429386139e-03
7.661976851522922516e-03
7.958414033055305481e-03
8.200131356716156006e-03
8.393855765461921692e-03
8.543397299945354462e-03
8.610365912318229675e-03
8.633464574813842773e-03
8.555656298995018005e-03
8.476504124701023102e-03
8.476504124701023102e-03
8.405084721744060516e-03
8.333341218531131744e-03
8.301532827317714691e-03
8.264224044978618622e-03
8.261401206254959106e-03
8.264050818979740143e-03
8.289406076073646545e-03
8.356027305126190186e-03
8.494907058775424957e-03
8.662885054945945740e-03
8.662885054945945740e-03
8.821249939501285553e-03
8.989032357931137085e-03
9.129322133958339691e-03
9.296594187617301941e-03
9.455083869397640228e-03
9.619907476007938385e-03
9.763885289430618286e-03
9.802686981856822968e-03
9.792776778340339661e-03
9.757359512150287628e-03
9.757359512150287628e-03
9.704445488750934601e-03
9.652105160057544708e-03
9.603131562471389771e-03
9.555011056363582611e-03
9.549994952976703644e-03
9.583610109984874725e-03
9.629746899008750916e-03
9.720884263515472412e-03
9.857282042503356934e-03
9.997734799981117249e-03
