1.794744469225406647e-02
1.796078495681285858e-02
1.725351996719837189e-02
1.650799438357353210e-02
1.612067408859729767e-02
1.617962121963500977e-02
1.608958840370178223e-02
1.602240651845932007e-02
1.571538671851158142e-02
1.567687839269638062e-02
1.583565957844257355e-02
1.583565957844257355e-02
1.603085920214653015e-02
1.596742682158946991e-02
1.596340350806713104e-02
1.550932042300701141e-02
1.498217601329088211e-02
1.448886748403310776e-02
1.399699598550796509e-02
1.364269945770502090e-02
1.343086268752813339e-02
1.325393281877040863e-02
1.325393281877040863e-02
1.304629351943731308e-02
1.264503877609968185e-02
1.233548484742641449e-02
1.196342892944812775e-02
1.181175559759140015e-02
1.161992084234952927e-02
1.154810190200805664e-02
1.143439300358295441e-02
1.130808889865875244e-02
1.133258454501628876e-02
1.133258454501628876e-02
1.131712924689054489e-02
1.112249586731195450e-02
1.089856959879398346e-02
1.077216025441884995e-02
1.058104541152715683e-02
1.018293946981430054e-02
9.772649034857749939e-03
8.958178572356700897e-03
8.279083296656608582e-03
7.706083822995424271e-03
7.706083822995424271e-03
7.271511014550924301e-03
6.956319790333509445e-03
6.719227880239486694e-03
6.599203217774629593e-03
6.456763949245214462e-03
6.293487735092639923e-03
6.133492570370435715e-03
5.977785214781761169e-03
5.802548956125974655e-03
5.691135302186012268e-03
5.691135302186012268e-03
5.631807725876569748e-03
5.569645669311285019e-03
5.472480319440364838e-03
5.316119175404310226e-03
5.215539131313562393e-03
5.341927986592054367e-03
5.522009450942277908e-03
5.596615374088287354e-03
5.671500694006681442e-03
5.768905859440565109e-03
5.768905859440565109e-03
5.855595692992210388e-03
5.973558407276868820e-03
6.067784503102302551e-03
6.029472220689058304e-03
5.974859464913606644e-03
6.000606343150138855e-03
6.156121380627155304e-03
6.406732369214296341e-03
6.692719645798206329e-03
6.887328345328569412e-03
6.887328345328569412e-03
7.062374148517847061e-03
7.213737815618515015e-03
7.340322714298963547e-03
7.434037979692220688e-03
7.509685121476650238e-03
7.529982365667819977e-03
7.565913256257772446e-03
7.677042391151189804e-03
7.747151423245668411e-03
7.791853044182062149e-03
7.791853044182062149e-03
7.901906035840511322e-03
8.015846833586692810e-03
8.247080259025096893e-03
8.576874621212482452e-03
8.939934894442558289e-03
9.334075264632701874e-03
9.736540727317333221e-03
1.019809301942586899e-02
1.070281863212585449e-02
1.118927076458930969e-02
1.118927076458930969e-02
1.175060309469699860e-02
1.229938026517629623e-02
1.278269290924072266e-02
1.321005076169967651e-02
1.359250117093324661e-02
1.395989675074815750e-02
1.438738778233528137e-02
1.481078565120697021e-02
1.526814233511686325e-02
1.572356559336185455e-02
1.572356559336185455e-02
1.613785699009895325e-02
1.649843715131282806e-02
1.682459190487861633e-02
1.712923869490623474e-02
1.738444343209266663e-02
1.763505861163139343e-02
1.785581000149250031e-02
1.806421577930450439e-02
1.826243847608566284e-02
1.842076331377029419e-02
1.842076331377029419e-02
1.850535720586776733e-02
1.859506778419017792e-02
1.866664178669452667e-02
1.873692683875560760e-02
1.880956999957561493e-02
1.899623125791549683e-02
1.918335445225238800e-02
1.936249621212482452e-02
1.954408176243305206e-02
1.969603821635246277e-02
1.969603821635246277e-02
1.979996636509895325e-02
1.985779032111167908e-02
1.987577788531780243e-02
1.987137831747531891e-02
1.982271298766136169e-02
1.977532915771007538e-02
1.971117407083511353e-02
1.963405311107635498e-02
1.963577978312969208e-02
1.976188458502292633e-02
1.976188458502292633e-02
1.990016922354698181e-02
2.000407688319683075e-02
2.011635154485702515e-02
2.042759954929351807e-02
2.068099565804004669e-02
2.087522856891155243e-02
2.102058753371238708e-02
2.114896848797798157e-02
2.119498327374458313e-02
2.127674408257007599e-02
2.127674408257007599e-02
2.131220139563083649e-02
2.129925042390823364e-02
2.121278829872608185e-02
2.115929313004016876e-02
2.107857167720794678e-02
2.101930789649486542e-02
2.099009416997432709e-02
2.107174694538116455e-02
2.118582837283611298e-02
2.127489261329174042e-02
2.127489261329174042e-02
2.142014354467391968e-02
2.154450677335262299e-02
2.167123183608055115e-02
2.176145836710929871e-02
2.186207473278045654e-02
2.190132066607475281e-02
2.194238267838954926e-02
2.204005979001522064e-02
2.215283550322055817e-02
2.228134684264659882e-02
2.228134684264659882e-02
2.240687422454357147e-02
2.253303676843643188e-02
2.263517864048480988e-02
2.273362502455711365e-02
2.281884476542472839e-02
2.278316020965576172e-02
2.276126481592655182e-02
2.273281849920749664e-02
2.275692299008369446e-02
2.276655659079551697e-02
2.276655659079551697e-02
2.276752144098281860e-02
2.280294895172119141e-02
2.289628796279430389e-02
2.296328730881214142e-02
2.295333147048950195e-02
2.295138128101825714e-02
2.296451106667518616e-02
2.295798808336257935e-02
2.296050824224948883e-02
2.294153347611427307e-02
2.294153347611427307e-02
2.291747741401195526e-02
2.279656380414962769e-02
2.265967614948749542e-02
2.240540646016597748e-02
2.218068204820156097e-02
2.192470803856849670e-02
2.170123532414436340e-02
2.142678387463092804e-02
2.112159691751003265e-02
2.071657404303550720e-02
2.071657404303550720e-02
2.032475546002388000e-02
2.000756561756134033e-02
1.973828114569187164e-02
1.948217116296291351e-02
1.921714656054973602e-02
1.890630275011062622e-02
1.864262484014034271e-02
1.838496513664722443e-02
1.816896535456180573e-02
1.796840317547321320e-02
1.796840317547321320e-02
1.778046227991580963e-02
1.760049723088741302e-02
1.743574813008308411e-02
1.738838106393814087e-02
1.731280423700809479e-02
1.724123209714889526e-02
1.716502197086811066e-02
1.710314303636550903e-02
1.707642152905464172e-02
1.709075085818767548e-02
1.709075085818767548e-02
1.711031794548034668e-02
1.714319363236427307e-02
1.718449220061302185e-02
1.727237924933433533e-02
1.715706102550029755e-02
1.701663434505462646e-02
1.682522706687450409e-02
1.663271710276603699e-02
1.650869101285934448e-02
1.638778299093246460e-02
1.638778299093246460e-02
1.622063294053077698e-02
1.603944972157478333e-02
1.588215492665767670e-02
1.571235992014408112e-02
1.555485092103481293e-02
1.537274383008480072e-02
1.520052365958690643e-02
1.500273495912551880e-02
1.483792997896671295e-02
1.454369444400072098e-02
1.454369444400072098e-02
1.427973434329032898e-02
1.395652722567319870e-02
1.370492856949567795e-02
1.351206284016370773e-02
1.333415508270263672e-02
1.316091325134038925e-02
1.303389854729175568e-02
1.292065624147653580e-02
1.280747633427381516e-02
1.273381523787975311e-02
1.273381523787975311e-02
1.270279381424188614e-02
1.265759579837322235e-02
1.265614666044712067e-02
1.270825415849685669e-02
1.283792406320571899e-02
1.302500534802675247e-02
1.321491599082946777e-02
1.334397122263908386e-02
1.324015948921442032e-02
1.317049376666545868e-02
1.317049376666545868e-02
1.307166926562786102e-02
1.294536609202623367e-02
1.283175311982631683e-02
1.271762978285551071e-02
1.262938324362039566e-02
1.252456195652484894e-02
1.246971823275089264e-02
1.244716998189687729e-02
1.247031521052122116e-02
1.250144373625516891e-02
1.250144373625516891e-02
1.250291243195533752e-02
1.248723268508911133e-02
1.243190187960863113e-02
1.233113743364810944e-02
1.221833750605583191e-02
1.211444009095430374e-02
1.256852783262729645e-02
1.302605681121349335e-02
1.347822509706020355e-02
1.396488863974809647e-02
1.396488863974809647e-02
1.445977855473756790e-02
1.493521686643362045e-02
1.537436805665493011e-02
1.576789468526840210e-02
1.612041518092155457e-02
1.640210859477519989e-02
1.664374582469463348e-02
1.685093343257904053e-02
1.704534329473972321e-02
1.720822975039482117e-02
1.720822975039482117e-02
1.737491041421890259e-02
1.748434081673622131e-02
1.755341701209545135e-02
1.761507615447044373e-02
1.763162575662136078e-02
1.767316088080406189e-02
1.771039701998233795e-02
1.774978451430797577e-02
1.778352819383144379e-02
1.781671494245529175e-02
1.781671494245529175e-02
1.790029369294643402e-02
1.796639338135719299e-02
1.806621253490447998e-02
1.816119626164436340e-02
1.816119626164436340e-02
1.816119626164436340e-02
1.824010163545608521e-02
1.820471324026584625e-02
1.815229095518589020e-02
1.791255548596382141e-02
1.791255548596382141e-02
1.772511377930641174e-02
1.733953505754470825e-02
1.697348617017269135e-02
1.667840592563152313e-02
1.639942079782485962e-02
1.613768190145492554e-02
1.587703637778759003e-02
1.562844403088092804e-02
1.545642595738172531e-02
1.527989190071821213e-02
1.527989190071821213e-02
1.508483849465847015e-02
1.486309245228767395e-02
1.463871635496616364e-02
1.442107371985912323e-02
1.441770512610673904e-02
1.439289096742868423e-02
1.428155787289142609e-02
1.417950820177793503e-02
1.412140112370252609e-02
1.403730455785989761e-02
1.403730455785989761e-02
1.395434886217117310e-02
1.393192354589700699e-02
1.393377408385276794e-02
1.394548825919628143e-02
1.396973058581352234e-02
1.401458028703927994e-02
1.404048316180706024e-02
1.411490514874458313e-02
1.412354968488216400e-02
1.431930437684059143e-02
1.431930437684059143e-02
1.449761632829904556e-02
1.465787459164857864e-02
1.481276936829090118e-02
1.492472551763057709e-02
1.497448887676000595e-02
1.501670293509960175e-02
1.505240797996520996e-02
1.503061503171920776e-02
1.492403354495763779e-02
1.482755690813064575e-02
1.482755690813064575e-02
1.473706308752298355e-02
1.459716819226741791e-02
1.440872810781002045e-02
1.423148903995752335e-02
1.418606657534837723e-02
1.415477786213159561e-02
1.416954211890697479e-02
1.419145520776510239e-02
1.424137502908706665e-02
1.421964820474386215e-02
1.421964820474386215e-02
1.408222783356904984e-02
1.389627810567617416e-02
1.375229284167289734e-02
1.366780046373605728e-02
1.353486813604831696e-02
1.343007758259773254e-02
1.331918872892856598e-02
1.320733595639467239e-02
1.311080530285835266e-02
1.301354914903640747e-02
1.301354914903640747e-02
1.296039577573537827e-02
1.292154937982559204e-02
1.284316182136535645e-02
1.276452839374542236e-02
1.265970990061759949e-02
1.252853870391845703e-02
1.237904187291860580e-02
1.219018828123807907e-02
1.199397258460521698e-02
1.193338725715875626e-02
1.193338725715875626e-02
1.191961392760276794e-02
1.193629298359155655e-02
1.199325360357761383e-02
1.205220725387334824e-02
1.214935164898633957e-02
1.227129250764846802e-02
1.239635981619358063e-02
1.255359034985303879e-02
1.264555472880601883e-02
1.268179435282945633e-02
1.268179435282945633e-02
1.267736870795488358e-02
1.265137083828449249e-02
1.262825168669223785e-02
1.261057704687118530e-02
1.253213640302419662e-02
1.243172399699687958e-02
1.232787128537893295e-02
1.220829784870147705e-02
1.213714666664600372e-02
1.208682637661695480e-02
1.208682637661695480e-02
1.210754271596670151e-02
1.209236402064561844e-02
1.210341509431600571e-02
1.215568743646144867e-02
1.220385544002056122e-02
1.227277889847755432e-02
1.225287094712257385e-02
1.231124438345432281e-02
1.244187913835048676e-02
1.257534883916378021e-02
1.257534883916378021e-02
1.264768000692129135e-02
1.270779129117727280e-02
1.269050501286983490e-02
1.265381462872028351e-02
1.261641364544630051e-02
1.257132180035114288e-02
1.249344833195209503e-02
1.238136179745197296e-02
1.229444611817598343e-02
1.221918035298585892e-02
1.221918035298585892e-02
1.210558228194713593e-02
1.189994812011718750e-02
1.169633865356445312e-02
1.150398887693881989e-02
1.134851574897766113e-02
1.119282469153404236e-02
1.107245776802301407e-02
1.102527324110269547e-02
1.100696064531803131e-02
1.096123363822698593e-02
1.096123363822698593e-02
1.086738146841526031e-02
1.074460335075855255e-02
1.066208537667989731e-02
1.048477459698915482e-02
1.034323684871196747e-02
1.022435445338487625e-02
1.018150709569454193e-02
1.013153232634067535e-02
1.005300600081682205e-02
9.936151094734668732e-03
9.936151094734668732e-03
9.813953191041946411e-03
9.681462310254573822e-03
9.537560865283012390e-03
9.397599846124649048e-03
9.266511537134647369e-03
9.120585396885871887e-03
8.951582945883274078e-03
8.784024976193904877e-03
8.620562963187694550e-03
8.513117209076881409e-03
8.513117209076881409e-03
8.478800766170024872e-03
8.434077724814414978e-03
8.418925106525421143e-03
8.440939709544181824e-03
8.468145504593849182e-03
8.508714847266674042e-03
8.391855284571647644e-03
8.214536122977733612e-03
8.025697432458400726e-03
7.823005318641662598e-03
7.823005318641662598e-03
7.662470918148756027e-03
7.540583144873380661e-03
7.453859318047761917e-03
7.377011701464653015e-03
7.288321387022733688e-03
7.180986925959587097e-03
7.052655331790447235e-03
6.947194691747426987e-03
6.859180983155965805e-03
6.731119938194751740e-03
6.731119938194751740e-03
6.583703681826591492e-03
6.543179042637348175e-03
6.470125634223222733e-03
6.384500302374362946e-03
6.318867672234773636e-03
5.826033651828765869e-03
5.392927210777997971e-03
4.894839134067296982e-03
4.894839134067296982e-03
4.481220152229070663e-03
4.481220152229070663e-03
4.118111915886402130e-03
3.856884315609931946e-03
3.677499713376164436e-03
3.584169782698154449e-03
3.587071318179368973e-03
3.699838416650891304e-03
3.842036006972193718e-03
4.033946897834539413e-03
4.204650409519672394e-03
4.387253895401954651e-03
4.387253895401954651e-03
4.528206307440996170e-03
4.660265985876321793e-03
4.786723759025335312e-03
4.939723294228315353e-03
5.094129126518964767e-03
5.301928147673606873e-03
5.512110888957977295e-03
5.749963223934173584e-03
5.917048081755638123e-03
6.042372900992631912e-03
6.042372900992631912e-03
6.201332900673151016e-03
6.383663509041070938e-03
6.593645550310611725e-03
6.769367959350347519e-03
6.941053085029125214e-03
7.120665628463029861e-03
7.308642379939556122e-03
7.438133936375379562e-03
7.550722919404506683e-03
7.776500657200813293e-03
7.776500657200813293e-03
7.968460209667682648e-03
8.053631521761417389e-03
8.328246884047985077e-03
8.674058131873607635e-03
9.065433405339717865e-03
9.461705572903156281e-03
9.727790020406246185e-03
9.952159598469734192e-03
1.015549059957265854e-02
1.027386728674173355e-02
1.027386728674173355e-02
1.029767654836177826e-02
1.027985196560621262e-02
1.030644960701465607e-02
1.035613566637039185e-02
1.040078513324260712e-02
1.044384017586708069e-02
1.049852464348077774e-02
1.055497210472822189e-02
1.063792873173952103e-02
1.069433894008398056e-02
