1.074716559125105456e-02
1.074716559125105456e-02
1.203225017391241353e-02
1.146296976217126874e-02
1.105975346511340295e-02
1.063646931285240974e-02
1.051886360059482023e-02
1.116458927429799658e-02
1.190476652221189070e-02
1.232742108490500303e-02
1.263625679459954958e-02
1.285337424914611074e-02
1.285337424914611074e-02
1.300620800124297274e-02
1.319323856001671132e-02
1.324446862133032629e-02
1.338988742363744246e-02
1.383478010132049504e-02
1.402636377000851531e-02
1.408248893262263081e-02
1.413793757312002686e-02
1.416965362014122390e-02
1.440994726576998175e-02
