2.590548805892467499e-02
2.726419642567634583e-02
2.790634147822856903e-02
2.805117517709732056e-02
2.850605919957160950e-02
2.837289683520793915e-02
2.854759804904460907e-02
2.871332503855228424e-02
2.913469821214675903e-02
2.940702252089977264e-02
2.973466552793979645e-02
2.973466552793979645e-02
2.997313998639583588e-02
3.028112836182117462e-02
3.058516047894954681e-02
3.094071336090564728e-02
3.128147497773170471e-02
3.160050883889198303e-02
3.188278526067733765e-02
3.222766518592834473e-02
3.233759850263595581e-02
3.260116279125213623e-02
3.260116279125213623e-02
3.240503743290901184e-02
3.213832154870033264e-02
3.185040131211280823e-02
3.152340650558471680e-02
3.129428252577781677e-02
3.105504065752029419e-02
3.079020418226718903e-02
3.060001693665981293e-02
3.022504039108753204e-02
3.020589984953403473e-02
3.020589984953403473e-02
3.031932003796100616e-02
3.038300015032291412e-02
3.047038614749908447e-02
3.055628389120101929e-02
3.052931278944015503e-02
3.045991994440555573e-02
3.063150495290756226e-02
3.083667904138565063e-02
3.098882921040058136e-02
3.106825239956378937e-02
3.106825239956378937e-02
3.118996694684028625e-02
3.127831220626831055e-02
3.142283111810684204e-02
3.160815313458442688e-02
3.170005604624748230e-02
3.167874738574028015e-02
3.145782276988029480e-02
3.128170594573020935e-02
3.104106523096561432e-02
3.074304573237895966e-02
3.074304573237895966e-02
3.039371222257614136e-02
3.011987172067165375e-02
2.990979142487049103e-02
2.969818934798240662e-02
2.955049835145473480e-02
2.942369692027568817e-02
2.911070920526981354e-02
2.876722067594528198e-02
2.851431258022785187e-02
2.829725854098796844e-02
2.829725854098796844e-02
2.803760208189487457e-02
2.784943580627441406e-02
2.805958501994609833e-02
2.816998027265071869e-02
2.831548266112804413e-02
2.839277498424053192e-02
2.840832807123661041e-02
2.848615869879722595e-02
2.853020653128623962e-02
2.878892607986927032e-02
2.878892607986927032e-02
2.903551049530506134e-02
2.935828082263469696e-02
2.971246838569641113e-02
3.009703382849693298e-02
3.043194673955440521e-02
3.068651445209980011e-02
3.086754865944385529e-02
3.102408349514007568e-02
3.115816414356231689e-02
3.126575797796249390e-02
3.126575797796249390e-02
3.150718286633491516e-02
3.161058574914932251e-02
3.179381415247917175e-02
3.204228729009628296e-02
3.223561123013496399e-02
3.241607919335365295e-02
3.276626393198966980e-02
3.310320526361465454e-02
3.344719856977462769e-02
3.358998149633407593e-02
3.358998149633407593e-02
3.401926159858703613e-02
3.446380421519279480e-02
3.480019047856330872e-02
3.502997756004333496e-02
3.527199476957321167e-02
3.551472350955009460e-02
3.568686544895172119e-02
3.584449365735054016e-02
3.602621331810951233e-02
3.617781028151512146e-02
3.617781028151512146e-02
3.616151213645935059e-02
3.613016754388809204e-02
3.607361763715744019e-02
3.592257574200630188e-02
3.566523268818855286e-02
3.537353873252868652e-02
3.536880016326904297e-02
3.532012179493904114e-02
3.528518602252006531e-02
3.510636091232299805e-02
3.510636091232299805e-02
3.496665135025978088e-02
3.481489792466163635e-02
3.466423600912094116e-02
3.453179448843002319e-02
3.438122197985649109e-02
3.423651680350303650e-02
3.407941386103630066e-02
3.383906930685043335e-02
3.360146284103393555e-02
3.335636481642723083e-02
3.335636481642723083e-02
3.311750665307044983e-02
3.263909369707107544e-02
3.216113895177841187e-02
3.176755085587501526e-02
3.142072260379791260e-02
3.103526495397090912e-02
3.066849894821643829e-02
3.043277561664581299e-02
3.018172830343246460e-02
2.996723540127277374e-02
2.996723540127277374e-02
2.975210547447204590e-02
2.951009385287761688e-02
2.930016256868839264e-02
2.899901382625102997e-02
2.862670831382274628e-02
2.826830931007862091e-02
2.786248549818992615e-02
2.748942002654075623e-02
2.707631699740886688e-02
2.666605822741985321e-02
2.666605822741985321e-02
2.629104815423488617e-02
2.592424862086772919e-02
2.557006850838661194e-02
2.532094903290271759e-02
2.493307366967201233e-02
2.462622895836830139e-02
2.433479391038417816e-02
2.422112040221691132e-02
2.416032366454601288e-02
2.407154440879821777e-02
2.407154440879821777e-02
2.399726398289203644e-02
2.383487485349178314e-02
2.366766892373561859e-02
2.344772033393383026e-02
2.321155555546283722e-02
2.305958047509193420e-02
2.292823418974876404e-02
2.278105355799198151e-02
2.226056717336177826e-02
2.189393900334835052e-02
2.189393900334835052e-02
2.133870869874954224e-02
2.071057260036468506e-02
2.010961249470710754e-02
1.961099915206432343e-02
1.918197982013225555e-02
1.879428327083587646e-02
1.843827962875366211e-02
1.816807314753532410e-02
1.784544251859188080e-02
1.753397472202777863e-02
1.753397472202777863e-02
1.729913987219333649e-02
1.707766763865947723e-02
1.687778905034065247e-02
1.671389676630496979e-02
1.659982651472091675e-02
1.642717607319355011e-02
1.636963151395320892e-02
1.628911308944225311e-02
1.619464159011840820e-02
1.608403027057647705e-02
1.608403027057647705e-02
1.597894728183746338e-02
1.587146334350109100e-02
1.586475782096385956e-02
1.580276153981685638e-02
1.572860591113567352e-02
1.560677494853734970e-02
1.558116916567087173e-02
1.543564628809690475e-02
1.529152691364288330e-02
1.512235030531883240e-02
1.512235030531883240e-02
1.499432232230901718e-02
1.495949178934097290e-02
1.481288578361272812e-02
1.464062277227640152e-02
1.450344733893871307e-02
1.433368772268295288e-02
1.412845216691493988e-02
1.392681617289781570e-02
1.368417125195264816e-02
1.329927891492843628e-02
1.329927891492843628e-02
1.294375769793987274e-02
1.262701116502285004e-02
1.229887176305055618e-02
1.188242342323064804e-02
1.138652395457029343e-02
1.086692884564399719e-02
1.032943185418844223e-02
9.905065409839153290e-03
9.535873308777809143e-03
9.233304299414157867e-03
9.233304299414157867e-03
8.751125074923038483e-03
8.363916538655757904e-03
7.867650128901004791e-03
7.369522470980882645e-03
6.949154194444417953e-03
6.551806349307298660e-03
6.222492083907127380e-03
6.107035558670759201e-03
6.073748692870140076e-03
6.138028111308813095e-03
6.138028111308813095e-03
6.334712263196706772e-03
6.647014990448951721e-03
7.081602234393358231e-03
7.499550934880971909e-03
7.861557416617870331e-03
8.176607079803943634e-03
8.405259810388088226e-03
8.214144036173820496e-03
8.087010122835636139e-03
8.007910102605819702e-03
8.007910102605819702e-03
8.119712583720684052e-03
8.334773592650890350e-03
8.628288283944129944e-03
8.947167545557022095e-03
9.244227781891822815e-03
9.628748521208763123e-03
1.004899945110082626e-02
1.048179436475038528e-02
1.097532734274864197e-02
1.146751828491687775e-02
1.146751828491687775e-02
1.190855167806148529e-02
1.223267335444688797e-02
1.239838823676109314e-02
1.228067558258771896e-02
1.214990206062793732e-02
1.210920047014951706e-02
1.209367252886295319e-02
1.220991276204586029e-02
1.253526844084262848e-02
1.293767616152763367e-02
1.293767616152763367e-02
1.325887069106101990e-02
1.375264953821897507e-02
1.418349146842956543e-02
1.463509444147348404e-02
1.509341504424810410e-02
1.555001270025968552e-02
1.590331643819808960e-02
1.614260859787464142e-02
1.628827676177024841e-02
1.634556055068969727e-02
1.634556055068969727e-02
1.630769297480583191e-02
1.573518849909305573e-02
1.521573495119810104e-02
1.464660745114088058e-02
1.416044775396585464e-02
1.375968381762504578e-02
1.345427334308624268e-02
1.329057104885578156e-02
1.317775342613458633e-02
1.320065371692180634e-02
1.320065371692180634e-02
1.335345022380352020e-02
1.352907530963420868e-02
1.368418242782354355e-02
1.391134038567543030e-02
1.407359912991523743e-02
1.426697243005037308e-02
1.439659111201763153e-02
1.435244642198085785e-02
1.428849156945943832e-02
1.426038239151239395e-02
1.426038239151239395e-02
1.421236619353294373e-02
1.415188889950513840e-02
1.368066202849149704e-02
1.328094769269227982e-02
1.294361427426338196e-02
1.274148467928171158e-02
1.258721482008695602e-02
1.254907809197902679e-02
1.244868896901607513e-02
1.239020749926567078e-02
1.239020749926567078e-02
1.230985764414072037e-02
1.212799083441495895e-02
1.201665215194225311e-02
1.194892544299364090e-02
1.191212888807058334e-02
1.190696377307176590e-02
1.187237259000539780e-02
1.181955821812152863e-02
1.177516952157020569e-02
1.176904700696468353e-02
1.176904700696468353e-02
1.179836411029100418e-02
1.183753646910190582e-02
1.188010256737470627e-02
1.173484604805707932e-02
1.157264318317174911e-02
1.150218490511178970e-02
1.152309216558933258e-02
1.145568024367094040e-02
1.136781834065914154e-02
1.130475755780935287e-02
1.130475755780935287e-02
1.108138542622327805e-02
1.079936791211366653e-02
1.053165178745985031e-02
1.040518004447221756e-02
1.030438486486673355e-02
1.016231812536716461e-02
1.018946897238492966e-02
1.020952407270669937e-02
1.030306145548820496e-02
1.041024178266525269e-02
1.041024178266525269e-02
1.039025746285915375e-02
1.030303072184324265e-02
1.021240465342998505e-02
1.017061993479728699e-02
1.013920828700065613e-02
1.009935233741998672e-02
1.002985332161188126e-02
1.000022143125534058e-02
1.003990974277257919e-02
1.002748683094978333e-02
1.002748683094978333e-02
1.004155632108449936e-02
1.005268376320600510e-02
1.006839610636234283e-02
1.017951127141714096e-02
1.037871651351451874e-02
1.062135864049196243e-02
1.092439983040094376e-02
1.080613117665052414e-02
1.071909256279468536e-02
1.067726686596870422e-02
1.067726686596870422e-02
1.065041590481996536e-02
1.075317524373531342e-02
1.099209766834974289e-02
1.126136723905801773e-02
1.073713880032300949e-02
1.051152870059013367e-02
1.051729358732700348e-02
1.067090220749378204e-02
1.097836345434188843e-02
1.140016503632068634e-02
1.140016503632068634e-02
1.178952027112245560e-02
1.223123818635940552e-02
1.264642924070358276e-02
1.303443592041730881e-02
1.300756353884935379e-02
1.296855509281158447e-02
1.296396739780902863e-02
1.301235612481832504e-02
1.322880666702985764e-02
1.344297919422388077e-02
1.344297919422388077e-02
1.374124083667993546e-02
1.402653567492961884e-02
1.397544145584106445e-02
1.394929178059101105e-02
1.394488848745822906e-02
1.388007495552301407e-02
1.374189741909503937e-02
1.359236799180507660e-02
1.334248669445514679e-02
1.303466968238353729e-02
1.303466968238353729e-02
1.274208351969718933e-02
1.258423738181591034e-02
1.242193486541509628e-02
1.224373281002044678e-02
1.206858735531568527e-02
1.190424524247646332e-02
1.174993347376585007e-02
1.161125302314758301e-02
1.150164380669593811e-02
1.140328776091337204e-02
1.140328776091337204e-02
1.137149240821599960e-02
1.141116023063659668e-02
1.150521729141473770e-02
1.162557490170001984e-02
1.173317432403564453e-02
1.181452255696058273e-02
1.194324064999818802e-02
1.209672819823026657e-02
1.206022780388593674e-02
1.197297219187021255e-02
1.197297219187021255e-02
1.180749107152223587e-02
1.158176455646753311e-02
1.143212709575891495e-02
1.128001045435667038e-02
1.122834812849760056e-02
1.119896583259105682e-02
1.122140232473611832e-02
1.124712079763412476e-02
1.156655233353376389e-02
1.185597479343414307e-02
1.185597479343414307e-02
1.212768536061048508e-02
1.232515554875135422e-02
1.250108238309621811e-02
1.265706215053796768e-02
1.273844763636589050e-02
1.278976630419492722e-02
1.286760065704584122e-02
1.290421094745397568e-02
1.293660420924425125e-02
1.303739752620458603e-02
1.303739752620458603e-02
1.325888745486736298e-02
1.344356779009103775e-02
1.359853055328130722e-02
1.378279086202383041e-02
1.394016668200492859e-02
1.403569802641868591e-02
1.410702988505363464e-02
1.424469519406557083e-02
1.439288537949323654e-02
1.450247596949338913e-02
1.450247596949338913e-02
1.440200675278902054e-02
1.440995745360851288e-02
1.361336559057235718e-02
1.298105809837579727e-02
1.241409964859485626e-02
1.201124675571918488e-02
1.171548664569854736e-02
1.156914420425891876e-02
1.156883127987384796e-02
1.162728480994701385e-02
1.162728480994701385e-02
1.175855752080678940e-02
1.203346811234951019e-02
1.236492116004228592e-02
1.191170513629913330e-02
1.160619128495454788e-02
1.137502212077379227e-02
1.124521996825933456e-02
1.112008094787597656e-02
1.102935802191495895e-02
1.109170820564031601e-02
1.109170820564031601e-02
1.121027860790491104e-02
1.131585147231817245e-02
1.145163550972938538e-02
1.167792733758687973e-02
1.207649055868387222e-02
1.249870844185352325e-02
1.293248217552900314e-02
1.342541445046663284e-02
1.387297175824642181e-02
1.438326667994260788e-02
1.438326667994260788e-02
1.487350743263959885e-02
1.529505476355552673e-02
1.571224629878997803e-02
1.614671759307384491e-02
1.655353978276252747e-02
1.695774868130683899e-02
1.734595559537410736e-02
1.768006011843681335e-02
1.801040023565292358e-02
1.819041371345520020e-02
1.819041371345520020e-02
1.831810548901557922e-02
1.840704120695590973e-02
1.846581697463989258e-02
1.855296082794666290e-02
1.866980455815792084e-02
1.883167959749698639e-02
1.897200010716915131e-02
1.912968605756759644e-02
1.937174983322620392e-02
1.963099464774131775e-02
1.963099464774131775e-02
1.988290250301361084e-02
2.017043903470039368e-02
2.060157060623168945e-02
2.101948857307434082e-02
2.133058570325374603e-02
2.163210324943065643e-02
2.191961184144020081e-02
2.226998470723628998e-02
2.258633822202682495e-02
2.290993928909301758e-02
2.290993928909301758e-02
2.323653362691402435e-02
2.352372556924819946e-02
2.390144206583499908e-02
2.423630841076374054e-02
2.445200830698013306e-02
2.461247704923152924e-02
2.486082911491394043e-02
2.506200037896633148e-02
2.526188455522060394e-02
2.542064525187015533e-02
2.542064525187015533e-02
2.552478387951850891e-02
2.561485767364501953e-02
2.570267207920551300e-02
2.574864029884338379e-02
2.578994072973728180e-02
2.590142190456390381e-02
2.598555013537406921e-02
2.602328173816204071e-02
2.608376555144786835e-02
2.608232386410236359e-02
2.608232386410236359e-02
2.604687400162220001e-02
2.602341771125793457e-02
2.599342167377471924e-02
2.607167698442935944e-02
2.606714144349098206e-02
2.603703737258911133e-02
2.618648298084735870e-02
2.623429708182811737e-02
2.629456296563148499e-02
2.635313384234905243e-02
2.635313384234905243e-02
2.629498206079006195e-02
2.620904333889484406e-02
2.606655284762382507e-02
2.587234228849411011e-02
2.558917552232742310e-02
2.525140158832073212e-02
2.487251907587051392e-02
2.450630255043506622e-02
2.414982579648494720e-02
2.378715015947818756e-02
