3.245992586016654968e-02
2.500462718307971954e-02
2.089165151119232178e-02
1.674355007708072662e-02
1.619876176118850708e-02
1.470542699098587036e-02
1.412758789956569672e-02
1.564206741750240326e-02
1.691192947328090668e-02
1.751329749822616577e-02
1.784383505582809448e-02
1.784383505582809448e-02
1.731270924210548401e-02
1.845443435013294220e-02
1.828487589955329895e-02
1.750587113201618195e-02
1.634189859032630920e-02
1.435142755508422852e-02
1.302481442689895630e-02
1.241951994597911835e-02
1.231655012816190720e-02
1.226183120161294937e-02
1.226183120161294937e-02
1.225812081247568130e-02
1.185378525406122208e-02
1.191623508930206299e-02
1.225976739078760147e-02
1.263934001326560974e-02
1.342438161373138428e-02
1.445451192557811737e-02
1.506479643285274506e-02
1.584711112082004547e-02
1.575740054249763489e-02
1.575740054249763489e-02
1.552736572921276093e-02
1.505669765174388885e-02
1.453733071684837341e-02
1.612123101949691772e-02
1.771414652466773987e-02
1.905082538723945618e-02
1.979763060808181763e-02
2.039997652173042297e-02
2.138541825115680695e-02
2.216469496488571167e-02
2.216469496488571167e-02
2.248450741171836853e-02
2.313541434705257416e-02
2.373348921537399292e-02
2.495140396058559418e-02
2.569947950541973114e-02
2.621044032275676727e-02
2.616665139794349670e-02
2.586217597126960754e-02
2.529399096965789795e-02
2.511289902031421661e-02
2.511289902031421661e-02
2.476215921342372894e-02
2.444088459014892578e-02
2.475838735699653625e-02
2.532744221389293671e-02
2.501534856855869293e-02
2.517035044729709625e-02
2.623218484222888947e-02
2.708073146641254425e-02
2.829864062368869781e-02
2.962246164679527283e-02
2.962246164679527283e-02
3.141959756612777710e-02
3.351392596960067749e-02
3.535511717200279236e-02
3.756412491202354431e-02
3.991851583123207092e-02
4.217018932104110718e-02
4.430275410413742065e-02
4.617902636528015137e-02
4.796466231346130371e-02
5.037979781627655029e-02
5.037979781627655029e-02
5.272736400365829468e-02
5.524642020463943481e-02
5.755932256579399109e-02
5.863438174128532410e-02
5.934501066803932190e-02
6.010135263204574585e-02
6.116101145744323730e-02
6.230785697698593140e-02
6.614875048398971558e-02
6.953185796737670898e-02
6.953185796737670898e-02
7.181398570537567139e-02
7.425862550735473633e-02
7.657111436128616333e-02
7.836072146892547607e-02
8.017855882644653320e-02
8.191429823637008667e-02
8.327415585517883301e-02
8.454480767250061035e-02
8.501522988080978394e-02
8.558781445026397705e-02
8.558781445026397705e-02
8.579330891370773315e-02
8.590885996818542480e-02
8.583705872297286987e-02
8.594717830419540405e-02
8.512261509895324707e-02
8.400102704763412476e-02
8.311076462268829346e-02
8.216509222984313965e-02
8.133383095264434814e-02
8.055227249860763550e-02
8.055227249860763550e-02
8.003252744674682617e-02
7.917001098394393921e-02
7.874175906181335449e-02
7.866929471492767334e-02
7.946299016475677490e-02
7.906242460012435913e-02
7.902252674102783203e-02
7.841202616691589355e-02
7.860320061445236206e-02
7.967782765626907349e-02
7.967782765626907349e-02
8.096684515476226807e-02
8.284832537174224854e-02
8.476752042770385742e-02
8.640679717063903809e-02
8.780536800622940063e-02
8.914784342050552368e-02
9.034572541713714600e-02
9.095739573240280151e-02
9.194719046354293823e-02
9.307931363582611084e-02
9.307931363582611084e-02
9.511671960353851318e-02
9.673982113599777222e-02
9.849528223276138306e-02
9.980893135070800781e-02
1.007224991917610168e-01
1.010157093405723572e-01
1.012373417615890503e-01
1.007118299603462219e-01
1.002114862203598022e-01
9.955173730850219727e-02
