2.666632272303104401e-02
2.666632272303104401e-02
2.805196680128574371e-02
2.907961048185825348e-02
3.016365133225917816e-02
3.055273741483688354e-02
3.054586797952651978e-02
3.021098487079143524e-02
3.018228337168693542e-02
2.997642755508422852e-02
3.002176433801651001e-02
3.000345081090927124e-02
3.000345081090927124e-02
3.027449920773506165e-02
3.044256195425987244e-02
3.092145361006259918e-02
3.127432614564895630e-02
3.163219243288040161e-02
3.197720274329185486e-02
3.220637887716293335e-02
3.248291462659835815e-02
3.284024819731712341e-02
3.316144272685050964e-02
3.316144272685050964e-02
3.364855423569679260e-02
3.415562957525253296e-02
3.478701412677764893e-02
3.528406471014022827e-02
3.566079959273338318e-02
3.591885417699813843e-02
3.614331409335136414e-02
3.646747395396232605e-02
3.684941679239273071e-02
3.702795505523681641e-02
3.702795505523681641e-02
3.717155009508132935e-02
3.737331926822662354e-02
3.758288547396659851e-02
3.776877000927925110e-02
3.790495544672012329e-02
3.811048343777656555e-02
3.828089684247970581e-02
3.843453153967857361e-02
3.873818740248680115e-02
3.908386826515197754e-02
3.908386826515197754e-02
3.948847949504852295e-02
4.001474007964134216e-02
4.054109007120132446e-02
4.117968678474426270e-02
4.179151728749275208e-02
4.244520515203475952e-02
4.308180510997772217e-02
4.347722232341766357e-02
4.393264651298522949e-02
4.434452950954437256e-02
4.434452950954437256e-02
4.473027959465980530e-02
4.524048790335655212e-02
4.562533646821975708e-02
4.590573161840438843e-02
4.621521756052970886e-02
4.653220996260643005e-02
4.686534777283668518e-02
4.724769294261932373e-02
4.766773805022239685e-02
4.772464558482170105e-02
4.772464558482170105e-02
4.748318344354629517e-02
4.723963886499404907e-02
4.696956276893615723e-02
4.671087861061096191e-02
4.636423662304878235e-02
4.601872339844703674e-02
4.553151130676269531e-02
4.502533748745918274e-02
4.445846006274223328e-02
4.384506121277809143e-02
4.384506121277809143e-02
4.321474954485893250e-02
4.274861142039299011e-02
4.236789420247077942e-02
4.204540327191352844e-02
4.175065085291862488e-02
4.157397523522377014e-02
4.149794951081275940e-02
4.153349995613098145e-02
4.192006215453147888e-02
4.240016639232635498e-02
4.240016639232635498e-02
4.289463162422180176e-02
4.341474175453186035e-02
4.408332332968711853e-02
4.479824751615524292e-02
4.547222703695297241e-02
4.616513848304748535e-02
4.692716896533966064e-02
4.778549075126647949e-02
4.851723462343215942e-02
4.908747598528862000e-02
4.908747598528862000e-02
4.948407039046287537e-02
4.984412714838981628e-02
5.001906305551528931e-02
5.017119273543357849e-02
5.033916980028152466e-02
5.055832490324974060e-02
5.072079226374626160e-02
5.095300823450088501e-02
5.121550709009170532e-02
5.131738260388374329e-02
5.131738260388374329e-02
5.139663070440292358e-02
5.141650512814521790e-02
5.145546421408653259e-02
5.159080401062965393e-02
5.177496373653411865e-02
5.195930972695350647e-02
5.198891088366508484e-02
5.210213735699653625e-02
5.230899527668952942e-02
5.257011204957962036e-02
5.257011204957962036e-02
5.303809046745300293e-02
5.342696234583854675e-02
5.386908352375030518e-02
5.428146570920944214e-02
5.454743653535842896e-02
5.475049093365669250e-02
5.492593348026275635e-02
5.497519671916961670e-02
5.497143417596817017e-02
5.506939813494682312e-02
5.506939813494682312e-02
5.517847090959548950e-02
5.529624223709106445e-02
5.521339550614356995e-02
5.533985421061515808e-02
5.541900917887687683e-02
5.536714568734169006e-02
5.514959618449211121e-02
5.507336184382438660e-02
5.481655895709991455e-02
5.442487448453903198e-02
5.442487448453903198e-02
5.384472012519836426e-02
5.325927212834358215e-02
5.260300636291503906e-02
5.185739696025848389e-02
5.114938318729400635e-02
5.049416795372962952e-02
4.993306845426559448e-02
4.955824092030525208e-02
4.919978976249694824e-02
4.871599748730659485e-02
4.871599748730659485e-02
4.836332425475120544e-02
4.816025123000144958e-02
4.783161357045173645e-02
4.740718752145767212e-02
4.703315347433090210e-02
4.681432992219924927e-02
4.641568288207054138e-02
4.611193761229515076e-02
4.581664875149726868e-02
4.566982761025428772e-02
4.566982761025428772e-02
4.555478692054748535e-02
4.555128142237663269e-02
4.554744064807891846e-02
4.560249671339988708e-02
4.545146226882934570e-02
4.530324786901473999e-02
4.500304162502288818e-02
4.451502859592437744e-02
4.405133798718452454e-02
4.376642033457756042e-02
4.376642033457756042e-02
4.344652220606803894e-02
4.315849021077156067e-02
4.292802885174751282e-02
4.264436662197113037e-02
4.242836311459541321e-02
4.237695410847663879e-02
4.255991429090499878e-02
4.277230054140090942e-02
4.321306198835372925e-02
4.366775974631309509e-02
4.366775974631309509e-02
4.420685395598411560e-02
4.465992748737335205e-02
4.509781301021575928e-02
4.556678980588912964e-02
4.576332494616508484e-02
4.587541148066520691e-02
4.587711021304130554e-02
4.582818597555160522e-02
4.592599719762802124e-02
4.602447897195816040e-02
4.602447897195816040e-02
4.602923244237899780e-02
4.596649482846260071e-02
4.603651538491249084e-02
4.624925926327705383e-02
4.648603871464729309e-02
4.671134427189826965e-02
4.688652232289314270e-02
4.714001715183258057e-02
4.747694730758666992e-02
4.789853096008300781e-02
4.789853096008300781e-02
4.837812855839729309e-02
4.892047494649887085e-02
4.952020198106765747e-02
5.005670711398124695e-02
5.077369138598442078e-02
5.161217972636222839e-02
5.223254114389419556e-02
5.299876257777214050e-02
5.380245298147201538e-02
5.438239499926567078e-02
5.438239499926567078e-02
5.495515465736389160e-02
5.536227300763130188e-02
5.591813474893569946e-02
5.631109699606895447e-02
5.677412450313568115e-02
5.731612443923950195e-02
5.772669985890388489e-02
5.791443213820457458e-02
5.791858956217765808e-02
5.797203257679939270e-02
5.797203257679939270e-02
5.817697197198867798e-02
5.817519873380661011e-02
5.805124714970588684e-02
5.801080912351608276e-02
5.786928907036781311e-02
5.752217769622802734e-02
5.709494650363922119e-02
5.677938461303710938e-02
5.633861571550369263e-02
5.602189525961875916e-02
5.602189525961875916e-02
5.573139339685440063e-02
5.544692650437355042e-02
5.508053675293922424e-02
5.450928211212158203e-02
5.379092693328857422e-02
5.297452211380004883e-02
5.221111327409744263e-02
5.146836489439010620e-02
5.088183656334877014e-02
5.039994046092033386e-02
5.039994046092033386e-02
5.019225552678108215e-02
5.010283738374710083e-02
5.026107281446456909e-02
5.044936016201972961e-02
5.074426904320716858e-02
5.107880383729934692e-02
5.135029926896095276e-02
5.150552839040756226e-02
5.168919265270233154e-02
5.182874575257301331e-02
5.182874575257301331e-02
5.217771977186203003e-02
5.251499637961387634e-02
5.282702669501304626e-02
5.326123908162117004e-02
5.362157896161079407e-02
5.389620363712310791e-02
5.429938063025474548e-02
5.482759326696395874e-02
5.522011965513229370e-02
5.562496557831764221e-02
5.562496557831764221e-02
5.597994476556777954e-02
5.604720488190650940e-02
5.598080158233642578e-02
5.605965852737426758e-02
5.611413344740867615e-02
5.623312294483184814e-02
5.631544068455696106e-02
5.631793662905693054e-02
5.618855357170104980e-02
5.604917928576469421e-02
5.604917928576469421e-02
5.595681443810462952e-02
5.591480806469917297e-02
5.603254213929176331e-02
5.625069886445999146e-02
5.664938315749168396e-02
5.704553797841072083e-02
5.742589384317398071e-02
5.767740309238433838e-02
5.798634886741638184e-02
5.828249454498291016e-02
5.828249454498291016e-02
5.854782834649085999e-02
5.873335897922515869e-02
5.893447250127792358e-02
5.917245149612426758e-02
5.969800800085067749e-02
6.007552891969680786e-02
6.036258488893508911e-02
6.052184477448463440e-02
6.057832390069961548e-02
6.053888052701950073e-02
6.053888052701950073e-02
6.028738990426063538e-02
6.023586913943290710e-02
6.021010130643844604e-02
6.019475683569908142e-02
6.021487712860107422e-02
6.034784391522407532e-02
6.045654043555259705e-02
6.039462238550186157e-02
6.051915884017944336e-02
6.077206879854202271e-02
6.077206879854202271e-02
6.096871197223663330e-02
6.118095293641090393e-02
6.142663955688476562e-02
6.146046891808509827e-02
6.136768683791160583e-02
6.124199926853179932e-02
6.123466789722442627e-02
6.127076968550682068e-02
6.136101111769676208e-02
6.148491054773330688e-02
6.148491054773330688e-02
6.151768937706947327e-02
6.155347824096679688e-02
6.164754182100296021e-02
6.181156635284423828e-02
6.188549846410751343e-02
6.183368340134620667e-02
6.170364469289779663e-02
6.160867959260940552e-02
6.141361221671104431e-02
6.107731908559799194e-02
6.107731908559799194e-02
6.088037416338920593e-02
6.067268177866935730e-02
6.039704754948616028e-02
5.996007099747657776e-02
5.947391316294670105e-02
5.901066586375236511e-02
5.839624255895614624e-02
5.782326683402061462e-02
5.747726932168006897e-02
5.699180811643600464e-02
5.699180811643600464e-02
5.654054880142211914e-02
5.620084330439567566e-02
5.605080723762512207e-02
5.603634938597679138e-02
5.610699951648712158e-02
5.627837777137756348e-02
5.625353008508682251e-02
5.636020377278327942e-02
5.657541751861572266e-02
5.665330588817596436e-02
5.665330588817596436e-02
5.669846013188362122e-02
5.664865300059318542e-02
5.647977814078330994e-02
5.642678216099739075e-02
5.629730969667434692e-02
5.614979937672615051e-02
5.580208078026771545e-02
5.551734566688537598e-02
5.526230484247207642e-02
5.467037111520767212e-02
5.467037111520767212e-02
5.394456535577774048e-02
5.334676429629325867e-02
5.284219235181808472e-02
5.253158137202262878e-02
5.237609893083572388e-02
5.233889818191528320e-02
5.238244310021400452e-02
5.252021923661231995e-02
5.281800031661987305e-02
5.296002328395843506e-02
5.296002328395843506e-02
5.294159427285194397e-02
5.302010104060173035e-02
5.306227505207061768e-02
5.297129601240158081e-02
5.290909484028816223e-02
5.232661217451095581e-02
5.164974555373191833e-02
5.113020539283752441e-02
5.059102922677993774e-02
5.018592625856399536e-02
5.018592625856399536e-02
4.991050809621810913e-02
4.960211366415023804e-02
4.945562407374382019e-02
4.935906082391738892e-02
4.923812299966812134e-02
4.911592230200767517e-02
4.906243458390235901e-02
4.894645512104034424e-02
4.884746298193931580e-02
4.877720400691032410e-02
4.877720400691032410e-02
4.879263415932655334e-02
4.899540171027183533e-02
4.933480173349380493e-02
4.967229068279266357e-02
5.004841834306716919e-02
5.048646032810211182e-02
5.090672150254249573e-02
5.131110921502113342e-02
5.160340294241905212e-02
5.170339345932006836e-02
5.170339345932006836e-02
5.154782906174659729e-02
5.130894482135772705e-02
5.094867199659347534e-02
5.045874044299125671e-02
4.994345828890800476e-02
4.935966804623603821e-02
4.873562604188919067e-02
4.811617359519004822e-02
4.761855304241180420e-02
4.725613072514533997e-02
4.725613072514533997e-02
4.694643244147300720e-02
4.670217633247375488e-02
4.659959673881530762e-02
4.646671935915946960e-02
4.644357040524482727e-02
4.637413471937179565e-02
4.631760716438293457e-02
4.652775824069976807e-02
4.670361801981925964e-02
4.683614894747734070e-02
4.683614894747734070e-02
4.700234532356262207e-02
4.702532291412353516e-02
4.691821336746215820e-02
4.680001735687255859e-02
4.640597105026245117e-02
4.586265981197357178e-02
4.527017474174499512e-02
4.472107812762260437e-02
4.421995952725410461e-02
4.385623335838317871e-02
4.385623335838317871e-02
4.368092492222785950e-02
4.350942745804786682e-02
4.345813393592834473e-02
4.340896755456924438e-02
4.339651018381118774e-02
4.339726269245147705e-02
4.346499592065811157e-02
4.352522641420364380e-02
4.350936412811279297e-02
4.350620135664939880e-02
4.350620135664939880e-02
4.346667230129241943e-02
4.351504147052764893e-02
4.355182871222496033e-02
4.355001077055931091e-02
4.352378100156784058e-02
4.330972954630851746e-02
4.309447854757308960e-02
4.287925362586975098e-02
4.274089634418487549e-02
4.264759644865989685e-02
4.264759644865989685e-02
4.261780157685279846e-02
4.251492395997047424e-02
4.242969304323196411e-02
4.243735969066619873e-02
4.233760759234428406e-02
4.227269068360328674e-02
4.210052639245986938e-02
4.196324944496154785e-02
4.191455245018005371e-02
4.205651581287384033e-02
4.205651581287384033e-02
4.219149798154830933e-02
4.216059669852256775e-02
4.226222634315490723e-02
4.238750040531158447e-02
4.230123385787010193e-02
4.216489568352699280e-02
4.191804304718971252e-02
4.166835173964500427e-02
4.138065502047538757e-02
4.112807288765907288e-02
4.112807288765907288e-02
4.084073379635810852e-02
4.067808017134666443e-02
4.052207618951797485e-02
4.036866128444671631e-02
4.025493189692497253e-02
4.014473035931587219e-02
3.998544812202453613e-02
3.992134332656860352e-02
3.985952213406562805e-02
3.980552405118942261e-02
3.980552405118942261e-02
3.968873247504234314e-02
3.951195999979972839e-02
3.940140455961227417e-02
3.935316950082778931e-02
3.938200697302818298e-02
3.945236653089523315e-02
3.954433277249336243e-02
3.971298411488533020e-02
3.995281085371971130e-02
4.012935236096382141e-02
4.012935236096382141e-02
4.018753394484519958e-02
4.009337350726127625e-02
3.995220735669136047e-02
3.990731388330459595e-02
3.986783325672149658e-02
3.983225673437118530e-02
3.983351215720176697e-02
3.977715596556663513e-02
3.970850631594657898e-02
3.951468691229820251e-02
3.951468691229820251e-02
3.929186612367630005e-02
3.893691673874855042e-02
3.847079724073410034e-02
3.803813457489013672e-02
3.767847642302513123e-02
3.748855739831924438e-02
3.732094913721084595e-02
3.715394809842109680e-02
3.707363083958625793e-02
3.704417869448661804e-02
3.704417869448661804e-02
3.695334121584892273e-02
3.691607713699340820e-02
3.659119829535484314e-02
3.626084327697753906e-02
3.590468689799308777e-02
3.549204394221305847e-02
3.511648252606391907e-02
3.473508730530738831e-02
3.437487408518791199e-02
3.415921330451965332e-02
3.415921330451965332e-02
3.404954820871353149e-02
3.386263921856880188e-02
3.376152366399765015e-02
3.366702049970626831e-02
3.355551138520240784e-02
3.346726670861244202e-02
3.335283324122428894e-02
3.321890160441398621e-02
3.309840708971023560e-02
3.301574289798736572e-02
3.301574289798736572e-02
3.286951407790184021e-02
3.281064704060554504e-02
3.280215337872505188e-02
3.268570080399513245e-02
3.257823735475540161e-02
3.242711350321769714e-02
3.218311443924903870e-02
3.185263276100158691e-02
3.159153461456298828e-02
3.131803125143051147e-02
3.131803125143051147e-02
3.105401620268821716e-02
3.082519210875034332e-02
3.076935186982154846e-02
3.081337362527847290e-02
3.086345456540584564e-02
3.091387636959552765e-02
3.097174502909183502e-02
3.093865700066089630e-02
3.087714500725269318e-02
3.071307577192783356e-02
3.071307577192783356e-02
3.054955601692199707e-02
3.040712885558605194e-02
3.025739267468452454e-02
3.014464676380157471e-02
3.009983710944652557e-02
3.013456426560878754e-02
3.004954755306243896e-02
2.986164018511772156e-02
2.972282841801643372e-02
2.954040095210075378e-02
2.954040095210075378e-02
2.928270772099494934e-02
2.896907366812229156e-02
2.855310961604118347e-02
2.816839888691902161e-02
2.791140601038932800e-02
2.776032313704490662e-02
2.753791958093643188e-02
2.738096751272678375e-02
2.728462778031826019e-02
2.719640545547008514e-02
2.719640545547008514e-02
2.713553421199321747e-02
2.722128853201866150e-02
2.733408287167549133e-02
2.733408287167549133e-02
2.742570824921131134e-02
2.758180722594261169e-02
2.768719196319580078e-02
2.774368226528167725e-02
2.769034728407859802e-02
2.759388275444507599e-02
2.759388275444507599e-02
2.761103212833404541e-02
2.759570628404617310e-02
2.743819169700145721e-02
2.722026221454143524e-02
2.700496651232242584e-02
2.688774652779102325e-02
2.681515924632549286e-02
2.683025039732456207e-02
2.687442302703857422e-02
2.697040140628814697e-02
2.697040140628814697e-02
2.707510627806186676e-02
2.708834037184715271e-02
2.709179930388927460e-02
2.692409045994281769e-02
2.673165127635002136e-02
2.656873874366283417e-02
2.645893208682537079e-02
2.633459493517875671e-02
2.622733451426029205e-02
2.613705769181251526e-02
2.613705769181251526e-02
2.607711032032966614e-02
2.599879354238510132e-02
2.583486773073673248e-02
2.566596120595932007e-02
2.542915940284729004e-02
2.512707188725471497e-02
2.478168532252311707e-02
2.433277107775211334e-02
2.403819002211093903e-02
2.383838593959808350e-02
2.383838593959808350e-02
2.367904596030712128e-02
2.355550974607467651e-02
2.343191578984260559e-02
2.335317991673946381e-02
2.323187142610549927e-02
2.304713241755962372e-02
2.290392108261585236e-02
2.272422425448894501e-02
2.244649082422256470e-02
2.222508192062377930e-02
2.222508192062377930e-02
2.204822190105915070e-02
2.184815146028995514e-02
2.153326943516731262e-02
2.119822427630424500e-02
2.093885652720928192e-02
2.075166068971157074e-02
2.068348601460456848e-02
2.071767114102840424e-02
2.079386264085769653e-02
2.088036201894283295e-02
2.088036201894283295e-02
2.099832333624362946e-02
2.124150842428207397e-02
2.151827700436115265e-02
2.169221080839633942e-02
2.170240506529808044e-02
2.166408859193325043e-02
2.153853885829448700e-02
2.125691808760166168e-02
2.092305570840835571e-02
2.065667696297168732e-02
2.065667696297168732e-02
2.050784975290298462e-02
2.028636261820793152e-02
2.002545446157455444e-02
1.984843984246253967e-02
1.974692754447460175e-02
1.962977275252342224e-02
1.954300887882709503e-02
1.951887458562850952e-02
1.951304636895656586e-02
1.955156773328781128e-02
