4.745242123049209226e-02
4.626394865777960774e-02
4.541173487441874101e-02
4.503102285399940286e-02
4.501917433215218978e-02
4.486894808850117045e-02
4.495349963555739237e-02
4.492183505425373369e-02
4.496212975087399144e-02
4.508477533975341345e-02
4.517921066396102248e-02
4.517921066396102248e-02
4.524407757994897139e-02
4.530097658084120127e-02
4.539628524347349980e-02
4.567934153811492592e-02
4.594866950714671106e-02
4.605981315217544392e-02
4.612463578691095023e-02
4.629506467601629538e-02
4.660701284768631325e-02
4.693596000509447919e-02
4.693596000509447919e-02
4.719510158346285067e-02
4.761594142962177756e-02
4.788024194869322514e-02
4.808837941276422612e-02
4.831932875693034646e-02
4.863672568978394395e-02
4.895159353711786565e-02
4.912009180508913886e-02
4.929145933780354483e-02
4.947686192540334815e-02
4.947686192540334815e-02
4.936014133281307892e-02
4.914901397005611017e-02
4.901881508139105392e-02
4.892188151320908673e-02
4.876529771085102993e-02
4.855869729917117184e-02
4.830210634345455389e-02
4.803243713622595834e-02
4.768631956167279640e-02
4.732388658369046652e-02
4.732388658369046652e-02
4.677425483384123339e-02
4.626354356767592435e-02
4.581663146428915923e-02
4.542309656047383015e-02
4.511405390063583098e-02
4.492598213341558733e-02
4.475079358796385520e-02
4.448522169542545868e-02
4.423187868368394504e-02
4.392115504853144614e-02
4.392115504853144614e-02
4.370714751334503489e-02
4.358944579450607648e-02
4.337330853309762091e-02
4.301638930187490217e-02
4.258684561356584908e-02
4.213178694246888512e-02
4.172205915287552358e-02
4.126852257582047656e-02
4.081861092667082858e-02
4.038681287736611836e-02
4.038681287736611836e-02
3.993495069388597329e-02
3.952678264358944205e-02
3.920737253909312159e-02
3.901677093883826331e-02
3.886946772540600392e-02
3.867529255641333208e-02
3.872274124552443908e-02
3.871601817875003348e-02
3.870696198930723142e-02
3.867892242765158528e-02
3.867892242765158528e-02
3.867016827964331327e-02
3.856315133380139315e-02
3.815682574992784737e-02
3.766211030183885811e-02
3.711984330313011782e-02
3.676161549603662593e-02
3.639011167138050951e-02
3.599336500528593774e-02
3.554974473311300898e-02
3.512992770790646091e-02
3.512992770790646091e-02
3.471965945163368872e-02
3.433752247151922177e-02
3.395149294976640419e-02
3.372657941065693166e-02
3.340575226436381939e-02
3.296259033407622496e-02
3.277946942348375359e-02
3.266301217381073485e-02
3.254308055279686585e-02
3.234487955215037402e-02
3.234487955215037402e-02
3.212679878496071950e-02
3.190874700892720739e-02
3.175239267630391993e-02
3.148791866145206342e-02
3.128954549483786707e-02
3.103421729408939456e-02
3.084709869932478199e-02
3.071401434775999917e-02
3.064336056364869165e-02
3.061616057225080567e-02
3.061616057225080567e-02
3.046013812710857138e-02
3.024632336837829172e-02
3.002054427107125889e-02
2.987451626298565088e-02
2.977271868340913841e-02
2.966468389304921516e-02
2.952321106555366725e-02
2.931970857169474698e-02
2.909597768343186175e-02
2.896984363405596952e-02
2.896984363405596952e-02
2.891446929779917241e-02
2.882401114721133695e-02
2.876343665045322240e-02
2.861874207684245164e-02
2.858667669113845733e-02
2.861903288021050429e-02
2.849824049839977391e-02
2.832551288902429576e-02
2.814097246783475725e-02
2.801684109536672906e-02
