3.048250265419483185e-02
3.048250265419483185e-02
2.919026836752891541e-02
2.847635373473167419e-02
2.795354276895523071e-02
2.743654698133468628e-02
2.671040780842304230e-02
2.614777348935604095e-02
2.548649720847606659e-02
2.496715448796749115e-02
2.484303154051303864e-02
2.485514618456363678e-02
2.485514618456363678e-02
2.462443150579929352e-02
2.450682595372200012e-02
2.435541152954101562e-02
2.428622730076313019e-02
2.435014769434928894e-02
2.409447729587554932e-02
2.442079409956932068e-02
2.469613589346408844e-02
2.492248639464378357e-02
2.524234168231487274e-02
2.524234168231487274e-02
2.552851289510726929e-02
2.574022300541400909e-02
2.602069079875946045e-02
2.621865645051002502e-02
2.643039636313915253e-02
2.660921774804592133e-02
2.673949673771858215e-02
2.686530165374279022e-02
2.699790522456169128e-02
2.710106410086154938e-02
2.710106410086154938e-02
2.714394219219684601e-02
2.726176381111145020e-02
2.743723802268505096e-02
2.756809070706367493e-02
2.776240184903144836e-02
2.792792208492755890e-02
2.804585173726081848e-02
2.819201536476612091e-02
2.837413735687732697e-02
2.862606942653656006e-02
2.862606942653656006e-02
2.890993468463420868e-02
2.946549467742443085e-02
3.001155890524387360e-02
3.047978505492210388e-02
3.096197359263896942e-02
3.140017762780189514e-02
3.172081708908081055e-02
3.204222396016120911e-02
3.230779245495796204e-02
3.261911123991012573e-02
3.261911123991012573e-02
3.293629735708236694e-02
3.325815871357917786e-02
3.358946368098258972e-02
3.409285098314285278e-02
3.451092168688774109e-02
3.493734076619148254e-02
3.537758067250251770e-02
3.580287843942642212e-02
3.605900332331657410e-02
3.629927709698677063e-02
3.629927709698677063e-02
3.648281469941139221e-02
3.668066859245300293e-02
3.681014850735664368e-02
3.694022074341773987e-02
3.710835799574851990e-02
3.721469640731811523e-02
3.739536553621292114e-02
3.766158595681190491e-02
3.783150762319564819e-02
3.795585408806800842e-02
3.795585408806800842e-02
3.812036290764808655e-02
3.836001828312873840e-02
3.849590942263603210e-02
3.864366933703422546e-02
3.866581246256828308e-02
3.866352885961532593e-02
3.875336796045303345e-02
3.877306729555130005e-02
3.874928504228591919e-02
3.870927542448043823e-02
3.870927542448043823e-02
3.866274282336235046e-02
3.876807913184165955e-02
3.888637199997901917e-02
3.896364197134971619e-02
3.899528831243515015e-02
3.876776620745658875e-02
3.855269774794578552e-02
3.813854604959487915e-02
3.773366659879684448e-02
3.735040128231048584e-02
3.735040128231048584e-02
3.695409372448921204e-02
3.657033294439315796e-02
3.622173890471458435e-02
3.594566509127616882e-02
3.571959584951400757e-02
3.555910289287567139e-02
3.529563546180725098e-02
3.514683619141578674e-02
3.508270904421806335e-02
3.502747789025306702e-02
3.502747789025306702e-02
3.497446700930595398e-02
3.485824912786483765e-02
3.494606912136077881e-02
3.505364805459976196e-02
3.515735268592834473e-02
3.522932529449462891e-02
3.539694473147392273e-02
3.541778773069381714e-02
3.556459397077560425e-02
3.568260744214057922e-02
3.568260744214057922e-02
3.566367924213409424e-02
3.564737364649772644e-02
3.558898717164993286e-02
3.568102046847343445e-02
3.565866872668266296e-02
3.562751039862632751e-02
3.536663204431533813e-02
3.502096235752105713e-02
3.467833250761032104e-02
3.433946147561073303e-02
3.433946147561073303e-02
3.382063657045364380e-02
3.338324278593063354e-02
3.324620425701141357e-02
3.338095173239707947e-02
3.389853984117507935e-02
3.443029522895812988e-02
3.401663899421691895e-02
3.349196165800094604e-02
3.292373940348625183e-02
3.232243284583091736e-02
3.232243284583091736e-02
3.179496899247169495e-02
3.138976544141769409e-02
3.095081262290477753e-02
3.051454946398735046e-02
2.999524027109146118e-02
2.947707101702690125e-02
2.896297909319400787e-02
2.848784811794757843e-02
2.829137258231639862e-02
2.818136289715766907e-02
2.818136289715766907e-02
2.796731702983379364e-02
2.778291702270507812e-02
2.764355950057506561e-02
2.749627642333507538e-02
2.735898271203041077e-02
2.727823145687580109e-02
2.729050256311893463e-02
2.731743082404136658e-02
2.740574441850185394e-02
2.760707773268222809e-02
2.760707773268222809e-02
2.795526199042797089e-02
2.808056958019733429e-02
2.817952632904052734e-02
2.829696051776409149e-02
2.842833288013935089e-02
2.859959378838539124e-02
2.877886779606342316e-02
2.894489280879497528e-02
2.916757017374038696e-02
2.944323979318141937e-02
2.944323979318141937e-02
2.991868741810321808e-02
3.054915182292461395e-02
3.112646937370300293e-02
3.171699494123458862e-02
3.226433321833610535e-02
3.261794894933700562e-02
3.289959952235221863e-02
3.317714855074882507e-02
3.341349959373474121e-02
3.359563276171684265e-02
3.359563276171684265e-02
3.371876478195190430e-02
3.389353677630424500e-02
3.395090624690055847e-02
3.396191820502281189e-02
3.393432497978210449e-02
3.390612080693244934e-02
3.385283425450325012e-02
3.380456194281578064e-02
3.357847779989242554e-02
3.339265286922454834e-02
3.339265286922454834e-02
3.311689943075180054e-02
3.276276960968971252e-02
3.239001333713531494e-02
3.196688741445541382e-02
3.142120316624641418e-02
3.086889907717704773e-02
3.020561672747135162e-02
2.980118617415428162e-02
2.933459356427192688e-02
2.891429886221885681e-02
2.891429886221885681e-02
2.859078906476497650e-02
2.808680385351181030e-02
2.765157260000705719e-02
2.719518914818763733e-02
2.687545679509639740e-02
2.660468406975269318e-02
2.628040872514247894e-02
2.602861821651458740e-02
2.591542527079582214e-02
2.607415243983268738e-02
2.607415243983268738e-02
2.626848034560680389e-02
2.663707919418811798e-02
2.705612964928150177e-02
2.741501852869987488e-02
2.782599814236164093e-02
2.827088534832000732e-02
2.860458940267562866e-02
2.893739193677902222e-02
2.924012951552867889e-02
2.945228293538093567e-02
2.945228293538093567e-02
2.965793199837207794e-02
2.993537113070487976e-02
3.019708581268787384e-02
3.037475608289241791e-02
3.052030690014362335e-02
3.052995540201663971e-02
3.039665333926677704e-02
3.027332574129104614e-02
2.998186834156513214e-02
2.979271672666072845e-02
2.979271672666072845e-02
2.972702682018280029e-02
2.973182499408721924e-02
2.968653850257396698e-02
2.944260463118553162e-02
2.935631945729255676e-02
2.940721251070499420e-02
2.951011620461940765e-02
2.967089600861072540e-02
2.977187745273113251e-02
2.993424795567989349e-02
2.993424795567989349e-02
3.013374283909797668e-02
3.001865372061729431e-02
2.985563874244689941e-02
2.968025580048561096e-02
2.953900955617427826e-02
2.937803603708744049e-02
2.941163256764411926e-02
2.939443849027156830e-02
2.940070815384387970e-02
2.940018661320209503e-02
2.940018661320209503e-02
2.949597314000129700e-02
2.952520176768302917e-02
2.956926450133323669e-02
2.965308167040348053e-02
2.980467677116394043e-02
2.977021038532257080e-02
2.966001443564891815e-02
2.935485169291496277e-02
2.910172007977962494e-02
2.884762361645698547e-02
2.884762361645698547e-02
2.842929400503635406e-02
2.804637886583805084e-02
2.773902565240859985e-02
2.753126993775367737e-02
2.741708420217037201e-02
2.735311724245548248e-02
2.730518020689487457e-02
2.733187936246395111e-02
2.746243029832839966e-02
2.720959298312664032e-02
2.720959298312664032e-02
2.693937346339225769e-02
2.690535411238670349e-02
2.693029865622520447e-02
2.702943608164787292e-02
2.731988206505775452e-02
2.757033146917819977e-02
2.774123102426528931e-02
2.792450785636901855e-02
2.790918760001659393e-02
2.793308533728122711e-02
2.793308533728122711e-02
2.799240872263908386e-02
2.801753208041191101e-02
2.799212001264095306e-02
2.793630212545394897e-02
2.781222574412822723e-02
2.777359448373317719e-02
2.780785411596298218e-02
2.787127345800399780e-02
2.796365879476070404e-02
2.811416797339916229e-02
2.811416797339916229e-02
2.806905657052993774e-02
2.785716950893402100e-02
2.776944264769554138e-02
2.773762308061122894e-02
2.776723913848400116e-02
2.776911295950412750e-02
2.776435390114784241e-02
2.782058715820312500e-02
2.787847816944122314e-02
2.781063318252563477e-02
2.781063318252563477e-02
2.748318389058113098e-02
2.710989676415920258e-02
2.653241157531738281e-02
2.635077759623527527e-02
2.617864124476909637e-02
2.603862248361110687e-02
2.557934261858463287e-02
2.522289939224720001e-02
2.484182082116603851e-02
2.449262142181396484e-02
2.449262142181396484e-02
2.414350397884845734e-02
2.382903918623924255e-02
2.357820235192775726e-02
2.330656349658966064e-02
2.314008027315139771e-02
2.295455150306224823e-02
2.282295376062393188e-02
2.280252240598201752e-02
2.285504341125488281e-02
2.317597717046737671e-02
2.317597717046737671e-02
2.337029576301574707e-02
2.352114953100681305e-02
2.370175719261169434e-02
2.375434711575508118e-02
2.378808706998825073e-02
2.383962087333202362e-02
2.382388338446617126e-02
2.378648146986961365e-02
2.357494831085205078e-02
2.338381297886371613e-02
2.338381297886371613e-02
2.311292290687561035e-02
2.285459265112876892e-02
2.253033779561519623e-02
2.238276228308677673e-02
2.219073846936225891e-02
2.202092297375202179e-02
2.170703187584877014e-02
2.136313356459140778e-02
2.096801996231079102e-02
2.060353383421897888e-02
2.060353383421897888e-02
2.020419761538505554e-02
1.990964077413082123e-02
1.964581385254859924e-02
1.946302689611911774e-02
1.928747259080410004e-02
1.918846368789672852e-02
1.911415159702301025e-02
1.900736801326274872e-02
1.884368248283863068e-02
1.875012554228305817e-02
1.875012554228305817e-02
1.874724775552749634e-02
1.879413425922393799e-02
1.883022673428058624e-02
1.885308697819709778e-02
1.874715276062488556e-02
1.862037740647792816e-02
1.838926412165164948e-02
1.805174723267555237e-02
1.773492060601711273e-02
1.742110960185527802e-02
1.742110960185527802e-02
1.721442490816116333e-02
1.703046634793281555e-02
1.684834249317646027e-02
1.667549833655357361e-02
1.687804609537124634e-02
1.702600158751010895e-02
1.710896939039230347e-02
1.728069223463535309e-02
1.689684763550758362e-02
1.650339365005493164e-02
1.650339365005493164e-02
1.579460687935352325e-02
1.508216280490159988e-02
1.450547762215137482e-02
1.395347155630588531e-02
1.354346890002489090e-02
1.374355610460042953e-02
1.401099096983671188e-02
1.436326187103986740e-02
1.484842970967292786e-02
1.540589891374111176e-02
1.540589891374111176e-02
1.595332100987434387e-02
1.724001206457614899e-02
1.834051869809627533e-02
1.931519433856010437e-02
2.006572298705577850e-02
2.071876451373100281e-02
2.135356515645980835e-02
2.181889861822128296e-02
2.205599099397659302e-02
2.213737368583679199e-02
2.213737368583679199e-02
2.224295586347579956e-02
2.218781225383281708e-02
2.210939116775989532e-02
2.210939116775989532e-02
2.194347977638244629e-02
2.169891260564327240e-02
2.146651595830917358e-02
2.102035842835903168e-02
2.053064666688442230e-02
2.007457241415977478e-02
2.007457241415977478e-02
1.962773501873016357e-02
1.947935111820697784e-02
1.932734064757823944e-02
1.915857382118701935e-02
1.883407309651374817e-02
1.853378117084503174e-02
1.815955154597759247e-02
1.786245591938495636e-02
1.745706424117088318e-02
1.707371138036251068e-02
1.707371138036251068e-02
1.664203591644763947e-02
1.623649522662162781e-02
1.584227941930294037e-02
1.546922232955694199e-02
1.520209200680255890e-02
1.504843868315219879e-02
1.494216173887252808e-02
1.489028800278902054e-02
1.486760005354881287e-02
1.484587322920560837e-02
1.484587322920560837e-02
1.475648209452629089e-02
1.463695243000984192e-02
1.444165501743555069e-02
1.434468757361173630e-02
1.426356565207242966e-02
1.415957137942314148e-02
1.400415133684873581e-02
1.375462859869003296e-02
1.348416041582822800e-02
1.305827870965003967e-02
1.305827870965003967e-02
1.263924874365329742e-02
1.219662465155124664e-02
1.177302096039056778e-02
1.129157003015279770e-02
1.084889750927686691e-02
1.040653139352798462e-02
1.006366685032844543e-02
9.701052680611610413e-03
9.507926180958747864e-03
9.389914572238922119e-03
9.389914572238922119e-03
9.162460453808307648e-03
8.922900073230266571e-03
8.681986480951309204e-03
8.470626547932624817e-03
8.196189068257808685e-03
7.982122711837291718e-03
7.818346843123435974e-03
7.727622520178556442e-03
7.943084463477134705e-03
8.334017358720302582e-03
8.334017358720302582e-03
8.845920674502849579e-03
9.373753331601619720e-03
9.899046272039413452e-03
1.039882842451334000e-02
1.086670812219381332e-02
1.127703581005334854e-02
1.164349634200334549e-02
1.190803479403257370e-02
1.199221145361661911e-02
1.199695840477943420e-02
1.199695840477943420e-02
1.201770547777414322e-02
1.203879155218601227e-02
1.203223317861557007e-02
1.192503236234188080e-02
1.168306823819875717e-02
1.144662778824567795e-02
1.125597208738327026e-02
1.096337754279375076e-02
1.018781308084726334e-02
9.568179957568645477e-03
9.568179957568645477e-03
9.083198383450508118e-03
8.749525994062423706e-03
8.675666525959968567e-03
8.558317087590694427e-03
8.472471497952938080e-03
8.390191011130809784e-03
8.446648716926574707e-03
8.566755801439285278e-03
8.740698918700218201e-03
8.915013633668422699e-03
8.915013633668422699e-03
9.017530828714370728e-03
9.076903574168682098e-03
9.201617911458015442e-03
9.444438852369785309e-03
9.587699547410011292e-03
9.660517796874046326e-03
9.681096300482749939e-03
9.595938026905059814e-03
9.516944177448749542e-03
9.527252987027168274e-03
9.527252987027168274e-03
9.483561851084232330e-03
9.348129853606224060e-03
9.387908503413200378e-03
9.638190269470214844e-03
9.869337081909179688e-03
1.001795660704374313e-02
1.013691909611225128e-02
1.017917133867740631e-02
1.011511497199535370e-02
1.011735107749700546e-02
1.011735107749700546e-02
1.016940735280513763e-02
1.018324494361877441e-02
1.025932375341653824e-02
1.038813591003417969e-02
1.054548844695091248e-02
1.063416618853807449e-02
1.069411262869834900e-02
1.077453419566154480e-02
1.086085010319948196e-02
1.096699200570583344e-02
1.096699200570583344e-02
1.103411056101322174e-02
1.122038159519433975e-02
1.140533573925495148e-02
1.163573283702135086e-02
1.187984645366668701e-02
1.208378560841083527e-02
1.230455189943313599e-02
1.252539455890655518e-02
1.271638274192810059e-02
1.284749526530504227e-02
1.284749526530504227e-02
1.297814771533012390e-02
1.308545190840959549e-02
1.317312382161617279e-02
1.336244493722915649e-02
1.356862951070070267e-02
1.384090352803468704e-02
1.414859574288129807e-02
1.443236786872148514e-02
1.466230116784572601e-02
1.480792090296745300e-02
1.480792090296745300e-02
1.490440592169761658e-02
1.492455322295427322e-02
1.498440839350223541e-02
1.491124089807271957e-02
1.475942693650722504e-02
1.470324117690324783e-02
1.462497841566801071e-02
1.453521940857172012e-02
1.428309734910726547e-02
1.401437353342771530e-02
1.401437353342771530e-02
1.376541983336210251e-02
1.350103318691253662e-02
1.324508618563413620e-02
1.300269924104213715e-02
1.278387475758790970e-02
1.252285670489072800e-02
1.222216431051492691e-02
1.193187851458787918e-02
1.178224850445985794e-02
1.162332389503717422e-02
1.162332389503717422e-02
1.150918472558259964e-02
1.150857191532850266e-02
1.154638826847076416e-02
1.178908254951238632e-02
1.201328169554471970e-02
1.209085807204246521e-02
1.220611575990915298e-02
1.231021620333194733e-02
1.247240882366895676e-02
1.227784901857376099e-02
1.227784901857376099e-02
1.220753323286771774e-02
1.235880423337221146e-02
1.254082657396793365e-02
1.273362338542938232e-02
1.289493683725595474e-02
1.307083014398813248e-02
1.324148476123809814e-02
1.332763768732547760e-02
1.349722966551780701e-02
1.363199111074209213e-02
1.363199111074209213e-02
1.375319343060255051e-02
1.378869917243719101e-02
1.371468417346477509e-02
1.358259003609418869e-02
1.342661958187818527e-02
1.322766300290822983e-02
1.295780204236507416e-02
1.259761117398738861e-02
1.228818949311971664e-02
1.202516909688711166e-02
1.202516909688711166e-02
1.189357414841651917e-02
1.186024211347103119e-02
1.182703021913766861e-02
1.182285789400339127e-02
1.179668866097927094e-02
1.175004057586193085e-02
1.164498832076787949e-02
1.158840395510196686e-02
1.153083890676498413e-02
1.153093390166759491e-02
1.153093390166759491e-02
1.169770956039428711e-02
1.194485556334257126e-02
1.233467180281877518e-02
1.279054116457700729e-02
1.315541658550500870e-02
1.328580453991889954e-02
1.337119005620479584e-02
1.345684379339218140e-02
1.356012374162673950e-02
1.371484529227018356e-02
1.371484529227018356e-02
1.394522842019796371e-02
1.418649312108755112e-02
1.441308390349149704e-02
1.467423327267169952e-02
1.495417300611734390e-02
1.523187942802906036e-02
1.541727036237716675e-02
1.559550687670707703e-02
1.576052606105804443e-02
1.591330580413341522e-02
1.591330580413341522e-02
1.606881245970726013e-02
1.620474271476268768e-02
1.627144776284694672e-02
1.643121056258678436e-02
1.663257740437984467e-02
1.688554510474205017e-02
1.711151190102100372e-02
1.724920794367790222e-02
1.733565144240856171e-02
1.760940439999103546e-02
1.760940439999103546e-02
1.788703352212905884e-02
1.821711845695972443e-02
1.843354105949401855e-02
1.855253614485263824e-02
1.871634647250175476e-02
1.881515234708786011e-02
1.884124800562858582e-02
1.877580210566520691e-02
1.876780018210411072e-02
1.885653100907802582e-02
1.885653100907802582e-02
1.906009390950202942e-02
1.922612264752388000e-02
1.945446059107780457e-02
1.966681703925132751e-02
1.989027485251426697e-02
1.993296109139919281e-02
1.998857222497463226e-02
2.004791609942913055e-02
2.009130828082561493e-02
2.016998641192913055e-02
