4.574766010046005249e-02
3.974557295441627502e-02
4.211467131972312927e-02
4.650108888745307922e-02
4.593352600932121277e-02
4.613942280411720276e-02
4.466898366808891296e-02
4.267052188515663147e-02
4.031053557991981506e-02
3.830224648118019104e-02
3.670170530676841736e-02
3.670170530676841736e-02
3.410272300243377686e-02
3.085067309439182281e-02
2.661468647420406342e-02
2.249596640467643738e-02
1.880142278969287872e-02
1.644043251872062683e-02
1.455847639590501785e-02
1.240245532244443893e-02
1.122401375323534012e-02
1.083791535347700119e-02
1.083791535347700119e-02
1.088577602058649063e-02
1.052053365856409073e-02
1.002010703086853027e-02
1.023395266383886337e-02
1.024344284087419510e-02
1.073410734534263611e-02
1.115261018276214600e-02
1.180711016058921814e-02
1.219062227755784988e-02
1.238033082336187363e-02
1.238033082336187363e-02
1.391740515828132629e-02
1.527545601129531860e-02
1.612888276576995850e-02
1.677610352635383606e-02
1.700163632631301880e-02
1.614346913993358612e-02
1.513317041099071503e-02
1.436740439385175705e-02
1.361474487930536270e-02
1.274275034666061401e-02
1.274275034666061401e-02
1.220965664833784103e-02
1.145547907799482346e-02
1.142904721200466156e-02
1.121206674724817276e-02
1.147022563964128494e-02
1.224618963897228241e-02
1.369580812752246857e-02
1.544996537268161774e-02
1.729029044508934021e-02
1.863416284322738647e-02
1.863416284322738647e-02
2.104988135397434235e-02
2.322727441787719727e-02
2.524377033114433289e-02
2.677452936768531799e-02
2.799515984952449799e-02
2.537748031318187714e-02
2.286059223115444183e-02
2.035882696509361267e-02
1.864429935812950134e-02
1.703141443431377411e-02
1.703141443431377411e-02
1.624357327818870544e-02
1.585770770907402039e-02
1.546874642372131348e-02
1.525571942329406738e-02
1.520947460085153580e-02
1.549511868506669998e-02
1.575920730829238892e-02
1.600184664130210876e-02
1.605225354433059692e-02
1.600662805140018463e-02
1.600662805140018463e-02
1.632852479815483093e-02
1.664071716368198395e-02
1.689559035003185272e-02
1.728384196758270264e-02
2.042376808822154999e-02
2.314172871410846710e-02
2.550728805363178253e-02
2.812094613909721375e-02
3.076655231416225433e-02
3.316845744848251343e-02
3.316845744848251343e-02
3.529266640543937683e-02
3.702078014612197876e-02
3.863247111439704895e-02
3.839380294084548950e-02
3.815991431474685669e-02
3.807717561721801758e-02
3.778689354658126831e-02
3.725779801607131958e-02
3.642542660236358643e-02
3.592615574598312378e-02
3.592615574598312378e-02
3.459931537508964539e-02
3.315418586134910583e-02
3.136567398905754089e-02
2.967447601258754730e-02
2.771586365997791290e-02
2.592317759990692139e-02
2.464163862168788910e-02
2.332841604948043823e-02
2.251847088336944580e-02
2.144933305680751801e-02
2.144933305680751801e-02
2.090479619801044464e-02
2.095662057399749756e-02
2.077748067677021027e-02
2.078245580196380615e-02
2.091809175908565521e-02
2.180599607527256012e-02
2.297186292707920074e-02
2.404628880321979523e-02
2.509998716413974762e-02
2.603955380618572235e-02
2.603955380618572235e-02
2.639233879745006561e-02
2.717804536223411560e-02
2.692841552197933197e-02
2.624184638261795044e-02
2.524546906352043152e-02
2.519270218908786774e-02
2.511685900390148163e-02
2.486683614552021027e-02
2.445147559046745300e-02
2.482795156538486481e-02
2.482795156538486481e-02
2.456457167863845825e-02
2.537022717297077179e-02
2.706583403050899506e-02
2.866035513579845428e-02
2.852763980627059937e-02
2.806795388460159302e-02
2.692375518381595612e-02
2.740406803786754608e-02
2.776860259473323822e-02
2.755313925445079803e-02
