3.887858405609988938e-02
3.887858405609988938e-02
3.886963984543254091e-02
3.907173996123683435e-02
3.857937974006132170e-02
3.819651990432235827e-02
3.805653346942752813e-02
3.807215616739283159e-02
3.822693539097976601e-02
3.840104716090960574e-02
3.845079286696589937e-02
3.843573701558468392e-02
3.843573701558468392e-02
3.832573841301974843e-02
3.818863718807698898e-02
3.781861335331652973e-02
3.733784248496284375e-02
3.690468193144989112e-02
3.635873287793196795e-02
3.573305072862695969e-02
3.507134276097956249e-02
3.441875802916138233e-02
3.391460897946493164e-02
3.391460897946493164e-02
3.346828134565794921e-02
3.314769044956612787e-02
3.296647704725587380e-02
3.269107763050792259e-02
3.244203566605401851e-02
3.218099687111140167e-02
3.195281551049866664e-02
3.176899033895221047e-02
3.156541795436548087e-02
3.131583130645168578e-02
3.131583130645168578e-02
3.110039496116740951e-02
3.091789566351358168e-02
3.062822966580039732e-02
3.035309687554578126e-02
2.961678351368302389e-02
2.894248072222517162e-02
2.833226833763226316e-02
2.778895931362745930e-02
2.734170694423315381e-02
2.691882881702273300e-02
2.691882881702273300e-02
2.652442624935835713e-02
2.613573143544797167e-02
2.587901274753006547e-02
2.567167801494080887e-02
2.547631667299320168e-02
2.529181854323197393e-02
2.511593095531330574e-02
2.497003558131448073e-02
2.484872107234744124e-02
2.465315614310106124e-02
2.465315614310106124e-02
2.449356543388484311e-02
2.430399234926251470e-02
2.407774089999232051e-02
2.391948460300725998e-02
2.371813358251510795e-02
2.358945815877140986e-02
2.337276039700248234e-02
2.324016902850228189e-02
2.315054644270397519e-02
2.310468423115602868e-02
2.310468423115602868e-02
2.304652333933148584e-02
2.299318720004690092e-02
2.289752428768497897e-02
2.279979537992664340e-02
2.267148509438248957e-02
2.256297080327467064e-02
2.248176425108859566e-02
2.234421617437292937e-02
2.230183913898361667e-02
2.230786790354177818e-02
2.230786790354177818e-02
2.231612560790055197e-02
2.220786760435510335e-02
2.219815341930675423e-02
2.214063684405905008e-02
2.209520126359811737e-02
2.200196297434413653e-02
2.186257433407918019e-02
2.168897954251214344e-02
2.143626568195203946e-02
2.116515637900352395e-02
2.116515637900352395e-02
2.088157748003886469e-02
2.061945344350684176e-02
2.035538132791224475e-02
2.000545552579010081e-02
1.955359894736776252e-02
1.906316756700211779e-02
1.858543353850777152e-02
1.811600792008920269e-02
1.755534286445605344e-02
1.704719496969136702e-02
1.704719496969136702e-02
1.658998387970727836e-02
1.613754513755110212e-02
1.572092648065573015e-02
1.537087643648532391e-02
1.510423272588306588e-02
1.491229571106098169e-02
1.470144074015394473e-02
1.453708426637136640e-02
1.436813277868875457e-02
1.421137302511183038e-02
1.421137302511183038e-02
1.407662369906305909e-02
1.401913435833008342e-02
1.396920462943126127e-02
1.395399586096698896e-02
1.386399807044732917e-02
1.369365573164002363e-02
1.351591738983740944e-02
1.339784532116127490e-02
1.330822698766484687e-02
1.325058855609443503e-02
1.325058855609443503e-02
1.322083641466612926e-02
1.320659323937875725e-02
1.326429535832741695e-02
1.333047400424761282e-02
1.333548684999583817e-02
1.323840197325332202e-02
1.321636142510063637e-02
1.317228577909754055e-02
1.304183553251126587e-02
1.291215628057381520e-02
1.291215628057381520e-02
1.283825584566109998e-02
1.274340519088749089e-02
1.267464114786575301e-02
1.259259122716977451e-02
1.255864960007686652e-02
1.260209150937886824e-02
1.288859437205296804e-02
1.322050741852244873e-02
1.366285996139602818e-02
1.405484322078191621e-02
1.405484322078191621e-02
1.442432597319476609e-02
1.497206362655764851e-02
1.545733180344174146e-02
1.590181893998536197e-02
1.630702892599011217e-02
1.664332675505409559e-02
1.689525070505023402e-02
1.711100230633457245e-02
1.728609174505106247e-02
1.741499990285733102e-02
1.741499990285733102e-02
1.748845174169066929e-02
1.749057164353134963e-02
1.748992194213431356e-02
1.747679745621198363e-02
1.741809191647256463e-02
1.743674648998902107e-02
1.742229921394217521e-02
1.724648828122709796e-02
1.700053828490930702e-02
1.671522514880568328e-02
1.671522514880568328e-02
1.646671973562194996e-02
1.622655676499690572e-02
1.599047571816590574e-02
1.580274362792456061e-02
1.567519475696161138e-02
1.560363432083975224e-02
1.556361516961331584e-02
1.553889683257544431e-02
1.554831398251415274e-02
1.557452432950651687e-02
1.557452432950651687e-02
1.568168777495664024e-02
1.581237784644121125e-02
1.596040435569555729e-02
1.607359028735155099e-02
1.624295111770217639e-02
1.643602261836103751e-02
1.664428763815905404e-02
1.744031007384562806e-02
1.827657442611961211e-02
1.905118758206805762e-02
1.905118758206805762e-02
1.979088217793452745e-02
2.048018928300903221e-02
2.110914126416909078e-02
2.167213027958736840e-02
2.214660018110732598e-02
2.256292375222809093e-02
2.293633765360011262e-02
2.326130045685983680e-02
2.351004229510820706e-02
2.373321631537916171e-02
2.373321631537916171e-02
2.391170707030566139e-02
2.400449123317193595e-02
2.407884935633925610e-02
2.407698450775326571e-02
2.405356469442806663e-02
2.405761924434163604e-02
2.403448487481920498e-02
2.399107041562351106e-02
2.395649594434142923e-02
2.391248244531447506e-02
2.391248244531447506e-02
2.383541186351656460e-02
2.375023103440477429e-02
2.365962788151686896e-02
2.358247522641222435e-02
2.350776527425509771e-02
2.342228867897357472e-02
2.335318429279178987e-02
2.324221877228123401e-02
2.315152860260797155e-02
2.311696354380130686e-02
2.311696354380130686e-02
2.304129459213232617e-02
2.296733977338010282e-02
2.289678892632907373e-02
2.282025647180321165e-02
2.273538398045496511e-02
2.261280191380104013e-02
2.251162875582852357e-02
2.242620431509140602e-02
2.229619496437673654e-02
2.213921461274227093e-02
2.213921461274227093e-02
2.202534550912325917e-02
2.192949577078525877e-02
2.182410038924944770e-02
2.174226091117705331e-02
2.167025831520338550e-02
2.164448374375119513e-02
2.163367170256309466e-02
2.162839528375771689e-02
2.169247060619526601e-02
2.177498918698254904e-02
2.177498918698254904e-02
2.179900754086300241e-02
2.175741038298396185e-02
2.172486396596369843e-02
2.172079103436024006e-02
2.170233483936076860e-02
2.165801801378126196e-02
2.161013892699895772e-02
2.154096861217130732e-02
2.149250519796199257e-02
2.145258023302841141e-02
2.145258023302841141e-02
2.141886849880540733e-02
2.136631699882889091e-02
2.129881885178958392e-02
2.121183680345063022e-02
2.075331877807621433e-02
2.031451614214127219e-02
1.994993427056736268e-02
1.962186147885493920e-02
1.934907190249330819e-02
1.913768418248875877e-02
1.913768418248875877e-02
1.892855341582032683e-02
1.881002104491105026e-02
1.877287681025049254e-02
1.872199709372963927e-02
1.867858942851136073e-02
1.862670816798927403e-02
1.858662036322815403e-02
1.855417466962742609e-02
1.854698693540293014e-02
1.851079658974982833e-02
1.851079658974982833e-02
1.843746727398482693e-02
1.836949576318753705e-02
1.824134428246024925e-02
1.812687455098476591e-02
1.802951629244581994e-02
1.791476041650676143e-02
1.777876722791910113e-02
1.765505068166715874e-02
1.754234831181670368e-02
1.744742263353434020e-02
1.744742263353434020e-02
1.732683871426124456e-02
1.727758092301009615e-02
1.718203955643966135e-02
1.700798059400384851e-02
1.687234813347991691e-02
1.670017413496878086e-02
1.653656248037026558e-02
1.640570709446489625e-02
1.634934773414642439e-02
1.627872412203553582e-02
1.627872412203553582e-02
1.623427615189355563e-02
1.623938394450124417e-02
1.631941865081085186e-02
1.638969541163494067e-02
1.645722322572781143e-02
1.651481401092085022e-02
1.662001473201899643e-02
1.668813059988062675e-02
1.669902324349487391e-02
1.691262916870063526e-02
1.691262916870063526e-02
1.713815529577205482e-02
1.732802120833120199e-02
1.749980728873146846e-02
1.768633249344855191e-02
1.778826249334149873e-02
1.789372244145904026e-02
1.793316505001688738e-02
1.793579162959026835e-02
1.793287252383058555e-02
1.792786293024202504e-02
1.792786293024202504e-02
1.783658084756462731e-02
1.771156110212728299e-02
1.755032674660693751e-02
1.734456915247655981e-02
1.713492844194706641e-02
1.694994044652864754e-02
1.672665787427023848e-02
1.653310642817437323e-02
1.638735668184739674e-02
1.617832264427759847e-02
1.617832264427759847e-02
1.603758917368770451e-02
1.595475008009718948e-02
1.600872504082704456e-02
1.614179122710407768e-02
1.629296327492655433e-02
1.648877805716884859e-02
1.654159511197196564e-02
1.656955948039768797e-02
1.656642824593714328e-02
1.652550141087328131e-02
1.652550141087328131e-02
1.648657977212386605e-02
1.646560412721823768e-02
1.641704786849297257e-02
1.632760435045696110e-02
1.628086045405232121e-02
1.624704421041192268e-02
1.622474337855823665e-02
1.623827809190029475e-02
1.627088122953888535e-02
1.627088122953888535e-02
1.627088122953888535e-02
1.625883746336512919e-02
1.625763031383928303e-02
1.622454429274772236e-02
1.618358057436901365e-02
1.611688204943712358e-02
1.604067826838853281e-02
1.591654730031227816e-02
1.597989234080740215e-02
1.599128664382807111e-02
1.604039157798963292e-02
1.604039157798963292e-02
1.601610327795240096e-02
1.598815074860587826e-02
1.592622050362612826e-02
1.572319187535552165e-02
1.547903742980484727e-02
1.525702396505973328e-02
1.506286029192985092e-02
1.483761094509606325e-02
1.458423033873050036e-02
1.435741617525886776e-02
1.435741617525886776e-02
1.414338770715087637e-02
1.393945007690571870e-02
1.381128414210364315e-02
1.370828816045859336e-02
1.361280800509992624e-02
1.357451018033638962e-02
1.354353352916673123e-02
1.350672505846230685e-02
1.346090301271263279e-02
1.344883004970712052e-02
1.344883004970712052e-02
1.340027861301779262e-02
1.338709077521311845e-02
1.337955291930141913e-02
1.346921266790628881e-02
1.354703571399938807e-02
1.367667859917862105e-02
1.377148643515622127e-02
1.379557925339212898e-02
1.377658369363672815e-02
1.365790512087698347e-02
1.365790512087698347e-02
1.354198227600912456e-02
1.342479278707280760e-02
1.334615623493084699e-02
1.330654764794380468e-02
1.325427094801216558e-02
1.319155215702003635e-02
1.314186518152109240e-02
1.302548271269959347e-02
1.291651225776518398e-02
1.284094610696752924e-02
1.284094610696752924e-02
1.274853497570025383e-02
1.266009569975354819e-02
1.263482003752876108e-02
1.295886643590457403e-02
1.331390981226946053e-02
1.367445493323950732e-02
1.401126214109662746e-02
1.464767874773575430e-02
1.520349936060687995e-02
1.573955549716744493e-02
1.573955549716744493e-02
1.612041687310165200e-02
1.644014469231047312e-02
1.667445302383241401e-02
1.677927782487505584e-02
1.672189901401868739e-02
1.651909258711239600e-02
1.625882388866654524e-02
1.580454233952040266e-02
1.529807442999289203e-02
1.479517129890313420e-02
