3.893027563724248130e-02
3.953009715704031146e-02
3.921269453491946222e-02
3.891598176464623748e-02
3.860267598741252970e-02
3.837986302892427981e-02
3.819510083952488977e-02
3.793909556547563761e-02
3.782893819663090546e-02
3.751026064964796403e-02
3.725567110848565511e-02
3.725567110848565511e-02
3.685411872088161650e-02
3.647421612242577466e-02
3.638211958946725028e-02
3.642012089403389580e-02
3.634935617374439321e-02
3.629641246992968556e-02
3.630494611709512986e-02
3.614421024945970590e-02
3.607702064526781272e-02
3.599886823934952962e-02
3.599886823934952962e-02
3.572009390390215589e-02
3.547032671476815086e-02
3.529904614813703795e-02
3.511451692588451329e-02
3.496139374381254661e-02
3.493557444051933331e-02
3.492422182797699087e-02
3.499096517362420417e-02
3.508076343767586869e-02
3.506797961823594767e-02
3.506797961823594767e-02
3.488037484640989921e-02
3.469709190404933474e-02
3.453843970167022603e-02
3.440731141395737824e-02
3.417306740050837094e-02
3.382964803590126496e-02
3.350730138999450519e-02
3.317029147948459544e-02
3.279720385448971903e-02
3.266135436006093601e-02
3.266135436006093601e-02
3.260311484127404597e-02
3.251747599224284052e-02
3.240849677541460250e-02
3.220835495497671730e-02
3.200797297614581954e-02
3.207792185701161675e-02
3.222907342276894183e-02
3.238175931887721237e-02
3.232121246782346941e-02
3.223173387570871240e-02
3.223173387570871240e-02
3.218622478586380398e-02
3.210146709095444695e-02
3.211372329446199325e-02
3.201748890665630926e-02
3.186257052606401852e-02
3.177546000919390795e-02
3.163852317918165735e-02
3.145524377448058462e-02
3.136972365229951515e-02
3.126248143365695231e-02
3.126248143365695231e-02
3.123019824711448927e-02
3.141773649934898743e-02
3.151056363700141527e-02
3.157234770376254884e-02
3.167178495089720269e-02
3.180269967860421820e-02
3.192239494497205177e-02
3.192197107238527870e-02
3.197666024060569212e-02
3.190939530508006550e-02
3.190939530508006550e-02
3.183633551760989971e-02
3.171543790036081972e-02
3.146444289145207407e-02
3.130519427933509818e-02
3.116944172758207010e-02
3.101548273452556931e-02
3.097313168392292621e-02
3.089178386398080609e-02
3.096439979197046846e-02
3.094753245152570206e-02
3.094753245152570206e-02
3.087323373071042612e-02
3.087594271800830209e-02
3.084940716443032582e-02
3.071213757691985957e-02
3.071972430140659446e-02
3.071487210858337910e-02
3.064781439602379601e-02
3.077635835145941384e-02
3.095713518221454921e-02
3.119528333934918837e-02
3.119528333934918837e-02
3.140315371660741539e-02
3.147855380720950697e-02
3.161885901459057097e-02
3.180276923544343021e-02
3.192679898986462012e-02
3.189959682641936578e-02
3.184703851811793857e-02
3.178575187701991600e-02
3.171831164003437870e-02
3.160433179192101427e-02
3.160433179192101427e-02
3.149634102160935728e-02
3.138504683066965090e-02
3.119129380493725762e-02
3.099825710831240547e-02
3.076856221294982721e-02
3.056360784295325539e-02
3.028199346075980194e-02
2.997445029043060635e-02
2.972705754225919011e-02
2.952061879952483370e-02
2.952061879952483370e-02
2.939967716703443049e-02
2.944261451968890886e-02
2.945421886211340920e-02
2.976151193554922927e-02
2.992956329779938168e-02
3.006379786617076333e-02
3.018064531210431015e-02
3.023099165878269379e-02
3.022997385511239782e-02
3.036258460256312242e-02
3.036258460256312242e-02
3.047527360331743485e-02
3.051859056148533561e-02
3.060372778510423580e-02
3.085832912041194809e-02
3.098317280386277822e-02
3.089438192482631129e-02
3.093663545718724692e-02
3.110167451487302198e-02
3.138525516944743604e-02
3.165024017650500121e-02
3.165024017650500121e-02
3.182104131219645055e-02
3.180850272704594667e-02
3.187208940210078945e-02
3.201773949018191928e-02
3.232863719507871048e-02
3.261415782063551566e-02
3.265658790116168775e-02
3.248265678422578018e-02
3.235683002884383319e-02
3.228939954281029312e-02
3.228939954281029312e-02
3.221390988056836713e-02
3.227810183270130029e-02
3.226514591604079385e-02
3.214567383993186672e-02
3.186362728977362030e-02
3.186362728977362030e-02
3.142056901120902912e-02
3.108295321217739021e-02
3.079856774581312892e-02
3.041212212354765104e-02
3.041212212354765104e-02
3.001806724085556363e-02
2.954036268766999096e-02
2.910358913264517178e-02
2.858965558574796603e-02
2.801368288210163635e-02
2.735689516859790560e-02
2.670964892222494821e-02
2.593926026943721777e-02
2.529857912039532378e-02
2.480926301873763798e-02
2.480926301873763798e-02
2.437529173689823025e-02
2.397423531613769240e-02
2.367249966607747405e-02
2.345074238879177320e-02
2.321362837861533010e-02
2.289682310525644957e-02
2.271999134436371304e-02
2.271999134436371304e-02
2.263025712259716243e-02
2.265525264818361167e-02
2.265525264818361167e-02
2.278825188961995998e-02
2.291238557943563528e-02
2.298266233165834754e-02
2.309059501430982958e-02
2.306970166750245757e-02
2.290528663302813725e-02
2.269663208989633821e-02
2.265943196058792936e-02
2.277139407117802911e-02
2.303997216404830850e-02
2.303997216404830850e-02
2.350102781638499852e-02
2.377119039329045683e-02
2.379054980462794872e-02
2.364340004198676320e-02
2.344060151525395597e-02
2.315687507907378956e-02
2.283569802975131402e-02
2.254645444587507347e-02
2.233096176530140198e-02
2.195174535883840511e-02
2.195174535883840511e-02
2.162127300119114082e-02
2.133784543690056892e-02
2.107793580907291187e-02
2.084214313984986133e-02
2.061652452925488363e-02
2.041450227438087670e-02
2.022284206801896328e-02
2.001738627113363797e-02
1.984442741657971299e-02
1.967144977321349381e-02
1.967144977321349381e-02
1.949744411223409274e-02
1.931716047138261338e-02
1.909434914861710825e-02
1.878916643603903078e-02
1.850030376838461901e-02
1.821358952748645607e-02
1.788249084057871169e-02
1.755952828673314550e-02
1.729184654902060289e-02
1.706445460858192417e-02
1.706445460858192417e-02
1.705802823947176819e-02
1.704420999319091259e-02
1.704347455123180269e-02
1.705488039185709334e-02
1.704141651031730945e-02
1.694903159462753800e-02
1.679417972952032198e-02
1.658727333888342440e-02
1.635905583038919225e-02
1.611579410572748158e-02
1.611579410572748158e-02
1.595185409804456694e-02
1.586625223000479729e-02
1.575530564493320823e-02
1.578877775593671290e-02
1.577508008053416649e-02
1.574322950176475222e-02
1.562300747991387379e-02
1.534989952825644224e-02
1.499355776158719546e-02
1.471883260137448086e-02
1.471883260137448086e-02
1.440853529359310478e-02
1.408171832677620680e-02
1.374868949244202436e-02
1.345019999777142573e-02
1.316996866522853263e-02
1.296552712859997888e-02
1.281101785323928745e-02
1.269027657503495575e-02
1.258165242225149118e-02
1.245842959271928341e-02
1.245842959271928341e-02
1.250651901897340337e-02
1.263719289622288779e-02
1.277350753993664392e-02
1.281841968949063749e-02
1.257335746839782602e-02
1.236527946188769982e-02
1.202431490226221755e-02
1.178794061394047334e-02
1.181966788534566729e-02
1.180022715731046841e-02
1.180022715731046841e-02
1.185249236738891536e-02
1.170536098136894070e-02
1.154262991304705853e-02
1.167736368395744066e-02
1.181499338754046780e-02
1.200546762277037056e-02
1.206653816510482730e-02
1.173205936444213920e-02
1.127180558862080940e-02
1.080154974109300524e-02
1.080154974109300524e-02
1.064074780451251985e-02
1.079972047413417340e-02
1.099278735231629112e-02
1.117995190127469424e-02
1.133188877888297204e-02
1.122117048663156744e-02
1.107369438175586154e-02
1.074440802911904094e-02
1.066030944686721833e-02
1.068430239664259519e-02
1.068430239664259519e-02
1.079375373451945709e-02
1.088975063899830231e-02
1.077246551840722703e-02
1.061773859017260679e-02
1.041335228329504786e-02
1.055883026985404358e-02
1.091204035678743599e-02
1.109357262070531994e-02
1.108083443680064721e-02
1.070869161469412134e-02
1.070869161469412134e-02
1.039161561159466021e-02
1.019535100070601344e-02
1.069162718129638284e-02
1.107733682922908483e-02
1.139155431727662676e-02
1.167506480484441396e-02
1.146921409530115947e-02
1.098655484661613217e-02
1.058771813757631436e-02
1.053912977778590637e-02
1.053912977778590637e-02
1.078474276889910925e-02
1.119248076859050145e-02
1.162940311777084512e-02
1.175953689894999703e-02
1.183312612798745334e-02
1.161578662796888296e-02
1.138357597526496248e-02
1.120667352596679996e-02
1.115021683027443179e-02
1.121386659523241659e-02
1.121386659523241659e-02
1.180540429159750160e-02
1.225217983808875831e-02
1.235155230634966267e-02
1.207385722024151113e-02
1.154921043234472498e-02
1.112926163182410833e-02
1.080313488245412436e-02
1.076333728512504466e-02
1.107434410642734075e-02
1.150929267558257509e-02
1.150929267558257509e-02
1.189565071993505668e-02
1.222336798946885121e-02
1.222794276733346272e-02
1.200599567483032204e-02
1.182928382038072636e-02
1.164392647753268416e-02
1.147312194518878073e-02
1.136811228271058551e-02
1.141981548180839683e-02
1.160462924495252006e-02
1.160462924495252006e-02
1.179656479397462113e-02
1.197557268693562674e-02
1.212341606099386418e-02
1.222158117054740652e-02
1.221886369443401024e-02
1.214156917680467816e-02
1.200669085956267666e-02
1.182399626544078548e-02
1.160542779012828721e-02
1.143616152099774692e-02
1.143616152099774692e-02
1.134809763932754199e-02
1.138526186993803029e-02
1.144059960059036311e-02
1.141770288492040611e-02
1.124164578720379670e-02
1.098249861104632144e-02
1.061554047285527200e-02
1.021411346548837390e-02
9.766860495537025080e-03
9.452665305584594807e-03
9.452665305584594807e-03
9.272930480521615962e-03
9.238863306066791639e-03
9.238863306066791639e-03
9.238863306066791639e-03
9.238863306066791639e-03
9.376629486110862541e-03
9.601618851407946881e-03
9.741358150076135855e-03
9.882059986066296653e-03
9.880231304673825835e-03
9.880231304673825835e-03
9.413303785705887106e-03
8.797717311884714272e-03
8.263703726660210150e-03
7.959781738104297275e-03
8.020877255583425125e-03
8.255491927041483727e-03
8.584954418443719454e-03
9.033582101805121695e-03
9.464660732720273084e-03
9.651343115084413948e-03
9.651343115084413948e-03
9.597195551766133856e-03
9.199485529046671356e-03
8.613943395509034151e-03
7.999906484537305448e-03
7.511755747250738885e-03
7.266588183873934348e-03
7.423042296805176278e-03
7.862537145262284144e-03
8.322263937013225574e-03
8.739662999333217344e-03
8.739662999333217344e-03
8.889366024727068591e-03
8.654986901064764399e-03
8.267205956286712704e-03
8.107450341104665767e-03
8.362846599257294997e-03
8.836605888756515412e-03
9.401747749301336485e-03
1.010997486293441910e-02
1.081012189189833189e-02
1.152610330968859530e-02
1.152610330968859530e-02
1.223204910779608114e-02
1.284268408035070703e-02
1.317595910445912809e-02
1.330293430109158806e-02
1.324378357078267836e-02
1.308190633428417404e-02
1.296791756811096000e-02
1.297328801731055005e-02
1.301260833314851588e-02
1.304721207124018810e-02
1.304721207124018810e-02
1.311908426542768291e-02
1.313221580713891216e-02
1.304008365758003649e-02
1.280758424042023613e-02
1.243156734544994049e-02
1.202662004165826540e-02
1.168173719588221082e-02
1.138008988607972991e-02
1.115936542099887213e-02
1.106126168020985998e-02
1.106126168020985998e-02
1.100610456268312325e-02
1.078056791206907263e-02
1.061297359880229545e-02
1.039181017974058659e-02
1.014536734522556924e-02
9.913772176832820471e-03
9.729038459634629585e-03
9.563330741984017724e-03
9.538359577329132144e-03
9.598363401902535938e-03
9.598363401902535938e-03
9.696092216242622672e-03
9.869991143481547657e-03
1.018905830391934018e-02
1.047437309106897217e-02
1.071000843108702201e-02
1.086741992893655931e-02
1.097365561041687039e-02
1.100409463937448290e-02
1.098122464007562568e-02
1.098696286892912773e-02
1.098696286892912773e-02
1.103052707458851769e-02
1.112283952766364437e-02
1.128168856673104382e-02
1.146443814375280520e-02
1.157020162558058084e-02
1.167268548094619642e-02
1.175442217842971419e-02
1.178710842216481279e-02
1.177642303691608591e-02
1.171302310327001009e-02
1.171302310327001009e-02
1.163100402094167235e-02
1.152951434952199233e-02
1.144468751051469155e-02
1.137461784217849887e-02
1.128972998496891207e-02
1.124478961674231156e-02
1.116683100921011737e-02
1.105794840169098750e-02
1.092769173319394285e-02
1.078749861255331836e-02
1.078749861255331836e-02
1.062706032332842547e-02
1.047617765458149115e-02
1.031695683381815380e-02
1.018130460437826137e-02
1.008253734837823330e-02
9.959632242956439202e-03
9.872213484180859810e-03
9.813728244680863105e-03
9.845023082872706582e-03
9.897855512621315729e-03
9.897855512621315729e-03
9.965054893668019026e-03
9.758456497133709620e-03
9.642485916621755179e-03
9.650850839491109320e-03
9.672188323641511126e-03
9.733104723535999578e-03
9.642784430079032881e-03
9.624512265698241184e-03
9.573370685907418853e-03
9.566046477774573301e-03
9.566046477774573301e-03
9.568779095537540899e-03
9.593401095247906449e-03
9.655525512572742802e-03
9.649934940334652794e-03
9.804043723607202068e-03
9.862329317171868170e-03
9.832666774790827305e-03
9.771193352083028597e-03
9.689860815841656178e-03
9.678781021019954023e-03
9.678781021019954023e-03
9.609735016892093085e-03
9.570229374782260323e-03
9.539916107264220790e-03
9.508314111275485703e-03
9.499276520762709938e-03
9.466211843692213732e-03
9.466820668245260265e-03
9.466804085747321240e-03
9.446906104509635027e-03
9.087212126653327476e-03
9.087212126653327476e-03
8.792261415762069737e-03
9.614549618026551822e-03
1.032207484171640023e-02
1.084405858921986231e-02
1.122580099841056361e-02
1.143453682783608649e-02
1.145717363383826591e-02
1.126027952368327360e-02
1.095205020586965429e-02
1.054729991587964773e-02
1.054729991587964773e-02
1.011698770085456625e-02
9.878650213778275568e-03
9.691786111914908741e-03
9.644616711615740245e-03
9.730790139432900568e-03
9.887268281773480688e-03
1.005008597929604557e-02
9.984023076173634964e-03
9.968287439699739447e-03
9.981636915877133143e-03
9.981636915877133143e-03
1.005586835404405528e-02
1.007204676684881825e-02
1.005937008938820147e-02
1.000523790693235576e-02
9.975052773152205329e-03
9.865510936041330461e-03
9.781099609025466907e-03
9.685170271825397151e-03
9.599522437248068571e-03
9.508466106073618779e-03
9.508466106073618779e-03
9.513760979086663752e-03
9.600653655141006340e-03
9.655823861961549889e-03
9.713342403988337384e-03
9.735677950479089404e-03
9.771737744589009331e-03
9.787364265094949251e-03
9.826433564328438883e-03
9.826140127468574459e-03
9.784049274483655814e-03
