4.432097426806799051e-02
4.432097426806799051e-02
4.337134195804428355e-02
4.249706816539837451e-02
4.188381572388507473e-02
4.186013458672285803e-02
4.163492115166290281e-02
4.179965241829469019e-02
4.216117643213502381e-02
4.238981778404002365e-02
4.252885571511064167e-02
4.277274341547113168e-02
4.277274341547113168e-02
4.317467993743360349e-02
4.360221368840210693e-02
4.407942731934642866e-02
4.446859771928808602e-02
4.482889815508225850e-02
4.508681352680773274e-02
4.531087006046181226e-02
4.536802636053289400e-02
4.529835885636165210e-02
4.528785816755327709e-02
4.528785816755327709e-02
4.508509668745271093e-02
4.501644048524441888e-02
4.489032068267689163e-02
4.476131574196921120e-02
4.468474004021565776e-02
4.458704525838185634e-02
4.438892905559078950e-02
4.424689027886783560e-02
4.401211053369987608e-02
4.389944484735001928e-02
4.389944484735001928e-02
4.377851178650120356e-02
4.349642967167722390e-02
4.335405008776431479e-02
4.322139971714719642e-02
4.297619095049023258e-02
4.275516442639324538e-02
4.264464064851539865e-02
4.236682539161707589e-02
4.217657586070382852e-02
4.202307180883078919e-02
4.202307180883078919e-02
4.180473780144395440e-02
4.165478598707911262e-02
4.149166136942576688e-02
4.136603635559335523e-02
4.125355235171438567e-02
4.114075956254221317e-02
4.107095239547323140e-02
4.092032189852748414e-02
4.077279933865297218e-02
4.046433278699921449e-02
4.046433278699921449e-02
4.017618084510220233e-02
3.962007231773716220e-02
3.915899252785939172e-02
3.868807921496194430e-02
3.825050018715842048e-02
3.783624383821480863e-02
3.718298177546015826e-02
3.660785695677828272e-02
3.601103205978815197e-02
3.551196924781126196e-02
3.551196924781126196e-02
3.506156191929207799e-02
3.473433811817058098e-02
3.429202572234093388e-02
3.392999209694830265e-02
3.358980195872648261e-02
3.321405874713240919e-02
3.289175391986577657e-02
3.267564735575838319e-02
3.237719574189889399e-02
3.221092645349017680e-02
3.221092645349017680e-02
3.186718255345003664e-02
3.151978678733242945e-02
3.124095729518523018e-02
3.096359979728146791e-02
3.078149902188111880e-02
3.060198736747892292e-02
3.026553210680138148e-02
2.997493103695157354e-02
2.970101802779860981e-02
2.934756662225346258e-02
2.934756662225346258e-02
2.899547864282485052e-02
2.866141489989216043e-02
2.827028435299992065e-02
2.790059484372156909e-02
2.765581967195751556e-02
2.748454065544082836e-02
2.732073095049493763e-02
2.718752746490285879e-02
2.708391284788700878e-02
2.712367934278358053e-02
2.712367934278358053e-02
2.694529889249640611e-02
2.676951899898758272e-02
2.646521154862748609e-02
2.613146854437475158e-02
2.577544947100918540e-02
2.536898268753271304e-02
2.498118762216452321e-02
2.453334503387655935e-02
2.396648148414914914e-02
2.366934804643202467e-02
2.366934804643202467e-02
2.351327443197925512e-02
2.333800912054661419e-02
2.314044156606168134e-02
2.303876982918064142e-02
2.286932824037512385e-02
2.254180164429357355e-02
2.206979316553014242e-02
2.151737191446725581e-02
2.105137232452970394e-02
2.046323133996807639e-02
2.046323133996807639e-02
2.004194534531430691e-02
1.972430075745540065e-02
1.919771498823830830e-02
1.867315020365658412e-02
1.828890721873006886e-02
1.782007792990447301e-02
1.740877177704663187e-02
1.704942316096405910e-02
1.663791288904728147e-02
1.614552986636730650e-02
1.614552986636730650e-02
1.568985764437153679e-02
1.522749354763475171e-02
1.477336112661838639e-02
1.438380380526844624e-02
1.398681558588836700e-02
1.367437657287351276e-02
1.348776792811627427e-02
1.342656913756162806e-02
1.339146484375106083e-02
1.329520344094022380e-02
1.329520344094022380e-02
1.312113263154689700e-02
1.291515114890825523e-02
1.287008197191912701e-02
1.290989753118976582e-02
1.310282623220175580e-02
1.321184824135134342e-02
1.332793226988113547e-02
1.331885406841470249e-02
1.334576946145644809e-02
1.316598480694425484e-02
1.316598480694425484e-02
1.290191845954758929e-02
1.267128746108578223e-02
1.237546218098385491e-02
1.211761211309851476e-02
1.192790552055533228e-02
1.173185450051650661e-02
1.148563181570153371e-02
1.125719474581365030e-02
1.093027713862430687e-02
1.062658245925770899e-02
1.062658245925770899e-02
1.048857713859065004e-02
1.036118087396376529e-02
1.034580631077904045e-02
1.035420405752766025e-02
1.048997864896386058e-02
1.059614335944807778e-02
1.075911943355672626e-02
1.080368252494411443e-02
1.079366693706546206e-02
1.090203723290809022e-02
1.090203723290809022e-02
1.090067373413151214e-02
1.092534671882448849e-02
1.095079309342893333e-02
1.080633261566694807e-02
1.060752884622554945e-02
1.013081209514776239e-02
9.734582615665416522e-03
9.467511029170564904e-03
9.201056379981732702e-03
9.268117061521832095e-03
9.268117061521832095e-03
9.452693844905647041e-03
9.595050355214750776e-03
9.885734447558792298e-03
9.809323722581501578e-03
9.936120888545499005e-03
1.003517247632737877e-02
1.005216407208047759e-02
1.030586526375303937e-02
1.056298767712104437e-02
1.136758220360040150e-02
1.136758220360040150e-02
1.188771177325834497e-02
1.237748447341304250e-02
1.291564076662030970e-02
1.352994174461548578e-02
1.410567061982545556e-02
1.466789080025098987e-02
1.532522752348261172e-02
1.586255877192759012e-02
1.633405271786076210e-02
1.679315679189507735e-02
1.679315679189507735e-02
1.739425061320342553e-02
1.815246987390074437e-02
1.882241025813168739e-02
1.928164459960409610e-02
1.956967712054484207e-02
1.966613839545566789e-02
1.977261209617270366e-02
1.966803712192208980e-02
1.954051135865499805e-02
1.926712556462275433e-02
1.926712556462275433e-02
1.890292005458719254e-02
1.839714886780242920e-02
1.798322410614299968e-02
1.760112071563668668e-02
1.733938118051411847e-02
1.734803246832656437e-02
1.748565717772115197e-02
1.766491744973478981e-02
1.785407728600147195e-02
1.806516749744814174e-02
1.806516749744814174e-02
1.832227576612636966e-02
1.832818385458945612e-02
1.821355429325860822e-02
1.797965150658361808e-02
1.788553173552764886e-02
1.771497178588970350e-02
1.754075318964614869e-02
1.725005974661170810e-02
1.696861652115195726e-02
1.661214953054966290e-02
1.661214953054966290e-02
1.631897788092390514e-02
1.603795868944342395e-02
1.598129859869880029e-02
1.612739056967357754e-02
1.634083173185384499e-02
1.662012359135052811e-02
1.707617229601598313e-02
1.753834843666099430e-02
1.802754973818951334e-02
1.833614191407447608e-02
1.833614191407447608e-02
1.848449655537348288e-02
1.860263278509773424e-02
1.863541993175472922e-02
1.866882087411353072e-02
1.879861783761135538e-02
1.899629584559267212e-02
1.926897136769459631e-02
1.932300236057609560e-02
1.911970496889861537e-02
1.890679861729479064e-02
1.890679861729479064e-02
1.870155037932300437e-02
1.848752794091950563e-02
1.821990082293539759e-02
1.802625279655892601e-02
1.780059156180793106e-02
1.761859374131814759e-02
1.744386846262425267e-02
1.723494883800977609e-02
1.717340415088627545e-02
1.705369871063865117e-02
1.705369871063865117e-02
1.675205617000243702e-02
1.640314524883860689e-02
1.606734673006954620e-02
1.575792646128401295e-02
1.545506718121838520e-02
1.536491388572557536e-02
1.536069246085479054e-02
1.538067879788745235e-02
1.542825535808469394e-02
1.537528778914550552e-02
1.537528778914550552e-02
1.508905604828786329e-02
1.474948227105968464e-02
1.437405841481746022e-02
1.389935277151590695e-02
1.364387755225011239e-02
1.351174762324761428e-02
1.351411471188489546e-02
1.331297219108231421e-02
1.300864532194069383e-02
1.294166127499879471e-02
1.294166127499879471e-02
1.299324240779408876e-02
1.327418047816474045e-02
1.363419702268196462e-02
1.406352037858312788e-02
1.445689422440642018e-02
1.465614727196342011e-02
1.485879590087596513e-02
1.505166963881056884e-02
1.529028849614600533e-02
1.548813146447354169e-02
1.548813146447354169e-02
1.551762605757845900e-02
1.545318146735276399e-02
1.508973122537966491e-02
1.463167573913564355e-02
1.439027381405419415e-02
1.435518353972172964e-02
1.446693143567500187e-02
1.478385667903966104e-02
1.519567822222621552e-02
1.564168960704159436e-02
1.564168960704159436e-02
1.604360833698320263e-02
1.630471688206585126e-02
1.648608373305236047e-02
1.654252963663663603e-02
1.647660428781828890e-02
1.649380545592456573e-02
1.634037575553514213e-02
1.612172735833712969e-02
1.598821602376063536e-02
1.593325688211867305e-02
1.593325688211867305e-02
1.583382988595664204e-02
1.576934883561926376e-02
1.576677905381408673e-02
1.577739591850737741e-02
1.574753747398898937e-02
1.555311705026910310e-02
1.539998890498682840e-02
1.520203836015453225e-02
1.489286686547492029e-02
1.455844107973240306e-02
1.455844107973240306e-02
1.418007709410660025e-02
1.385854374611593040e-02
1.343569367066841345e-02
1.302527916958835276e-02
1.264877651616643471e-02
1.238547885266393957e-02
1.224216111160474768e-02
1.220062435158003784e-02
1.227709845942896207e-02
1.240789034978370675e-02
1.240789034978370675e-02
1.240836189028288357e-02
1.233928782154590682e-02
1.210553887074790683e-02
1.179732443701114915e-02
1.144512186631736241e-02
1.098093117470917528e-02
1.062195036191432643e-02
1.040667051870078526e-02
1.024748427125519654e-02
1.017571630965955452e-02
1.017571630965955452e-02
9.949650434846944030e-03
9.760292367203694808e-03
9.608324950521504940e-03
9.640066037969205123e-03
9.762889150352092177e-03
9.817506511954097320e-03
9.992234170117431438e-03
1.011774031551658515e-02
1.012851324416341042e-02
1.016735434569992526e-02
1.016735434569992526e-02
1.006449849004753712e-02
9.988267002673259509e-03
9.978351260508689161e-03
9.933731425741755550e-03
9.929300889689383208e-03
1.005317754218867238e-02
1.021931238108035427e-02
1.039941584977108202e-02
1.053201518933410269e-02
1.065298086230194972e-02
1.065298086230194972e-02
1.086394290802136439e-02
1.094165994248976100e-02
1.098239200689198579e-02
1.085829039768617353e-02
1.068052116750816023e-02
1.047656810140119681e-02
1.053082699045325595e-02
1.066473610889989709e-02
1.066473610889989709e-02
1.066473610889989709e-02
1.066473610889989709e-02
1.082375763496384521e-02
1.085572700580712119e-02
1.096935866390035680e-02
1.107209966087286702e-02
1.119554699180205781e-02
1.133908911279550569e-02
1.147075524398846573e-02
1.150827556389901959e-02
1.154691508101322178e-02
1.151920084332823044e-02
1.151920084332823044e-02
1.146935043604709742e-02
1.117915695658448262e-02
1.093673201552213675e-02
1.070457406414099429e-02
1.040466119530406540e-02
1.021856885033298537e-02
9.962006904636248536e-03
9.894873451373268833e-03
9.918545605111165134e-03
9.958356424706750476e-03
9.958356424706750476e-03
1.005353933009819206e-02
1.014836042743422727e-02
1.011695955536993929e-02
1.005673053762834793e-02
9.921584384635287815e-03
9.787520461034577776e-03
9.585964388212115869e-03
9.248792685683819223e-03
9.151962392695174586e-03
9.163058226928699757e-03
9.163058226928699757e-03
9.111670758078418281e-03
9.200181016763090899e-03
9.355681935293829604e-03
9.541324597610138791e-03
9.642082179683904644e-03
9.743403624713813105e-03
9.714469480632478143e-03
9.644922538153945235e-03
9.611967842989430771e-03
9.517885725480915160e-03
9.517885725480915160e-03
9.526102647071071905e-03
9.514447137261725085e-03
9.429833028725135430e-03
9.394920210962916587e-03
9.451208116674256199e-03
9.432790093274971005e-03
9.236907108667374508e-03
9.085101031520215198e-03
8.966840052370628894e-03
8.810805514521772089e-03
8.810805514521772089e-03
8.733155791848929567e-03
8.671536646023854725e-03
8.700370306133747497e-03
8.680369643163722213e-03
8.640989709607312108e-03
8.551094362724928621e-03
8.441282115998122171e-03
8.302166512063930900e-03
8.232203498151844864e-03
8.294700412706615747e-03
8.294700412706615747e-03
8.369584632762938625e-03
8.235761013212645684e-03
8.089660199050555806e-03
8.014264373016220452e-03
8.038014754922181634e-03
8.058381739956073722e-03
8.064082357399754084e-03
8.181480924489767381e-03
8.399361851611948648e-03
8.608229257276790378e-03
8.608229257276790378e-03
8.874881891275020196e-03
8.881069012481661654e-03
8.720422678408753028e-03
8.434250358013529320e-03
8.002895877353137510e-03
7.618815430135517618e-03
7.371834041501006476e-03
7.203418656594580416e-03
7.162408173134379545e-03
7.255020254114919256e-03
7.255020254114919256e-03
7.586558258356889024e-03
7.992170335052038027e-03
8.323888126446896130e-03
8.571232196465888506e-03
8.731062504958954362e-03
8.642622963971743552e-03
8.361115058571426048e-03
8.049014718386399148e-03
7.840797305203248135e-03
7.714080939980373815e-03
7.714080939980373815e-03
7.798216288640912562e-03
8.049993321028705434e-03
8.459642372515360428e-03
8.845247168524432782e-03
9.067834972557560838e-03
8.332184430267192826e-03
7.721132202234837726e-03
7.266766854588230934e-03
6.931709496047107344e-03
6.795503569111763405e-03
6.795503569111763405e-03
6.762818268784783794e-03
6.677490276741778266e-03
6.588243029706655242e-03
6.507879967562353422e-03
6.395256020890760680e-03
6.128011790192026444e-03
5.867396649041189266e-03
5.658264161217120038e-03
5.407285915670263961e-03
5.183939059900578676e-03
5.183939059900578676e-03
5.096584090163567941e-03
5.097944839460355482e-03
5.137343256403924946e-03
5.163982977175502961e-03
5.298639634966710241e-03
5.424375137373755110e-03
5.515437262514620922e-03
5.587540582876145134e-03
5.866880131059424262e-03
6.227593217487895766e-03
6.227593217487895766e-03
6.549183859111183323e-03
6.849058860447816179e-03
7.057732366113457848e-03
7.186266278622840259e-03
7.373782457619884427e-03
7.457633649889083491e-03
7.534990060818484887e-03
7.502595650872240576e-03
7.270536086302158314e-03
7.043930248104861638e-03
7.043930248104861638e-03
6.731562141148853852e-03
6.375885555601686593e-03
6.049487068790366726e-03
5.812722607746335229e-03
5.609861057694494856e-03
5.415194064872549951e-03
5.272305578072470668e-03
5.155904303199200338e-03
5.156901904763542058e-03
5.225262950069401238e-03
5.225262950069401238e-03
5.323674086583228028e-03
5.400339102956210925e-03
5.455340142377069698e-03
5.365270910670593731e-03
5.265983321721343265e-03
5.152054017043134794e-03
5.045777243482011017e-03
4.842032283754145634e-03
4.875541905669140974e-03
4.877423519372865550e-03
4.877423519372865550e-03
4.961342884212824149e-03
5.130770581408193066e-03
5.161487618382963952e-03
5.239249619723530815e-03
5.263062188104788465e-03
5.290272512818976897e-03
5.305480813581031976e-03
5.323467823117604587e-03
5.320705700587805877e-03
5.286087262889615536e-03
5.286087262889615536e-03
5.279678187327818510e-03
5.243828997039829028e-03
5.110744020109493461e-03
5.011908844574402416e-03
4.940779614606581084e-03
4.806606231816592557e-03
4.659845024195126938e-03
4.464905089814892418e-03
4.395664791203100080e-03
4.367598396765401229e-03
4.367598396765401229e-03
4.365485192018487594e-03
4.253989393433682889e-03
4.125306528341375449e-03
4.072754859337161804e-03
4.042993833739670119e-03
4.037783050791097540e-03
4.038793967909724315e-03
4.029520098279931045e-03
4.020913825650541951e-03
3.983992457379608582e-03
3.983992457379608582e-03
3.901303286329974983e-03
3.907820646848973040e-03
3.927065178575105640e-03
3.993059018687300163e-03
4.104225140204403183e-03
4.268853736110532308e-03
4.428463452255408141e-03
4.663792357424544760e-03
4.872770041900067843e-03
5.073680337180704915e-03
5.073680337180704915e-03
5.295095604952392530e-03
5.542215142256045994e-03
5.944760917899877956e-03
6.325856821119265824e-03
6.487873780023988880e-03
6.454199809609610997e-03
6.322608046836058864e-03
6.152449775230728508e-03
5.981612637300285328e-03
5.952722107646640434e-03
5.952722107646640434e-03
5.978852476155957323e-03
6.003114033446325937e-03
6.108445244082442299e-03
6.206074795112303914e-03
6.263359123337386772e-03
6.327413251135100176e-03
6.352073239829342764e-03
6.329618168375754708e-03
6.229014913374705462e-03
6.005010409302942963e-03
6.005010409302942963e-03
5.813626754386035968e-03
5.513167238877747685e-03
5.247232089384592721e-03
4.927451886182994401e-03
4.620881370283512479e-03
4.341456184307900153e-03
4.048625738954257300e-03
3.721143546254968449e-03
3.532015855303050501e-03
3.425318188586073086e-03
3.425318188586073086e-03
3.359541407472858583e-03
3.280502322014158638e-03
3.137153355835075545e-03
3.004859417175573949e-03
2.847521806421433096e-03
2.724709598808352368e-03
2.686967724605656901e-03
2.767871597026667126e-03
3.053275935564858049e-03
3.473826250996893145e-03
3.473826250996893145e-03
3.857441899100811679e-03
4.053359724686984335e-03
4.191392445860817398e-03
4.297989947369969255e-03
4.345437474738753254e-03
4.329219976490591114e-03
4.369906333992647565e-03
4.404445394807620512e-03
4.503365613626735854e-03
4.546092446360481404e-03
4.546092446360481404e-03
4.551279692707990883e-03
4.518330587760535644e-03
4.454944148027109412e-03
4.268694308872444075e-03
4.163028253518762448e-03
4.040139646080467654e-03
3.972390983452944203e-03
3.934447483511858794e-03
4.043505340426798919e-03
4.253004578752070906e-03
4.253004578752070906e-03
4.132164528911214108e-03
4.049709569932651715e-03
4.057887903542165171e-03
4.083061075628294234e-03
4.146320426152217027e-03
4.305072087357190991e-03
4.521225342517414848e-03
4.732961345191783083e-03
4.934849119462359109e-03
5.068598931592283897e-03
5.068598931592283897e-03
5.180387074285338136e-03
5.308707483816710836e-03
5.469362134982166251e-03
5.671088902888015565e-03
6.018033910683639499e-03
6.295285427101261766e-03
6.512975425223895866e-03
6.768964717048582547e-03
6.932016806187729467e-03
6.927222521684636702e-03
6.927222521684636702e-03
6.934288701931284188e-03
6.884230245655201773e-03
6.915223524465314783e-03
6.870891236605416313e-03
6.756749879195976700e-03
6.104054819098444704e-03
5.583340207605499636e-03
5.196264692577777164e-03
4.901263325935945221e-03
4.853980825040461224e-03
