5.374106780634031744e-02
5.291232610371655182e-02
5.220519436763063764e-02
5.144793932542786330e-02
5.062902970117270224e-02
4.973427810719501657e-02
4.920331040414747253e-02
4.861434898764302459e-02
4.833260783744713213e-02
4.856107238701529161e-02
4.887133239277926394e-02
4.887133239277926394e-02
4.914323129631543996e-02
4.962047498563837422e-02
5.010737456303805681e-02
5.047593410484119830e-02
5.059840433261460213e-02
5.067225907945803465e-02
5.067042531420515999e-02
5.061520540119657935e-02
5.040051641029346524e-02
5.024780990569199801e-02
5.024780990569199801e-02
4.990783230667480974e-02
4.973370588552734894e-02
4.958948680072999826e-02
4.923365244753261094e-02
4.888469567201299965e-02
4.834315909724511834e-02
4.785800121070352131e-02
4.742694794302571015e-02
4.733168579785126950e-02
4.724384073437864345e-02
4.724384073437864345e-02
4.719565112230521275e-02
4.690988528332769997e-02
4.654047989463309248e-02
4.620474232896051164e-02
4.586132733728363192e-02
4.577549378283885667e-02
4.564065125623795877e-02
4.542816378018035145e-02
4.519201018566154637e-02
4.504281352624055906e-02
4.504281352624055906e-02
4.499753450076279804e-02
4.469951288533658557e-02
4.436159370542457070e-02
4.415018519286305343e-02
4.407400499788432374e-02
4.393051492726895990e-02
4.373428664709620023e-02
4.361124031114586852e-02
4.368496968934562630e-02
4.373245714628114927e-02
4.373245714628114927e-02
4.371091724698723813e-02
4.371530547483064993e-02
4.367086159653296024e-02
4.359406778239793140e-02
4.350910474645672960e-02
4.357576121855737117e-02
4.340523870385277344e-02
4.319086081361805940e-02
4.290535553692564896e-02
4.257885544638144448e-02
4.257885544638144448e-02
4.248542289550920337e-02
4.252105195812419525e-02
4.256095595088153077e-02
4.244882668193227654e-02
4.239461796129134763e-02
4.239778503115980424e-02
4.259744842216260652e-02
4.265709551615981532e-02
4.287802829443011776e-02
4.339112335006356513e-02
4.339112335006356513e-02
4.382711997038694907e-02
4.414427998816781301e-02
4.446925492869261559e-02
4.462368855563987602e-02
4.483131279623955856e-02
4.492707202212263551e-02
4.508681035292103761e-02
4.518915195612243502e-02
4.531554457196682040e-02
4.536661026862488094e-02
4.536661026862488094e-02
4.538819628672472600e-02
4.527346458337718621e-02
4.518077553009310077e-02
4.476988029452262652e-02
4.436999904375387577e-02
4.392858261368406958e-02
4.332164927400058291e-02
4.281399962010343924e-02
4.225868394374351217e-02
4.175041181359673975e-02
4.175041181359673975e-02
4.124549298514273987e-02
4.078162607159694503e-02
4.047294916159609179e-02
4.017857499924895603e-02
3.967643538777399642e-02
3.927401055486438863e-02
3.896971856021489572e-02
3.879047755702195316e-02
3.860864005404657240e-02
3.843302144735308290e-02
3.843302144735308290e-02
3.824513527174681904e-02
3.809894015838539288e-02
3.805463651022611415e-02
3.802063822699443263e-02
3.813606335860741936e-02
3.826902718200446418e-02
3.844597389291056627e-02
3.865063016077335128e-02
3.882531914815748331e-02
3.885469391636000441e-02
3.885469391636000441e-02
3.891952308723760356e-02
3.899946665639142385e-02
3.900745537732437651e-02
3.909081568448877914e-02
3.918229056757172035e-02
3.928153275081043561e-02
3.933454639750121051e-02
3.932459133299790605e-02
3.919731958089906626e-02
3.904933782686564187e-02
3.904933782686564187e-02
3.888691941759506165e-02
3.869597633228032824e-02
3.856913218761719164e-02
3.849153388720776003e-02
3.857796077772124299e-02
3.850679499985919241e-02
3.837751930838640552e-02
3.837836058268322831e-02
3.825676301114509098e-02
3.819816192521612030e-02
3.819816192521612030e-02
3.806085231973718730e-02
3.788206743062742798e-02
3.778546886891925166e-02
3.770881219057076184e-02
3.756468461683074717e-02
3.758444072413075210e-02
3.758397102198430401e-02
3.771579183016735698e-02
3.768414598821864109e-02
3.767526459179836723e-02
3.767526459179836723e-02
3.760750076498459854e-02
3.763912753513432019e-02
3.775047472174052759e-02
3.791511670811870127e-02
3.804767693704590170e-02
3.811947159511782507e-02
3.805877370710828572e-02
3.788452264504973965e-02
3.763633036094888445e-02
3.733286643394414378e-02
3.733286643394414378e-02
3.707116599314359828e-02
3.678024703573654075e-02
3.649779492348378951e-02
3.619744806546683347e-02
3.586135779984462452e-02
3.557938516814648094e-02
3.534584395265103623e-02
3.513480543893139629e-02
3.501891333344330642e-02
3.477057589406490345e-02
3.477057589406490345e-02
3.470157905224195011e-02
3.460687478998859812e-02
3.456234787635045769e-02
3.441130446765458539e-02
3.414926774514241009e-02
3.395702151131357177e-02
3.386981561733658913e-02
3.379290286575183794e-02
3.365551091303382175e-02
3.349938652184294291e-02
3.349938652184294291e-02
3.343192498063699003e-02
3.326911996389316645e-02
3.310404626758061547e-02
3.281188146407164330e-02
3.263330076087621323e-02
3.247147782339925709e-02
3.232027577324245865e-02
3.219146817789436676e-02
3.206568527687756603e-02
3.191012187360516006e-02
3.191012187360516006e-02
3.181523397367809480e-02
3.173216926216845812e-02
3.168789420442812838e-02
3.158302015708278065e-02
3.154440348664899058e-02
3.143843002683323340e-02
3.132511355315709817e-02
3.128694205597760958e-02
3.121918860902369447e-02
3.123842176464724021e-02
3.123842176464724021e-02
3.122814154600787873e-02
3.121353806559907032e-02
3.108336979503730987e-02
3.102435498539168890e-02
3.094746229421771466e-02
3.091799208157794410e-02
3.093483809092267486e-02
3.089362372729289111e-02
3.089521964155851619e-02
3.084192066200290919e-02
3.084192066200290919e-02
3.078954385284554326e-02
3.051942679329621919e-02
3.015025959612059950e-02
2.979233827918967986e-02
2.946906162438086424e-02
2.930596376788583909e-02
2.911707067073450450e-02
2.897019421516883533e-02
2.879433072922728612e-02
2.867253113361879421e-02
2.867253113361879421e-02
2.842911771909158170e-02
2.801150488467524929e-02
2.755800906296469385e-02
2.712518662982429246e-02
2.674502227888570297e-02
2.640940674855835057e-02
2.603455151503645398e-02
2.577952682166006690e-02
2.543404521345940875e-02
2.507585065237105670e-02
2.507585065237105670e-02
2.470124389887984329e-02
2.432108994516813186e-02
2.392432125893612441e-02
2.357164746661799884e-02
2.325117971253773744e-02
2.284744846246757749e-02
2.235199732290316446e-02
2.194661045925402551e-02
2.151154451502140449e-02
2.106794223442023592e-02
2.106794223442023592e-02
2.078322508372477950e-02
2.031958023042073139e-02
1.976384899186739083e-02
1.917675093140386311e-02
1.900201365327167102e-02
1.880598959920370267e-02
1.866665424848070950e-02
1.878604650287933608e-02
1.889587599454558772e-02
1.893471443046730943e-02
1.893471443046730943e-02
1.887414267329634923e-02
1.873075639810407172e-02
1.860325613888647381e-02
1.845462486575368335e-02
1.823876621250278968e-02
1.792489355924896388e-02
1.763651846570199466e-02
1.727972432721637530e-02
1.705309768090848208e-02
1.686587999937928795e-02
1.686587999937928795e-02
1.681478044294349924e-02
1.668226791409223655e-02
1.651358436616732345e-02
1.635118681667530743e-02
1.615433381451745337e-02
1.599268096996075625e-02
1.567959085230479985e-02
1.539357747212571383e-02
1.513862383576922502e-02
1.489545974713005379e-02
1.489545974713005379e-02
1.467150329168386523e-02
1.461355933741815064e-02
1.446120952314871450e-02
1.438411026534652977e-02
1.438666345657303031e-02
1.439279615593094461e-02
1.451641468845050499e-02
1.459917427944017708e-02
1.460392629837690102e-02
1.460167211789261538e-02
1.460167211789261538e-02
1.469937894517154946e-02
1.466168132005771924e-02
1.461428348062014486e-02
1.462891229913506480e-02
1.463639599233094307e-02
1.452100015927520332e-02
1.446587159655712308e-02
1.444350733145446757e-02
1.444775714370275660e-02
1.435867446079925648e-02
1.435867446079925648e-02
1.433758127672749537e-02
1.439099819745262056e-02
1.448749052873051120e-02
1.468747047358883763e-02
1.490173407779394124e-02
1.529208106826739251e-02
1.566078685912020846e-02
1.585112809265430342e-02
1.603947419755526529e-02
1.612136492483723718e-02
1.612136492483723718e-02
1.608665496872730208e-02
1.589634548889469826e-02
1.576017360329499961e-02
1.563400108510470260e-02
1.551905818339612171e-02
1.537718774081288549e-02
1.513384903710358886e-02
1.479407019228421750e-02
1.455879034164323481e-02
1.436255280821164063e-02
1.436255280821164063e-02
1.411283787411752623e-02
1.391463894901516334e-02
1.370140165147252197e-02
1.354563061194218911e-02
1.336047625335514376e-02
1.317629505400365157e-02
1.295389685736782377e-02
1.266355848085618137e-02
1.239565132573263763e-02
1.214424710625996301e-02
1.214424710625996301e-02
1.186518500154731641e-02
1.162711719622762548e-02
1.132660193245524881e-02
1.112149624325926497e-02
1.098898803512505899e-02
1.085189727537295458e-02
1.082201787126366513e-02
1.091628170349277088e-02
1.106650652393560696e-02
1.123600524950234096e-02
1.123600524950234096e-02
1.126937459405925185e-02
1.129356721819090199e-02
1.137768706309350529e-02
1.163222386796023550e-02
1.181384840261828946e-02
1.194526862477786507e-02
1.200607990320522352e-02
1.205566157037789125e-02
1.205332059256863236e-02
1.199698285349297226e-02
1.199698285349297226e-02
1.184332705584343476e-02
1.168559295780000930e-02
1.134338649192118478e-02
1.103155574463701369e-02
1.042143284090633545e-02
9.848194766452820700e-03
9.281671098337029510e-03
8.808538891038339771e-03
8.485834563014433077e-03
8.272324279901939470e-03
8.272324279901939470e-03
8.153619991690293223e-03
8.091270165633235659e-03
7.913883155241357992e-03
7.726911536058721219e-03
7.570666372490341724e-03
7.392830443269157899e-03
7.263207629196805591e-03
7.226352953760207219e-03
7.133699911741367590e-03
7.046153780829692015e-03
7.046153780829692015e-03
6.965573203712117564e-03
6.823789935648374126e-03
6.683227807928708228e-03
6.498769085191701510e-03
6.226391288007257323e-03
5.908542218475035940e-03
5.602929822393330067e-03
5.363330968538603839e-03
5.314307370800537729e-03
5.291050923969006607e-03
5.291050923969006607e-03
5.318057180286887148e-03
5.398243423685509905e-03
5.382867743352550034e-03
5.330970961922123531e-03
5.240183300065183458e-03
5.024394358646624287e-03
4.832011388289992812e-03
4.621238075316772519e-03
4.616898700478895730e-03
4.752650514152108666e-03
4.752650514152108666e-03
4.878033691197389624e-03
5.164283746738764988e-03
5.379424431701474753e-03
5.564296632934797281e-03
5.632854331246548926e-03
5.694896225664593421e-03
5.570199572940377070e-03
5.430411979622150331e-03
5.291652987233270815e-03
5.184702854474071594e-03
5.184702854474071594e-03
5.105881454611569358e-03
5.317374893851058854e-03
5.607723443284899460e-03
5.974433116769202294e-03
6.383378155836774356e-03
6.750713353064379148e-03
7.023034986712774035e-03
7.275742310882141184e-03
7.411825248889808426e-03
7.527817864258124284e-03
7.527817864258124284e-03
7.548430095699564663e-03
7.548430095699564663e-03
7.548430095699564663e-03
7.609978649008962773e-03
7.609978649008962773e-03
7.609978649008962773e-03
7.609978649008962773e-03
7.552480620217277146e-03
7.430820329095020639e-03
7.163069338285503115e-03
7.163069338285503115e-03
6.930114787618677982e-03
6.558417803499089725e-03
6.121068687661705698e-03
5.756474116226608338e-03
5.217273141906522693e-03
4.806794300705813199e-03
4.571040736719202309e-03
4.496945760062297411e-03
4.564504730006794207e-03
4.664580458183095399e-03
4.664580458183095399e-03
4.531174928385592153e-03
4.469020372741988080e-03
4.412367673896229990e-03
4.418671886766347735e-03
4.611689033022415077e-03
4.747432303029296315e-03
4.948624363019755307e-03
5.162601683336735456e-03
5.333713079119204586e-03
5.408163114402853196e-03
5.408163114402853196e-03
5.305759475241226750e-03
5.114343085721888282e-03
4.938718828271473904e-03
4.845825568684448276e-03
4.796646524110271571e-03
4.667252783154594332e-03
4.529784180558954314e-03
4.500344618694228534e-03
4.544254128444467911e-03
4.558735094505223483e-03
4.558735094505223483e-03
4.663325587486338505e-03
4.751023748693249810e-03
4.796442377555459706e-03
4.859174133057023691e-03
4.858019034845983616e-03
4.765602038109852806e-03
4.695929726950972237e-03
4.617634193467543870e-03
4.563300127461100003e-03
4.561889139739845091e-03
4.561889139739845091e-03
4.582767283078291454e-03
4.659903968756416194e-03
4.743864818183785893e-03
4.805719695677949238e-03
4.868072281403930737e-03
4.994459574817222171e-03
5.131840553767899951e-03
5.231532050893216400e-03
5.367679964812869554e-03
5.426424588690349077e-03
5.426424588690349077e-03
5.407418568759714446e-03
5.347069006469160578e-03
5.225694333513703112e-03
5.113637992190023587e-03
5.034627506022981182e-03
5.023344062389797221e-03
5.069799183938734737e-03
5.032659740573807231e-03
5.004034411753928782e-03
4.980747865561065309e-03
4.980747865561065309e-03
4.960089826879525779e-03
5.050974333941199955e-03
5.176787596702796951e-03
5.292524306477937486e-03
5.475350494715690644e-03
5.425075585350856884e-03
5.261684439314846633e-03
5.150797765947388342e-03
5.009272774267765731e-03
4.888688368443616303e-03
4.888688368443616303e-03
4.848312124028548303e-03
4.771842485176929112e-03
4.772723483917533198e-03
4.868680914333614260e-03
5.089001824387135928e-03
5.387283091314059268e-03
5.731409889356811095e-03
5.977166571737481914e-03
6.250886775836789547e-03
6.498413064232309334e-03
6.498413064232309334e-03
6.633631227124501574e-03
6.693694870267868219e-03
6.553449533742477552e-03
6.371656276462740569e-03
6.149078969817741401e-03
5.851765963556239229e-03
5.551746107904439488e-03
5.248210732420140710e-03
5.103434403594048381e-03
5.012023469541234018e-03
5.012023469541234018e-03
5.023675146348086443e-03
5.002794984128627193e-03
5.038680107127197112e-03
5.151282494366005681e-03
5.356921680275185740e-03
5.266335827210234799e-03
5.257466198254584326e-03
5.438562380932927647e-03
5.545111421401074762e-03
5.580270880329628660e-03
5.580270880329628660e-03
5.452065897987361416e-03
5.370584428082475145e-03
5.238359030321893157e-03
5.131558492071575800e-03
4.965901333009096856e-03
4.890764740293573540e-03
4.855458506682909167e-03
4.781624286986554256e-03
4.811448323235676360e-03
4.957164593659615405e-03
4.957164593659615405e-03
5.096469454673413675e-03
5.231165812028210592e-03
5.289717892533192523e-03
5.330930663631356682e-03
5.412871695707306523e-03
5.466999619661682373e-03
5.486529454688911928e-03
5.494099152972250870e-03
5.435260006940557422e-03
5.354042174300658805e-03
