1.532585085834653471e-02
1.532585085834653471e-02
1.433259693678793321e-02
1.446740702574190150e-02
1.479774653907216762e-02
1.533753963490152444e-02
1.560918763466234704e-02
1.578093476796624609e-02
1.570600605098927335e-02
1.572344464635353975e-02
1.565121008136844544e-02
1.551353486977628295e-02
1.551353486977628295e-02
1.536476476218861208e-02
1.534665855820539944e-02
1.534429739691781439e-02
1.536203804516952064e-02
1.543399519472693666e-02
1.539465313891868158e-02
1.542866386578228832e-02
1.545044343982363878e-02
1.548703313606178064e-02
1.550019452474683292e-02
1.550019452474683292e-02
1.546266291876231651e-02
1.542077068938292085e-02
1.531661070946706803e-02
1.522695994256406150e-02
1.509264216498075462e-02
1.488372331372168553e-02
1.469920606089958684e-02
1.459118506889540458e-02
1.436630462361219648e-02
1.414518781285363513e-02
1.414518781285363513e-02
1.389252073838738444e-02
1.369415740074899669e-02
1.359018229677034194e-02
1.348843530452066217e-02
1.351130049612045241e-02
1.353036724501071458e-02
1.358312185075713670e-02
1.351494281033917971e-02
1.331419259128251847e-02
1.313993005037151530e-02
1.313993005037151530e-02
1.313380857887862414e-02
1.322877627610065561e-02
1.328514161774041469e-02
1.339133009054388999e-02
1.327833215501034517e-02
1.333197068839906893e-02
1.328606764623730709e-02
1.318929143476285128e-02
1.322333440197736611e-02
1.337901156831259458e-02
1.337901156831259458e-02
1.347248128867360034e-02
1.343231475428557052e-02
1.319542748784169849e-02
1.280362569517071690e-02
1.238712241855772361e-02
1.202863421218146496e-02
1.163613672073754261e-02
1.133156964528752447e-02
1.111183120073989949e-02
1.082031228500324356e-02
1.082031228500324356e-02
1.052319129601104845e-02
1.018148712983996985e-02
9.920945078259427174e-03
9.711269851378016502e-03
9.519542039286690849e-03
9.336969784596556646e-03
9.150201368571447835e-03
8.934182913328387460e-03
8.800663296345923731e-03
8.720854802507154585e-03
8.720854802507154585e-03
8.576544064588695684e-03
8.422452765031241892e-03
8.286731860335461164e-03
8.107624196412881526e-03
7.835948512792767148e-03
7.568286090014573510e-03
7.278497475296516646e-03
7.051275871052800279e-03
7.125377154484344167e-03
7.264311492654450080e-03
7.264311492654450080e-03
7.644841783017291073e-03
8.189882491464161793e-03
8.613328339482452523e-03
9.088866530345660749e-03
9.383178229452612124e-03
9.430760875118562522e-03
9.419357484839074868e-03
9.429989756210883575e-03
9.290160864318578945e-03
9.183513764465921908e-03
9.183513764465921908e-03
9.085019159144126430e-03
8.882721456251352343e-03
8.639748876869055710e-03
8.345874578658249443e-03
8.134812125126809901e-03
7.995022778255948467e-03
7.814478086798240172e-03
7.761206185071123018e-03
7.613410168257644939e-03
7.702639861157880956e-03
7.702639861157880956e-03
7.767872767655573107e-03
7.795628511888064681e-03
7.969718394487417326e-03
8.329738172759290973e-03
8.826394400013804625e-03
9.447156676848700307e-03
1.015937223830780216e-02
1.065462251428845111e-02
1.111000664890964169e-02
1.150310573901420531e-02
1.150310573901420531e-02
1.190349798298056053e-02
1.215779668002738012e-02
1.214708283540834842e-02
1.162243995270058339e-02
1.115088057062962185e-02
1.077052102098863089e-02
1.050709060307115396e-02
1.060403649465584477e-02
1.070938255482704361e-02
1.081967148696848929e-02
1.081967148696848929e-02
1.077007074317314593e-02
1.066835966617203993e-02
1.068185900233651134e-02
1.079758522520948318e-02
1.096974076324404301e-02
1.116331534515962315e-02
1.104374230041331624e-02
1.104374230041331624e-02
1.003822292563052304e-02
9.355418179472154913e-03
9.355418179472154913e-03
8.783355709303216491e-03
8.274609887755763477e-03
7.883302871403959425e-03
7.592784427539394504e-03
7.525026257682256373e-03
7.415278592221897364e-03
7.248112466240950492e-03
7.060191170180390129e-03
6.952521012511079547e-03
7.030636580074476130e-03
7.030636580074476130e-03
7.313504593038672175e-03
7.743839849898803002e-03
7.953818580099140251e-03
8.050474314150036018e-03
8.273825689441068748e-03
8.660222075392392388e-03
9.178854755944928362e-03
9.684903965509869886e-03
9.989036533071567539e-03
9.978454833487101702e-03
9.978454833487101702e-03
9.919318150167420051e-03
9.773848050531816489e-03
9.737387993395039965e-03
9.772708612095658623e-03
9.826299540533454946e-03
9.675983215145962657e-03
9.604160673278400520e-03
9.423744579209605149e-03
9.203973059387193789e-03
9.161404142462246589e-03
9.161404142462246589e-03
9.321144020498320013e-03
9.581178081326415311e-03
9.924362466500200389e-03
1.054851160656293009e-02
1.111548642261097307e-02
1.156064931360336646e-02
1.190082132305930220e-02
1.191446212217859256e-02
1.200041784131179040e-02
1.195064378542634066e-02
1.195064378542634066e-02
1.187083380848106065e-02
1.165074884736309706e-02
1.118767038386417334e-02
1.063450352820133511e-02
1.025943929292573095e-02
1.015954857866326923e-02
1.032581982468212291e-02
1.049886129212787393e-02
1.049035736662141949e-02
1.043556676470696297e-02
1.043556676470696297e-02
1.062921105398061117e-02
1.093565599313960426e-02
1.107529928070237132e-02
1.127383627046072909e-02
1.160800901078354493e-02
1.188551637746926640e-02
1.201748849042554718e-02
1.221403111693562457e-02
1.236996915063206214e-02
1.245809252406572878e-02
1.245809252406572878e-02
1.232529971599033089e-02
1.213819224378757076e-02
1.270536878000023615e-02
1.323075947566720867e-02
1.362838334110038317e-02
1.391994054259627217e-02
1.412176831721510643e-02
1.418392371956928195e-02
1.410745114956199128e-02
1.379752899157678410e-02
1.379752899157678410e-02
1.351722137593444964e-02
1.322865963977140624e-02
1.309670440544721814e-02
1.313077749123316672e-02
1.267556242141421215e-02
1.224259466334004683e-02
1.171085851866949211e-02
1.121213018760099274e-02
1.086218100285994866e-02
1.075816991994748076e-02
1.075816991994748076e-02
1.093444475491778083e-02
1.093444475491778083e-02
1.093444475491778083e-02
1.127299345855347669e-02
1.162167562876373697e-02
1.200154744880257626e-02
1.228651217498119216e-02
1.247479200019137834e-02
1.262165752115056161e-02
1.282806039141537631e-02
1.282806039141537631e-02
1.326677623321906481e-02
1.388273639215424973e-02
1.437075606525627276e-02
1.459613351589521615e-02
1.464274265181332059e-02
1.456705871914854358e-02
1.460889080567266164e-02
1.478638222170610729e-02
1.512120999983546446e-02
1.559339745475248409e-02
1.559339745475248409e-02
1.594313225685144164e-02
1.609432781524487710e-02
1.600108710502303952e-02
1.568767470916355294e-02
1.533437522824439812e-02
1.500019348947641100e-02
1.494361320947958441e-02
1.494397095833919706e-02
1.488240992209170603e-02
1.467523207019511174e-02
1.467523207019511174e-02
1.421945224466513412e-02
1.372061749202651247e-02
1.340757557446192565e-02
1.341002554264500782e-02
1.353871826437994495e-02
1.360970337445822562e-02
1.360970337445822562e-02
1.360970337445822562e-02
1.359842388028703955e-02
1.336500613818938227e-02
1.336500613818938227e-02
1.336500613818938227e-02
1.323954086133429658e-02
1.334480274988060142e-02
1.350557205993178217e-02
1.372969881317939560e-02
1.389383695285745582e-02
1.390610159315448444e-02
1.382192866108081925e-02
1.376658911656781017e-02
1.371703385051577066e-02
1.371703385051577066e-02
1.377182578225159479e-02
1.393414418088417296e-02
1.411609934831612248e-02
1.428325455849541702e-02
1.444032088587502566e-02
1.450525432129157709e-02
1.459542800306618503e-02
1.465168866469394524e-02
1.471807646285392540e-02
1.472989126601133465e-02
1.472989126601133465e-02
1.475771710156728762e-02
1.469934474770129285e-02
1.455139753882933075e-02
1.441910626984296319e-02
1.425134779810763655e-02
1.407743802833841609e-02
1.398937938891101421e-02
1.399464688528122454e-02
1.399963027205087737e-02
1.405740408772892386e-02
1.405740408772892386e-02
1.411949373896637799e-02
1.409701503612057621e-02
1.414413312752620111e-02
1.435984381862495662e-02
1.464514953480438274e-02
1.491937864183723143e-02
1.504518493368313045e-02
1.505146327099123570e-02
1.495530491862129795e-02
1.482740620141891758e-02
1.482740620141891758e-02
1.456809844870930563e-02
1.438950988121494995e-02
1.428358977614603564e-02
1.419230300343917936e-02
1.402867369590990454e-02
1.379599233879191290e-02
1.379599233879191290e-02
1.365485955947556666e-02
1.354612258026000222e-02
1.356818885791028113e-02
1.356818885791028113e-02
1.371841935185035347e-02
1.384411985902247316e-02
1.388144778442457379e-02
1.394415177023649796e-02
1.405732691655416783e-02
1.434696904446144949e-02
1.474814595125961865e-02
1.508424469433134775e-02
1.521015285961119928e-02
1.534321231238265811e-02
1.534321231238265811e-02
1.527434535797281973e-02
1.510634707224800533e-02
1.505323092879396613e-02
1.510694699170848747e-02
1.512581566683216319e-02
1.508475547408331258e-02
1.497686790143228780e-02
1.482783648253442957e-02
1.467558486445073168e-02
1.469436487711614329e-02
1.469436487711614329e-02
1.477901546710626811e-02
1.489035187029902861e-02
1.505043620595435117e-02
1.511374235999218135e-02
1.511374235999218135e-02
1.507723310976912152e-02
1.503870485952934002e-02
1.504018799416992867e-02
1.499983417240736798e-02
1.499983417240736798e-02
1.499983417240736798e-02
1.489164230227450758e-02
1.500376524678956151e-02
1.518080030247205559e-02
1.527671360402642516e-02
1.534314461825497453e-02
1.541134112836298371e-02
1.537713076425858624e-02
1.539638877729325971e-02
1.544966958523381895e-02
1.585433080138730008e-02
1.585433080138730008e-02
1.635752813352718896e-02
1.678413456312045915e-02
1.708853924972999691e-02
1.707533895390454803e-02
1.699717195578426265e-02
1.675624383033235201e-02
1.652089064052502179e-02
1.623698715590656330e-02
1.591605728329774719e-02
1.552167593484616095e-02
1.552167593484616095e-02
1.523879501172319649e-02
1.502948240616057939e-02
1.502948240616057939e-02
1.484349898341927494e-02
1.470569375610468119e-02
1.460804219498451108e-02
1.463984184251537757e-02
1.471117124873752742e-02
1.475409339406974149e-02
1.479551907167430194e-02
1.479551907167430194e-02
1.504340281415773688e-02
1.535464106332355694e-02
1.562800845248308451e-02
1.571480434046926972e-02
1.563785461814418479e-02
1.565686290004458803e-02
1.566380380598723573e-02
1.563302474181665902e-02
1.561687774095942005e-02
1.547197231697900431e-02
1.547197231697900431e-02
1.530349850699833959e-02
1.520141740841583072e-02
1.506373380926386528e-02
1.491493355190663672e-02
1.478277347874633156e-02
1.475617126747520887e-02
1.481170484847484439e-02
1.496368188170032511e-02
1.516104788921598077e-02
1.529622835997321816e-02
1.529622835997321816e-02
1.540732438351352825e-02
1.546105634604995338e-02
1.556285744971115659e-02
1.572648920799420494e-02
1.589124641963387749e-02
1.605161792673349963e-02
1.608165996841047149e-02
1.610261850849256660e-02
1.610944820646531897e-02
1.608918332031212747e-02
1.608918332031212747e-02
1.602662862571692035e-02
1.586102600430074408e-02
1.566946031769777398e-02
1.551320963053541384e-02
1.538335486464989521e-02
1.523652605171859839e-02
1.508628110529095998e-02
1.496259898209674997e-02
1.498002569180650716e-02
1.503954743250880688e-02
1.503954743250880688e-02
1.507083769720957839e-02
1.518416098676012710e-02
1.528572179209121244e-02
1.545070995257981361e-02
1.559984968241605145e-02
1.571188872584642141e-02
1.580011510733619895e-02
1.589512727952706317e-02
1.590397217409686773e-02
1.594102050743951074e-02
1.594102050743951074e-02
1.587300445697012452e-02
1.571267336739242890e-02
1.554445179182097417e-02
1.534463667944432376e-02
1.534463667944432376e-02
1.534463667944432376e-02
1.534463667944432376e-02
1.516117661887084363e-02
1.507425183174264383e-02
1.504641963228351906e-02
1.504641963228351906e-02
1.502102095325439333e-02
1.490182478236285260e-02
1.471372297598249820e-02
1.439125470219377451e-02
1.419231266718203391e-02
1.415160468486151985e-02
1.426780944977014930e-02
1.447748445878722402e-02
1.451793413705851007e-02
1.440646891986925408e-02
1.440646891986925408e-02
1.416712364293368567e-02
1.391552410363300005e-02
1.387788160086766281e-02
1.407185217245469737e-02
1.407185217245469737e-02
1.442556220587089266e-02
1.458641303853022361e-02
1.457203253617726790e-02
1.439650372244536888e-02
1.408737475775244559e-02
1.408737475775244559e-02
1.387520571883813642e-02
1.385351252329077194e-02
1.431331594310001655e-02
1.480777497389766488e-02
1.506921023253112064e-02
1.515042413756572878e-02
1.504871792437251395e-02
1.485947164224304430e-02
1.470382668604649709e-02
1.462692932781895459e-02
1.462692932781895459e-02
1.459509370607017624e-02
1.449402970694636632e-02
1.422675545523544374e-02
1.384931389570966814e-02
1.340555723068793080e-02
1.317829188396209966e-02
1.315167483634738753e-02
1.322560272007713283e-02
1.329989500357234462e-02
1.330627248479991816e-02
1.330627248479991816e-02
1.321410718579330186e-02
1.306245279737015645e-02
1.303162967345529097e-02
1.317397136658693228e-02
1.333453315611341297e-02
1.352047343721891545e-02
1.362227525285153798e-02
1.358271457596017980e-02
1.353103046135897304e-02
1.349448921807385599e-02
1.349448921807385599e-02
1.347554236585505466e-02
1.361365132264265310e-02
1.381210165329842775e-02
1.397164160607608507e-02
1.391857460173620033e-02
1.380560011934598569e-02
1.370425013236767527e-02
1.369176917632571565e-02
1.371335968738453259e-02
1.378545031878668746e-02
1.378545031878668746e-02
1.387047132695931259e-02
1.377603460153909061e-02
1.364308702914856369e-02
1.360014151170226178e-02
1.350600635936332478e-02
1.361331711533421765e-02
1.395754125909496809e-02
1.421745186276946078e-02
1.438492706960575220e-02
1.432741485923253247e-02
1.432741485923253247e-02
1.421022963872697886e-02
1.413632233129394171e-02
1.409389216649102605e-02
1.407843931780342929e-02
1.408590107534138380e-02
1.403576712985986005e-02
1.384958775129878535e-02
1.358826406853773719e-02
1.347168030705934647e-02
1.344661757252723147e-02
1.344661757252723147e-02
1.360049388538933472e-02
1.371404144758479014e-02
1.371436289207111567e-02
1.359190207948021700e-02
1.342604046744728073e-02
1.336782266057291377e-02
1.347569558965932418e-02
1.366848184487205568e-02
1.384971810295706519e-02
1.397779355866974119e-02
1.397779355866974119e-02
1.403274217302290065e-02
1.395177043277425095e-02
1.385101766911135852e-02
1.350080373781476460e-02
1.324559737367926766e-02
1.308283484304109678e-02
1.288620663349270522e-02
1.276159862179194679e-02
1.265254588135835551e-02
1.251532431794694263e-02
1.251532431794694263e-02
1.242454103745910601e-02
1.240183418302892235e-02
1.258562440646090672e-02
1.286827773443161536e-02
1.308722660332131520e-02
1.325421690867843033e-02
1.337765943969031895e-02
1.330775534539271540e-02
1.321841998847368867e-02
1.322332665658171487e-02
1.322332665658171487e-02
1.335565418554450837e-02
1.353706974323849385e-02
1.366558914358155866e-02
1.367997559855943859e-02
1.345458960198621379e-02
1.306064944865553343e-02
1.274333920188306865e-02
1.252810192664482493e-02
1.256613451837937205e-02
1.272837513245636022e-02
1.272837513245636022e-02
1.296689486264198006e-02
1.310471696952305622e-02
1.302442124218933760e-02
1.285128677751464291e-02
1.271146665237222681e-02
1.275216347272754673e-02
1.299529100976230464e-02
1.327389031367719012e-02
1.339409217584905040e-02
1.336857330045810623e-02
1.336857330045810623e-02
1.321776115307826335e-02
1.305188848025215682e-02
1.298751914228136323e-02
1.304135952616343810e-02
1.316025185741048591e-02
1.319144437178761640e-02
1.322564099599253876e-02
1.330435596034213255e-02
1.327519393810717464e-02
1.321665731399424872e-02
1.321665731399424872e-02
1.309139042682858772e-02
1.294854174009423681e-02
1.287872914072614623e-02
1.291610701639061762e-02
1.301145886477449165e-02
1.317157171335239796e-02
1.322762926507795207e-02
1.323598234492184313e-02
1.317489368058685599e-02
1.309287019563465382e-02
1.309287019563465382e-02
1.306042930014065379e-02
1.305979832158258615e-02
1.319539399571455912e-02
1.321492986443511750e-02
1.328094578890187845e-02
1.327033338416678740e-02
1.312570845153104328e-02
1.297519499920405522e-02
1.283575773736061500e-02
1.279231903014114644e-02
1.279231903014114644e-02
1.285515580072560740e-02
1.311785879059406551e-02
1.342098464712145577e-02
1.367232335930476314e-02
1.378686234558839860e-02
1.387944441798267918e-02
1.384446302627959959e-02
1.371859241828855130e-02
1.359944867263909209e-02
1.350286764987635932e-02
1.350286764987635932e-02
1.355158042522375955e-02
1.361825967319744805e-02
1.418421863187886538e-02
1.466739006486495085e-02
1.496913083705040358e-02
1.512310690125398538e-02
1.512256389726338371e-02
1.509229397927127833e-02
1.503196323317317756e-02
1.498436241347201638e-02
1.498436241347201638e-02
1.499756748456652564e-02
1.503162863849282632e-02
1.499005793071305284e-02
1.482242084326458077e-02
1.456615075923693194e-02
1.429129678731537803e-02
1.405798381579526427e-02
1.398194269421811249e-02
1.396737841475920172e-02
1.401849141021505561e-02
1.401849141021505561e-02
1.409548993951828533e-02
1.409690861477171792e-02
1.402075417688822961e-02
1.401763187629931351e-02
1.394720998730520148e-02
1.394335964388419141e-02
1.393146552697307854e-02
1.404136721789983958e-02
1.430834023322217000e-02
1.458040042573391891e-02
1.458040042573391891e-02
1.481963222058152625e-02
1.491874679382543950e-02
1.491231164280511917e-02
1.488300336234767672e-02
1.486216965451352123e-02
1.491614921534701807e-02
1.515098468413706920e-02
1.545263669548959697e-02
1.570092187028431993e-02
1.583730965382864828e-02
