1.009134575724601746e-02
1.009134575724601746e-02
8.369165472686290741e-03
9.327456355094909668e-03
8.755834773182868958e-03
7.854886353015899658e-03
7.155654020607471466e-03
6.404635030776262283e-03
5.779393482953310013e-03
5.489345174282789230e-03
5.271472502499818802e-03
5.101077258586883545e-03
5.101077258586883545e-03
5.047124344855546951e-03
5.109415389597415924e-03
5.284458398818969727e-03
5.461991764605045319e-03
5.916880909353494644e-03
6.382205523550510406e-03
6.834047380834817886e-03
7.294620852917432785e-03
7.751327939331531525e-03
8.109218440949916840e-03
8.109218440949916840e-03
8.411013521254062653e-03
8.697028271853923798e-03
8.932213298976421356e-03
9.182976558804512024e-03
9.429016150534152985e-03
9.654824621975421906e-03
9.812988340854644775e-03
9.847632609307765961e-03
9.872016496956348419e-03
9.851956740021705627e-03
9.851956740021705627e-03
9.978519752621650696e-03
1.010924391448497772e-02
1.026462204754352570e-02
1.039008423686027527e-02
1.050191838294267654e-02
1.058210525661706924e-02
1.060879044234752655e-02
1.058884523808956146e-02
1.057547610253095627e-02
1.058236230164766312e-02
1.058236230164766312e-02
1.059348694980144501e-02
1.060860604047775269e-02
1.065294817090034485e-02
1.070432085543870926e-02
1.071535330265760422e-02
1.078459247946739197e-02
1.087741926312446594e-02
1.102044712752103806e-02
1.118899323046207428e-02
1.132258307188749313e-02
1.132258307188749313e-02
1.149594783782958984e-02
1.168521773070096970e-02
1.176773570477962494e-02
1.179773733019828796e-02
1.187683828175067902e-02
1.200992614030838013e-02
1.211707387119531631e-02
1.235776022076606750e-02
1.251841429620981216e-02
1.267477031797170639e-02
1.267477031797170639e-02
1.280618645250797272e-02
1.274430658668279648e-02
1.266753766685724258e-02
1.259054616093635559e-02
1.266451552510261536e-02
1.274100132286548615e-02
1.292612496763467789e-02
1.307334844022989273e-02
1.313465274870395660e-02
1.296598836779594421e-02
1.296598836779594421e-02
1.269770599901676178e-02
1.271380018442869186e-02
1.284569036215543747e-02
1.291702035814523697e-02
1.306977216154336929e-02
1.305370032787322998e-02
1.290973648428916931e-02
1.275124866515398026e-02
1.238806080073118210e-02
1.206273958086967468e-02
1.206273958086967468e-02
1.178255397826433182e-02
1.157293561846017838e-02
1.143847871571779251e-02
1.133126951754093170e-02
1.125380862504243851e-02
1.137841027230024338e-02
1.196051575243473053e-02
1.258583646267652512e-02
1.324870903044939041e-02
1.391907874494791031e-02
1.391907874494791031e-02
1.454519480466842651e-02
1.515279896557331085e-02
1.574446819722652435e-02
1.632427610456943512e-02
1.684552617371082306e-02
1.735182292759418488e-02
1.777971908450126648e-02
1.823635399341583252e-02
1.872120238840579987e-02
1.919269934296607971e-02
1.919269934296607971e-02
1.962661184370517731e-02
1.999938301742076874e-02
2.036434039473533630e-02
2.096263505518436432e-02
2.145355194807052612e-02
2.191456221044063568e-02
2.239518612623214722e-02
2.274256944656372070e-02
2.300562895834445953e-02
2.319481782615184784e-02
2.319481782615184784e-02
2.325301803648471832e-02
2.307446487247943878e-02
2.283360809087753296e-02
2.264440990984439850e-02
2.255034260451793671e-02
2.242840453982353210e-02
2.234382182359695435e-02
2.215726114809513092e-02
2.203059010207653046e-02
2.190100587904453278e-02
2.190100587904453278e-02
2.179878205060958862e-02
2.172083221375942230e-02
2.170784771442413330e-02
2.167450450360774994e-02
2.159404568374156952e-02
2.157048135995864868e-02
2.157060429453849792e-02
2.161306887865066528e-02
2.153290994465351105e-02
2.154211141169071198e-02
2.154211141169071198e-02
2.146759629249572754e-02
2.135535329580307007e-02
2.133654057979583740e-02
2.137609943747520447e-02
2.139396034181118011e-02
2.138970047235488892e-02
2.138431929051876068e-02
2.144973166286945343e-02
2.155547402799129486e-02
2.167558670043945312e-02
2.167558670043945312e-02
2.175104804337024689e-02
2.192543633282184601e-02
2.203574962913990021e-02
2.204851247370243073e-02
2.195514366030693054e-02
2.185809798538684845e-02
2.171815745532512665e-02
2.159525081515312195e-02
2.152424864470958710e-02
2.143695764243602753e-02
2.143695764243602753e-02
2.150076441466808319e-02
2.168772928416728973e-02
2.179581299424171448e-02
2.187636867165565491e-02
2.204590477049350739e-02
2.211434580385684967e-02
2.215981110930442810e-02
2.219643257558345795e-02
2.224947884678840637e-02
2.232081629335880280e-02
2.232081629335880280e-02
2.233193814754486084e-02
2.228592149913311005e-02
2.237073890864849091e-02
2.252929657697677612e-02
2.271040529012680054e-02
2.293796651065349579e-02
2.325704880058765411e-02
2.356475591659545898e-02
2.371189929544925690e-02
2.379563264548778534e-02
2.379563264548778534e-02
2.378181740641593933e-02
2.368637174367904663e-02
2.356000244617462158e-02
2.363628894090652466e-02
2.393907681107521057e-02
2.437486499547958374e-02
2.493376284837722778e-02
2.550726383924484253e-02
2.614666894078254700e-02
2.664783410727977753e-02
2.664783410727977753e-02
2.694854512810707092e-02
2.716871164739131927e-02
2.737297117710113525e-02
2.742381766438484192e-02
2.738959714770317078e-02
2.739970386028289795e-02
2.742555178701877594e-02
2.742555178701877594e-02
2.742555178701877594e-02
2.754718996584415436e-02
2.754718996584415436e-02
2.762718871235847473e-02
2.769260108470916748e-02
2.769260108470916748e-02
2.781732752919197083e-02
2.797156386077404022e-02
2.802206762135028839e-02
2.770464122295379639e-02
2.737557888031005859e-02
2.737557888031005859e-02
2.737557888031005859e-02
2.737557888031005859e-02
2.700632624328136444e-02
2.643702179193496704e-02
2.601214870810508728e-02
2.560983039438724518e-02
2.534471265971660614e-02
2.523606084287166595e-02
2.520637214183807373e-02
2.536896616220474243e-02
2.563254535198211670e-02
2.576403878629207611e-02
2.576403878629207611e-02
2.584665827453136444e-02
2.593851275742053986e-02
2.590517699718475342e-02
2.583510242402553558e-02
2.572770789265632629e-02
2.605075761675834656e-02
2.630472369492053986e-02
2.644251473248004913e-02
2.656674198806285858e-02
2.670873701572418213e-02
2.670873701572418213e-02
2.686385810375213623e-02
2.701266109943389893e-02
2.710263244807720184e-02
2.721798792481422424e-02
2.740885689854621887e-02
2.758160233497619629e-02
2.757631801068782806e-02
2.751701325178146362e-02
2.740999311208724976e-02
2.732525393366813660e-02
2.732525393366813660e-02
2.729459665715694427e-02
2.734626829624176025e-02
2.740697562694549561e-02
2.747062221169471741e-02
2.760565094649791718e-02
2.774243801832199097e-02
2.782394923269748688e-02
2.786295674741268158e-02
2.781871147453784943e-02
2.765949442982673645e-02
2.765949442982673645e-02
2.749593555927276611e-02
2.746473066508769989e-02
2.761240862309932709e-02
2.787504158914089203e-02
2.833527326583862305e-02
2.896166592836380005e-02
2.958195656538009644e-02
3.005008026957511902e-02
3.036862239241600037e-02
3.062777966260910034e-02
3.062777966260910034e-02
3.074639663100242615e-02
3.085056506097316742e-02
3.097488544881343842e-02
3.119342215359210968e-02
3.151427954435348511e-02
3.211274743080139160e-02
3.255168721079826355e-02
3.277131170034408569e-02
3.274482861161231995e-02
3.256203979253768921e-02
3.256203979253768921e-02
3.230178728699684143e-02
3.214273974299430847e-02
3.220469877123832703e-02
3.229306638240814209e-02
3.242412954568862915e-02
3.265308216214179993e-02
3.291026130318641663e-02
3.307253122329711914e-02
3.271016106009483337e-02
3.271016106009483337e-02
3.271016106009483337e-02
3.231010958552360535e-02
3.188796713948249817e-02
3.142847120761871338e-02
3.097038157284259796e-02
3.064787387847900391e-02
3.045500256121158600e-02
3.034158796072006226e-02
3.030356764793395996e-02
3.054423630237579346e-02
3.080313093960285187e-02
3.080313093960285187e-02
3.101126849651336670e-02
3.114912845194339752e-02
3.113064542412757874e-02
3.100432083010673523e-02
3.075882792472839355e-02
3.052390925586223602e-02
3.030705451965332031e-02
3.027846477925777435e-02
3.036122396588325500e-02
3.050721436738967896e-02
3.050721436738967896e-02
3.062659129500389099e-02
3.071694076061248779e-02
3.072438202798366547e-02
3.076439909636974335e-02
3.074738942086696625e-02
3.071325831115245819e-02
3.070615045726299286e-02
3.073304332792758942e-02
3.079690411686897278e-02
3.093098104000091553e-02
3.093098104000091553e-02
3.134590014815330505e-02
3.171055763959884644e-02
3.209891542792320251e-02
3.249610215425491333e-02
3.284983336925506592e-02
3.311961516737937927e-02
3.333583101630210876e-02
3.353566303849220276e-02
3.376238420605659485e-02
3.400293365120887756e-02
3.400293365120887756e-02
3.425054997205734253e-02
3.438370302319526672e-02
3.445135429501533508e-02
3.436415269970893860e-02
3.418305143713951111e-02
3.399204090237617493e-02
3.376313298940658569e-02
3.354886174201965332e-02
3.336715325713157654e-02
3.342543542385101318e-02
3.342543542385101318e-02
3.345448523759841919e-02
3.344116359949111938e-02
3.334075957536697388e-02
3.316535800695419312e-02
3.295728564262390137e-02
3.272667899727821350e-02
3.246042504906654358e-02
3.221872448921203613e-02
3.211732208728790283e-02
3.213300928473472595e-02
3.213300928473472595e-02
3.222883120179176331e-02
3.236007690429687500e-02
3.253581002354621887e-02
3.272347524762153625e-02
3.288344293832778931e-02
3.298229351639747620e-02
3.297165781259536743e-02
3.293897584080696106e-02
3.284930437803268433e-02
3.275382891297340393e-02
3.275382891297340393e-02
3.270300477743148804e-02
3.264086320996284485e-02
3.260429576039314270e-02
3.259368613362312317e-02
3.262688964605331421e-02
3.262935206294059753e-02
3.252460435032844543e-02
3.252432495355606079e-02
3.258790075778961182e-02
3.262963145971298218e-02
3.262963145971298218e-02
3.271423652768135071e-02
3.278497979044914246e-02
3.283508121967315674e-02
3.280075266957283020e-02
3.273402154445648193e-02
3.264281898736953735e-02
3.263475000858306885e-02
3.275672718882560730e-02
3.300112858414649963e-02
3.328783437609672546e-02
3.328783437609672546e-02
3.362609446048736572e-02
3.395963460206985474e-02
3.450177609920501709e-02
3.517683595418930054e-02
3.584824129939079285e-02
3.654013574123382568e-02
3.718954324722290039e-02
3.774429857730865479e-02
3.824309259653091431e-02
3.871219977736473083e-02
3.871219977736473083e-02
3.908841311931610107e-02
3.933604061603546143e-02
3.937948495149612427e-02
3.924735262989997864e-02
3.886044397950172424e-02
3.833166137337684631e-02
3.777934238314628601e-02
3.739681839942932129e-02
3.738559037446975708e-02
3.750289231538772583e-02
3.750289231538772583e-02
3.788272663950920105e-02
3.841574862599372864e-02
3.914727643132209778e-02
3.995601460337638855e-02
4.082077741622924805e-02
4.183578491210937500e-02
4.298809915781021118e-02
4.387877881526947021e-02
4.459493979811668396e-02
4.496056959033012390e-02
4.496056959033012390e-02
4.520656540989875793e-02
4.526898637413978577e-02
4.516386240720748901e-02
4.502442851662635803e-02
4.482282325625419617e-02
4.468452185392379761e-02
4.458666220307350159e-02
4.458421468734741211e-02
4.471926391124725342e-02
4.490393772721290588e-02
4.490393772721290588e-02
4.519350826740264893e-02
4.551362246274948120e-02
4.578176513314247131e-02
4.595028609037399292e-02
4.605756327509880066e-02
4.607549682259559631e-02
4.588377103209495544e-02
4.562444612383842468e-02
4.528359323740005493e-02
4.496727511286735535e-02
4.496727511286735535e-02
4.472032561898231506e-02
4.456089437007904053e-02
4.448389634490013123e-02
4.449391737580299377e-02
4.449115321040153503e-02
4.461204260587692261e-02
4.478565230965614319e-02
4.483085498213768005e-02
4.483790323138237000e-02
4.482099413871765137e-02
4.482099413871765137e-02
4.483529552817344666e-02
4.484273120760917664e-02
4.481307044625282288e-02
4.476507753133773804e-02
4.476519674062728882e-02
4.477976262569427490e-02
4.434100538492202759e-02
4.403095319867134094e-02
4.380819201469421387e-02
4.371045157313346863e-02
4.371045157313346863e-02
4.380084201693534851e-02
4.402372241020202637e-02
4.429723322391510010e-02
4.451032355427742004e-02
4.468758776783943176e-02
4.485100507736206055e-02
4.505375772714614868e-02
4.516116529703140259e-02
4.519713670015335083e-02
4.525160416960716248e-02
4.525160416960716248e-02
4.534528777003288269e-02
4.539059847593307495e-02
4.536474123597145081e-02
4.524903371930122375e-02
4.504669085144996643e-02
4.481158778071403503e-02
4.458536207675933838e-02
4.445940256118774414e-02
4.432713612914085388e-02
4.427456855773925781e-02
4.427456855773925781e-02
4.424437507987022400e-02
4.427229613065719604e-02
4.435247927904129028e-02
4.444106668233871460e-02
4.456272721290588379e-02
4.469254985451698303e-02
4.477028921246528625e-02
4.487249627709388733e-02
4.498119279742240906e-02
4.496835544705390930e-02
4.496835544705390930e-02
4.487577080726623535e-02
4.474539309740066528e-02
4.461849480867385864e-02
4.448109120130538940e-02
4.432228207588195801e-02
4.418495297431945801e-02
4.413217306137084961e-02
4.412382468581199646e-02
4.421752691268920898e-02
4.427628219127655029e-02
4.427628219127655029e-02
4.439537227153778076e-02
4.439720138907432556e-02
4.433387890458106995e-02
4.414920136332511902e-02
4.397127404808998108e-02
4.381148144602775574e-02
4.371387884020805359e-02
4.366490617394447327e-02
4.369899630546569824e-02
4.375375434756278992e-02
4.375375434756278992e-02
4.385972023010253906e-02
4.403217881917953491e-02
4.428905621170997620e-02
4.449474439024925232e-02
4.463542252779006958e-02
4.482366144657135010e-02
4.486462473869323730e-02
4.486206173896789551e-02
4.480364173650741577e-02
4.465066269040107727e-02
4.465066269040107727e-02
4.447747394442558289e-02
4.430030658841133118e-02
4.412215575575828552e-02
4.405096545815467834e-02
4.405004531145095825e-02
4.412410780787467957e-02
4.422182589769363403e-02
4.428894072771072388e-02
4.431723058223724365e-02
4.432119056582450867e-02
4.432119056582450867e-02
4.430783912539482117e-02
4.427011311054229736e-02
4.421164467930793762e-02
4.414448514580726624e-02
4.407561570405960083e-02
4.399918392300605774e-02
4.403227195143699646e-02
4.407902434468269348e-02
4.413331300020217896e-02
4.416469857096672058e-02
4.416469857096672058e-02
4.422902688384056091e-02
4.438015818595886230e-02
4.452347382903099060e-02
4.458744451403617859e-02
4.461015388369560242e-02
4.452435299754142761e-02
4.448537155985832214e-02
4.446166753768920898e-02
4.447102174162864685e-02
4.442495107650756836e-02
4.442495107650756836e-02
4.438330978155136108e-02
4.438551887869834900e-02
4.442080855369567871e-02
4.442884400486946106e-02
4.446642473340034485e-02
4.445980116724967957e-02
4.445267468690872192e-02
4.446425288915634155e-02
4.439139366149902344e-02
4.435065761208534241e-02
4.435065761208534241e-02
4.430674016475677490e-02
4.419521242380142212e-02
4.400176927447319031e-02
4.382704943418502808e-02
4.362991452217102051e-02
4.352294653654098511e-02
4.356959462165832520e-02
4.368990287184715271e-02
4.387784376740455627e-02
4.409316927194595337e-02
4.409316927194595337e-02
4.427961632609367371e-02
4.443770274519920349e-02
4.452822357416152954e-02
4.447684809565544128e-02
4.438040032982826233e-02
4.435988888144493103e-02
4.433463513851165771e-02
4.433319345116615295e-02
4.433386027812957764e-02
4.435155540704727173e-02
4.435155540704727173e-02
4.450266063213348389e-02
4.468566179275512695e-02
4.488392546772956848e-02
4.507276788353919983e-02
4.518340900540351868e-02
4.524027556180953979e-02
4.516895860433578491e-02
4.505446925759315491e-02
4.493051022291183472e-02
4.484073445200920105e-02
4.484073445200920105e-02
4.478144273161888123e-02
4.475304856896400452e-02
4.471483081579208374e-02
4.482800140976905823e-02
4.497430846095085144e-02
4.503329843282699585e-02
4.510094597935676575e-02
4.506637156009674072e-02
4.510612040758132935e-02
4.516311734914779663e-02
4.516311734914779663e-02
4.518898949027061462e-02
4.528027400374412537e-02
4.544162750244140625e-02
4.560124874114990234e-02
4.572051763534545898e-02
4.573689401149749756e-02
4.564636200666427612e-02
4.558227956295013428e-02
4.553930461406707764e-02
4.555498808622360229e-02
4.555498808622360229e-02
4.555594548583030701e-02
4.553402587771415710e-02
4.566404968500137329e-02
4.584030061960220337e-02
4.594587534666061401e-02
4.612559452652931213e-02
4.626206681132316589e-02
4.613217338919639587e-02
4.600057750940322876e-02
4.583543911576271057e-02
4.583543911576271057e-02
4.564347118139266968e-02
4.541951790452003479e-02
4.523697495460510254e-02
4.517422989010810852e-02
4.521863907575607300e-02
4.533329978585243225e-02
4.542189091444015503e-02
4.544622078537940979e-02
4.538516327738761902e-02
4.524451866745948792e-02
4.524451866745948792e-02
4.503522813320159912e-02
4.485497623682022095e-02
4.466343671083450317e-02
4.457727819681167603e-02
4.461704939603805542e-02
4.474130272865295410e-02
4.492920637130737305e-02
4.511094093322753906e-02
4.519179835915565491e-02
4.513736814260482788e-02
4.513736814260482788e-02
4.499866068363189697e-02
4.480418190360069275e-02
4.454964026808738708e-02
4.436021670699119568e-02
4.417963698506355286e-02
4.409099742770195007e-02
4.417647793889045715e-02
4.429683089256286621e-02
4.446988925337791443e-02
4.467884078621864319e-02
4.467884078621864319e-02
4.483930394053459167e-02
4.494799673557281494e-02
4.498465359210968018e-02
4.482546821236610413e-02
4.455689340829849243e-02
4.425625503063201904e-02
4.398189485073089600e-02
4.372187703847885132e-02
4.357967153191566467e-02
4.355068504810333252e-02
