2.578034301742058998e-02
2.578034301742058998e-02
2.655462273099548284e-02
2.595440831667448003e-02
2.527632944042877347e-02
2.471796566827553360e-02
2.414036632568162741e-02
2.354196321840146613e-02
2.309550679255942263e-02
2.262074335267424963e-02
2.227221983877555878e-02
2.189119512084948191e-02
2.189119512084948191e-02
2.156177207281867805e-02
2.125421812581632097e-02
2.101375145698887101e-02
2.078620346820176171e-02
2.044778307462581657e-02
2.026817370728436693e-02
2.018482309357511051e-02
2.019226000040022159e-02
2.020821962236352132e-02
2.016941908375032358e-02
2.016941908375032358e-02
2.025005280839421717e-02
2.028041943143724449e-02
2.042915555818581794e-02
2.063164276699172919e-02
2.082362914391825207e-02
2.103584221823559530e-02
2.143588818432913892e-02
2.183170886448138406e-02
2.211600148160720522e-02
2.239746845785047652e-02
2.239746845785047652e-02
2.271722179363771382e-02
2.294477001095879959e-02
2.312152411461004808e-02
2.324592517354815910e-02
2.317035005819591958e-02
2.289728215034641037e-02
2.265025866732512869e-02
2.248537835155983017e-02
2.230652985663390125e-02
2.218216572595416158e-02
2.218216572595416158e-02
2.203183463709731602e-02
2.181934743151927106e-02
2.164183227517517752e-02
2.137344105155749782e-02
2.127051781650712153e-02
2.133287479873000742e-02
2.132830579397831938e-02
2.131546671625985517e-02
2.128370749473619192e-02
2.117594574139970709e-02
2.117594574139970709e-02
2.082075939022743488e-02
2.026719139551559981e-02
1.984948361693757504e-02
1.943301291680670298e-02
1.927276664648449114e-02
1.934994698685853221e-02
1.956509426810845026e-02
1.954930220838793642e-02
1.943736114117675454e-02
1.921217296926833532e-02
1.921217296926833532e-02
1.882473172325965782e-02
1.848989993414159108e-02
1.819010856120431563e-02
1.786458256339538628e-02
1.784822692835199079e-02
1.801651998359270895e-02
1.826873228213504730e-02
1.855110963689986930e-02
1.867407220147636326e-02
1.851500483370365283e-02
1.851500483370365283e-02
1.783154638874084874e-02
1.714854163543668222e-02
1.664487728389842103e-02
1.655810855116208319e-02
1.652352154297172596e-02
1.676451962531234213e-02
1.703592357567483562e-02
1.714295280903534169e-02
1.702624010997694573e-02
1.656536095862818844e-02
1.656536095862818844e-02
1.605320286260915677e-02
1.565169780915782322e-02
1.539887221248260364e-02
1.522704602779628713e-02
1.525512464040880770e-02
1.522901002363537606e-02
1.525077262981528771e-02
1.521851770450537676e-02
1.493863374592344952e-02
1.460325029566367054e-02
1.460325029566367054e-02
1.427200899744515521e-02
1.401530290168170011e-02
1.384577160922693777e-02
1.381591274760742179e-02
1.390968685304994068e-02
1.404873062480908354e-02
1.417008650382423247e-02
1.415416082633132698e-02
1.401813609435566786e-02
1.378258674256136601e-02
1.378258674256136601e-02
1.344155988936393369e-02
1.307284519445182057e-02
1.273988543826628725e-02
1.260557151213050064e-02
1.276363605463599719e-02
1.313945962363311480e-02
1.350276739856708270e-02
1.348814267374807800e-02
1.321259978067295185e-02
1.281688302588809489e-02
1.281688302588809489e-02
1.245610936444809316e-02
1.222333920400510421e-02
1.219769386685806353e-02
1.229240382107920672e-02
1.244157186427415594e-02
1.237273678065201402e-02
1.221896034032139006e-02
1.199832339611329145e-02
1.176617767514730184e-02
1.166075826426212630e-02
1.166075826426212630e-02
1.172416093930407112e-02
1.184989121601822022e-02
1.189458018415610191e-02
1.193061249312396543e-02
1.186367686489404015e-02
1.165822542232189396e-02
1.130723996714933823e-02
1.092771318243665295e-02
1.066401010354414529e-02
1.057355878339539396e-02
1.057355878339539396e-02
1.060825497019160513e-02
1.065362618810379754e-02
1.088903823882609451e-02
1.096570898016993416e-02
1.086368796319519235e-02
1.054564822025024461e-02
1.029176678887742079e-02
1.026746114527207591e-02
1.025618459502213725e-02
1.026200443828915489e-02
1.026200443828915489e-02
1.046518169200459647e-02
1.063618606088716917e-02
1.071188088169197292e-02
1.065481262581421430e-02
1.054168719660412458e-02
1.039648458856528603e-02
1.025683438364533018e-02
1.026461118088974576e-02
1.044683517925935022e-02
1.064339074007375312e-02
1.064339074007375312e-02
1.084428963178498198e-02
1.092558353946392058e-02
1.094591971580761817e-02
1.065889020817635882e-02
1.044194895146832724e-02
1.045526407682134673e-02
1.059866558070795758e-02
1.074525501433211405e-02
1.080507557534658887e-02
1.080507557534658887e-02
1.080507557534658887e-02
1.073963958541455065e-02
1.048455470099825086e-02
1.021646058249257860e-02
9.887006626110262861e-03
9.730568395695299647e-03
9.703922550094072966e-03
9.813563799971598486e-03
9.953532108588653005e-03
1.009218050836997900e-02
1.005479364613278033e-02
1.005479364613278033e-02
1.013055000285277910e-02
1.013421296731998635e-02
1.013220085894418233e-02
9.989204210315984905e-03
9.955616042765578003e-03
1.003623709131117904e-02
1.009343253843351766e-02
1.009557674742801725e-02
9.911585879443596606e-03
9.677896474848183411e-03
9.677896474848183411e-03
9.468952463351934176e-03
9.369721711318166821e-03
9.444589996150287020e-03
9.554988880816683849e-03
9.709054774052316983e-03
9.815031792213430376e-03
9.924790981058570494e-03
9.875315233181464550e-03
9.683128955446764288e-03
9.498085857196102155e-03
9.498085857196102155e-03
9.364492603138827378e-03
9.200436473345339691e-03
9.045501084617461537e-03
8.990865849404379093e-03
8.990670993507598324e-03
9.041303530842582231e-03
8.987752310141537346e-03
8.986686742991174467e-03
9.101387329689649558e-03
9.251203220961913207e-03
9.251203220961913207e-03
9.335014640546923648e-03
9.352678590699171554e-03
9.352678590699171554e-03
9.345486484659102852e-03
9.144074510633100339e-03
8.826355377500431226e-03
8.685470181328137224e-03
8.696548085321328253e-03
8.702388311176922908e-03
8.959433438959494775e-03
8.959433438959494775e-03
9.396835165272964668e-03
9.708771590940882754e-03
9.855162590289854099e-03
9.868383242631867391e-03
9.939165754632873356e-03
1.008155625400353889e-02
1.023660670421943676e-02
1.037714539470403936e-02
1.040150314960327192e-02
1.035901225672285382e-02
1.035901225672285382e-02
1.019423684086515243e-02
1.009152817531528724e-02
9.980941777634280004e-03
9.989598700193259850e-03
1.006784828277234624e-02
1.002873052544930692e-02
9.906291099429462288e-03
9.927693306235083753e-03
9.880956253344813645e-03
1.006199736602943900e-02
1.006199736602943900e-02
1.017548177243068550e-02
1.028978829072178282e-02
1.040182765806748309e-02
1.042636310458822796e-02
1.043763289284695486e-02
1.047578729338257547e-02
1.055602324864297198e-02
1.058266878196557383e-02
1.068512570337529048e-02
1.075520176068917380e-02
1.075520176068917380e-02
1.070434151671728618e-02
1.096187023978584772e-02
1.098915561353700811e-02
1.088572440245344844e-02
1.054254932595381430e-02
1.036368146244679919e-02
1.036316175920344237e-02
1.046823807288504819e-02
1.061784259676638517e-02
1.060146498757108015e-02
1.060146498757108015e-02
1.047824201818321407e-02
1.104824069176257341e-02
1.132715543670049195e-02
1.118627673873741520e-02
1.098801821424834520e-02
1.070795408989654376e-02
1.059923026418835290e-02
1.052240696765842885e-02
1.045530182527551651e-02
1.046953682790748019e-02
1.046953682790748019e-02
1.028959774656888412e-02
1.004866364800694606e-02
9.702594702885243214e-03
9.362833057849932403e-03
9.026151187177606366e-03
8.962036337534883337e-03
8.951522398836359723e-03
8.972459013897097352e-03
9.070692589429739383e-03
9.244240462454986554e-03
9.244240462454986554e-03
9.477680718072832577e-03
9.642456817203179029e-03
9.830967604428258663e-03
9.866113404613871193e-03
9.812231908809504466e-03
9.723537581551292344e-03
9.613291721379937926e-03
9.393218981756309982e-03
9.113128070883649498e-03
8.907329131519134413e-03
8.907329131519134413e-03
8.665549327945210739e-03
8.489587752754362143e-03
8.549967531975500440e-03
8.739779650830637250e-03
9.036074377126250209e-03
9.355673172512452354e-03
9.434762278659612061e-03
9.264128504526111807e-03
9.227130003739751618e-03
9.113584950816714519e-03
9.113584950816714519e-03
8.970471717132721956e-03
8.962113703326161918e-03
8.888211432298053286e-03
8.838004198708412570e-03
8.798711235519193416e-03
8.797390877779080742e-03
8.774419059580105054e-03
8.701965327128514255e-03
8.602416381633549297e-03
8.688995276209159416e-03
8.688995276209159416e-03
8.782871968244289687e-03
8.918406781362972838e-03
9.140946621554296367e-03
9.344232823642686231e-03
9.426616293491929185e-03
9.394859121640388930e-03
9.332937987171290375e-03
9.260188674030391323e-03
9.251458518464383135e-03
9.251458518464383135e-03
9.251458518464383135e-03
9.284520515475626692e-03
9.412527329391304556e-03
9.522682826046673099e-03
9.539628387145412600e-03
9.515366665117621497e-03
9.449331696213340501e-03
9.443876133510442639e-03
9.565157066201250557e-03
9.779156643014827802e-03
9.952231840003588140e-03
9.952231840003588140e-03
1.022610319797194814e-02
1.038750932329974598e-02
1.048714932802359556e-02
1.053924891540821730e-02
1.053404082326497501e-02
1.053877214533892673e-02
1.062827103221001580e-02
1.077635371514349023e-02
1.071896025812157233e-02
1.053532084722916783e-02
1.053532084722916783e-02
1.040606546799362556e-02
1.030769836787674872e-02
1.022706113492755087e-02
1.030806924291654408e-02
1.050422432209258648e-02
1.073184218027271007e-02
1.090831095445246417e-02
1.092189418060272518e-02
1.073114773465592628e-02
1.041750820404407397e-02
1.041750820404407397e-02
1.011336754455305874e-02
9.898556206200125746e-03
9.725413218380345517e-03
9.768152472132175801e-03
1.011776675860588323e-02
1.051954300584752484e-02
1.075501095736884800e-02
1.082319346983602257e-02
1.068564139853388217e-02
1.050834796681658807e-02
1.050834796681658807e-02
1.044081423994911231e-02
1.048694492351229940e-02
1.065737435518462201e-02
1.085773748785591984e-02
1.096248513000186962e-02
1.092374228722707737e-02
1.095203325544275540e-02
1.096348019750597452e-02
1.109645419630900416e-02
1.121345013339303427e-02
1.121345013339303427e-02
1.141219416495520278e-02
1.162427484772503815e-02
1.179777108343814558e-02
1.207417811877043758e-02
1.221566309192477495e-02
1.214458591703464728e-02
1.192997259806623071e-02
1.165679150241704688e-02
1.152950232040744240e-02
1.154499643699458122e-02
1.154499643699458122e-02
1.157339582956641057e-02
1.182124143726697406e-02
1.205740883364678565e-02
1.210527493221133857e-02
1.252472716835589805e-02
1.277714664084320627e-02
1.299147046166689544e-02
1.307912431634391040e-02
1.311152132853766160e-02
1.302432795840245856e-02
1.302432795840245856e-02
1.296707976307865523e-02
1.276435969735314688e-02
1.246613334266857311e-02
1.190074702218661684e-02
1.114032044410650200e-02
1.052973603182842145e-02
1.024321254162274993e-02
1.026495411458011771e-02
1.039898622609234519e-02
1.066365584606126550e-02
