5.363410528809456346e-02
5.363410528809456346e-02
5.334844638571737546e-02
5.327190173187743016e-02
5.314374148534269787e-02
5.305583114932253819e-02
5.294482817082826059e-02
5.243853465706679873e-02
5.182825763388487078e-02
5.143755245258205266e-02
5.102612582610385056e-02
5.073079941827811357e-02
5.073079941827811357e-02
5.033033843937958357e-02
5.013519926541057381e-02
4.990084666433639710e-02
4.954837336144848198e-02
4.897607814499954637e-02
4.842412644487251866e-02
4.781673495363548965e-02
4.727095574060877908e-02
4.674139940936731380e-02
4.622446899114624613e-02
4.622446899114624613e-02
4.581207236719228582e-02
4.544834012658807709e-02
4.520364608783808413e-02
4.499969167712638413e-02
4.456082330206559416e-02
4.412619578494265948e-02
4.382381956385018873e-02
4.360237125977981659e-02
4.342363424969607200e-02
4.316234625038173345e-02
4.316234625038173345e-02
4.294833636550795392e-02
4.280042274660845331e-02
4.277500705603833747e-02
4.281327544869524548e-02
4.278980596540454123e-02
4.270409973770916690e-02
4.237577129731741332e-02
4.186188440862845250e-02
4.138538656724487230e-02
4.104184092179406079e-02
4.104184092179406079e-02
4.072917537534847393e-02
4.039997582936898091e-02
4.014404497179867304e-02
3.983687228256280188e-02
3.941249890901434710e-02
3.902698740736177535e-02
3.889157777799839150e-02
3.872936336733825285e-02
3.872176779535260044e-02
3.867106807482550285e-02
3.867106807482550285e-02
3.854304245983215804e-02
3.850787843346151207e-02
3.859087156578436956e-02
3.869617655841274539e-02
3.897833601023605737e-02
3.921658919323883080e-02
3.923982552599714069e-02
3.945204804350350286e-02
3.972423020415392220e-02
3.986227064726045877e-02
3.986227064726045877e-02
3.982433695005098417e-02
3.973209378570138200e-02
3.960105189250143209e-02
3.954038698740393321e-02
3.934749034638294202e-02
3.926664417775740934e-02
3.919546968080930144e-02
3.897888905515935198e-02
3.870225791919339881e-02
3.839943218980274714e-02
3.839943218980274714e-02
3.803150626699055431e-02
3.780140836660005055e-02
3.764135849206558943e-02
3.758453626187338581e-02
3.742871685776061330e-02
3.715884810149876205e-02
3.664839664083173465e-02
3.613636646664640517e-02
3.567022150893251614e-02
3.539677289707242325e-02
3.539677289707242325e-02
3.488078130851617054e-02
3.440166426653048365e-02
3.395752459257137673e-02
3.354538439859133109e-02
3.314133740864858707e-02
3.278687384957998385e-02
3.249564813184632056e-02
3.222156046692226800e-02
3.191046860687642150e-02
3.156071285068583199e-02
3.156071285068583199e-02
3.115804462978094200e-02
3.077335058223552508e-02
3.033654242408784230e-02
2.994143360528629325e-02
2.960425538120516065e-02
2.925621192016945871e-02
2.891962212650262681e-02
2.859909225042607528e-02
2.831357276621316102e-02
2.811267579005197192e-02
2.811267579005197192e-02
2.799565082761228119e-02
2.795003417568740420e-02
2.787948087677214262e-02
2.779141948266305659e-02
2.774309159687505036e-02
2.774309159687505036e-02
2.775131071242715325e-02
2.766918943414453658e-02
2.756273877429372271e-02
2.754509586089369175e-02
2.754509586089369175e-02
2.757612484435030889e-02
2.756366943605434786e-02
2.753696462692544963e-02
2.745784243337789921e-02
2.736110195278573104e-02
2.727474657669539185e-02
2.725628850904807110e-02
2.725549885167952158e-02
2.725254986668688983e-02
2.724182623693329960e-02
2.724182623693329960e-02
2.716582885053476365e-02
2.715972157740898646e-02
2.715062285091987548e-02
2.717605505485989892e-02
2.714083780766207710e-02
2.712974514400072479e-02
2.709329824366673439e-02
2.711923542599345774e-02
2.722983620251964373e-02
2.738538113608570551e-02
2.738538113608570551e-02
2.746147553336729039e-02
2.758988191164836110e-02
2.769740031681596285e-02
2.768289229193062612e-02
2.763738062288277272e-02
2.758212120100683382e-02
2.759915012302696646e-02
2.757713224525520229e-02
2.753442607297806183e-02
2.746736550994320972e-02
2.746736550994320972e-02
2.736074369254426139e-02
2.723457900982624233e-02
2.711150194891246909e-02
2.705416328864699779e-02
2.697604073934952926e-02
2.696328594554356708e-02
2.694993169434052246e-02
2.695582503845412453e-02
2.708058117998050907e-02
2.724074269865396983e-02
2.724074269865396983e-02
2.734549818827912079e-02
2.733935429364271058e-02
2.728661391404749517e-02
2.726833162009230718e-02
2.738951301906981939e-02
2.754334952021614616e-02
2.784029437363362905e-02
2.815304975432886617e-02
2.840096813897089942e-02
2.856971878300377382e-02
2.856971878300377382e-02
2.855017121120679430e-02
2.847138646638134457e-02
2.834180696687846335e-02
2.819899954116072277e-02
2.811452736991552556e-02
2.812874521322063573e-02
2.810618901169182476e-02
2.810681077739138334e-02
2.821712033276109130e-02
2.851646950504573702e-02
2.851646950504573702e-02
2.882328735885776594e-02
2.914999029123314586e-02
2.943448609842051755e-02
2.965575446242994795e-02
2.976372090790311772e-02
2.981875474795251529e-02
2.993392877864302706e-02
2.999306140839489224e-02
2.996922760043729470e-02
2.994121181299362958e-02
2.994121181299362958e-02
2.987359170407739503e-02
3.002250812571607974e-02
3.008694049489218578e-02
3.005345313924903325e-02
3.000987078685112691e-02
3.000861695111567765e-02
3.001662791004197639e-02
3.010013065223820714e-02
3.013109013957838977e-02
3.018607963804710234e-02
3.018607963804710234e-02
3.020223194184243690e-02
3.016573934148357797e-02
3.014989870407349878e-02
3.016282818411531591e-02
3.017848895774013704e-02
3.012258390040098432e-02
2.999788849100646498e-02
2.986920549847871947e-02
3.004579625041233285e-02
3.013044658025898145e-02
3.013044658025898145e-02
3.019418077803508529e-02
3.027778892616445061e-02
3.034197834642587271e-02
3.035690929562343682e-02
3.037550165032263522e-02
3.050376259428148190e-02
3.063766601855173050e-02
3.078629482340367388e-02
3.096616108282904470e-02
3.116617115186914519e-02
3.116617115186914519e-02
3.148499146378803959e-02
3.179091014409637234e-02
3.199073305382105215e-02
3.225471430320159955e-02
3.245101123471138410e-02
3.251975778105792303e-02
3.284567408472617578e-02
3.312311985215857929e-02
3.333186360794245656e-02
3.351978587186112135e-02
3.351978587186112135e-02
3.369207130370732717e-02
3.382432895148032581e-02
3.398357594551829758e-02
3.423608589741213709e-02
3.447227844282011594e-02
3.467491954370798685e-02
3.481257644098163101e-02
3.494427298439984481e-02
3.514137523633926313e-02
3.528002606157451537e-02
3.528002606157451537e-02
3.546993470080112010e-02
3.580675945389344417e-02
3.608634860839194519e-02
3.633756480063516509e-02
3.655153898184029804e-02
3.671149165242222623e-02
3.690165039947048559e-02
3.704623752528451996e-02
3.715457905845602482e-02
3.725120222750202825e-02
3.725120222750202825e-02
3.731617374624898731e-02
3.735689104152629253e-02
3.745141419595231225e-02
3.753182662060906144e-02
3.761872882243427058e-02
3.765111949682573705e-02
3.769469937023284256e-02
3.770125297267789416e-02
3.771185016806650331e-02
3.779882352991659894e-02
3.779882352991659894e-02
3.787650540541056404e-02
3.792945320782335761e-02
3.799171214021990206e-02
3.776281596316721778e-02
3.745193438319138757e-02
3.706057011159066134e-02
3.665441279957701304e-02
3.644520707933671805e-02
3.625269652845023588e-02
3.596780509837294026e-02
3.596780509837294026e-02
3.563976603729061832e-02
3.526716144181329254e-02
3.493973464495467307e-02
3.472076971398257994e-02
3.443737157933632331e-02
3.426300265756637015e-02
3.408864880538643727e-02
3.395457660027408064e-02
3.386684170344103628e-02
3.365666179239481387e-02
3.365666179239481387e-02
3.346898071605543257e-02
3.321087104659715961e-02
3.303527112352823425e-02
3.277569406935985918e-02
3.256635239225377787e-02
3.230492549526434165e-02
3.192141731746513111e-02
3.143798987031594383e-02
3.096089336890123223e-02
3.049712059930577771e-02
3.049712059930577771e-02
3.008442220199345971e-02
2.971335323931950656e-02
2.933114795450005030e-02
2.885658674236232443e-02
2.833096305830146502e-02
2.778572534611810016e-02
2.733548177514105726e-02
2.695411641082929785e-02
2.666022639520396892e-02
2.643385227658125169e-02
2.643385227658125169e-02
2.634484394517863648e-02
2.633497866994834527e-02
2.633445527366826133e-02
2.625245549233753972e-02
2.619202320635337367e-02
2.605509497274813291e-02
2.590409584227079676e-02
2.575379140305790807e-02
2.559932418361923409e-02
2.545823674874048148e-02
2.545823674874048148e-02
2.526054503734348131e-02
2.506817359184579375e-02
2.491663579678201484e-02
2.477436370863651122e-02
2.478392491879113577e-02
2.476394925491707741e-02
2.476548273241483203e-02
2.477479680628179304e-02
2.462966328340389366e-02
2.447854590512205455e-02
2.447854590512205455e-02
2.438039628226448124e-02
2.440537262303746693e-02
2.441745634355203462e-02
2.449034074225348370e-02
2.453588647293248465e-02
2.455219402697751685e-02
2.449609142405976062e-02
2.423842137212177048e-02
2.403198370129153508e-02
2.381725418328851582e-02
2.381725418328851582e-02
2.359862756079676716e-02
2.338203117468108660e-02
2.310956450274503568e-02
2.283383055485486632e-02
2.259520282067633418e-02
2.244372897506558689e-02
2.235185076216784916e-02
2.218679843076042102e-02
2.199864851606042962e-02
2.186172794094018088e-02
2.186172794094018088e-02
2.185658159257976296e-02
2.183585631144332323e-02
2.161053153315190684e-02
2.145854896921892824e-02
2.116175433484668994e-02
2.093022955847100713e-02
2.052666041641819719e-02
2.013222788659808568e-02
1.972225607724447174e-02
1.937204578872556496e-02
1.937204578872556496e-02
1.922540684945810846e-02
1.899081410253019436e-02
1.882210336698830061e-02
1.864686424301444795e-02
1.865561443409147896e-02
1.872382177251529639e-02
1.873834915534176859e-02
1.876827514361658483e-02
1.880428670674863870e-02
1.873735300736395146e-02
1.873735300736395146e-02
1.863175898813305975e-02
1.852551413457583993e-02
1.847691789974272372e-02
1.844735773796657430e-02
1.844577652195857412e-02
1.830548416923424501e-02
1.815046602753096414e-02
1.784172236408265375e-02
1.760306954559868672e-02
1.747863832248047408e-02
1.747863832248047408e-02
1.740295218137157679e-02
1.727173743930448396e-02
1.731801362215262471e-02
1.747146929822137457e-02
1.761870193714956678e-02
1.772415346278844589e-02
1.784486138488424953e-02
1.795121939069806855e-02
1.800585435477944363e-02
1.788126687524211125e-02
1.788126687524211125e-02
1.772099112860310230e-02
1.756687076763393737e-02
1.740026705376653340e-02
1.719594866242138767e-02
1.697367148824969682e-02
1.675062561259088589e-02
1.650024554138836488e-02
1.635259078030303764e-02
1.631358678743551061e-02
1.633642215951708332e-02
1.633642215951708332e-02
1.622522231659132008e-02
1.624199039787639284e-02
1.618374976383950281e-02
1.618374976383950281e-02
1.618374976383950281e-02
1.618374976383950281e-02
1.618374976383950281e-02
1.618022643939740976e-02
1.622044734648518324e-02
1.622928665169692114e-02
