1.136695034801959991e-02
1.136695034801959991e-02
1.007572654634714127e-02
1.005074568092823029e-02
1.006462424993515015e-02
9.776188991963863373e-03
9.647408500313758850e-03
9.504674933850765228e-03
9.447983466088771820e-03
9.288150817155838013e-03
9.122125804424285889e-03
9.067721664905548096e-03
9.067721664905548096e-03
9.351180866360664368e-03
9.818625636398792267e-03
1.025137491524219513e-02
1.045428868383169174e-02
1.048058550804853439e-02
1.035797130316495895e-02
1.020905189216136932e-02
9.961653500795364380e-03
9.773521684110164642e-03
9.739556349813938141e-03
9.739556349813938141e-03
9.776582010090351105e-03
9.930689819157123566e-03
1.006578654050827026e-02
1.021466776728630066e-02
1.023821532726287842e-02
1.014514639973640442e-02
9.952421300113201141e-03
9.706444106996059418e-03
9.535714983940124512e-03
9.391376748681068420e-03
9.391376748681068420e-03
9.308362379670143127e-03
9.285993874073028564e-03
9.285618551075458527e-03
9.245097637176513672e-03
9.149622172117233276e-03
9.097122587263584137e-03
9.058530442416667938e-03
8.986702188849449158e-03
8.956371806561946869e-03
9.016474708914756775e-03
9.016474708914756775e-03
9.019738994538784027e-03
9.051534347236156464e-03
9.127808734774589539e-03
9.229150600731372833e-03
9.287615306675434113e-03
9.332927875220775604e-03
9.389369748532772064e-03
9.330675005912780762e-03
9.326775558292865753e-03
9.390037506818771362e-03
9.390037506818771362e-03
9.544548578560352325e-03
9.801539592444896698e-03
1.010026130825281143e-02
1.034876797348260880e-02
1.046926900744438171e-02
1.051859278231859207e-02
1.055175159126520157e-02
1.052370015531778336e-02
1.048188190907239914e-02
1.042600162327289581e-02
1.042600162327289581e-02
1.057198084890842438e-02
1.079653482884168625e-02
1.110363285988569260e-02
1.140192244201898575e-02
1.159973535686731339e-02
1.163063850253820419e-02
1.149267610162496567e-02
1.124900300055742264e-02
1.089073717594146729e-02
1.058064959943294525e-02
1.058064959943294525e-02
1.016237400472164154e-02
9.736558422446250916e-03
9.328778833150863647e-03
9.245635941624641418e-03
9.198284707963466644e-03
9.162818081676959991e-03
9.133056737482547760e-03
9.166259318590164185e-03
9.159872308373451233e-03
9.080776013433933258e-03
9.080776013433933258e-03
9.062856435775756836e-03
9.049444459378719330e-03
9.078896604478359222e-03
9.133646264672279358e-03
9.133861400187015533e-03
9.080652147531509399e-03
8.985463529825210571e-03
8.797597140073776245e-03
8.612184785306453705e-03
8.550750091671943665e-03
8.550750091671943665e-03
8.445067331194877625e-03
8.373099379241466522e-03
8.299011737108230591e-03
8.206877857446670532e-03
8.069180883467197418e-03
8.055194281041622162e-03
7.992181926965713501e-03
7.999723777174949646e-03
8.036094717681407928e-03
8.126396685838699341e-03
8.126396685838699341e-03
8.248948492109775543e-03
8.285587653517723083e-03
8.204696699976921082e-03
7.998622022569179535e-03
7.765331305563449860e-03
7.694980595260858536e-03
7.795650977641344070e-03
7.951295003294944763e-03
8.125011809170246124e-03
8.307925425469875336e-03
8.307925425469875336e-03
8.565607480704784393e-03
8.792906999588012695e-03
8.867742493748664856e-03
8.813220076262950897e-03
8.570563979446887970e-03
8.295089937746524811e-03
8.140635676681995392e-03
8.081572130322456360e-03
8.173419162631034851e-03
8.357998915016651154e-03
8.357998915016651154e-03
8.610920049250125885e-03
8.935188874602317810e-03
9.261180646717548370e-03
9.508381597697734833e-03
9.640324860811233521e-03
9.571186266839504242e-03
9.386308491230010986e-03
9.140148758888244629e-03
8.929173462092876434e-03
8.822746574878692627e-03
8.822746574878692627e-03
8.790767751634120941e-03
8.944543078541755676e-03
9.365065954625606537e-03
9.861731901764869690e-03
1.039661560207605362e-02
1.067895442247390747e-02
1.080976426601409912e-02
1.086268015205860138e-02
1.073060743510723114e-02
1.062477100640535355e-02
1.062477100640535355e-02
1.058679725974798203e-02
1.062767114490270615e-02
1.076391991227865219e-02
1.088492292910814285e-02
1.095322985202074051e-02
1.097255479544401169e-02
1.089462172240018845e-02
1.074710581451654434e-02
1.054787263274192810e-02
1.030265633016824722e-02
1.030265633016824722e-02
1.011913549154996872e-02
1.002316083759069443e-02
9.978649206459522247e-03
1.003907900303602219e-02
1.018491201102733612e-02
1.033932529389858246e-02
1.054815389215946198e-02
1.067486964166164398e-02
1.072326488792896271e-02
1.066204067319631577e-02
1.066204067319631577e-02
1.051802374422550201e-02
1.032064389437437057e-02
1.005905121564865112e-02
9.723116643726825714e-03
9.363557212054729462e-03
8.985341526567935944e-03
8.685429580509662628e-03
8.505814708769321442e-03
8.365245535969734192e-03
8.271423168480396271e-03
8.271423168480396271e-03
7.985373958945274353e-03
7.592940237373113632e-03
7.251930888742208481e-03
6.988933309912681580e-03
6.787571590393781662e-03
6.742044817656278610e-03
6.868836004287004471e-03
7.069875951856374741e-03
7.359836716204881668e-03
7.578988559544086456e-03
7.578988559544086456e-03
7.638592738658189774e-03
7.576285395771265030e-03
7.402840070426464081e-03
7.269141264259815216e-03
7.225911132991313934e-03
7.345307152718305588e-03
7.664615754038095474e-03
8.029304444789886475e-03
8.327413350343704224e-03
8.505925536155700684e-03
8.505925536155700684e-03
8.508543483912944794e-03
8.400463499128818512e-03
8.237199857831001282e-03
8.037048391997814178e-03
7.934116758406162262e-03
7.903129793703556061e-03
7.993414998054504395e-03
8.114473894238471985e-03
8.276192471385002136e-03
8.440894074738025665e-03
8.440894074738025665e-03
8.537394925951957703e-03
8.576884865760803223e-03
8.535240776836872101e-03
8.461488410830497742e-03
8.392353542149066925e-03
8.362032473087310791e-03
8.352669887244701385e-03
8.504428900778293610e-03
8.717147633433341980e-03
8.948239497840404510e-03
8.948239497840404510e-03
9.268852882087230682e-03
9.557634592056274414e-03
9.692915715277194977e-03
9.741261601448059082e-03
9.717209264636039734e-03
9.517576545476913452e-03
9.240492247045040131e-03
8.962369523942470551e-03
8.692479692399501801e-03
8.471153676509857178e-03
8.471153676509857178e-03
8.317936211824417114e-03
8.234691806137561798e-03
8.271717466413974762e-03
8.380727842450141907e-03
8.459681645035743713e-03
8.508740924298763275e-03
8.553215302526950836e-03
8.528908714652061462e-03
8.470069617033004761e-03
8.413015864789485931e-03
8.413015864789485931e-03
8.513724431395530701e-03
8.689398877322673798e-03
8.918368257582187653e-03
9.160554967820644379e-03
9.314280003309249878e-03
9.354408830404281616e-03
9.263050742447376251e-03
9.096309542655944824e-03
8.964334614574909210e-03
8.924379013478755951e-03
