5.605562031269073486e-02
5.101729184389114380e-02
4.750307276844978333e-02
4.506231099367141724e-02
4.223710671067237854e-02
4.078083112835884094e-02
4.073978215456008911e-02
4.181377589702606201e-02
4.312894120812416077e-02
4.419619590044021606e-02
4.505677893757820129e-02
4.505677893757820129e-02
4.497724771499633789e-02
4.526584967970848083e-02
4.540332779288291931e-02
4.594356939196586609e-02
4.729106277227401733e-02
4.779013618826866150e-02
4.781719669699668884e-02
4.744248092174530029e-02
4.666671901941299438e-02
4.605384543538093567e-02
4.605384543538093567e-02
4.528800025582313538e-02
4.481405392289161682e-02
4.436887800693511963e-02
4.309102892875671387e-02
4.143886268138885498e-02
4.010411724448204041e-02
3.890290111303329468e-02
4.279522225260734558e-02
4.628949612379074097e-02
4.938186705112457275e-02
4.938186705112457275e-02
5.195966362953186035e-02
5.415294319391250610e-02
5.573466792702674866e-02
5.674436688423156738e-02
5.742973089218139648e-02
5.780595168471336365e-02
5.822521448135375977e-02
5.847958102822303772e-02
5.858600512146949768e-02
5.830024927854537964e-02
5.830024927854537964e-02
5.789440497756004333e-02
5.746296420693397522e-02
5.713320896029472351e-02
5.637525767087936401e-02
5.611661076545715332e-02
5.601531639695167542e-02
5.597989633679389954e-02
5.586780607700347900e-02
5.524434521794319153e-02
5.451481789350509644e-02
5.451481789350509644e-02
5.330910161137580872e-02
5.209780484437942505e-02
5.064254999160766602e-02
4.893424361944198608e-02
4.740596190094947815e-02
4.604050889611244202e-02
4.484798386693000793e-02
4.343512281775474548e-02
4.218704998493194580e-02
4.168418049812316895e-02
4.168418049812316895e-02
4.155352339148521423e-02
4.103667661547660828e-02
4.073793068528175354e-02
4.058881849050521851e-02
3.995498642325401306e-02
3.936896845698356628e-02
3.883440420031547546e-02
3.789753839373588562e-02
3.718401864171028137e-02
3.696981817483901978e-02
3.696981817483901978e-02
3.694738447666168213e-02
3.741052374243736267e-02
3.745902329683303833e-02
3.743307664990425110e-02
3.742653131484985352e-02
3.758641332387924194e-02
3.738217800855636597e-02
3.752306476235389709e-02
3.735933452844619751e-02
3.727084770798683167e-02
3.727084770798683167e-02
3.733340278267860413e-02
3.748718276619911194e-02
3.724880144000053406e-02
3.685596585273742676e-02
3.666138648986816406e-02
3.621212020516395569e-02
3.587606921792030334e-02
3.536901995539665222e-02
3.486475721001625061e-02
3.403922915458679199e-02
3.403922915458679199e-02
3.361184895038604736e-02
3.240825608372688293e-02
3.183206915855407715e-02
3.152401745319366455e-02
3.135645762085914612e-02
3.130534291267395020e-02
3.139631077647209167e-02
3.130220249295234680e-02
2.968401461839675903e-02
2.822752296924591064e-02
2.822752296924591064e-02
2.680933289229869843e-02
3.209311887621879578e-02
3.668370097875595093e-02
4.099235311150550842e-02
4.484320431947708130e-02
4.828222468495368958e-02
5.234237015247344971e-02
5.610492452979087830e-02
5.940717458724975586e-02
6.206198409199714661e-02
6.206198409199714661e-02
6.432515382766723633e-02
6.647970527410507202e-02
6.837362051010131836e-02
7.021591067314147949e-02
7.168555259704589844e-02
7.297682762145996094e-02
7.404123246669769287e-02
7.478356361389160156e-02
7.559651136398315430e-02
7.632284611463546753e-02
7.632284611463546753e-02
7.677583396434783936e-02
7.752979546785354614e-02
7.791607081890106201e-02
7.792197167873382568e-02
7.781988382339477539e-02
7.771685719490051270e-02
7.714153081178665161e-02
7.652577757835388184e-02
7.572832703590393066e-02
7.491552084684371948e-02
