2.870335947345500210e-02
2.870335947345500210e-02
2.991109687800385525e-02
2.993344321870576238e-02
2.970712553337569173e-02
2.897130438745012040e-02
2.869862214648075116e-02
2.855166725620404342e-02
2.836364884134709094e-02
2.806337935454024726e-02
2.820362344841860144e-02
2.830993796730433415e-02
2.830993796730433415e-02
2.832051165042249324e-02
2.835772920108516754e-02
2.840408067932483072e-02
2.841811119258209201e-02
2.842600301545100683e-02
2.844850082549215189e-02
2.845629647683318997e-02
2.846241537306882022e-02
2.844184891243528232e-02
2.845789970430185473e-02
