9.258925914764404297e-03
9.258925914764404297e-03
1.067939586937427521e-02
1.075402833521366119e-02
1.146553084254264832e-02
1.201111543923616409e-02
1.264992076903581619e-02
1.321856211870908737e-02
1.354236248880624771e-02
1.373911462724208832e-02
1.358523219823837280e-02
1.357531920075416565e-02
1.357531920075416565e-02
1.353590562939643860e-02
1.361260656267404556e-02
1.378432661294937134e-02
1.384766679257154465e-02
1.388626452535390854e-02
1.400947850197553635e-02
1.432438660413026810e-02
1.458632852882146835e-02
1.496336888521909714e-02
1.542179938405752182e-02
