2.766266278922557831e-02
2.644763514399528503e-02
2.531641349196434021e-02
2.555702626705169678e-02
2.813800983130931854e-02
2.676220797002315521e-02
2.627106383442878723e-02
2.748858369886875153e-02
2.912720292806625366e-02
3.066406957805156708e-02
3.271006420254707336e-02
3.271006420254707336e-02
3.498125448822975159e-02
3.692390769720077515e-02
3.868344798684120178e-02
4.090696573257446289e-02
4.272484406828880310e-02
4.370778053998947144e-02
4.441479593515396118e-02
4.472904279828071594e-02
4.465961456298828125e-02
4.488801583647727966e-02
4.488801583647727966e-02
4.457981884479522705e-02
4.471180215477943420e-02
4.414426535367965698e-02
4.482808709144592285e-02
4.561564326286315918e-02
4.595958441495895386e-02
4.603467136621475220e-02
4.570615664124488831e-02
4.520426690578460693e-02
4.421779513359069824e-02
4.421779513359069824e-02
4.310145974159240723e-02
4.136316478252410889e-02
3.938386961817741394e-02
3.702456876635551453e-02
3.521555289626121521e-02
3.291215747594833374e-02
3.085232712328433990e-02
2.832907438278198242e-02
2.551456354558467865e-02
2.362421154975891113e-02
2.362421154975891113e-02
2.168027311563491821e-02
1.989577338099479675e-02
1.800851523876190186e-02
1.740935817360877991e-02
1.722822524607181549e-02
1.750428602099418640e-02
1.801047101616859436e-02
1.880249567329883575e-02
2.045458182692527771e-02
2.250619232654571533e-02
2.250619232654571533e-02
2.503580786287784576e-02
2.785564959049224854e-02
2.979508601129055023e-02
3.161070123314857483e-02
3.308806940913200378e-02
3.383946418762207031e-02
3.472332283854484558e-02
3.531642630696296692e-02
3.664702922105789185e-02
3.756602108478546143e-02
3.756602108478546143e-02
3.846212103962898254e-02
3.919804841279983521e-02
4.016229510307312012e-02
4.085744917392730713e-02
4.142877086997032166e-02
4.168953001499176025e-02
4.204067587852478027e-02
4.240635409951210022e-02
4.287642613053321838e-02
4.363976046442985535e-02
4.363976046442985535e-02
4.436819627881050110e-02
4.501276463270187378e-02
4.563263803720474243e-02
4.558988660573959351e-02
4.335642233490943909e-02
4.222188144922256470e-02
4.117109254002571106e-02
4.018394649028778076e-02
3.875296562910079956e-02
3.672054037451744080e-02
3.672054037451744080e-02
3.523183614015579224e-02
3.330405056476593018e-02
3.056851588189601898e-02
2.939793281257152557e-02
2.911387011408805847e-02
2.874697372317314148e-02
2.841219119727611542e-02
2.821765840053558350e-02
2.877095714211463928e-02
2.930119819939136505e-02
2.930119819939136505e-02
3.097971342504024506e-02
3.185743838548660278e-02
3.199174255132675171e-02
3.206604346632957458e-02
3.205105662345886230e-02
3.225537016987800598e-02
3.230940550565719604e-02
3.222791105508804321e-02
3.287265077233314514e-02
3.341512754559516907e-02
3.341512754559516907e-02
3.401094302535057068e-02
3.414989262819290161e-02
3.398522734642028809e-02
3.362473845481872559e-02
3.344192728400230408e-02
3.481881320476531982e-02
3.591733053326606750e-02
3.569461777806282043e-02
3.548060730099678040e-02
3.516480699181556702e-02
3.516480699181556702e-02
3.524497523903846741e-02
3.490592911839485168e-02
3.484496101737022400e-02
3.421949595212936401e-02
3.318168222904205322e-02
3.216237202286720276e-02
3.088389895856380463e-02
2.973584830760955811e-02
2.879464998841285706e-02
2.745719626545906067e-02
2.745719626545906067e-02
2.648976258933544159e-02
2.639610692858695984e-02
2.546830289065837860e-02
2.347744815051555634e-02
2.202155441045761108e-02
2.256648428738117218e-02
2.333449013531208038e-02
2.605613321065902710e-02
2.923033013939857483e-02
3.282405436038970947e-02
