4.865716025233268738e-02
4.912708327174186707e-02
4.856227338314056396e-02
4.792809113860130310e-02
4.732903093099594116e-02
4.668871685862541199e-02
4.622755944728851318e-02
4.580548405647277832e-02
4.550615325570106506e-02
4.543635621666908264e-02
4.531671479344367981e-02
4.531671479344367981e-02
4.518417641520500183e-02
4.509736970067024231e-02
4.505155980587005615e-02
4.487806931138038635e-02
4.484312981367111206e-02
4.472105577588081360e-02
4.468579590320587158e-02
4.470673203468322754e-02
4.478534311056137085e-02
4.482251405715942383e-02
4.482251405715942383e-02
4.498418793082237244e-02
4.515114799141883850e-02
4.525058716535568237e-02
4.533623158931732178e-02
4.538882523775100708e-02
4.540579766035079956e-02
4.548690095543861389e-02
4.546619206666946411e-02
4.538612440228462219e-02
4.528744891285896301e-02
4.528744891285896301e-02
4.520554840564727783e-02
4.507708549499511719e-02
4.496015608310699463e-02
4.475029185414314270e-02
4.446583241224288940e-02
4.425809904932975769e-02
4.394194111227989197e-02
4.371463879942893982e-02
4.349322989583015442e-02
4.330723360180854797e-02
4.330723360180854797e-02
4.326231032609939575e-02
4.335046559572219849e-02
4.329272359609603882e-02
4.305405169725418091e-02
4.288306087255477905e-02
4.265474528074264526e-02
4.265474528074264526e-02
4.265474528074264526e-02
4.252085834741592407e-02
4.244139790534973145e-02
4.244139790534973145e-02
4.251401871442794800e-02
4.249474778771400452e-02
4.247953742742538452e-02
4.232125729322433472e-02
4.203438013792037964e-02
4.187297821044921875e-02
4.123868793249130249e-02
4.067676886916160583e-02
4.025405645370483398e-02
3.990077972412109375e-02
3.990077972412109375e-02
3.958021104335784912e-02
3.927044942975044250e-02
3.907318413257598877e-02
3.895843029022216797e-02
3.881055489182472229e-02
3.866164013743400574e-02
3.851243853569030762e-02
3.850699216127395630e-02
3.861657530069351196e-02
3.875869885087013245e-02
3.875869885087013245e-02
3.886232525110244751e-02
3.888266906142234802e-02
3.889732435345649719e-02
3.893642500042915344e-02
3.902048245072364807e-02
3.915591537952423096e-02
3.910609707236289978e-02
3.908997774124145508e-02
3.906532749533653259e-02
3.914068266749382019e-02
3.914068266749382019e-02
3.930902481079101562e-02
3.937087208032608032e-02
3.953298926353454590e-02
3.966597840189933777e-02
3.986261412501335144e-02
4.008314013481140137e-02
4.021759331226348877e-02
4.028949514031410217e-02
4.022848606109619141e-02
4.028812795877456665e-02
4.028812795877456665e-02
4.032276570796966553e-02
4.031286761164665222e-02
4.043160378932952881e-02
4.053536802530288696e-02
4.051662981510162354e-02
4.041718691587448120e-02
4.052984341979026794e-02
4.051791876554489136e-02
4.061159119009971619e-02
4.070832207798957825e-02
4.070832207798957825e-02
4.072210192680358887e-02
4.060215875506401062e-02
4.038212448358535767e-02
4.015809297561645508e-02
3.988759592175483704e-02
3.961569815874099731e-02
3.923996910452842712e-02
3.861221671104431152e-02
3.798292204737663269e-02
3.737173974514007568e-02
3.737173974514007568e-02
3.663605451583862305e-02
3.605563193559646606e-02
3.547064587473869324e-02
3.486712276935577393e-02
3.430175781250000000e-02
3.371491655707359314e-02
3.321193903684616089e-02
3.275618702173233032e-02
3.234666213393211365e-02
3.188843652606010437e-02
3.188843652606010437e-02
3.144839778542518616e-02
3.103529848158359528e-02
3.066936880350112915e-02
3.029875457286834717e-02
2.993040345609188080e-02
2.956798300147056580e-02
2.917931601405143738e-02
2.877422049641609192e-02
2.833754569292068481e-02
2.794637717306613922e-02
2.794637717306613922e-02
2.762762643396854401e-02
2.741743624210357666e-02
2.716268412768840790e-02
2.700290456414222717e-02
2.687791362404823303e-02
2.671273797750473022e-02
2.661954984068870544e-02
2.671337313950061798e-02
2.677891217172145844e-02
2.693884260952472687e-02
2.693884260952472687e-02
2.711742930114269257e-02
2.720864862203598022e-02
2.722351066768169403e-02
2.721213363111019135e-02
2.717581391334533691e-02
2.710394933819770813e-02
2.696774527430534363e-02
2.682418003678321838e-02
2.669364586472511292e-02
2.661085315048694611e-02
2.661085315048694611e-02
2.652047574520111084e-02
2.648224867880344391e-02
2.641828916966915131e-02
2.640945836901664734e-02
2.654629759490489960e-02
2.673892676830291748e-02
2.705890126526355743e-02
2.737931720912456512e-02
2.768821269273757935e-02
2.797638252377510071e-02
2.797638252377510071e-02
2.833990566432476044e-02
2.869194373488426208e-02
2.911509759724140167e-02
2.956598252058029175e-02
2.995307929813861847e-02
3.021194413304328918e-02
3.049717843532562256e-02
3.076861612498760223e-02
3.103983402252197266e-02
3.126580268144607544e-02
3.126580268144607544e-02
3.156699240207672119e-02
3.189952298998832703e-02
3.209828957915306091e-02
3.231593593955039978e-02
3.249916434288024902e-02
3.273077681660652161e-02
3.307992219924926758e-02
3.349225595593452454e-02
3.389483317732810974e-02
3.428122401237487793e-02
3.428122401237487793e-02
3.455884382128715515e-02
3.484134748578071594e-02
3.503524139523506165e-02
3.522561490535736084e-02
3.532272949814796448e-02
3.543638437986373901e-02
3.553530946373939514e-02
3.568488359451293945e-02
3.590428084135055542e-02
3.625331819057464600e-02
3.625331819057464600e-02
3.666979074478149414e-02
3.708375617861747742e-02
3.751659765839576721e-02
3.785868734121322632e-02
3.819003701210021973e-02
3.855136036872863770e-02
3.883787617087364197e-02
3.900786116719245911e-02
3.917654603719711304e-02
3.929184377193450928e-02
3.929184377193450928e-02
3.930658474564552307e-02
3.917692601680755615e-02
3.898112848401069641e-02
3.878963738679885864e-02
3.859726339578628540e-02
3.849053755402565002e-02
3.836380690336227417e-02
3.829466551542282104e-02
3.824486210942268372e-02
3.814405947923660278e-02
3.814405947923660278e-02
3.809646517038345337e-02
3.806134313344955444e-02
3.809694200754165649e-02
3.822530806064605713e-02
3.831829503178596497e-02
3.840414434671401978e-02
3.846415504813194275e-02
3.864608332514762878e-02
3.883653506636619568e-02
3.895107284188270569e-02
3.895107284188270569e-02
3.899084031581878662e-02
3.897371143102645874e-02
3.909209743142127991e-02
3.927182778716087341e-02
3.944283723831176758e-02
3.962809592485427856e-02
3.974948823451995850e-02
3.978005796670913696e-02
3.982161730527877808e-02
3.993417322635650635e-02
3.993417322635650635e-02
3.996431827545166016e-02
4.006332531571388245e-02
4.005742818117141724e-02
3.995715826749801636e-02
3.968248516321182251e-02
3.933533281087875366e-02
3.899277746677398682e-02
3.849621489644050598e-02
3.803412988781929016e-02
3.760297223925590515e-02
3.760297223925590515e-02
3.718250989913940430e-02
3.668434545397758484e-02
3.633262962102890015e-02
3.593951463699340820e-02
3.555001690983772278e-02
3.519957885146141052e-02
3.492327779531478882e-02
3.461477905511856079e-02
3.436487540602684021e-02
3.420040383934974670e-02
3.420040383934974670e-02
3.428177908062934875e-02
3.442107886075973511e-02
3.462425619363784790e-02
3.498958051204681396e-02
3.533870354294776917e-02
3.570291772484779358e-02
3.599222004413604736e-02
3.626604378223419189e-02
3.653661161661148071e-02
3.675308823585510254e-02
3.675308823585510254e-02
3.698418661952018738e-02
3.719585761427879333e-02
3.731615096330642700e-02
3.739728406071662903e-02
3.756234049797058105e-02
3.771065920591354370e-02
3.788207098841667175e-02
3.791394829750061035e-02
3.797099366784095764e-02
3.755622729659080505e-02
3.755622729659080505e-02
3.738575056195259094e-02
3.728780522942543030e-02
3.726696595549583435e-02
3.734120354056358337e-02
3.741576895117759705e-02
3.759152814745903015e-02
3.779083490371704102e-02
3.791601210832595825e-02
3.802575916051864624e-02
3.817609697580337524e-02
3.817609697580337524e-02
3.834490850567817688e-02
3.852424025535583496e-02
3.865149244666099548e-02
3.877795115113258362e-02
3.891602531075477600e-02
3.908951207995414734e-02
3.936538472771644592e-02
3.954265639185905457e-02
3.973655030131340027e-02
3.992326557636260986e-02
3.992326557636260986e-02
4.009654372930526733e-02
4.034486040472984314e-02
4.051903262734413147e-02
4.064525663852691650e-02
4.062990099191665649e-02
4.065621271729469299e-02
4.058995842933654785e-02
4.056455940008163452e-02
4.062880203127861023e-02
4.062014818191528320e-02
4.062014818191528320e-02
4.067480936646461487e-02
4.062879085540771484e-02
4.055858775973320007e-02
4.045496135950088501e-02
4.032218083739280701e-02
4.020554572343826294e-02
4.006961360573768616e-02
4.001487791538238525e-02
4.000721126794815063e-02
4.029693454504013062e-02
4.029693454504013062e-02
4.050357267260551453e-02
4.073101282119750977e-02
4.088502377271652222e-02
4.098385572433471680e-02
4.109324514865875244e-02
4.116800054907798767e-02
4.124325141310691833e-02
4.127020016312599182e-02
4.128758609294891357e-02
4.131796211004257202e-02
4.131796211004257202e-02
4.140662401914596558e-02
4.139411821961402893e-02
4.134890437126159668e-02
4.131280630826950073e-02
4.122519493103027344e-02
4.117411002516746521e-02
4.121652245521545410e-02
4.124387353658676147e-02
4.124838486313819885e-02
4.123501479625701904e-02
4.123501479625701904e-02
4.123619198799133301e-02
4.111456871032714844e-02
4.110667109489440918e-02
4.113695397973060608e-02
4.118946567177772522e-02
4.135895147919654846e-02
4.138934239745140076e-02
4.140521958470344543e-02
4.143634065985679626e-02
4.142209142446517944e-02
4.142209142446517944e-02
4.135326296091079712e-02
4.124778509140014648e-02
4.116168990731239319e-02
4.110556840896606445e-02
4.110572114586830139e-02
4.107767343521118164e-02
4.104730859398841858e-02
4.088926687836647034e-02
4.078583791851997375e-02
4.066820815205574036e-02
4.066820815205574036e-02
4.060046374797821045e-02
4.057091102004051208e-02
4.052052274346351624e-02
4.046146944165229797e-02
4.043693840503692627e-02
4.034835100173950195e-02
4.024188965559005737e-02
4.012655839323997498e-02
4.001320898532867432e-02
4.001682251691818237e-02
4.001682251691818237e-02
4.010891169309616089e-02
4.020480811595916748e-02
4.028129950165748596e-02
4.034007340669631958e-02
4.040777310729026794e-02
4.037307947874069214e-02
4.037632048130035400e-02
4.039461538195610046e-02
4.033315554261207581e-02
4.023616760969161987e-02
4.023616760969161987e-02
4.014280438423156738e-02
4.011503607034683228e-02
4.009956493973731995e-02
4.004769399762153625e-02
3.993015363812446594e-02
3.980642184615135193e-02
3.969448432326316833e-02
3.960685059428215027e-02
3.959664702415466309e-02
3.960690647363662720e-02
3.960690647363662720e-02
3.952093049883842468e-02
3.949828073382377625e-02
3.892807289958000183e-02
3.840337693691253662e-02
3.795533999800682068e-02
3.758291155099868774e-02
3.730518743395805359e-02
3.718150407075881958e-02
3.704063966870307922e-02
3.701732307672500610e-02
3.701732307672500610e-02
3.706321492791175842e-02
3.712655603885650635e-02
3.720383346080780029e-02
3.741265833377838135e-02
3.741265833377838135e-02
3.763372823596000671e-02
3.788966685533523560e-02
3.788966685533523560e-02
3.788966685533523560e-02
3.788966685533523560e-02
3.788966685533523560e-02
3.830268606543540955e-02
3.874997794628143311e-02
3.925385326147079468e-02
3.965603560209274292e-02
4.003199189901351929e-02
4.038335010409355164e-02
4.038335010409355164e-02
4.038335010409355164e-02
4.038335010409355164e-02
4.038335010409355164e-02
4.038335010409355164e-02
4.091683402657508850e-02
4.137043282389640808e-02
4.171809181571006775e-02
4.198485985398292542e-02
4.224831610918045044e-02
4.239229485392570496e-02
4.257509112358093262e-02
4.272172600030899048e-02
4.285141825675964355e-02
4.296322166919708252e-02
4.296322166919708252e-02
4.305534809827804565e-02
4.302804172039031982e-02
4.300752282142639160e-02
4.295383393764495850e-02
4.289614036679267883e-02
4.290215298533439636e-02
4.280950874090194702e-02
4.266098141670227051e-02
4.252998158335685730e-02
4.236741364002227783e-02
4.236741364002227783e-02
4.221150651574134827e-02
4.204715043306350708e-02
4.187860339879989624e-02
4.165182262659072876e-02
4.147801175713539124e-02
4.133567959070205688e-02
4.107153788208961487e-02
4.083773493766784668e-02
4.063225537538528442e-02
4.037367552518844604e-02
4.037367552518844604e-02
4.021011292934417725e-02
4.011059179902076721e-02
4.000843688845634460e-02
3.989744558930397034e-02
3.980357572436332703e-02
3.978417068719863892e-02
3.972763940691947937e-02
3.965705260634422302e-02
3.956226259469985962e-02
3.943036124110221863e-02
3.943036124110221863e-02
3.926860168576240540e-02
3.912898898124694824e-02
3.902541100978851318e-02
3.893179818987846375e-02
3.882011026144027710e-02
3.867473825812339783e-02
3.854873403906822205e-02
3.841984272003173828e-02
3.827167674899101257e-02
3.806878253817558289e-02
3.806878253817558289e-02
3.793578594923019409e-02
3.781655803322792053e-02
3.760307282209396362e-02
3.738780692219734192e-02
3.713047504425048828e-02
3.695955127477645874e-02
3.691898286342620850e-02
3.623597696423530579e-02
3.568353131413459778e-02
3.519774973392486572e-02
3.519774973392486572e-02
3.487600386142730713e-02
3.467543795704841614e-02
3.452486917376518250e-02
3.438200429081916809e-02
3.431747853755950928e-02
3.421452641487121582e-02
3.398483619093894958e-02
3.366402909159660339e-02
3.335151821374893188e-02
3.303634375333786011e-02
3.303634375333786011e-02
3.278407827019691467e-02
3.256364166736602783e-02
3.230050951242446899e-02
3.208312392234802246e-02
3.186249360442161560e-02
3.155840188264846802e-02
3.131287544965744019e-02
3.111281432211399078e-02
3.101684153079986572e-02
3.098128363490104675e-02
3.098128363490104675e-02
3.098034299910068512e-02
3.089468367397785187e-02
3.078877367079257965e-02
3.058252111077308655e-02
3.040494583547115326e-02
3.021565079689025879e-02
2.997572533786296844e-02
2.970441244542598724e-02
2.942876145243644714e-02
2.911975793540477753e-02
2.911975793540477753e-02
2.877406217157840729e-02
2.836882695555686951e-02
2.802324667572975159e-02
2.759125642478466034e-02
2.720018848776817322e-02
2.680588327348232269e-02
2.641131170094013214e-02
2.604720741510391235e-02
2.572207339107990265e-02
2.545403875410556793e-02
2.545403875410556793e-02
2.519574016332626343e-02
2.497783862054347992e-02
2.476980164647102356e-02
2.456017956137657166e-02
2.446923963725566864e-02
2.436353638768196106e-02
2.430341392755508423e-02
2.418187633156776428e-02
2.406242489814758301e-02
2.398625947535037994e-02
