4.784888774156570435e-02
4.855705052614212036e-02
4.838920384645462036e-02
4.831414669752120972e-02
4.779434576630592346e-02
4.739757999777793884e-02
4.726034030318260193e-02
4.715318977832794189e-02
4.702896997332572937e-02
4.679631441831588745e-02
4.675929620862007141e-02
4.675929620862007141e-02
4.667928069829940796e-02
4.682172462344169617e-02
4.710596799850463867e-02
4.725457355380058289e-02
4.741298034787178040e-02
4.767011106014251709e-02
4.783059284090995789e-02
4.804102331399917603e-02
4.829180240631103516e-02
4.864624142646789551e-02
4.864624142646789551e-02
4.882444068789482117e-02
4.906918853521347046e-02
4.931084439158439636e-02
4.944276064634323120e-02
4.952995851635932922e-02
4.953889921307563782e-02
4.952192679047584534e-02
4.944434762001037598e-02
4.915774613618850708e-02
4.883124306797981262e-02
4.883124306797981262e-02
4.861637949943542480e-02
4.852959513664245605e-02
4.829523339867591858e-02
4.792883619666099548e-02
4.761410504579544067e-02
4.739349335432052612e-02
4.714877158403396606e-02
4.698690772056579590e-02
4.683870449662208557e-02
4.672218859195709229e-02
4.672218859195709229e-02
4.663911834359169006e-02
4.670041799545288086e-02
4.672486707568168640e-02
4.671841114759445190e-02
4.670814424753189087e-02
4.656353220343589783e-02
4.639155417680740356e-02
4.607262834906578064e-02
4.595434665679931641e-02
4.585996270179748535e-02
4.585996270179748535e-02
4.592918604612350464e-02
4.605567455291748047e-02
4.614829272031784058e-02
4.620494693517684937e-02
4.620489105582237244e-02
4.629671946167945862e-02
4.627836868166923523e-02
4.630509763956069946e-02
4.638099297881126404e-02
4.633164778351783752e-02
4.633164778351783752e-02
4.631400108337402344e-02
4.636777564883232117e-02
4.733752086758613586e-02
4.819073528051376343e-02
4.895473644137382507e-02
4.966236650943756104e-02
5.026146396994590759e-02
5.083653703331947327e-02
5.129408091306686401e-02
5.165201425552368164e-02
5.165201425552368164e-02
5.199059471487998962e-02
5.206976085901260376e-02
5.207944661378860474e-02
5.196975916624069214e-02
5.175411701202392578e-02
5.161406844854354858e-02
5.151784420013427734e-02
5.144864693284034729e-02
5.130052193999290466e-02
5.107750743627548218e-02
5.107750743627548218e-02
5.083322897553443909e-02
5.049687251448631287e-02
5.005127191543579102e-02
4.965076595544815063e-02
4.931818321347236633e-02
4.903035610914230347e-02
4.886374622583389282e-02
4.875066503882408142e-02
4.861273616552352905e-02
4.847117140889167786e-02
4.847117140889167786e-02
4.842365905642509460e-02
4.854788631200790405e-02
4.889276623725891113e-02
4.912491515278816223e-02
4.944169893860816956e-02
4.974084720015525818e-02
4.993236064910888672e-02
4.994735494256019592e-02
4.995229095220565796e-02
5.004818364977836609e-02
5.004818364977836609e-02
5.012381821870803833e-02
5.027415975928306580e-02
5.053164809942245483e-02
5.071258544921875000e-02
5.104548111557960510e-02
5.124185979366302490e-02
5.149845406413078308e-02
5.161993950605392456e-02
5.175247043371200562e-02
5.186994746327400208e-02
5.186994746327400208e-02
5.197677761316299438e-02
5.217182263731956482e-02
5.223261564970016479e-02
5.239921435713768005e-02
5.260873213410377502e-02
5.283728241920471191e-02
5.305226892232894897e-02
5.323914065957069397e-02
5.327028781175613403e-02
5.326661467552185059e-02
5.326661467552185059e-02
5.301216617226600647e-02
5.272018909454345703e-02
5.251231789588928223e-02
5.230899900197982788e-02
5.221175029873847961e-02
5.214222148060798645e-02
5.205520614981651306e-02
5.186201632022857666e-02
5.188189819455146790e-02
5.185243114829063416e-02
5.185243114829063416e-02
5.173385888338088989e-02
5.160032585263252258e-02
5.162931978702545166e-02
5.167129635810852051e-02
5.169675126671791077e-02
5.178482830524444580e-02
5.180707573890686035e-02
5.189314857125282288e-02
5.199085548520088196e-02
5.211401358246803284e-02
5.211401358246803284e-02
5.219404399394989014e-02
5.230454728007316589e-02
5.249551311135292053e-02
5.254774168133735657e-02
5.266005918383598328e-02
5.272770300507545471e-02
5.281680449843406677e-02
5.300667509436607361e-02
5.320560187101364136e-02
5.351224169135093689e-02
5.351224169135093689e-02
5.390905216336250305e-02
5.417982488870620728e-02
5.456356331706047058e-02
5.497807264328002930e-02
5.534615740180015564e-02
5.561662465333938599e-02
5.582556501030921936e-02
5.587676167488098145e-02
5.596435815095901489e-02
5.594535171985626221e-02
5.594535171985626221e-02
5.589949339628219604e-02
5.592583119869232178e-02
5.601842328906059265e-02
5.623677745461463928e-02
5.647495761513710022e-02
5.667512863874435425e-02
5.688919872045516968e-02
5.729655176401138306e-02
5.766901746392250061e-02
5.804885551333427429e-02
5.804885551333427429e-02
5.833116173744201660e-02
5.850664898753166199e-02
5.860206112265586853e-02
5.854539945721626282e-02
5.847864598035812378e-02
5.835091322660446167e-02
5.828835070133209229e-02
5.831440910696983337e-02
5.841251090168952942e-02
5.851913988590240479e-02
5.851913988590240479e-02
5.862485617399215698e-02
5.886368453502655029e-02
5.919574201107025146e-02
5.932404473423957825e-02
5.939075723290443420e-02
5.923892185091972351e-02
5.908037722110748291e-02
5.890785530209541321e-02
5.873502418398857117e-02
5.865731462836265564e-02
5.865731462836265564e-02
5.863480269908905029e-02
5.871775001287460327e-02
5.859966576099395752e-02
5.851013958454132080e-02
5.845180898904800415e-02
5.830375477671623230e-02
5.822354182600975037e-02
5.811321735382080078e-02
5.801678076386451721e-02
5.798179283738136292e-02
5.798179283738136292e-02
5.803843960165977478e-02
5.809822678565979004e-02
5.813865736126899719e-02
5.808978155255317688e-02
5.807638913393020630e-02
5.787273123860359192e-02
5.764291435480117798e-02
5.753877386450767517e-02
5.744703859090805054e-02
5.738788470625877380e-02
5.738788470625877380e-02
5.731951445341110229e-02
5.734947696328163147e-02
5.736813321709632874e-02
5.737338960170745850e-02
5.732494592666625977e-02
5.735322460532188416e-02
5.734798312187194824e-02
5.734588578343391418e-02
5.735642090439796448e-02
5.742774903774261475e-02
5.742774903774261475e-02
5.746687948703765869e-02
5.746647715568542480e-02
5.743730068206787109e-02
5.744866654276847839e-02
5.744633451104164124e-02
5.741874501109123230e-02
5.742233246564865112e-02
5.750142410397529602e-02
5.756916105747222900e-02
5.768337100744247437e-02
5.768337100744247437e-02
5.783097073435783386e-02
5.806156992912292480e-02
5.832463130354881287e-02
5.848267674446105957e-02
5.863953009247779846e-02
5.878498777747154236e-02
5.891392007470130920e-02
5.899369716644287109e-02
5.920129269361495972e-02
5.935258045792579651e-02
5.935258045792579651e-02
5.955396592617034912e-02
5.987913161516189575e-02
6.020371243357658386e-02
6.054902076721191406e-02
6.086692959070205688e-02
6.108876690268516541e-02
6.116468831896781921e-02
6.121747940778732300e-02
6.122700124979019165e-02
6.127783656120300293e-02
6.127783656120300293e-02
6.134367361664772034e-02
6.141024455428123474e-02
6.121975556015968323e-02
6.112030148506164551e-02
6.091086193919181824e-02
6.073078885674476624e-02
6.065408885478973389e-02
6.057018414139747620e-02
6.051093712449073792e-02
6.055265292525291443e-02
6.055265292525291443e-02
6.065395101904869080e-02
6.080945208668708801e-02
6.097677350044250488e-02
6.110020726919174194e-02
6.119145080447196960e-02
6.118221580982208252e-02
6.120817735791206360e-02
6.123641505837440491e-02
6.135982275009155273e-02
6.149783357977867126e-02
6.149783357977867126e-02
6.162722781300544739e-02
6.175268068909645081e-02
6.165632233023643494e-02
6.155958399176597595e-02
6.142028793692588806e-02
6.134489923715591431e-02
6.131196394562721252e-02
6.134254857897758484e-02
6.138567626476287842e-02
6.162182986736297607e-02
6.162182986736297607e-02
6.181623414158821106e-02
6.197757273912429810e-02
6.206265836954116821e-02
6.222025305032730103e-02
6.245999783277511597e-02
6.274961680173873901e-02
6.303654611110687256e-02
6.334719061851501465e-02
6.365451216697692871e-02
6.392472982406616211e-02
6.392472982406616211e-02
6.414753198623657227e-02
6.434173882007598877e-02
6.450375914573669434e-02
6.469689309597015381e-02
6.481390446424484253e-02
6.472767144441604614e-02
6.469733268022537231e-02
6.471915543079376221e-02
6.461007148027420044e-02
6.446676701307296753e-02
6.446676701307296753e-02
6.445807218551635742e-02
6.407687067985534668e-02
6.371492892503738403e-02
6.371492892503738403e-02
6.370949000120162964e-02
6.363195925951004028e-02
6.368363648653030396e-02
6.380249559879302979e-02
6.374516338109970093e-02
6.382218003273010254e-02
6.382218003273010254e-02
6.394143402576446533e-02
6.404794752597808838e-02
6.420789659023284912e-02
6.438909471035003662e-02
6.456486135721206665e-02
6.471815705299377441e-02
6.485144048929214478e-02
6.504370272159576416e-02
6.519658863544464111e-02
6.528296321630477905e-02
6.528296321630477905e-02
6.539455056190490723e-02
6.520980596542358398e-02
6.505633890628814697e-02
6.488656252622604370e-02
6.468909233808517456e-02
6.449091434478759766e-02
6.428683549165725708e-02
6.400802731513977051e-02
6.384935975074768066e-02
6.379309296607971191e-02
6.379309296607971191e-02
6.363782286643981934e-02
6.348682194948196411e-02
6.340442597866058350e-02
6.338356435298919678e-02
6.341308355331420898e-02
6.341224908828735352e-02
6.335367262363433838e-02
6.349477916955947876e-02
6.358639895915985107e-02
6.368674337863922119e-02
6.368674337863922119e-02
6.382668763399124146e-02
6.397274136543273926e-02
6.416962295770645142e-02
6.437739729881286621e-02
6.455722451210021973e-02
6.474262475967407227e-02
6.489093601703643799e-02
6.493338197469711304e-02
6.503885239362716675e-02
6.515707075595855713e-02
6.515707075595855713e-02
6.528605520725250244e-02
6.542615592479705811e-02
6.557423621416091919e-02
6.570258736610412598e-02
6.583563983440399170e-02
6.595901399850845337e-02
6.612500548362731934e-02
6.633099913597106934e-02
6.655173748731613159e-02
6.676977127790451050e-02
6.676977127790451050e-02
6.696569174528121948e-02
6.710448861122131348e-02
6.721641868352890015e-02
6.733421981334686279e-02
6.736256927251815796e-02
6.729943305253982544e-02
6.722415983676910400e-02
6.712517887353897095e-02
6.701895594596862793e-02
6.697101145982742310e-02
6.697101145982742310e-02
6.697876006364822388e-02
6.699852645397186279e-02
6.693164259195327759e-02
6.688450276851654053e-02
6.687108427286148071e-02
6.684946268796920776e-02
6.676194816827774048e-02
6.658849865198135376e-02
6.643337756395339966e-02
6.626728922128677368e-02
6.626728922128677368e-02
6.617015600204467773e-02
6.613717228174209595e-02
6.602203845977783203e-02
6.603507697582244873e-02
6.605146080255508423e-02
6.627988815307617188e-02
6.650631129741668701e-02
6.671255826950073242e-02
6.683753430843353271e-02
6.693477928638458252e-02
6.693477928638458252e-02
6.703830510377883911e-02
6.719470024108886719e-02
6.721208244562149048e-02
6.741262227296829224e-02
6.750418990850448608e-02
6.758102029561996460e-02
6.786275655031204224e-02
6.799003481864929199e-02
6.821097433567047119e-02
6.845350563526153564e-02
6.845350563526153564e-02
6.864760071039199829e-02
6.889887899160385132e-02
6.910026073455810547e-02
6.889128684997558594e-02
6.868515163660049438e-02
6.845267117023468018e-02
6.829882413148880005e-02
6.816528737545013428e-02
6.800645589828491211e-02
6.784200668334960938e-02
6.784200668334960938e-02
6.768964976072311401e-02
6.758477538824081421e-02
6.754441559314727783e-02
6.754445284605026245e-02
6.760355830192565918e-02
6.765798479318618774e-02
6.763423979282379150e-02
6.752823293209075928e-02
6.739275902509689331e-02
6.722145527601242065e-02
6.722145527601242065e-02
6.697131693363189697e-02
6.677852571010589600e-02
6.657142937183380127e-02
6.636334955692291260e-02
6.614423543214797974e-02
6.596246361732482910e-02
6.588982045650482178e-02
6.580867618322372437e-02
6.583210080862045288e-02
6.586683541536331177e-02
6.586683541536331177e-02
6.592872738838195801e-02
6.587532907724380493e-02
6.589279323816299438e-02
6.590344011783599854e-02
6.588876992464065552e-02
6.597428768873214722e-02
6.610842794179916382e-02
6.645229458808898926e-02
6.679321825504302979e-02
6.713786721229553223e-02
6.713786721229553223e-02
6.745725870132446289e-02
6.786278635263442993e-02
6.820659339427947998e-02
6.850688904523849487e-02
6.869281083345413208e-02
6.891854852437973022e-02
6.912878900766372681e-02
6.926568597555160522e-02
6.948775053024291992e-02
6.964563578367233276e-02
6.964563578367233276e-02
6.978581845760345459e-02
6.990919262170791626e-02
6.993740797042846680e-02
6.998099386692047119e-02
7.001805305480957031e-02
7.033530622720718384e-02
7.063144445419311523e-02
7.089378684759140015e-02
7.115118950605392456e-02
7.138196378946304321e-02
7.138196378946304321e-02
7.152590900659561157e-02
7.162781804800033569e-02
7.172578573226928711e-02
7.178971171379089355e-02
7.188963145017623901e-02
7.200261950492858887e-02
7.221128791570663452e-02
7.240055501461029053e-02
7.254233211278915405e-02
7.260748744010925293e-02
7.260748744010925293e-02
7.267748564481735229e-02
7.295028120279312134e-02
7.324744015932083130e-02
7.353695482015609741e-02
7.378631830215454102e-02
7.396379858255386353e-02
7.412803918123245239e-02
7.430671900510787964e-02
7.450161129236221313e-02
7.474271953105926514e-02
7.474271953105926514e-02
7.488114386796951294e-02
7.508170604705810547e-02
7.525929808616638184e-02
7.534424215555191040e-02
7.535746693611145020e-02
7.528548687696456909e-02
7.525140047073364258e-02
7.518415153026580811e-02
7.516983896493911743e-02
7.515391707420349121e-02
7.515391707420349121e-02
7.511195540428161621e-02
7.505230605602264404e-02
7.507952302694320679e-02
7.511678338050842285e-02
7.516904920339584351e-02
7.510804384946823120e-02
7.508506625890731812e-02
7.508061081171035767e-02
7.512310147285461426e-02
7.519213855266571045e-02
7.519213855266571045e-02
7.525554299354553223e-02
7.537304610013961792e-02
7.576975971460342407e-02
7.614913582801818848e-02
7.642453163862228394e-02
7.670174539089202881e-02
7.693654298782348633e-02
7.710875570774078369e-02
7.735498994588851929e-02
7.762266695499420166e-02
7.762266695499420166e-02
7.775495201349258423e-02
7.789789140224456787e-02
7.800254970788955688e-02
7.809377461671829224e-02
7.807593792676925659e-02
7.805818319320678711e-02
7.799454033374786377e-02
7.792185246944427490e-02
7.794657349586486816e-02
7.802994549274444580e-02
