5.267391769232226961e-02
5.175760597816558145e-02
5.128036892192122664e-02
5.090966623325705875e-02
5.091241665799083743e-02
5.123613101300205502e-02
5.150742550561215188e-02
5.131212661373792810e-02
5.114991217842199817e-02
5.087704932395518270e-02
5.054169256114524750e-02
5.018833687540007193e-02
4.985362278296018995e-02
4.947308133233895705e-02
4.895749106671168360e-02
4.846957706075851607e-02
4.819272483191963663e-02
4.793370259252145021e-02
4.764273797381791270e-02
4.727732233940522971e-02
4.693547683145509603e-02
4.691300535428252760e-02
4.684477526915212242e-02
4.684477526915212242e-02
4.684477526915212242e-02
4.657723920413361224e-02
4.633473790082293792e-02
4.605919789764154754e-02
4.580345689813961063e-02
4.560669063588072836e-02
4.559262933138772539e-02
