4.638821631669998169e-02
4.670923948287963867e-02
4.568446055054664612e-02
4.520910978317260742e-02
4.505962133407592773e-02
4.477075859904289246e-02
4.488461837172508240e-02
4.496192559599876404e-02
4.509894177317619324e-02
4.508999362587928772e-02
4.480185732245445251e-02
4.480185732245445251e-02
4.469761997461318970e-02
4.434824734926223755e-02
4.405163601040840149e-02
4.395978897809982300e-02
4.353998228907585144e-02
4.347892850637435913e-02
4.335694760084152222e-02
4.341018572449684143e-02
4.357200115919113159e-02
4.366387799382209778e-02
4.366387799382209778e-02
4.375098273158073425e-02
4.374493658542633057e-02
4.361695423722267151e-02
4.338296130299568176e-02
4.306534677743911743e-02
4.280735179781913757e-02
4.250751808285713196e-02
4.226453602313995361e-02
4.193445295095443726e-02
4.176855087280273438e-02
4.176855087280273438e-02
4.183640331029891968e-02
4.216180369257926941e-02
4.250088706612586975e-02
4.273235425353050232e-02
4.292340576648712158e-02
4.327493906021118164e-02
4.360575601458549500e-02
4.378314316272735596e-02
4.378314316272735596e-02
4.404022917151451111e-02
4.404022917151451111e-02
4.436337947845458984e-02
4.463249817490577698e-02
4.499292001128196716e-02
4.548256844282150269e-02
4.595635831356048584e-02
4.630003124475479126e-02
4.674981907010078430e-02
4.706987366080284119e-02
4.740210622549057007e-02
4.766805469989776611e-02
4.766805469989776611e-02
4.794135317206382751e-02
4.816953837871551514e-02
4.836202040314674377e-02
4.858493432402610779e-02
4.862964525818824768e-02
4.872602596879005432e-02
4.876112565398216248e-02
4.866768792271614075e-02
4.861410707235336304e-02
4.850463569164276123e-02
4.850463569164276123e-02
4.847809672355651855e-02
4.843991622328758240e-02
4.836761578917503357e-02
4.829109087586402893e-02
4.824071750044822693e-02
4.837780818343162537e-02
4.844738543033599854e-02
4.821363836526870728e-02
4.813927784562110901e-02
4.782244563102722168e-02
4.782244563102722168e-02
4.725455492734909058e-02
4.688107594847679138e-02
4.670680314302444458e-02
4.653717949986457825e-02
4.639812186360359192e-02
4.633048176765441895e-02
4.629297181963920593e-02
4.641179740428924561e-02
4.654868319630622864e-02
4.662245512008666992e-02
4.662245512008666992e-02
4.649341851472854614e-02
4.640388116240501404e-02
4.607472568750381470e-02
4.569194465875625610e-02
4.515619203448295593e-02
4.470955953001976013e-02
4.427125677466392517e-02
4.379160329699516296e-02
4.316211491823196411e-02
4.247959330677986145e-02
4.247959330677986145e-02
4.183533042669296265e-02
4.146738722920417786e-02
4.120848700404167175e-02
4.126581922173500061e-02
4.145671427249908447e-02
4.145671427249908447e-02
4.152876138687133789e-02
4.164741188287734985e-02
4.174648597836494446e-02
4.189641401171684265e-02
4.189641401171684265e-02
4.194671288132667542e-02
4.202461242675781250e-02
4.201401025056838989e-02
4.216636717319488525e-02
4.214832931756973267e-02
4.219007492065429688e-02
4.222642257809638977e-02
4.234448820352554321e-02
4.243198782205581665e-02
4.246100038290023804e-02
4.246100038290023804e-02
4.241372644901275635e-02
4.243918880820274353e-02
4.232054576277732849e-02
4.205592349171638489e-02
4.158989712595939636e-02
4.122849926352500916e-02
4.100751504302024841e-02
4.087753966450691223e-02
4.080212861299514771e-02
4.088534414768218994e-02
4.088534414768218994e-02
4.102506488561630249e-02
4.122524335980415344e-02
4.146813973784446716e-02
4.153466969728469849e-02
4.130503907799720764e-02
4.108574986457824707e-02
4.070902243256568909e-02
4.043989256024360657e-02
4.027760028839111328e-02
4.028145968914031982e-02
4.028145968914031982e-02
4.027934744954109192e-02
4.025800153613090515e-02
4.025498777627944946e-02
4.032051190733909607e-02
4.020552337169647217e-02
3.990833088755607605e-02
3.953040391206741333e-02
3.920771926641464233e-02
3.890146687626838684e-02
3.881229460239410400e-02
3.881229460239410400e-02
3.878995403647422791e-02
3.904260694980621338e-02
3.945344686508178711e-02
3.987061604857444763e-02
4.005981981754302979e-02
4.048018902540206909e-02
4.099196940660476685e-02
4.147370904684066772e-02
4.195089265704154968e-02
4.237667098641395569e-02
4.237667098641395569e-02
4.270552471280097961e-02
4.300128296017646790e-02
4.339586198329925537e-02
4.373921826481819153e-02
4.393880814313888550e-02
4.411000758409500122e-02
4.419577494263648987e-02
4.419577494263648987e-02
4.419991001486778259e-02
4.412393644452095032e-02
4.412393644452095032e-02
4.404754564166069031e-02
4.400249943137168884e-02
4.396949708461761475e-02
4.396891593933105469e-02
4.388928785920143127e-02
4.379647597670555115e-02
4.358813539147377014e-02
4.339855909347534180e-02
4.313521459698677063e-02
4.290652647614479065e-02
4.290652647614479065e-02
4.263224825263023376e-02
4.222374036908149719e-02
4.175337031483650208e-02
4.139212891459465027e-02
4.139212891459465027e-02
4.119287058711051941e-02
4.147368296980857849e-02
4.164496064186096191e-02
4.181033745408058167e-02
4.200636595487594604e-02
4.200636595487594604e-02
4.202452301979064941e-02
4.198812693357467651e-02
4.193684086203575134e-02
4.170726612210273743e-02
4.144915938377380371e-02
4.123922437429428101e-02
4.103796929121017456e-02
4.077222198247909546e-02
4.045141860842704773e-02
4.011894762516021729e-02
4.011894762516021729e-02
3.992365300655364990e-02
3.968031704425811768e-02
3.934079408645629883e-02
3.903951868414878845e-02
3.871032223105430603e-02
3.839430958032608032e-02
3.839430958032608032e-02
3.811337053775787354e-02
3.788793459534645081e-02
3.765028342604637146e-02
3.765028342604637146e-02
3.749676421284675598e-02
3.730597347021102905e-02
3.700450062751770020e-02
3.675794228911399841e-02
3.658351302146911621e-02
3.639599308371543884e-02
3.642269223928451538e-02
3.651755675673484802e-02
3.656769916415214539e-02
3.690631687641143799e-02
3.690631687641143799e-02
3.709083795547485352e-02
3.719430789351463318e-02
3.737552464008331299e-02
3.751343488693237305e-02
3.764257952570915222e-02
3.774692118167877197e-02
3.790441527962684631e-02
3.807223215699195862e-02
3.819163516163825989e-02
3.828382119536399841e-02
3.828382119536399841e-02
3.847152739763259888e-02
3.854984790086746216e-02
3.865322098135948181e-02
3.867656365036964417e-02
3.843875601887702942e-02
3.810897842049598694e-02
3.787061199545860291e-02
3.758563473820686340e-02
3.731537610292434692e-02
3.714740648865699768e-02
3.714740648865699768e-02
3.696043044328689575e-02
3.687339648604393005e-02
3.672738373279571533e-02
3.663500398397445679e-02
3.652946278452873230e-02
3.638727962970733643e-02
3.621277213096618652e-02
3.605782240629196167e-02
3.588561713695526123e-02
3.581184148788452148e-02
3.581184148788452148e-02
3.566972538828849792e-02
3.556234762072563171e-02
3.545431420207023621e-02
3.548697009682655334e-02
3.552021086215972900e-02
3.551040589809417725e-02
3.544630855321884155e-02
3.546524792909622192e-02
3.537178039550781250e-02
3.537770360708236694e-02
3.537770360708236694e-02
3.550745174288749695e-02
3.570089116692543030e-02
3.574215248227119446e-02
3.575339913368225098e-02
3.571131452918052673e-02
3.558279201388359070e-02
3.549614548683166504e-02
3.541052713990211487e-02
3.531439229846000671e-02
3.515165299177169800e-02
3.515165299177169800e-02
3.498832508921623230e-02
3.470104932785034180e-02
3.434135392308235168e-02
3.397333994507789612e-02
3.386710211634635925e-02
3.371839225292205811e-02
3.351714089512825012e-02
3.321577981114387512e-02
3.293345496058464050e-02
3.269648924469947815e-02
3.269648924469947815e-02
3.249954432249069214e-02
3.231229633092880249e-02
3.222582116723060608e-02
3.218532726168632507e-02
3.212398663163185120e-02
3.208309039473533630e-02
3.189503401517868042e-02
3.167089074850082397e-02
3.145552426576614380e-02
3.129476681351661682e-02
3.129476681351661682e-02
3.103074058890342712e-02
3.084144555032253265e-02
3.056408837437629700e-02
3.030118718743324280e-02
3.012516722083091736e-02
2.995965071022510529e-02
2.992359921336174011e-02
2.988480590283870697e-02
2.992970496416091919e-02
2.999866753816604614e-02
2.999866753816604614e-02
2.998449467122554779e-02
2.997032366693019867e-02
2.981474995613098145e-02
2.974582463502883911e-02
2.986191213130950928e-02
2.980591915547847748e-02
2.959272824227809906e-02
2.938593551516532898e-02
2.930430136620998383e-02
2.925104089081287384e-02
2.925104089081287384e-02
2.931041829288005829e-02
2.933816239237785339e-02
2.931710332632064819e-02
2.935399487614631653e-02
2.949378266930580139e-02
2.958993427455425262e-02
2.950301952660083771e-02
2.931179106235504150e-02
2.914680540561676025e-02
2.901193499565124512e-02
2.901193499565124512e-02
2.893347293138504028e-02
2.892193943262100220e-02
2.895135618746280670e-02
2.891701459884643555e-02
2.897324413061141968e-02
2.897856757044792175e-02
2.898340299725532532e-02
2.911266125738620758e-02
2.919628657400608063e-02
2.935817837715148926e-02
2.935817837715148926e-02
2.950819395482540131e-02
2.977093122899532318e-02
2.993545867502689362e-02
2.997384034097194672e-02
3.004389256238937378e-02
3.013117238879203796e-02
3.027547709643840790e-02
3.026972711086273193e-02
3.023333102464675903e-02
3.024308569729328156e-02
3.024308569729328156e-02
3.032739087939262390e-02
3.044109605252742767e-02
3.052051737904548645e-02
3.052725642919540405e-02
3.064550273120403290e-02
3.064811788499355316e-02
3.067868016660213470e-02
3.073276393115520477e-02
3.072882816195487976e-02
3.069509565830230713e-02
3.069509565830230713e-02
3.083099238574504852e-02
3.108839131891727448e-02
3.141592070460319519e-02
3.175595402717590332e-02
3.215099126100540161e-02
3.247888386249542236e-02
3.286910802125930786e-02
3.328146785497665405e-02
3.354120627045631409e-02
3.368156403303146362e-02
3.368156403303146362e-02
3.383616358041763306e-02
3.402055799961090088e-02
3.425166010856628418e-02
3.457261249423027039e-02
3.494068980216979980e-02
3.531376272439956665e-02
3.564250469207763672e-02
3.599847853183746338e-02
3.634464368224143982e-02
3.646276518702507019e-02
3.646276518702507019e-02
3.651883080601692200e-02
3.648361563682556152e-02
3.645650669932365417e-02
3.646801412105560303e-02
3.643067926168441772e-02
3.644704073667526245e-02
3.658043593168258667e-02
3.660476207733154297e-02
3.652229160070419312e-02
3.640629723668098450e-02
3.640629723668098450e-02
3.605409339070320129e-02
3.571038320660591125e-02
3.550348430871963501e-02
3.537033870816230774e-02
3.518269583582878113e-02
3.498046100139617920e-02
3.502387180924415588e-02
3.508308157324790955e-02
3.504455834627151489e-02
3.498098999261856079e-02
3.498098999261856079e-02
3.511499240994453430e-02
3.540474921464920044e-02
3.572610765695571899e-02
3.614828735589981079e-02
3.648681566119194031e-02
3.678212687373161316e-02
3.692724183201789856e-02
3.675870969891548157e-02
3.647738695144653320e-02
3.620969504117965698e-02
3.620969504117965698e-02
3.610806539654731750e-02
3.626808896660804749e-02
3.647328913211822510e-02
3.653133660554885864e-02
3.642581775784492493e-02
3.606092184782028198e-02
3.550994768738746643e-02
3.488008305430412292e-02
3.428986296057701111e-02
3.374410048127174377e-02
3.374410048127174377e-02
3.321494162082672119e-02
3.287879377603530884e-02
3.277373686432838440e-02
3.276246041059494019e-02
3.277215361595153809e-02
3.287922590970993042e-02
3.289400786161422729e-02
3.280198574066162109e-02
3.257202357053756714e-02
3.225303813815116882e-02
3.225303813815116882e-02
3.197886049747467041e-02
3.175891935825347900e-02
3.202702850103378296e-02
3.235268220305442810e-02
3.275538235902786255e-02
3.303845226764678955e-02
3.323480114340782166e-02
3.331683576107025146e-02
3.332612290978431702e-02
3.329176455736160278e-02
3.329176455736160278e-02
3.329415991902351379e-02
3.330715000629425049e-02
3.331295773386955261e-02
3.331295773386955261e-02
3.331295773386955261e-02
3.331295773386955261e-02
3.325883671641349792e-02
3.313759341835975647e-02
3.297049924731254578e-02
3.275238722562789917e-02
3.275238722562789917e-02
3.249029442667961121e-02
3.218377754092216492e-02
3.194673731923103333e-02
3.172162920236587524e-02
3.151490539312362671e-02
3.133379667997360229e-02
3.115571662783622742e-02
3.097200952470302582e-02
3.083893656730651855e-02
3.078773431479930878e-02
3.078773431479930878e-02
3.073508106172084808e-02
3.068845160305500031e-02
3.059967234730720520e-02
3.050347976386547089e-02
3.042485378682613373e-02
3.036579862236976624e-02
3.019087016582489014e-02
2.999719418585300446e-02
2.986718714237213135e-02
2.987957559525966644e-02
2.987957559525966644e-02
2.992085181176662445e-02
3.001987002789974213e-02
3.017410077154636383e-02
3.026513569056987762e-02
3.035703301429748535e-02
3.033987805247306824e-02
3.030649200081825256e-02
3.016298264265060425e-02
3.001757152378559113e-02
2.990345098078250885e-02
2.990345098078250885e-02
2.989015355706214905e-02
2.988532744348049164e-02
2.991651929914951324e-02
2.997712418437004089e-02
3.005782142281532288e-02
3.010522387921810150e-02
3.022701106965541840e-02
3.025441057980060577e-02
3.022013232111930847e-02
3.018032386898994446e-02
3.018032386898994446e-02
3.009238466620445251e-02
3.005210310220718384e-02
3.004480712115764618e-02
3.007839433848857880e-02
3.017543442547321320e-02
3.036226145923137665e-02
3.055609576404094696e-02
3.071309626102447510e-02
3.088013827800750732e-02
3.100619278848171234e-02
3.100619278848171234e-02
3.118436411023139954e-02
3.133288398385047913e-02
3.144429251551628113e-02
3.147533908486366272e-02
3.151073679327964783e-02
3.149044141173362732e-02
3.155653923749923706e-02
3.156464919447898865e-02
3.143214806914329529e-02
3.127815574407577515e-02
3.127815574407577515e-02
3.110362589359283447e-02
3.035092353820800781e-02
2.975389547646045685e-02
2.940148301422595978e-02
2.920479886233806610e-02
2.912494912743568420e-02
2.912178821861743927e-02
2.913430519402027130e-02
2.906618826091289520e-02
2.880711480975151062e-02
2.880711480975151062e-02
2.880711480975151062e-02
2.880711480975151062e-02
2.880711480975151062e-02
2.839864976704120636e-02
2.804540470242500305e-02
2.772612310945987701e-02
2.747983485460281372e-02
2.738083526492118835e-02
2.743512019515037537e-02
2.762534096837043762e-02
2.762534096837043762e-02
2.791933715343475342e-02
2.822075970470905304e-02
2.840790152549743652e-02
2.847728878259658813e-02
2.848774008452892303e-02
2.841827832162380219e-02
2.826554700732231140e-02
2.804891392588615417e-02
2.781672030687332153e-02
2.762304805219173431e-02
