5.220181494951248169e-02
5.220181494951248169e-02
5.235793814063072205e-02
5.282178893685340881e-02
5.324000865221023560e-02
5.336592718958854675e-02
5.302458629012107849e-02
5.287260562181472778e-02
5.297230184078216553e-02
5.260438844561576843e-02
5.219671875238418579e-02
5.153541266918182373e-02
5.153541266918182373e-02
5.084147304296493530e-02
5.035940930247306824e-02
4.990723729133605957e-02
4.956778511404991150e-02
4.930156096816062927e-02
4.899169132113456726e-02
4.867989942431449890e-02
4.870280250906944275e-02
4.886229336261749268e-02
4.885364323854446411e-02
4.885364323854446411e-02
4.866027459502220154e-02
4.852656647562980652e-02
4.844909533858299255e-02
4.838944599032402039e-02
4.830425605177879333e-02
4.816326871514320374e-02
4.793300479650497437e-02
4.759720712900161743e-02
4.690804705023765564e-02
4.626507312059402466e-02
4.626507312059402466e-02
4.591254889965057373e-02
4.559622704982757568e-02
4.530170559883117676e-02
4.503380134701728821e-02
4.446739330887794495e-02
4.391934350132942200e-02
4.340616241097450256e-02
4.292765259742736816e-02
4.248510301113128662e-02
4.205796495079994202e-02
4.205796495079994202e-02
4.171069338917732239e-02
4.138648509979248047e-02
4.109175503253936768e-02
4.085541144013404846e-02
4.061101377010345459e-02
4.038054496049880981e-02
4.017091542482376099e-02
4.000907763838768005e-02
3.987619653344154358e-02
3.972842916846275330e-02
3.972842916846275330e-02
3.958598896861076355e-02
3.943501785397529602e-02
3.929096087813377380e-02
3.912543505430221558e-02
3.895861655473709106e-02
3.879053518176078796e-02
3.857455402612686157e-02
3.840101137757301331e-02
3.825492039322853088e-02
3.810612857341766357e-02
3.810612857341766357e-02
3.799463808536529541e-02
3.786059468984603882e-02
3.774366155266761780e-02
3.766670078039169312e-02
3.759513795375823975e-02
3.756665065884590149e-02
3.753932937979698181e-02
3.759313747286796570e-02
3.764965757727622986e-02
3.773329034447669983e-02
3.773329034447669983e-02
3.785343095660209656e-02
3.798468038439750671e-02
3.810705617070198059e-02
3.821784257888793945e-02
3.834883868694305420e-02
3.845057263970375061e-02
3.853758424520492554e-02
3.859307244420051575e-02
3.866418451070785522e-02
3.870799019932746887e-02
3.870799019932746887e-02
3.874718770384788513e-02
3.883554413914680481e-02
3.889762237668037415e-02
3.899072110652923584e-02
3.909265622496604919e-02
3.921676054596900940e-02
3.920397162437438965e-02
3.921429812908172607e-02
3.925004974007606506e-02
3.926843777298927307e-02
3.926843777298927307e-02
3.928717225790023804e-02
3.927788510918617249e-02
3.927231207489967346e-02
3.924941271543502808e-02
3.921468555927276611e-02
3.914586827158927917e-02
3.910444304347038269e-02
3.906553983688354492e-02
3.899557515978813171e-02
3.892605379223823547e-02
3.892605379223823547e-02
3.882589563727378845e-02
3.872952237725257874e-02
3.863954544067382812e-02
3.857211023569107056e-02
3.852831572294235229e-02
3.848455473780632019e-02
3.844891116023063660e-02
3.841946646571159363e-02
3.838071599602699280e-02
3.834851831197738647e-02
3.834851831197738647e-02
3.829118609428405762e-02
3.819771856069564819e-02
3.806083276867866516e-02
3.796954452991485596e-02
3.791490197181701660e-02
3.792269900441169739e-02
3.790882229804992676e-02
3.786684200167655945e-02
3.777436912059783936e-02
3.759506344795227051e-02
3.759506344795227051e-02
3.732468560338020325e-02
3.702804446220397949e-02
3.668183460831642151e-02
3.643662482500076294e-02
3.622546419501304626e-02
3.618098422884941101e-02
3.618798777461051941e-02
3.616310283541679382e-02
3.609593212604522705e-02
3.593574836850166321e-02
3.593574836850166321e-02
3.570548817515373230e-02
3.534677624702453613e-02
3.501514717936515808e-02
3.471056744456291199e-02
3.451211750507354736e-02
3.443247452378273010e-02
3.450010344386100769e-02
3.454467654228210449e-02
3.450401872396469116e-02
3.445300459861755371e-02
3.445300459861755371e-02
3.429080918431282043e-02
3.406979888677597046e-02
3.384083136916160583e-02
3.364618867635726929e-02
3.344220295548439026e-02
3.329536691308021545e-02
3.312914818525314331e-02
3.290919214487075806e-02
3.238759189844131470e-02
3.196426853537559509e-02
3.196426853537559509e-02
3.160771355032920837e-02
3.131173178553581238e-02
3.107186965644359589e-02
3.090604767203330994e-02
3.073021396994590759e-02
3.051209822297096252e-02
3.032770752906799316e-02
3.008096478879451752e-02
2.980793826282024384e-02
2.957087196409702301e-02
2.957087196409702301e-02
2.943561971187591553e-02
2.934777364134788513e-02
2.934677153825759888e-02
2.926526218652725220e-02
2.902190387248992920e-02
2.868907153606414795e-02
2.831575833261013031e-02
2.805191837251186371e-02
2.786272391676902771e-02
2.766609005630016327e-02
2.766609005630016327e-02
2.744340151548385620e-02
2.721676044166088104e-02
2.693344280123710632e-02
2.659661322832107544e-02
2.620584703981876373e-02
2.582626976072788239e-02
2.547990530729293823e-02
2.522360533475875854e-02
2.498732693493366241e-02
2.475131116807460785e-02
2.475131116807460785e-02
2.445427328348159790e-02
2.411820180714130402e-02
2.373220957815647125e-02
2.334905788302421570e-02
2.303771302103996277e-02
2.277388237416744232e-02
2.254921384155750275e-02
2.234318107366561890e-02
2.214898914098739624e-02
2.195325680077075958e-02
2.195325680077075958e-02
2.168661542236804962e-02
2.141811698675155640e-02
2.123107761144638062e-02
2.115874923765659332e-02
2.110645174980163574e-02
2.101349458098411560e-02
2.087885513901710510e-02
2.071859873831272125e-02
2.052671276032924652e-02
2.031457424163818359e-02
2.031457424163818359e-02
2.008625306189060211e-02
1.991373859345912933e-02
1.972187496721744537e-02
1.959665119647979736e-02
1.944722048938274384e-02
1.929056830704212189e-02
1.907317340373992920e-02
1.882797852158546448e-02
1.855846121907234192e-02
1.831190101802349091e-02
1.831190101802349091e-02
1.811964251101016998e-02
1.801019534468650818e-02
1.796502061188220978e-02
1.784516312181949615e-02
1.756315119564533234e-02
1.723066344857215881e-02
1.687628403306007385e-02
1.659602485597133636e-02
1.627265475690364838e-02
1.596039533615112305e-02
1.596039533615112305e-02
1.567421108484268188e-02
1.536654680967330933e-02
1.507678441703319550e-02
1.482901722192764282e-02
1.456023659557104111e-02
1.429209019988775253e-02
1.404412556439638138e-02
1.379940006881952286e-02
1.363890618085861206e-02
1.354536507278680801e-02
1.354536507278680801e-02
1.356769446283578873e-02
1.361700426787137985e-02
1.366817671805620193e-02
1.363297831267118454e-02
1.358242984861135483e-02
1.354771014302968979e-02
1.351358555257320404e-02
1.333675626665353775e-02
1.311640813946723938e-02
1.289632264524698257e-02
1.289632264524698257e-02
1.270545832812786102e-02
1.251305639743804932e-02
1.222539786249399185e-02
1.199581194669008255e-02
1.176347117871046066e-02
1.155585981905460358e-02
1.141736190766096115e-02
1.136998180299997330e-02
1.152472663670778275e-02
1.168203819543123245e-02
1.168203819543123245e-02
1.185291726142168045e-02
1.201312895864248276e-02
1.214900799095630646e-02
1.237224787473678589e-02
1.263089571148157120e-02
1.287148147821426392e-02
1.310297381132841110e-02
1.315542962402105331e-02
1.308777369558811188e-02
1.296576391905546188e-02
1.296576391905546188e-02
1.276323944330215454e-02
1.253700070083141327e-02
1.229695789515972137e-02
1.200439967215061188e-02
1.169702410697937012e-02
1.132598146796226501e-02
1.091935671865940094e-02
1.043654978275299072e-02
1.015305519104003906e-02
9.923057630658149719e-03
9.923057630658149719e-03
9.694255888462066650e-03
9.529160335659980774e-03
9.372442029416561127e-03
9.185057133436203003e-03
8.957518264651298523e-03
8.832362480461597443e-03
8.696924895048141479e-03
8.483554236590862274e-03
8.289512246847152710e-03
8.131908252835273743e-03
8.131908252835273743e-03
7.972212508320808411e-03
7.843077182769775391e-03
7.649100385606288910e-03
7.342169061303138733e-03
6.944531109184026718e-03
6.682052277028560638e-03
6.422005593776702881e-03
6.258963141590356827e-03
6.122834980487823486e-03
6.121807731688022614e-03
6.121807731688022614e-03
6.199133582413196564e-03
6.107013206928968430e-03
5.906774662435054779e-03
5.691794678568840027e-03
5.533983465284109116e-03
5.387199576944112778e-03
5.370668601244688034e-03
5.358007270842790604e-03
5.337266251444816589e-03
5.212986376136541367e-03
5.212986376136541367e-03
5.227493587881326675e-03
5.181695334613323212e-03
4.995325114578008652e-03
4.763805307447910309e-03
4.520925227552652359e-03
4.310547374188899994e-03
4.070222377777099609e-03
3.947583492845296860e-03
3.896275768056511879e-03
3.907533362507820129e-03
3.907533362507820129e-03
3.978522960096597672e-03
4.037580452859401703e-03
4.178161267191171646e-03
4.358774516731500626e-03
4.524868912994861603e-03
4.710264038294553757e-03
4.912206903100013733e-03
5.084334407001733780e-03
5.258242599666118622e-03
5.408495198935270309e-03
5.408495198935270309e-03
5.588199011981487274e-03
5.767837632447481155e-03
5.991982761770486832e-03
6.178976036608219147e-03
6.386935710906982422e-03
6.622256245464086533e-03
6.846192758530378342e-03
7.070804480463266373e-03
7.245401851832866669e-03
7.445508614182472229e-03
7.445508614182472229e-03
7.725149393081665039e-03
7.993652485311031342e-03
8.265337906777858734e-03
8.547391742467880249e-03
8.884199894964694977e-03
9.207735769450664520e-03
9.375541470944881439e-03
9.513174183666706085e-03
9.569166228175163269e-03
9.574503637850284576e-03
9.574503637850284576e-03
9.551144205033779144e-03
9.535218589007854462e-03
9.578546509146690369e-03
9.670479223132133484e-03
9.696118533611297607e-03
9.663229808211326599e-03
9.617070667445659637e-03
9.493099525570869446e-03
9.407218545675277710e-03
9.350724518299102783e-03
9.350724518299102783e-03
9.270405396819114685e-03
9.219146333634853363e-03
9.225589223206043243e-03
9.242806583642959595e-03
9.277764707803726196e-03
9.289020672440528870e-03
9.449574165046215057e-03
9.608515538275241852e-03
9.731995873153209686e-03
9.780819527804851532e-03
9.780819527804851532e-03
9.803423658013343811e-03
9.954025037586688995e-03
1.013159658759832382e-02
1.029945630580186844e-02
1.047471631318330765e-02
1.061497908085584641e-02
1.073889341205358505e-02
1.083947066217660904e-02
1.092708390206098557e-02
1.100978534668684006e-02
1.100978534668684006e-02
1.102095656096935272e-02
1.100377552211284637e-02
1.102532166987657547e-02
1.092839799821376801e-02
1.086211111396551132e-02
1.073714625090360641e-02
1.070075575262308121e-02
1.052186638116836548e-02
1.033138576894998550e-02
1.018139719963073730e-02
1.018139719963073730e-02
1.005487237125635147e-02
9.965855628252029419e-03
9.860212914645671844e-03
9.970297105610370636e-03
1.012106053531169891e-02
1.033377368003129959e-02
1.057221088558435440e-02
1.083798892796039581e-02
1.107146963477134705e-02
1.121979858726263046e-02
1.121979858726263046e-02
1.129660010337829590e-02
1.132513117045164108e-02
1.129761897027492523e-02
1.117670908570289612e-02
1.100398227572441101e-02
1.069082599133253098e-02
1.046242378652095795e-02
1.031000725924968719e-02
1.015680003911256790e-02
1.001207157969474792e-02
1.001207157969474792e-02
9.835030883550643921e-03
9.647715836763381958e-03
9.476996026933193207e-03
9.259001351892948151e-03
9.100080467760562897e-03
8.998608216643333435e-03
8.937462233006954193e-03
8.886978961527347565e-03
8.830085396766662598e-03
8.790429681539535522e-03
8.790429681539535522e-03
8.893785998225212097e-03
9.036608971655368805e-03
9.217017330229282379e-03
9.359718300402164459e-03
9.435875341296195984e-03
9.473297744989395142e-03
9.483452886343002319e-03
9.459611959755420685e-03
9.385356679558753967e-03
9.370492771267890930e-03
9.370492771267890930e-03
9.341456927359104156e-03
9.229779243469238281e-03
9.069343097507953644e-03
8.902374655008316040e-03
8.688016794621944427e-03
8.533467538654804230e-03
8.446195162832736969e-03
8.337669074535369873e-03
8.254285901784896851e-03
8.219473995268344879e-03
8.219473995268344879e-03
8.105670101940631866e-03
8.131062611937522888e-03
8.159982040524482727e-03
8.183813653886318207e-03
8.194246329367160797e-03
8.217736147344112396e-03
8.238028734922409058e-03
8.244609460234642029e-03
8.167930878698825836e-03
8.048299700021743774e-03
8.048299700021743774e-03
7.821210660040378571e-03
7.647320162504911423e-03
7.511979434639215469e-03
7.434802595525979996e-03
7.341264281421899796e-03
7.196569815278053284e-03
7.058703340590000153e-03
6.918017752468585968e-03
6.781505886465311050e-03
6.649456452578306198e-03
6.649456452578306198e-03
6.696319207549095154e-03
6.781400181353092194e-03
6.876264233142137527e-03
7.058279588818550110e-03
7.266544271260499954e-03
7.399046793580055237e-03
7.496782112866640091e-03
7.548557128757238388e-03
7.592259440571069717e-03
7.683021947741508484e-03
7.683021947741508484e-03
7.772939745336771011e-03
7.700790651142597198e-03
7.509016431868076324e-03
7.292633876204490662e-03
7.292633876204490662e-03
7.176042068749666214e-03
7.093714550137519836e-03
6.971161346882581711e-03
6.865860428661108017e-03
6.781030911952257156e-03
6.781030911952257156e-03
6.799089722335338593e-03
6.812051404267549515e-03
6.823285948485136032e-03
6.818797439336776733e-03
6.780189927667379379e-03
6.745450198650360107e-03
6.708831060677766800e-03
6.653788033872842789e-03
6.654347758740186691e-03
6.676743272691965103e-03
6.676743272691965103e-03
6.685776170343160629e-03
6.644025444984436035e-03
6.606475915759801865e-03
6.565702613443136215e-03
6.583707407116889954e-03
6.563224829733371735e-03
6.596440449357032776e-03
6.614394020289182663e-03
6.754179019480943680e-03
6.956332828849554062e-03
6.956332828849554062e-03
7.118934299796819687e-03
7.262378931045532227e-03
7.396369706839323044e-03
7.529669441282749176e-03
7.729213219135999680e-03
7.861591875553131104e-03
8.018183521926403046e-03
8.219862356781959534e-03
8.363478817045688629e-03
8.432946167886257172e-03
8.432946167886257172e-03
8.489273488521575928e-03
8.485504426062107086e-03
8.479281328618526459e-03
8.504413068294525146e-03
8.415846154093742371e-03
8.322474546730518341e-03
8.219551295042037964e-03
8.069239556789398193e-03
7.677228190004825592e-03
7.371394429355859756e-03
7.371394429355859756e-03
7.024957798421382904e-03
6.717090960592031479e-03
6.444451399147510529e-03
6.173864938318729401e-03
5.941162351518869400e-03
5.719836801290512085e-03
5.474381614476442337e-03
5.263584665954113007e-03
5.092153791338205338e-03
4.926191642880439758e-03
4.926191642880439758e-03
4.762495402246713638e-03
4.585339687764644623e-03
4.372811410576105118e-03
4.254793748259544373e-03
4.191132262349128723e-03
4.212339408695697784e-03
4.258092492818832397e-03
4.315779544413089752e-03
4.373872652649879456e-03
4.428249318152666092e-03
4.428249318152666092e-03
4.510930739343166351e-03
4.560507833957672119e-03
4.619161132723093033e-03
4.681122954934835434e-03
4.703808110207319260e-03
4.671887028962373734e-03
4.669325426220893860e-03
4.674565978348255157e-03
4.858019761741161346e-03
5.043806508183479309e-03
5.043806508183479309e-03
5.185192450881004333e-03
5.347774364054203033e-03
5.551870446652173996e-03
5.757202859967947006e-03
5.875325761735439301e-03
6.030112039297819138e-03
6.168037187308073044e-03
6.311585661023855209e-03
6.545391865074634552e-03
6.849986501038074493e-03
6.849986501038074493e-03
6.974420975893735886e-03
7.134201005101203918e-03
7.134201005101203918e-03
7.134201005101203918e-03
7.134201005101203918e-03
7.134201005101203918e-03
7.366094272583723068e-03
7.609933149069547653e-03
7.829133421182632446e-03
8.005468174815177917e-03
8.005468174815177917e-03
8.229765109717845917e-03
8.396287448704242706e-03
8.440321311354637146e-03
8.435293100774288177e-03
8.455030620098114014e-03
8.414452895522117615e-03
8.367151953279972076e-03
8.345010690391063690e-03
8.326548151671886444e-03
8.230453357100486755e-03
8.230453357100486755e-03
8.057082071900367737e-03
7.869801484048366547e-03
7.764696609228849411e-03
7.719960063695907593e-03
7.793866563588380814e-03
7.998229004442691803e-03
8.128784596920013428e-03
8.238933049142360687e-03
8.299295790493488312e-03
8.362540043890476227e-03
8.362540043890476227e-03
8.419060148298740387e-03
8.492989465594291687e-03
8.660948835313320160e-03
8.727403357625007629e-03
8.651689626276493073e-03
8.468434214591979980e-03
8.265974000096321106e-03
8.095635101199150085e-03
7.819833233952522278e-03
7.483612280339002609e-03
7.483612280339002609e-03
7.187104318290948868e-03
6.963756866753101349e-03
6.805036682635545731e-03
6.805036682635545731e-03
6.692965514957904816e-03
6.554793566465377808e-03
6.416143383830785751e-03
6.253554020076990128e-03
6.213668268173933029e-03
6.296011153608560562e-03
6.296011153608560562e-03
6.410239730030298233e-03
6.523200776427984238e-03
6.648972164839506149e-03
6.812801118940114975e-03
6.922714412212371826e-03
6.987429223954677582e-03
7.020138669759035110e-03
7.102420553565025330e-03
7.228098809719085693e-03
7.323242258280515671e-03
7.323242258280515671e-03
7.403009571135044098e-03
7.444461341947317123e-03
7.500832434743642807e-03
7.547894958406686783e-03
7.550443522632122040e-03
7.607028353959321976e-03
7.674152962863445282e-03
7.695451844483613968e-03
7.736313622444868088e-03
7.844000123441219330e-03
7.844000123441219330e-03
7.898572832345962524e-03
7.916067726910114288e-03
7.905730046331882477e-03
7.912221364676952362e-03
7.917946204543113708e-03
7.964354008436203003e-03
8.026557974517345428e-03
8.159168995916843414e-03
8.274939842522144318e-03
8.315226063132286072e-03
