8.489554747939109802e-03
8.489554747939109802e-03
8.716720156371593475e-03
8.832198567688465118e-03
8.959151804447174072e-03
8.986948989331722260e-03
9.208165109157562256e-03
9.050115011632442474e-03
9.008069522678852081e-03
9.122688323259353638e-03
9.115518070757389069e-03
8.982241153717041016e-03
8.982241153717041016e-03
8.650922216475009918e-03
8.414746262133121490e-03
8.234581910073757172e-03
8.090463466942310333e-03
7.981962524354457855e-03
7.899373769760131836e-03
7.881846278905868530e-03
7.809605449438095093e-03
7.694719824939966202e-03
7.607964798808097839e-03
7.607964798808097839e-03
7.502114400267601013e-03
7.432955317199230194e-03
7.284663151949644089e-03
7.156323175877332687e-03
7.087769918143749237e-03
7.039627060294151306e-03
7.078120019286870956e-03
7.117841858416795731e-03
7.228154223412275314e-03
7.277359720319509506e-03
7.277359720319509506e-03
7.463123183697462082e-03
7.653198670595884323e-03
7.867090404033660889e-03
8.028510957956314087e-03
8.120072074234485626e-03
8.212106302380561829e-03
8.175818249583244324e-03
8.251362480223178864e-03
8.247368969023227692e-03
8.238930255174636841e-03
8.238930255174636841e-03
8.275446482002735138e-03
8.318145759403705597e-03
8.432047441601753235e-03
8.421791717410087585e-03
8.348941802978515625e-03
8.308451622724533081e-03
8.385885506868362427e-03
8.469467982649803162e-03
8.544385433197021484e-03
8.534373715519905090e-03
8.534373715519905090e-03
8.417656645178794861e-03
8.185538463294506073e-03
7.888096384704113007e-03
7.542811799794435501e-03
7.098122965544462204e-03
6.711740978062152863e-03
6.389044690877199173e-03
6.084741558879613876e-03
5.923651158809661865e-03
5.903676617890596390e-03
5.903676617890596390e-03
5.850423127412796021e-03
5.892416927963495255e-03
5.916499998420476913e-03
5.960644222795963287e-03
6.029488518834114075e-03
6.177057512104511261e-03
6.363633088767528534e-03
6.526291370391845703e-03
6.662464234977960587e-03
6.891352124512195587e-03
6.891352124512195587e-03
7.134158164262771606e-03
7.347661536186933517e-03
7.552111521363258362e-03
7.759735453873872757e-03
7.880929857492446899e-03
7.856831885874271393e-03
7.668042089790105820e-03
7.377604488283395767e-03
7.063892204314470291e-03
6.672380492091178894e-03
6.672380492091178894e-03
6.383405998349189758e-03
6.187493447214365005e-03
6.030485965311527252e-03
5.896262358874082565e-03
5.859961267560720444e-03
6.074208300560712814e-03
6.270710378885269165e-03
6.567471660673618317e-03
6.879873573780059814e-03
7.171440869569778442e-03
7.171440869569778442e-03
7.505638990551233292e-03
7.809178903698921204e-03
7.935272529721260071e-03
7.921444252133369446e-03
7.732093799859285355e-03
7.516231853514909744e-03
7.317138370126485825e-03
7.097674533724784851e-03
6.872515194118022919e-03
6.567177828401327133e-03
6.567177828401327133e-03
6.266781594604253769e-03
6.021603476256132126e-03
5.927309393882751465e-03
5.906855221837759018e-03
5.982068832963705063e-03
6.058926228433847427e-03
6.271627731621265411e-03
6.598841398954391479e-03
6.994872819632291794e-03
7.312495727092027664e-03
7.312495727092027664e-03
7.524761371314525604e-03
7.659291848540306091e-03
7.758332416415214539e-03
7.680754177272319794e-03
7.425710558891296387e-03
8.150259032845497131e-03
8.654356934130191803e-03
9.081785567104816437e-03
9.451798163354396820e-03
9.734488092362880707e-03
9.734488092362880707e-03
9.939218871295452118e-03
1.008796785026788712e-02
1.017485558986663818e-02
1.019350998103618622e-02
1.017962303012609482e-02
1.013429276645183563e-02
1.008824352174997330e-02
1.002554967999458313e-02
9.962885640561580658e-03
9.906475432217121124e-03
9.906475432217121124e-03
9.836548008024692535e-03
9.810880757868289948e-03
9.797250851988792419e-03
9.794051758944988251e-03
9.744968265295028687e-03
9.714158251881599426e-03
9.651997126638889313e-03
9.615804068744182587e-03
9.562792256474494934e-03
9.466891176998615265e-03
9.466891176998615265e-03
9.328590705990791321e-03
9.146507829427719116e-03
8.889216929674148560e-03
8.651963435113430023e-03
8.463193662464618683e-03
8.304334245622158051e-03
8.239809423685073853e-03
8.261897601187229156e-03
8.292793296277523041e-03
8.303888142108917236e-03
8.303888142108917236e-03
8.030493743717670441e-03
7.802573498338460922e-03
7.565831299871206284e-03
7.286859210580587387e-03
7.042340002954006195e-03
6.839933805167675018e-03
6.654399447143077850e-03
6.484974175691604614e-03
6.399327423423528671e-03
6.381940096616744995e-03
6.381940096616744995e-03
6.427225656807422638e-03
6.486848462373018265e-03
6.569182965904474258e-03
6.636915728449821472e-03
6.639144383370876312e-03
6.621853914111852646e-03
6.568350829184055328e-03
6.478905677795410156e-03
6.318492814898490906e-03
6.168815772980451584e-03
6.168815772980451584e-03
6.011942867189645767e-03
5.880509037524461746e-03
5.769179668277502060e-03
5.664116237312555313e-03
5.633088760077953339e-03
5.637635476887226105e-03
5.695843137800693512e-03
5.803561769425868988e-03
5.933271255344152451e-03
6.118776276707649231e-03
6.118776276707649231e-03
6.305376067757606506e-03
6.515569519251585007e-03
6.747430190443992615e-03
6.947109010070562363e-03
7.144489791244268417e-03
7.319340948015451431e-03
7.488693110644817352e-03
7.613526657223701477e-03
7.716357242316007614e-03
7.817889563739299774e-03
7.817889563739299774e-03
7.859592325985431671e-03
7.800875697284936905e-03
7.700325921177864075e-03
7.592376787215471268e-03
7.439766544848680496e-03
7.265386171638965607e-03
7.065217476338148117e-03
6.873744074255228043e-03
6.722119171172380447e-03
6.598406005650758743e-03
6.598406005650758743e-03
6.440793164074420929e-03
6.274362560361623764e-03
6.084198132157325745e-03
5.894977599382400513e-03
5.675067193806171417e-03
5.522147286683320999e-03
5.375824403017759323e-03
5.246486049145460129e-03
5.127060227096080780e-03
5.016748327761888504e-03
5.016748327761888504e-03
4.948924295604228973e-03
4.902907647192478180e-03
4.874594509601593018e-03
4.862267989665269852e-03
4.861107096076011658e-03
4.863231442868709564e-03
4.816397558897733688e-03
4.804630763828754425e-03
4.797024652361869812e-03
4.807535093277692795e-03
4.807535093277692795e-03
4.754919558763504028e-03
4.718541167676448822e-03
4.699066746979951859e-03
4.627371206879615784e-03
4.612550139427185059e-03
4.625249654054641724e-03
4.605210851877927780e-03
4.542424343526363373e-03
4.504070151597261429e-03
4.441883414983749390e-03
4.441883414983749390e-03
4.329808056354522705e-03
4.250160418450832367e-03
4.183945711702108383e-03
4.217820707708597183e-03
4.282153677195310593e-03
4.240120295435190201e-03
4.157260060310363770e-03
4.097471013665199280e-03
4.089193884283304214e-03
4.119354765862226486e-03
4.119354765862226486e-03
4.163267556577920914e-03
4.190898034721612930e-03
4.174030385911464691e-03
4.164954181760549545e-03
4.249378107488155365e-03
4.370207898318767548e-03
4.406728316098451614e-03
4.397321958094835281e-03
4.311054013669490814e-03
4.242065828293561935e-03
