2.899371264294582640e-02
2.865954220069457173e-02
2.772890548882150918e-02
2.689850675446299119e-02
2.653224973893908781e-02
2.649911775746419465e-02
2.647139448795019639e-02
2.620122313947429935e-02
2.633453454056582793e-02
2.649152823477013766e-02
2.645369423747451904e-02
2.645369423747451904e-02
2.647012581081811811e-02
2.633079872108441341e-02
2.602546128778383122e-02
2.555609551334219257e-02
2.533498018879339064e-02
2.518665712304717780e-02
2.487530372576804080e-02
2.453972448825939012e-02
2.426255987664624469e-02
2.392027464416120880e-02
2.392027464416120880e-02
2.376832816546600724e-02
2.364998803717350065e-02
2.351330823880915660e-02
2.343615885264474508e-02
2.349117442260630420e-02
2.358922989683116464e-02
2.348354066990190545e-02
2.334449557918756579e-02
2.342175452038855119e-02
2.355957025192571136e-02
2.355957025192571136e-02
2.370981990051897886e-02
2.385807978693014336e-02
2.408126475701338753e-02
2.431414190383728025e-02
2.457629575521904502e-02
2.472242298723610968e-02
2.484338887109508592e-02
2.500213963504635192e-02
2.524169564264586163e-02
2.511231992288859294e-02
2.511231992288859294e-02
2.511493953058650461e-02
2.505875788934450524e-02
2.492315681580212217e-02
2.442325375356312750e-02
2.387979469614379124e-02
2.353470351802933527e-02
2.323002756728478196e-02
2.308111215742878267e-02
2.278150041523937380e-02
2.246288374133982926e-02
2.246288374133982926e-02
2.220882513371505093e-02
2.198333258382977051e-02
2.181884212250961158e-02
2.193013031677836649e-02
2.212998250269107570e-02
2.223581573192958544e-02
2.251201358680324921e-02
2.283424956780926232e-02
2.311498788066713994e-02
2.337075004026022140e-02
2.337075004026022140e-02
2.355931754238784273e-02
2.369477801118046595e-02
2.390041591630150120e-02
2.396420583796893961e-02
2.401079333229664409e-02
2.401662821353118052e-02
2.400648756782030116e-02
2.388752133978004621e-02
2.371438722310658873e-02
2.361033649333179468e-02
2.361033649333179468e-02
2.354986380405603083e-02
2.348875231223396254e-02
2.352287154702351404e-02
2.357681211340743530e-02
2.362804530033827885e-02
2.368018795074862751e-02
2.377536836069914228e-02
2.379526531204852538e-02
2.392083386278285109e-02
2.385720699984682919e-02
2.385720699984682919e-02
2.372151174937320653e-02
2.347723597540144272e-02
2.313561450039131051e-02
2.288448544917487393e-02
2.257854229877424498e-02
2.238373249422221517e-02
2.207268872242405464e-02
2.168253352582814528e-02
2.145512440333835827e-02
2.141216955347639839e-02
2.141216955347639839e-02
2.146734959138681120e-02
2.160026146489083324e-02
2.164491216848594968e-02
2.172183884513722088e-02
2.151976742980091228e-02
2.105157521338021226e-02
2.065418478536614616e-02
2.075446201968314183e-02
2.084282764368999841e-02
2.100044229954052891e-02
2.100044229954052891e-02
2.116688787584982551e-02
2.140790197759155980e-02
2.142242408888210894e-02
2.107781196237085153e-02
2.084093862370106284e-02
2.051614537204497074e-02
2.023872990706082620e-02
1.972303571680886561e-02
1.938770696964450466e-02
1.913818988570962359e-02
1.913818988570962359e-02
1.902019160059206099e-02
1.885389010520805916e-02
1.884822514296272469e-02
1.888979223260100690e-02
1.889916827405157401e-02
1.894925559920664082e-02
1.903997993344286321e-02
1.936769119121159802e-02
1.995996867017798757e-02
2.029655536875659208e-02
2.029655536875659208e-02
2.051535131773848941e-02
2.074506006297501676e-02
2.099078422213734169e-02
2.089272082514640264e-02
2.060683149671919609e-02
2.020851483257116166e-02
1.984435279714372863e-02
1.905126557749319688e-02
1.839938870392521589e-02
1.784943215955398302e-02
