4.204270158942513742e-04
4.204270158942513742e-04
1.929485484687433949e-03
2.131605833917762927e-03
1.754490956296214568e-03
1.279239909960595096e-03
9.535064877792303250e-04
8.781023788933309520e-04
1.070205641749564802e-03
1.449723928469961055e-03
1.758986483698639662e-03
1.798040478474389765e-03
1.798040478474389765e-03
1.616004847657656618e-03
1.352522263976139224e-03
1.162500466129607691e-03
1.138314902787846295e-03
1.318380238730497683e-03
1.487989560530460914e-03
1.651899955421969263e-03
1.724878104941619198e-03
1.728610868738363797e-03
1.723597146295336845e-03
1.723597146295336845e-03
1.624292445412566259e-03
1.521352708291224404e-03
1.392688571707071657e-03
1.445395662331808466e-03
1.626937787474294498e-03
1.803721148654372549e-03
1.907771850855102249e-03
1.922383719429485768e-03
1.815645707522735124e-03
1.624406026703757375e-03
1.624406026703757375e-03
1.466096923627472097e-03
1.389922350196494232e-03
1.361595196051818609e-03
1.370313535301976963e-03
1.428555420971096713e-03
1.503177693578866938e-03
1.588234124849683326e-03
1.669861031573313323e-03
1.615368798704353796e-03
1.575996726083296433e-03
1.575996726083296433e-03
1.570539808443398300e-03
1.608270218400629581e-03
1.620605120074649665e-03
1.607676582333112444e-03
1.564454259065182345e-03
1.451580446803076799e-03
1.385541512830802463e-03
1.476642612697002740e-03
1.514908491400861331e-03
1.503899744834531673e-03
1.503899744834531673e-03
1.501082986298650328e-03
1.411603802330219613e-03
1.414020583450436826e-03
1.457253266419034337e-03
1.490676326150505498e-03
1.548926428125461680e-03
1.560320640345699015e-03
1.564007435758982788e-03
1.504483718830718726e-03
1.540327335492001990e-03
1.540327335492001990e-03
1.643176210433738892e-03
1.720203739581986808e-03
1.707762078664248114e-03
1.620452413819942813e-03
1.484646562834210067e-03
1.384964252287228031e-03
1.337305357158573987e-03
1.474170059715147014e-03
1.633114910964195967e-03
1.629348713055130213e-03
1.629348713055130213e-03
1.730463581779831568e-03
1.866504367140194715e-03
1.964356702261740081e-03
1.875399250275408937e-03
1.770063823879172455e-03
1.780589965332470166e-03
1.858217875518233331e-03
1.971593842594103647e-03
2.099359517994918087e-03
2.087876355938431735e-03
2.087876355938431735e-03
1.810331100248769231e-03
1.311284022844240406e-03
1.114184743734533212e-03
1.078246008528366533e-03
1.223945363969893875e-03
1.542691130451630298e-03
1.741843809546352127e-03
1.763756969629318031e-03
1.426322425172302797e-03
9.832103120898006039e-04
9.832103120898006039e-04
7.074695515152049910e-04
6.409509253077542946e-04
6.079505272425520315e-04
6.580948274489522567e-04
9.042236560659102631e-04
9.752567378776852512e-04
9.815961203967424331e-04
1.157645649611528963e-03
1.376956975235542639e-03
1.511681629389048870e-03
1.511681629389048870e-03
1.637643969576985581e-03
1.702827100512912303e-03
1.762519588453762866e-03
1.877162148170537182e-03
2.001346637488457189e-03
2.085539565829533804e-03
2.098771751282001597e-03
1.988576550033940848e-03
1.839368809372887150e-03
1.657252730186857493e-03
1.657252730186857493e-03
1.536745643409752511e-03
1.460199821324771781e-03
1.422218974408998200e-03
1.212480879993342673e-03
8.737901147666685478e-04
5.727573300808678223e-04
4.308288602346148940e-04
5.181786131859679283e-04
6.457605599620627182e-04
6.839407692936930530e-04
6.839407692936930530e-04
7.426888493279441578e-04
9.082177641871859788e-04
1.209880018471006392e-03
1.714000091069579424e-03
2.243383412533542752e-03
2.751508749486296975e-03
3.174664695017572359e-03
3.439052225687131044e-03
3.626195572767196545e-03
3.712551779330146989e-03
3.712551779330146989e-03
3.762977839980622199e-03
3.702443391033715964e-03
3.559355435597188685e-03
3.402285879710099589e-03
3.196809826077887627e-03
3.040929068978215875e-03
2.963835168692075233e-03
2.969787182384693060e-03
2.999734559266659453e-03
3.063925112419459054e-03
3.063925112419459054e-03
2.949450050822787980e-03
2.737642210311567407e-03
2.447516331589318344e-03
2.096132320929808886e-03
1.723925527353373927e-03
1.318099424614387147e-03
9.816316169606838834e-04
7.952518957055812856e-04
7.528671079210083389e-04
7.534085098460475494e-04
7.534085098460475494e-04
7.878393502123502527e-04
8.469295302855907835e-04
9.238904032447755894e-04
9.874556893363078004e-04
1.004259148242977106e-03
1.013585492822409841e-03
9.420330656689970394e-04
8.072265715299188496e-04
6.856278122855083467e-04
6.174033503556495325e-04
6.174033503556495325e-04
6.113926925568330525e-04
6.703566119206056479e-04
8.240100332275928979e-04
1.015273257013816176e-03
1.216023675035668525e-03
1.355443516165883702e-03
1.562131990748032466e-03
1.740766506101200373e-03
1.930452292673017368e-03
2.061097862672691544e-03
2.061097862672691544e-03
1.936408873300158023e-03
1.691800655881047855e-03
1.340574458287152344e-03
9.236704973715599782e-04
5.356331588674741748e-04
5.721751704601574532e-04
1.115078896707629840e-03
1.736221374057475564e-03
2.290111915250991805e-03
2.738955942194594428e-03
2.738955942194594428e-03
3.205432480649877784e-03
3.290300587238266170e-03
3.382687670638921673e-03
3.441804752975826786e-03
3.550278223818693207e-03
3.639628341566069486e-03
3.699215396945635705e-03
3.747200717663543620e-03
3.741592625599266583e-03
3.633806733256327026e-03
3.633806733256327026e-03
3.433921622924037808e-03
3.126221731409232433e-03
2.807792609908351614e-03
2.536404742004988184e-03
2.256205961000064091e-03
2.013293672437415412e-03
1.801671664530624453e-03
1.662665130009988038e-03
1.637993159340415559e-03
1.659211738499196103e-03
1.659211738499196103e-03
1.606302626881544494e-03
1.525344145327177468e-03
1.387898351587995736e-03
1.150825537334571871e-03
8.476292901052372760e-04
6.007942211747697775e-04
5.317793256042606951e-04
4.798316918510594684e-04
4.699440888707669454e-04
5.353925007024434683e-04
5.353925007024434683e-04
7.301903814529224447e-04
9.667525277755888331e-04
1.190336144995406695e-03
1.328931474528093678e-03
1.350972235133908201e-03
1.357677007195594440e-03
1.431301075972852633e-03
1.444174049852641655e-03
1.457044499053339022e-03
1.401508748735959611e-03
1.401508748735959611e-03
1.365289728981627015e-03
1.293176321639908114e-03
1.207693649317769609e-03
1.423093598165728812e-03
1.602651569849589033e-03
1.653138516543320880e-03
1.615336964307657365e-03
1.622548501130379730e-03
1.674322468874576107e-03
1.855293921491844682e-03
1.855293921491844682e-03
1.848530223739264884e-03
1.572849844074053569e-03
1.174942955933783086e-03
8.146842764697798849e-04
6.878141169987929491e-04
9.676386814171909507e-04
1.343570770505400245e-03
1.604895265751946770e-03
1.657231015785679299e-03
1.590047806419727467e-03
