4.901062324643135071e-02
4.901062324643135071e-02
4.877039417624473572e-02
4.881569370627403259e-02
4.886392503976821899e-02
4.894558712840080261e-02
4.893346130847930908e-02
4.886910691857337952e-02
4.884556308388710022e-02
4.885678738355636597e-02
4.903141036629676819e-02
4.905097186565399170e-02
4.905097186565399170e-02
4.895919561386108398e-02
4.878256469964981079e-02
4.860849305987358093e-02
4.842227324843406677e-02
4.829199239611625671e-02
4.813873022794723511e-02
4.807611554861068726e-02
4.795616865158081055e-02
4.776310175657272339e-02
4.756492003798484802e-02
