3.228027492162472561e-02
3.115920786343856844e-02
3.035927505325813208e-02
2.992982710949525227e-02
2.926079856680162058e-02
2.847871503196743037e-02
2.770159496263965154e-02
2.700504420858343760e-02
2.632911563883476649e-02
2.564574374918305796e-02
2.504291113711341540e-02
2.504291113711341540e-02
2.437445538935644612e-02
2.392987935670956925e-02
2.344606645246516061e-02
2.300347044821712816e-02
2.260817302352905941e-02
2.219757737080572252e-02
2.182297629492024188e-02
2.153226808914504228e-02
2.116474758502899511e-02
2.087409157054786676e-02
2.087409157054786676e-02
2.054466893927692911e-02
2.024359149484418821e-02
1.988952621884207059e-02
1.958287583077363003e-02
1.937564920810675925e-02
1.926958828438703544e-02
1.918653775483847648e-02
1.903644615754082614e-02
1.893620749456777566e-02
1.881660756474014609e-02
1.881660756474014609e-02
1.867457181875175481e-02
1.854386342772273988e-02
1.840901747420402995e-02
1.838369491963200847e-02
1.834497682270096186e-02
1.831656721841116997e-02
1.816042037715835319e-02
1.779043853347238302e-02
1.750291108303833262e-02
1.740690258572794372e-02
1.740690258572794372e-02
1.718086973322696318e-02
1.703252611427671578e-02
1.705253128265719550e-02
1.701923209250209845e-02
1.693334137183094210e-02
1.692863367886215248e-02
1.697451978777119591e-02
1.706229380804725679e-02
1.716100964386382474e-02
1.728638490446718357e-02
1.728638490446718357e-02
1.740603958713808630e-02
1.747235385606503086e-02
1.749291932769413832e-02
1.747557756566818152e-02
1.748798681617185283e-02
1.750082535695024824e-02
1.750311180395779098e-02
1.747616109438699869e-02
1.717821060357253155e-02
1.706365551957627139e-02
1.706365551957627139e-02
1.691192190430746214e-02
1.676412508094655973e-02
1.651687793635805632e-02
1.628057220102576905e-02
1.623247264282875676e-02
1.623587699114348651e-02
1.618426965809570059e-02
1.625985937366123540e-02
1.615998880727399431e-02
1.610174748845884588e-02
1.610174748845884588e-02
1.605249039276524306e-02
1.621406973501854712e-02
1.649581941682968025e-02
1.689149515258140874e-02
1.717665537837812645e-02
1.729844930153222674e-02
1.742564860401524252e-02
1.755149501833741868e-02
1.762031624704029492e-02
1.768756024775889821e-02
1.768756024775889821e-02
1.766231159167649251e-02
1.762617017010608203e-02
1.752837911610822738e-02
1.748409732895275445e-02
1.742191819713558715e-02
1.737849075252024048e-02
1.737724402574818139e-02
1.750255578568326795e-02
1.768526105044829558e-02
1.795190637061353997e-02
1.795190637061353997e-02
1.827553773067373474e-02
1.860137080825575648e-02
1.893570954511936133e-02
1.924823170225811383e-02
1.929187951678445340e-02
1.943589805781665431e-02
1.955671202365952613e-02
1.948579120771095838e-02
1.936328344215807254e-02
1.944993711185631635e-02
1.944993711185631635e-02
1.949893696031937407e-02
1.957087010278745626e-02
1.935339535083637277e-02
1.898133809655002877e-02
1.884558718469299746e-02
1.861804925396239041e-02
1.829306905742315859e-02
1.775308219915823493e-02
1.720491145471211153e-02
1.668521180648327093e-02
1.668521180648327093e-02
1.623844454905186072e-02
1.595632519377416375e-02
1.598486480533579598e-02
1.606310583730140643e-02
1.605929219100686589e-02
1.602141983372403281e-02
1.576380971198585584e-02
1.550082386511112374e-02
1.556353270052523649e-02
1.598457057584688756e-02
1.598457057584688756e-02
1.616028491121280705e-02
1.605456769492480049e-02
1.593570602872212624e-02
1.601935138930203270e-02
1.618753375516695375e-02
1.643854739745954571e-02
1.658733095443974334e-02
1.654589780210109426e-02
1.664005761499742775e-02
1.663967821361682017e-02
