2.578486565402233338e-02
2.595228477960720426e-02
2.506871434785089975e-02
2.439942440930475617e-02
2.396386167112632762e-02
2.369816868111106895e-02
2.338646017488012555e-02
2.309631267575057781e-02
2.319872146336296459e-02
2.352281232202355424e-02
2.382122540669764227e-02
2.382122540669764227e-02
2.401268397483828643e-02
2.429348218018458419e-02
2.444477082689484881e-02
2.452671670156532022e-02
2.482416987512564219e-02
2.492445758704714062e-02
2.506596103685137383e-02
2.533429380218385485e-02
2.564610822710313917e-02
2.580445433917945633e-02
2.580445433917945633e-02
2.605664712466214741e-02
2.633093024862103240e-02
2.666593051262925243e-02
2.695783471560522435e-02
2.710139128840128100e-02
2.714808007295707593e-02
2.710860537143584131e-02
2.708043777950561171e-02
2.708242293893750596e-02
2.736408773673529651e-02
2.736408773673529651e-02
2.751484393508107570e-02
2.772502490125099486e-02
2.792486887106626625e-02
2.821754538472208765e-02
2.852869522781922504e-02
2.868628044427606189e-02
2.889309942500296879e-02
2.903208731048810554e-02
2.908021653563215569e-02
2.910436798603584230e-02
2.910436798603584230e-02
2.921967041922360689e-02
2.925708239668192018e-02
2.925233924802944294e-02
2.926457030089028855e-02
2.924110290506314047e-02
2.924804559601433540e-02
2.924160915384686754e-02
2.916825992745635324e-02
2.906364137937835976e-02
2.910394047100441778e-02
2.910394047100441778e-02
2.925101294520306150e-02
2.943223137601105877e-02
2.972567765065225673e-02
3.002797582144094146e-02
3.040329785219678116e-02
3.075615739647829736e-02
3.128988520493079101e-02
3.177491245207698933e-02
3.227639825861560591e-02
3.269899718678917488e-02
3.269899718678917488e-02
3.318867865406390644e-02
3.324323362110253449e-02
3.331553601910402368e-02
3.335380076196437643e-02
3.336487407324734145e-02
3.348036888729781502e-02
3.373727276156224253e-02
3.386734790223665248e-02
3.394232293170799247e-02
3.409359006995080210e-02
3.409359006995080210e-02
3.422578021061067899e-02
3.432468177637017226e-02
3.446211963694310876e-02
3.447611738690142119e-02
3.447466447597342248e-02
3.462067660913109579e-02
3.462060373838159871e-02
3.453880985381053287e-02
3.445259389091652469e-02
3.443937910347098091e-02
3.443937910347098091e-02
3.443671924838976467e-02
3.440355033021016279e-02
3.419361895125235667e-02
3.414753209132971590e-02
3.407225429067902572e-02
3.390519874815593748e-02
3.370053669476699709e-02
3.347052952385273089e-02
3.320051128118170491e-02
3.311746666667977901e-02
3.311746666667977901e-02
3.310268511703958610e-02
3.308216977503433687e-02
3.308995183033836690e-02
3.321958910523230973e-02
3.334894691956771101e-02
3.341149130389892141e-02
3.339265845457958792e-02
3.337504367718156090e-02
3.335021395658054749e-02
3.332702849537862860e-02
3.332702849537862860e-02
3.323834908505562263e-02
3.345470489044136131e-02
3.344954579715635201e-02
3.354760672765937785e-02
3.368322267803870035e-02
3.357077563067670939e-02
3.326437169838739744e-02
3.287229411774868909e-02
3.247227778322055863e-02
3.198522003535731600e-02
3.198522003535731600e-02
3.157026109172369338e-02
3.108193544568161465e-02
3.068141919386133121e-02
3.049871099062915689e-02
3.029337567470792927e-02
3.031786610412806268e-02
3.018473691987648422e-02
3.016626308716843091e-02
2.991072453841018414e-02
2.968613494092866428e-02
2.968613494092866428e-02
2.947491426731624689e-02
2.913441592794146703e-02
2.906003829723070170e-02
2.917548905533450671e-02
2.925103806506272608e-02
2.936553263603111988e-02
2.909947366660470963e-02
2.893862032563997155e-02
2.861015344250340819e-02
2.836205994499003610e-02
2.836205994499003610e-02
2.827963865964895629e-02
2.849267398583722050e-02
2.887436716189821853e-02
2.899926489847405933e-02
2.899290847193373294e-02
2.892995391029161423e-02
2.888202986400073211e-02
2.890354372967995911e-02
2.898691095948992616e-02
2.911599491420547789e-02
2.911599491420547789e-02
2.969260727384387399e-02
3.044908366531778529e-02
3.097716885049410854e-02
3.127341493257169980e-02
3.153920416318407860e-02
3.151018456462950645e-02
3.132870853217666063e-02
3.104672690898788515e-02
3.064339130773266820e-02
3.072003575124675895e-02
3.072003575124675895e-02
3.102233013644482493e-02
3.149291086638782156e-02
3.197548133252431368e-02
3.210460533515065856e-02
3.217714112974820462e-02
3.209324936230712605e-02
3.182877887217405027e-02
3.144115258195358947e-02
3.114383766968393391e-02
3.089608520297664612e-02
3.089608520297664612e-02
3.078153094469116002e-02
3.061409303877888483e-02
3.059022942773574963e-02
3.055604447257004308e-02
3.067035574516632779e-02
3.090367808321672558e-02
3.107424626411848037e-02
3.094756875026197229e-02
3.071753965267244244e-02
3.040408770841552047e-02
3.040408770841552047e-02
3.006284459895631339e-02
2.977420138748504072e-02
2.957126789628410773e-02
2.935455726510262722e-02
2.917723339461592708e-02
2.904917539780727670e-02
2.898528036109446551e-02
2.899408714457155437e-02
2.902835737958614146e-02
2.910359970950536154e-02
2.910359970950536154e-02
2.909986611272298573e-02
2.893975084192483907e-02
2.872786925021275639e-02
2.845598185426433113e-02
2.818428770032529312e-02
2.810476892632966447e-02
2.806725809918764539e-02
2.814122246120971671e-02
2.811187601748486517e-02
2.807818477751563430e-02
2.807818477751563430e-02
2.821418931678055728e-02
2.841178665156366204e-02
2.849070368038549364e-02
2.864166678600594401e-02
2.858233643826034107e-02
2.842586040683047974e-02
2.825691973070969948e-02
2.789879345195024618e-02
2.760499480124628535e-02
2.740644908583234410e-02
2.740644908583234410e-02
2.740541026322988391e-02
2.736983060784980298e-02
2.739681010766801747e-02
2.750235710694992272e-02
2.738349376923876130e-02
2.732579361788073369e-02
2.716724689106635865e-02
2.694321671411939109e-02
2.663274462062383691e-02
2.631468153075513378e-02
2.631468153075513378e-02
2.631465137401148638e-02
2.642496916967752504e-02
2.637796564073126640e-02
2.631045611485881286e-02
2.637649408082446897e-02
2.674226912330204473e-02
2.705530703865634615e-02
2.718064711686054083e-02
2.730335399800210353e-02
2.744971953167493067e-02
2.744971953167493067e-02
2.740019841471829851e-02
2.741336680656127067e-02
2.741346777852233380e-02
2.742926195166801862e-02
2.738910567566024690e-02
2.726162736958992125e-02
2.745297996014447323e-02
2.751303753135337857e-02
2.748757620310835967e-02
2.756704797027282466e-02
2.756704797027282466e-02
2.746906238264715944e-02
2.710542629443859347e-02
2.686631986533885921e-02
2.660959957705717055e-02
2.655632299398608467e-02
2.685205979327802070e-02
2.723186185199222287e-02
2.749268700691005415e-02
2.764642098605765708e-02
2.777753305437337394e-02
2.777753305437337394e-02
2.824455686477895036e-02
2.847945391879980886e-02
2.832712152302623368e-02
2.813001313626436323e-02
2.784849138465602184e-02
2.772128180369541617e-02
2.774057288185391781e-02
2.780901708704153208e-02
2.788214611369393275e-02
2.782175116822477659e-02
2.782175116822477659e-02
2.764933986322147194e-02
2.739509625514618615e-02
2.739509625514618615e-02
2.719236834887308468e-02
2.710496146172982831e-02
2.703478479739171783e-02
2.699756699294450502e-02
2.682573171748152407e-02
2.680877445398281711e-02
2.687352485230985744e-02
2.687352485230985744e-02
2.706266083454725302e-02
2.715797057647587748e-02
2.717950896492267107e-02
2.712612127194975395e-02
2.699702013593362551e-02
2.675548252023494944e-02
2.658880118548731172e-02
2.660046614982546770e-02
2.645578091952825381e-02
2.623338591163021719e-02
2.623338591163021719e-02
2.571467112033366462e-02
2.530265639498714692e-02
2.483933369082634221e-02
2.458297867430566525e-02
2.431424575423868015e-02
2.412636644283144838e-02
2.429723466040008967e-02
2.449618743398307777e-02
2.462508834205755920e-02
2.468908576757260914e-02
2.468908576757260914e-02
2.481115290879186766e-02
2.496534091529461000e-02
2.498331357316161891e-02
2.485105600475570262e-02
2.477508689662802702e-02
2.488335299305920525e-02
2.514755020439739253e-02
2.546199434838395531e-02
2.560888090087612770e-02
2.560878777214632349e-02
2.560878777214632349e-02
2.564012242528634217e-02
2.549157959668250581e-02
2.538178572167717334e-02
2.524366573310135933e-02
2.499527659818853373e-02
2.466217814621283339e-02
2.444785733067630570e-02
2.442430995224954826e-02
2.448328598677370835e-02
2.449326345249642004e-02
2.449326345249642004e-02
2.438645951205929349e-02
2.406477436158312860e-02
2.381197002316297676e-02
2.351096027990562734e-02
2.323469593514301823e-02
2.283466660005888452e-02
2.251015498197486350e-02
2.231112257754683248e-02
2.239480492733330469e-02
2.262220072311963218e-02
2.262220072311963218e-02
2.291861564716674016e-02
2.328559513357903593e-02
2.362721269912449948e-02
2.425276897699656445e-02
2.464540854489409225e-02
2.474389231435280417e-02
2.471806602489846211e-02
2.428440432937843674e-02
2.395714028285024846e-02
2.363698243981889047e-02
2.363698243981889047e-02
2.348525291849194382e-02
2.345173863664300890e-02
2.351099408718853798e-02
2.381738103979629678e-02
2.412791358348595830e-02
2.442271370001057942e-02
2.464715968572264021e-02
2.466478633226716621e-02
2.457801454016314557e-02
2.457801454016314557e-02
2.457801454016314557e-02
2.445001276882883406e-02
2.418630449946077010e-02
2.388330802582545875e-02
2.366094121095658684e-02
2.343693367204635614e-02
2.327563343237747800e-02
2.307524010033466799e-02
2.300075847896628986e-02
2.311726296272880940e-02
2.337555260163686269e-02
2.337555260163686269e-02
2.368139856965402815e-02
2.383312154691390183e-02
2.394190399031763741e-02
2.382861761949033388e-02
2.337065966885209720e-02
2.286001552252500679e-02
2.253763296272229266e-02
2.229332364151695792e-02
2.226085304021827721e-02
2.232505694458541273e-02
2.232505694458541273e-02
2.249789045394936723e-02
2.278764636992201831e-02
2.305800005627260327e-02
2.309957317421596976e-02
2.305071319757315967e-02
2.278197985550568100e-02
2.252149623733962561e-02
2.233085072475369387e-02
2.302296318114205320e-02
2.359303503988238043e-02
2.359303503988238043e-02
2.373811582666543810e-02
2.370198316983124220e-02
2.342009901816503176e-02
2.318856312115829058e-02
2.375490896237232932e-02
2.435818336022053596e-02
2.479639138696713638e-02
2.519854953150704041e-02
2.557586219530558549e-02
2.601441595571215779e-02
2.601441595571215779e-02
2.641964282015013543e-02
2.679921960477791437e-02
2.706585184418512646e-02
2.735054177549440038e-02
2.757734881427593640e-02
2.775573752203902567e-02
2.791445821293264684e-02
2.800835642948225693e-02
2.799450344346002609e-02
2.804044609915966324e-02
2.804044609915966324e-02
2.808749978638927156e-02
2.804605943817786023e-02
2.800200839332544003e-02
2.794662852958878368e-02
2.785475018756153678e-02
2.776263512469654554e-02
2.773952315213597253e-02
2.774245728807304620e-02
2.779437495521207280e-02
2.791212597997130146e-02
2.791212597997130146e-02
2.802352820183530782e-02
2.805500162713159620e-02
2.791269351506048269e-02
2.775695326991917469e-02
2.771759103146604133e-02
2.771352081947290116e-02
2.767467778258406869e-02
2.765701416173318300e-02
2.765701416173318300e-02
2.775482678394055810e-02
2.775482678394055810e-02
2.781542071673189648e-02
2.784181453044201268e-02
2.789883093422683424e-02
2.793595748921181773e-02
2.790865980705298580e-02
2.794546933331457789e-02
2.791635295967955649e-02
2.787742763537490523e-02
2.777449186581668061e-02
2.773549401266234629e-02
2.773549401266234629e-02
2.779282878655041714e-02
2.790450446177785565e-02
2.797948327786953931e-02
2.802093689209589344e-02
2.812176280784950064e-02
2.820127992344919829e-02
2.824905532852267295e-02
2.826316843781016830e-02
2.820552129730889701e-02
2.799265727217695177e-02
2.799265727217695177e-02
2.774599256952486881e-02
2.744277374732157979e-02
2.734324861903546580e-02
2.733137458720290638e-02
2.738044443072350578e-02
2.742078735722847105e-02
2.750551583905589195e-02
2.755822586695948900e-02
2.757803761297115616e-02
2.753723874662931601e-02
2.753723874662931601e-02
2.744760227277787470e-02
2.724224364334454362e-02
2.709893604476647927e-02
2.700799334489010009e-02
2.694279634253520309e-02
2.692099459413467566e-02
2.691008008339312862e-02
2.700791734303231717e-02
2.704877397900147876e-02
2.704961729046189561e-02
2.704961729046189561e-02
2.691155461040783958e-02
2.681678062907701457e-02
2.670071461010731576e-02
2.656894026617232299e-02
2.649283337320729528e-02
2.652640391387808133e-02
2.662771419348388541e-02
2.679753512361362014e-02
2.688432532252797366e-02
2.692995537261557229e-02
2.692995537261557229e-02
2.697310310885306373e-02
2.697048058435402504e-02
2.691390255343849292e-02
2.682356290664633658e-02
2.674307632188969303e-02
2.664600243055983281e-02
2.648014694146367740e-02
2.637237790472056823e-02
2.631873232835511486e-02
2.625356162955349779e-02
2.625356162955349779e-02
2.625224191638160509e-02
2.626925384987354242e-02
2.627930150664596967e-02
2.622721114279559507e-02
2.608555534879750115e-02
2.582820564931032764e-02
2.547057043838021548e-02
2.519303558198443538e-02
2.509729534551647170e-02
2.500847628608986531e-02
2.500847628608986531e-02
2.498414844643146240e-02
2.499262868167716894e-02
2.500374307012550104e-02
2.499998559387342500e-02
2.492830820337882392e-02
2.485643786852705442e-02
2.486599759667251427e-02
2.492892735258128711e-02
2.497105804483740199e-02
2.504274236897266817e-02
2.504274236897266817e-02
2.514487096223762957e-02
2.497821030466923845e-02
2.468733251772727011e-02
2.441050048378145751e-02
2.424545810540388799e-02
2.416151574904850177e-02
2.420560142959078329e-02
2.431923235256640628e-02
2.454236604757530082e-02
2.469977323664832372e-02
2.469977323664832372e-02
2.474287160397448809e-02
2.467295773815350243e-02
2.453410696534235463e-02
2.439010502340719158e-02
2.417923342310997203e-02
2.408880412076299521e-02
2.409744615876758742e-02
2.414920100271109385e-02
2.426749058319023489e-02
2.434789659440745810e-02
2.434789659440745810e-02
2.430859576471105371e-02
2.412279897273669066e-02
2.393779226031226073e-02
2.376072936475464789e-02
2.375342422190360181e-02
2.376804040523509270e-02
2.381355504892621391e-02
2.399230712283705394e-02
2.416676766486820088e-02
2.420561853309311645e-02
2.420561853309311645e-02
2.417171902182809612e-02
2.412058014641249581e-02
2.407152779896239853e-02
2.409936606102066128e-02
2.415568121916512878e-02
2.426905205486557665e-02
2.531439147667708181e-02
2.603923566761957159e-02
2.651988084571602067e-02
2.693002945273322013e-02
