1.659683172036481927e-02
1.659683172036481927e-02
1.493987509737717580e-02
1.433896263284913791e-02
1.432912733061601079e-02
1.442837006410941161e-02
1.460390254562419186e-02
1.482532634203881372e-02
1.478579971661943965e-02
1.496682620240028828e-02
1.487427468271068295e-02
1.477137943670554267e-02
1.477137943670554267e-02
1.449119647760433935e-02
1.421019081261934956e-02
1.389635185712596692e-02
1.359713865649324165e-02
1.324592965513163995e-02
1.294727232637784414e-02
1.283601370077459836e-02
1.260831856263908667e-02
1.231907039460352661e-02
1.214061774878185188e-02
1.214061774878185188e-02
1.189596652859209285e-02
1.157618835881842057e-02
1.133817179490564583e-02
1.121031625662810560e-02
1.099795368226047856e-02
1.058403692274539898e-02
1.009961868245411003e-02
9.669629580158723911e-03
9.202786303329182210e-03
8.871788717579216776e-03
8.871788717579216776e-03
8.398946300435453441e-03
8.094859341287858473e-03
7.854142921278190609e-03
7.870266833530988049e-03
8.058409262082344426e-03
8.287330799056755529e-03
8.533526416866174871e-03
8.821914850871271155e-03
9.051622961225644706e-03
9.151270509626966906e-03
9.151270509626966906e-03
8.972132135240755077e-03
8.696446078060518156e-03
8.307573589093026484e-03
7.922220291684578183e-03
7.408554555628599908e-03
7.068278561224568442e-03
6.574097787003243057e-03
6.203402076340160110e-03
5.997864509375769315e-03
5.960105378169267866e-03
5.960105378169267866e-03
6.085610774589159284e-03
6.085610774589159284e-03
6.085610774589159284e-03
6.085610774589159284e-03
6.085610774589159284e-03
6.234793241788567225e-03
6.377449418797583730e-03
6.527032016121980806e-03
6.541340075573396154e-03
6.661320964513017286e-03
6.661320964513017286e-03
6.676130592476728007e-03
6.670326683896937205e-03
6.610114122459914004e-03
6.463741283131719736e-03
6.204163189274177446e-03
5.950836956430795820e-03
5.652290585465811167e-03
5.352403515921682481e-03
4.913391168681869280e-03
4.493610469150081943e-03
4.493610469150081943e-03
4.145026488220206022e-03
3.737161381467202573e-03
3.459930296034583949e-03
3.232973226389012234e-03
3.174401697861306375e-03
3.129346324666907372e-03
3.191452394570891155e-03
3.271544041761986158e-03
3.402541448369412590e-03
3.601281689914627611e-03
3.601281689914627611e-03
3.853277260453211086e-03
3.980937852592428446e-03
4.227380307234346671e-03
4.461678685866607603e-03
4.561845624225377253e-03
4.771502609359000273e-03
4.930436040169975699e-03
4.884890168437660760e-03
4.855117105894777262e-03
5.251516102734846148e-03
5.251516102734846148e-03
5.547507501403573307e-03
5.844310569858045430e-03
6.055865379870974639e-03
6.255612737926767239e-03
6.490241988544392937e-03
6.701609077103412061e-03
6.667897876092439800e-03
6.623796594162449647e-03
6.586538155824617387e-03
6.523224571495858659e-03
6.523224571495858659e-03
6.458383122379454493e-03
6.232835723621482985e-03
5.833170651609334567e-03
5.423728055359742020e-03
4.975368234051372011e-03
4.514134923709905815e-03
4.092134686248108562e-03
3.688835332759561342e-03
3.296396025605968783e-03
2.953937624683504373e-03
2.953937624683504373e-03
2.640375352324213134e-03
2.360147125696321346e-03
2.090896000788046785e-03
1.832544507299963942e-03
1.662293688201803721e-03
2.628933866050756681e-03
3.733704150435697769e-03
4.789504295661218582e-03
5.729384212141338042e-03
6.588982122747544072e-03
6.588982122747544072e-03
7.353020896044796563e-03
8.021256220922695981e-03
8.592860272160508447e-03
9.117064093903006275e-03
9.566405065593603513e-03
9.942746960429403244e-03
1.025370358326428005e-02
1.052730676321715977e-02
1.073793468599850386e-02
1.091091088510382640e-02
1.091091088510382640e-02
1.106042695329959892e-02
1.119022590539716505e-02
1.119022590539716505e-02
1.128139605297285609e-02
1.135723011862568681e-02
1.141569180921986337e-02
1.145893529050599595e-02
1.150580528273065575e-02
1.154503470824915119e-02
1.158228180722453531e-02
1.158228180722453531e-02
1.162523621993822448e-02
1.167484280879394626e-02
1.170742372629243917e-02
1.172864517639469681e-02
1.175198185165961078e-02
1.177602110282493890e-02
1.179540494567279246e-02
1.184538030111725697e-02
1.192140607789377027e-02
1.199625584123989626e-02
1.199625584123989626e-02
1.205456804315386578e-02
1.210735985803129341e-02
1.217269961742141471e-02
1.220696369764195585e-02
1.222544153472367515e-02
1.224026200188723344e-02
1.224316779077983496e-02
1.223232369723506463e-02
1.218461451164501094e-02
1.212822921081263897e-02
1.212822921081263897e-02
1.205919959425438837e-02
1.200900971203485747e-02
1.196586767264799615e-02
1.192407764364931261e-02
1.185832883732136980e-02
1.178656403916229604e-02
1.174708270581520560e-02
1.172172456751288845e-02
1.167530921969711297e-02
1.164290936347778596e-02
1.164290936347778596e-02
1.161636255137731173e-02
1.158943008559393077e-02
1.154266334874776145e-02
1.151410463008928874e-02
1.148996408545386975e-02
1.146480108406879896e-02
1.143522670597873873e-02
1.140438838572347194e-02
1.139703704931109042e-02
1.138972335508227351e-02
1.138972335508227351e-02
1.138165543734386172e-02
1.137492687798894592e-02
1.141635710139088898e-02
1.146502678952903212e-02
1.154570286083366794e-02
1.160537959939685233e-02
1.163895499323652424e-02
1.163831919738884772e-02
1.171243398205077876e-02
1.176512071660542301e-02
1.176512071660542301e-02
1.185932032802694547e-02
1.194336083427230757e-02
1.201779877572729978e-02
1.206043061418731605e-02
1.205390895531256029e-02
1.194018340352984500e-02
1.183499061184832210e-02
1.167505272917916323e-02
1.156188345592698737e-02
1.150656465504868060e-02
1.150656465504868060e-02
1.146433594914387545e-02
1.143497411716920889e-02
1.138747987816331880e-02
1.136414991051246451e-02
1.133923583908210374e-02
1.132093043523821167e-02
1.130640725541315512e-02
1.129234386968382131e-02
1.126519061685629826e-02
1.123437503320940355e-02
1.123437503320940355e-02
1.121050004976553889e-02
1.117713731858638662e-02
1.115701139179473694e-02
1.108858514613978753e-02
1.103602797730843417e-02
1.100077329692736826e-02
1.096002820401719736e-02
1.092724007942543797e-02
1.090963788447096502e-02
1.087414913202484727e-02
1.087414913202484727e-02
1.082182796600924743e-02
1.076380998023577715e-02
1.072991567869252538e-02
1.069324881920885421e-02
1.065643940299601522e-02
1.060474965169360545e-02
1.056229830619303221e-02
1.050004778750967746e-02
1.044055180094229790e-02
1.037530661695930737e-02
1.037530661695930737e-02
1.030633731311451050e-02
1.024480348214936928e-02
1.017051294289189264e-02
1.011737340718065273e-02
1.006220321248145824e-02
9.988996974676521770e-03
9.912247901048181278e-03
9.823860181949559817e-03
9.749658692037517158e-03
9.681375371401557822e-03
9.681375371401557822e-03
9.615442793557410842e-03
9.555528880157135307e-03
9.490487211858406394e-03
9.436976816844636767e-03
9.390380115374191358e-03
9.349154905870944374e-03
9.293003211292720500e-03
9.238283390727571737e-03
9.175082295216543254e-03
9.109853579661203807e-03
9.109853579661203807e-03
9.033391367787760307e-03
8.942209688583287186e-03
8.884493221061096763e-03
8.810682361484002689e-03
8.742550319516241564e-03
8.695379440482714148e-03
8.613588749604344022e-03
8.544921600937718451e-03
8.488694514062321977e-03
8.447056485475199633e-03
8.447056485475199633e-03
8.399372084415194020e-03
8.355953027795966215e-03
8.304694961049279706e-03
8.286153725397140887e-03
8.272911312970717898e-03
8.272911312970717898e-03
8.272911312970717898e-03
8.272911312970717898e-03
8.272911312970717898e-03
8.272911312970717898e-03
8.272911312970717898e-03
8.259507780497587701e-03
8.217409863214966692e-03
8.153453764361022135e-03
8.090737540239601941e-03
8.010000756238403255e-03
7.960915594005035095e-03
7.898999723715501020e-03
7.836732324811798017e-03
7.783865274793922047e-03
7.687297185024598127e-03
7.687297185024598127e-03
7.588660389243045458e-03
7.454324883853448783e-03
7.329292686696634723e-03
7.205354534873867171e-03
7.088483086919829430e-03
6.996408754678974662e-03
6.902687416779401154e-03
6.817012674149968386e-03
6.743248365810040543e-03
6.699208312817284128e-03
6.699208312817284128e-03
6.651915128045581514e-03
6.613465532316952465e-03
6.583547191862659798e-03
6.571567461196954271e-03
6.499400595375760641e-03
6.434255202901132363e-03
6.359779438289112768e-03
6.265825768583741830e-03
6.168879963412907119e-03
6.101313768117953493e-03
6.101313768117953493e-03
6.055827021855859742e-03
6.006271892381885059e-03
5.932936623356195420e-03
5.859419656526618919e-03
5.788897676712445942e-03
5.705728264737639985e-03
5.638610004905353530e-03
5.560647709828846902e-03
5.488897885210680325e-03
5.429932661267364812e-03
5.429932661267364812e-03
5.387532589897974650e-03
5.354667301679823938e-03
5.325018427771320041e-03
5.305325856130637362e-03
5.304102015931955183e-03
5.285622924976107230e-03
5.270848183924113639e-03
5.238511957374566291e-03
5.206615690158121999e-03
5.257237991489154341e-03
5.257237991489154341e-03
5.250365362428024985e-03
5.226798600398887239e-03
5.213081295337402589e-03
5.211379512273491346e-03
5.241079113171633573e-03
5.270685368232395744e-03
5.264284335473281250e-03
5.265326337597383936e-03
5.285059815785008060e-03
5.308908342867346697e-03
5.308908342867346697e-03
5.235637026116730756e-03
5.079120789413122880e-03
4.880808955991351554e-03
4.706482216905342325e-03
4.565717493169369444e-03
4.443046861399513325e-03
4.358911083120398620e-03
4.312993204767533000e-03
4.306929927514400493e-03
4.315569188823712744e-03
4.315569188823712744e-03
4.357575657692921642e-03
4.404955392060841586e-03
4.458432614027475586e-03
4.525312933207976257e-03
4.571379566735014367e-03
4.588927669233007142e-03
4.580517205912257826e-03
4.503056305281038368e-03
4.412161570060853938e-03
4.330550600686638302e-03
4.330550600686638302e-03
4.258073861245980155e-03
4.248118536217281895e-03
4.232067242520166223e-03
4.209789127838841315e-03
4.140832887453971961e-03
4.062025397858624876e-03
3.982080772337201827e-03
3.910261994935500252e-03
3.851182028773710280e-03
3.818859671319436207e-03
3.818859671319436207e-03
3.788931180260473805e-03
3.760537870893116297e-03
3.755379617683272681e-03
3.750475107895281761e-03
3.737609871613862059e-03
3.723498362703976227e-03
3.669681805305165159e-03
3.609265421902708038e-03
3.578365244198031172e-03
3.541149326612135287e-03
3.541149326612135287e-03
3.527585994394707384e-03
3.545048739935096130e-03
3.562255067286220281e-03
3.594663915181090744e-03
3.688502982395829802e-03
3.791336813551106442e-03
3.889457367234630536e-03
3.956028953072099862e-03
4.046890616098238434e-03
4.101395846595776856e-03
4.101395846595776856e-03
4.187964340380201204e-03
4.243188912585676466e-03
4.312976275008360318e-03
4.346004464501589636e-03
4.361986225785925535e-03
4.406449640638200257e-03
4.437323467301484796e-03
4.454131728685698649e-03
4.439202642063054365e-03
4.406343669593889949e-03
