3.206945364559636580e-02
3.236685819276359510e-02
3.150991774012556340e-02
3.059786517024395275e-02
2.960966042367318973e-02
2.879598133971779730e-02
2.832228588051226639e-02
2.804847374762275622e-02
2.797917956416047514e-02
2.800356395477297811e-02
2.856182864133918059e-02
2.856182864133918059e-02
2.901384246061305267e-02
2.947320089846169541e-02
2.998380652069203983e-02
3.036702631397854985e-02
3.066289866460494840e-02
3.093197502632916152e-02
3.122883973302579413e-02
3.160844717600781728e-02
3.201804805462342418e-02
3.233739335011955041e-02
3.233739335011955041e-02
3.236067889235558909e-02
3.228438729514526706e-02
3.219154800531946747e-02
3.200065198793851373e-02
3.179071057365830122e-02
3.182589632863026124e-02
3.187745141621223938e-02
3.189466285789706312e-02
3.195943947799648188e-02
3.187869332276723616e-02
3.187869332276723616e-02
3.162334620199603458e-02
3.126497734029663744e-02
3.070477843497586290e-02
3.004573248122763968e-02
2.932302529111475292e-02
2.869040335607205006e-02
2.799435567723571050e-02
2.743284008106288904e-02
2.689358728235849774e-02
2.641537905078417126e-02
2.641537905078417126e-02
2.590138747283689952e-02
2.544504074910131433e-02
2.497414949162480441e-02
2.454198840235212800e-02
2.412131084229288472e-02
2.362582730213974580e-02
2.330866295653305151e-02
2.297595536166487790e-02
2.285285047420987370e-02
2.269787709581835150e-02
2.269787709581835150e-02
2.248681463004462838e-02
2.252290885879499466e-02
2.257135147361075816e-02
2.266256482925902913e-02
2.273854710085563419e-02
2.296687155416833256e-02
2.320632755003757680e-02
2.337667487695562624e-02
2.367941423763422412e-02
2.386699437442159691e-02
2.386699437442159691e-02
2.401392677297658346e-02
2.405717860267922795e-02
2.397452234069732610e-02
2.402917089603792689e-02
2.377627314118552562e-02
2.349233058924998091e-02
2.318886434328472357e-02
2.284817870347929242e-02
2.242293565337557734e-02
2.192305361370235420e-02
2.192305361370235420e-02
2.134120583876337324e-02
2.087242438496114683e-02
2.051915215428044836e-02
2.016306467403327848e-02
1.977052923406823204e-02
1.940008138092237655e-02
1.900850797276820367e-02
1.869926009273011405e-02
1.830336314741395909e-02
1.799314846891475125e-02
1.799314846891475125e-02
1.777360033187285263e-02
1.766694894141970090e-02
1.761672355267423704e-02
1.765946173466175634e-02
1.792394012280064397e-02
1.794512174597015161e-02
1.781432024587314283e-02
1.770201810898440475e-02
1.762537795377638536e-02
1.760762003718384719e-02
1.760762003718384719e-02
1.760345765978009111e-02
1.759023604966777204e-02
1.764702349645037513e-02
1.758940102693635696e-02
1.741432940279580288e-02
1.691907481981034037e-02
1.643762791635366982e-02
1.595811822591276102e-02
1.543203885113869980e-02
1.497358333117672358e-02
1.497358333117672358e-02
1.471702851289182976e-02
1.427248637685410437e-02
1.391786924744690609e-02
1.361991467118861890e-02
1.306871143793146561e-02
1.252133744984543565e-02
1.191744114745576025e-02
1.129164510671152449e-02
1.083729179463994996e-02
1.051914721513147639e-02
1.051914721513147639e-02
1.025547063202628291e-02
1.002622822162363252e-02
9.965347540554718442e-03
1.018635540057151977e-02
1.041649264661088405e-02
1.077801508734286227e-02
1.103627781007201526e-02
1.147821234937061036e-02
1.198756874921365692e-02
1.205440556974098597e-02
1.205440556974098597e-02
1.204740176873004068e-02
1.210590683038608763e-02
1.198385887854254081e-02
1.178050082809915279e-02
1.147526599990317600e-02
1.120532063867697367e-02
1.083166092386974276e-02
1.037676703573198189e-02
9.878121715957779297e-03
9.538325391784811466e-03
9.538325391784811466e-03
9.222942320143813835e-03
8.867626404882845981e-03
8.486360943840351445e-03
8.012443571854793722e-03
7.507053413361253723e-03
7.309636284300974687e-03
7.279924638675754761e-03
7.253972423784928181e-03
7.319321427316291019e-03
7.387685494900623692e-03
7.387685494900623692e-03
7.479170758809172009e-03
7.455556358275057527e-03
7.491192911087705096e-03
7.545091779862909791e-03
7.635791945977343613e-03
7.716929179393034258e-03
7.704512670857244921e-03
7.678895035553328328e-03
7.998792100706572650e-03
8.153018810569692687e-03
8.153018810569692687e-03
8.207520043892217385e-03
8.214044447379831304e-03
8.222134491476924129e-03
8.241933381851165169e-03
8.324286507791994402e-03
8.253576425718002832e-03
8.005716157829285626e-03
7.794887441927267693e-03
7.579384570968211721e-03
7.481407506124604714e-03
7.481407506124604714e-03
7.549077895115773561e-03
7.611784858262204273e-03
7.613036687058192566e-03
7.481057829411378278e-03
7.438751822495394232e-03
7.377487402413123070e-03
7.267529123555506107e-03
7.117726397575909261e-03
6.890227839800112768e-03
6.707526474781146802e-03
6.707526474781146802e-03
6.500078351159945152e-03
6.458420827504888703e-03
6.363024509366869974e-03
6.316294446169175465e-03
6.337236613420240382e-03
6.338738329285319509e-03
6.325573241557046200e-03
6.196000617349273383e-03
6.115579389331618487e-03
6.001207422460466505e-03
6.001207422460466505e-03
5.887850322240698563e-03
5.961570043665403128e-03
5.662460790507801815e-03
5.244938230471892643e-03
4.958969259991750055e-03
4.842683599771803807e-03
4.782627233166541862e-03
4.719054339905394933e-03
4.571175396515613984e-03
4.441350158391760804e-03
4.441350158391760804e-03
4.467990495930811851e-03
4.580233808335040790e-03
4.814363203039607152e-03
5.433810964209000692e-03
6.243908275578302636e-03
6.811422683339890885e-03
7.327420844657681759e-03
7.784973311884297621e-03
8.072822739845343307e-03
8.274702433648405478e-03
8.274702433648405478e-03
8.477786886992850005e-03
8.592536604118737251e-03
8.497239099453254840e-03
8.288840434140876470e-03
8.037664869177832058e-03
7.728573977327847858e-03
7.347920631725951036e-03
6.922491935232024871e-03
6.558113491588071428e-03
6.247519884149336199e-03
6.247519884149336199e-03
5.995322891845331070e-03
5.681786043441495494e-03
5.507009468952299078e-03
5.442992301492646616e-03
5.669832794863246053e-03
5.925773409661019148e-03
6.437505271635832367e-03
6.950140962080715926e-03
7.414247749385624413e-03
7.828549387387476882e-03
7.828549387387476882e-03
8.128728508309212425e-03
8.271787191196285430e-03
8.390612121057681658e-03
8.432210935642645705e-03
8.335064346953522871e-03
8.250728260072965475e-03
8.124400905832813644e-03
7.887243010114864186e-03
7.683294491737373277e-03
7.513397196133058363e-03
7.513397196133058363e-03
7.427437419524163080e-03
7.303671511848536940e-03
7.196344840600971994e-03
7.120732785792239714e-03
7.012991828403159975e-03
6.757971631325667729e-03
6.685159009202859375e-03
6.643617115017031588e-03
6.697247849630392873e-03
6.607602293694420093e-03
6.607602293694420093e-03
6.652551646043293118e-03
6.737317881996145869e-03
6.780459328983180073e-03
7.010902488985493002e-03
7.245866408182152253e-03
7.391937817361140042e-03
7.464506006301076940e-03
7.638420602149781358e-03
7.686729283956927200e-03
7.637436871023767053e-03
7.637436871023767053e-03
7.520979738676380165e-03
7.358701158211265747e-03
7.160999906774877764e-03
7.070729397057023968e-03
6.932100907444148537e-03
6.839062255658338169e-03
6.922888092958363535e-03
7.065685024332002059e-03
7.044098944508616657e-03
6.971471279265747598e-03
6.971471279265747598e-03
6.915357771879181679e-03
6.787153164242300078e-03
6.459974695925059171e-03
6.074386043338962822e-03
5.848332565110127453e-03
5.754187677084375563e-03
5.760127077090768967e-03
6.041253674856251511e-03
6.312611827202682310e-03
6.560972539179216016e-03
6.560972539179216016e-03
6.742521639603412352e-03
6.984904835287492064e-03
7.143479252444060769e-03
6.878669535631704371e-03
6.606177071088737730e-03
6.391624273983056992e-03
6.173337909297920041e-03
5.665125040527790347e-03
5.342009197844794360e-03
5.323787384822105569e-03
5.323787384822105569e-03
5.357373013305397925e-03
5.432826734291959676e-03
5.472787274567504807e-03
5.369477781138015486e-03
5.150652847462417437e-03
4.958322079260541089e-03
4.860013684560756872e-03
4.884355737893507528e-03
5.027880222037046064e-03
5.198949972773766505e-03
5.198949972773766505e-03
5.541754571935930337e-03
5.812489948935961603e-03
5.933994011674761579e-03
6.048859718650606218e-03
6.240478546355539627e-03
6.484322832120800913e-03
6.772778504016959376e-03
7.035871711121196616e-03
7.268458953626520842e-03
7.450439172234148491e-03
7.450439172234148491e-03
7.450146763886086702e-03
7.351072246798030091e-03
7.324360053988804124e-03
7.200335894844615489e-03
7.039763451183149098e-03
6.940492992569030802e-03
6.896876094662888340e-03
6.919857157325237651e-03
6.978336734757908076e-03
7.113101131545424005e-03
7.113101131545424005e-03
7.287370741564646974e-03
7.415818381850641620e-03
7.516614754228949716e-03
7.502437850406238305e-03
6.900250749126375649e-03
6.336345267607362657e-03
5.811162857467648893e-03
5.508670310351915407e-03
5.156020762726081820e-03
4.867646110916190941e-03
4.867646110916190941e-03
4.724164659873045409e-03
4.704431806747704468e-03
4.836747237440313686e-03
4.842161780759585664e-03
4.881344746546735155e-03
4.841318765360107593e-03
4.799775219194204502e-03
4.645871251980769785e-03
4.412224597291541928e-03
4.309305515327312326e-03
4.309305515327312326e-03
4.138025671672028796e-03
4.069369903586268072e-03
4.066630913731147066e-03
4.191735626508578776e-03
4.311292304634075333e-03
4.535201017586832153e-03
4.760203883352306410e-03
4.928221554087511107e-03
5.086255367098935047e-03
5.292265427986006000e-03
5.292265427986006000e-03
5.330257629071380628e-03
5.414704650113504915e-03
5.474738977684211194e-03
5.540914442575887479e-03
5.683723669159560996e-03
5.833369667635638321e-03
6.085995730736008455e-03
6.333139197467882973e-03
6.376128022648436949e-03
6.339089001789105331e-03
6.339089001789105331e-03
6.187185977571087875e-03
6.073344309620250930e-03
5.966019942896113107e-03
6.050738672378630154e-03
6.192045569911623290e-03
6.357419462720122205e-03
6.525996994169312032e-03
6.604359155441862257e-03
6.683955115447172760e-03
6.699673558001282940e-03
6.699673558001282940e-03
6.804541161938570080e-03
6.887779298614817892e-03
6.905275011665571068e-03
6.989293450385434397e-03
6.952841992159455690e-03
6.935538587164490412e-03
7.028177403988591747e-03
7.116456764151156585e-03
7.224619232074932888e-03
7.398854794222247712e-03
7.398854794222247712e-03
7.563416868027911591e-03
7.638950897907865502e-03
7.630174162763582978e-03
7.689214380385935195e-03
7.734473872226313267e-03
7.671152622763014427e-03
7.689293828587591591e-03
7.642874520847567354e-03
7.605463327588041569e-03
7.554259183499460219e-03
7.554259183499460219e-03
7.572490428586540687e-03
7.671773562875437019e-03
7.844307703745855009e-03
8.046671020342196709e-03
8.244902993054624776e-03
8.342067867022691374e-03
8.283548721390393554e-03
8.242386717872857496e-03
8.206672172932720152e-03
8.267668617574379375e-03
8.267668617574379375e-03
8.303918570042182271e-03
8.348237248040814990e-03
8.600694447632041550e-03
8.872767615205662609e-03
9.122886543279109389e-03
9.294839450540305636e-03
9.390036482857999287e-03
9.371771921596839736e-03
9.303786916658682640e-03
9.118960579133928920e-03
9.118960579133928920e-03
8.941942650060335021e-03
8.840645832744138677e-03
8.778117940747186959e-03
8.841089062064688350e-03
9.023438883677134884e-03
9.164017752715077764e-03
9.450682910816601140e-03
9.686759761330959728e-03
9.900723040673372818e-03
9.944980018051599244e-03
9.944980018051599244e-03
9.927158406377784017e-03
9.935785963364572940e-03
9.895863859416150626e-03
9.930902247312195161e-03
9.876095532267195262e-03
9.920799699930196378e-03
9.976906186736899176e-03
1.009935097874623856e-02
1.025491813375037017e-02
1.025597855711336132e-02
1.025597855711336132e-02
1.014364349168063451e-02
1.007358310171734342e-02
9.927130661824219715e-03
9.779528185039491547e-03
9.774129489938622115e-03
9.686993897607753395e-03
9.566268294200966707e-03
9.509988360570266822e-03
9.511494056702492206e-03
9.478149178830974284e-03
9.478149178830974284e-03
9.375700864799867834e-03
9.343483263275951037e-03
9.206143376633633968e-03
9.065550757758708555e-03
9.347653956495614522e-03
9.671776055812762382e-03
9.858272396642444105e-03
9.890852975024937849e-03
9.763476005504754737e-03
9.476677882401283309e-03
9.476677882401283309e-03
9.134961801815751417e-03
8.859454752825372467e-03
8.786445714442063168e-03
8.666553598834007138e-03
8.651092103575527478e-03
8.834441119971087053e-03
8.677926548765306503e-03
8.522980271896303528e-03
8.383820700119996860e-03
8.306651326617205469e-03
8.306651326617205469e-03
8.152999914769745379e-03
8.077312942006557514e-03
7.949935761160147052e-03
7.928436026135524811e-03
7.944559651271596024e-03
7.945680817249268363e-03
8.013221605254267771e-03
8.070070981370195545e-03
8.151414020782656034e-03
8.281856665745950322e-03
8.281856665745950322e-03
8.410878187211418347e-03
8.370394468004940108e-03
8.193658064319007950e-03
8.027103015972415073e-03
7.972262520274294925e-03
7.975546622187612220e-03
7.973697855412676533e-03
7.978494539632619009e-03
8.073368960354392401e-03
8.170887526545756591e-03
8.170887526545756591e-03
8.354238856609149874e-03
8.570427015233861301e-03
8.710315127795150922e-03
8.820183465772492293e-03
8.880845744751586848e-03
8.797046229224921368e-03
8.713644774864586981e-03
8.581131342633786449e-03
8.515995905164967447e-03
8.603017163612714652e-03
8.603017163612714652e-03
8.768599286225016096e-03
9.058071999395228904e-03
9.344854463223204247e-03
9.618412115913526836e-03
9.735098894242372181e-03
9.812297998678361569e-03
9.757891142287094741e-03
9.648600070598246231e-03
9.520717098402398798e-03
9.507332648089918820e-03
9.507332648089918820e-03
9.549700778211276178e-03
9.701704719319857381e-03
9.754160401016521639e-03
9.758224299358320489e-03
9.726554188737168358e-03
9.722360476825507233e-03
1.007039120764426435e-02
1.032090329703164513e-02
1.041793325933310088e-02
1.043337515209925154e-02
1.043337515209925154e-02
1.037380698474953122e-02
1.024804111338818886e-02
1.019003919131096676e-02
1.014835065210994806e-02
1.011097868178723221e-02
9.977519536448983123e-03
9.913729138767916893e-03
9.911771581044356502e-03
9.912712688235403302e-03
9.923778770816845535e-03
9.923778770816845535e-03
1.007401460507682291e-02
1.024759194535468550e-02
1.049339752063273810e-02
1.067862793282140128e-02
1.070014243657081005e-02
1.066281054788000004e-02
1.064492157151366789e-02
1.060463635260343145e-02
1.065605608261586609e-02
1.071905440686391625e-02
