1.698607440744961776e-03
1.698607440744961776e-03
2.616014794500786181e-03
1.927693338825466453e-03
1.524517493992837928e-03
1.524638749462632831e-03
1.770088149378215917e-03
1.920238024788236894e-03
2.064908021228749509e-03
2.102151449975009096e-03
2.078972013249164464e-03
2.043306857290250449e-03
2.043306857290250449e-03
2.002214286678653463e-03
1.983702510567020034e-03
1.988790062411639921e-03
1.980583239111599614e-03
1.967078511653708693e-03
2.077406117752213753e-03
2.290914877454716756e-03
2.471390608566183950e-03
2.517478331587163186e-03
2.436890964868598363e-03
2.436890964868598363e-03
2.247307010612007837e-03
2.185591103595153038e-03
2.077470099111192441e-03
2.088074042292462160e-03
2.262088375396540448e-03
2.489781359194999637e-03
2.650860065209408728e-03
2.672168779210700243e-03
2.539601455820677048e-03
2.299047633576813219e-03
2.299047633576813219e-03
2.101501965815615394e-03
1.939398348156534798e-03
1.904021776853565516e-03
1.921286930430451999e-03
2.297911104300253901e-03
2.681985749754747881e-03
2.847516145554407092e-03
2.751730448743380537e-03
2.405231688409765253e-03
2.032468113598687263e-03
2.032468113598687263e-03
1.863756797901140391e-03
1.954962405381188012e-03
2.101032398710032511e-03
2.263220817526252673e-03
2.262610688920496573e-03
2.215880834973820053e-03
2.173975309965822840e-03
2.040588991494046017e-03
2.031220294071724684e-03
2.073268954525267927e-03
2.073268954525267927e-03
2.065091621582630654e-03
2.036681256291869926e-03
2.047322461384590980e-03
2.078991188537540266e-03
2.125825248170332398e-03
2.104624462978292240e-03
2.022668091883735031e-03
1.954375327202611309e-03
1.987899054637849803e-03
1.944218358320551343e-03
1.944218358320551343e-03
2.075830646876383918e-03
2.013482522321860275e-03
2.028049692766522184e-03
2.025248021777614760e-03
2.032347903451651051e-03
2.108346915736416909e-03
2.153381482567034294e-03
1.939676831165738869e-03
1.838431775588502239e-03
1.748684323597905115e-03
1.748684323597905115e-03
1.720884427895343072e-03
1.795158755122311942e-03
2.054068403617358325e-03
2.370860284787007152e-03
2.414603487743290176e-03
2.182280961310689455e-03
1.849311885456173194e-03
1.660790871851234099e-03
1.736560286782006185e-03
2.160856730897663201e-03
2.160856730897663201e-03
2.649492613067875365e-03
2.903126841899283592e-03
2.937068352859306588e-03
2.791994669141129124e-03
2.530045927275673210e-03
2.323158544313849716e-03
2.223524023168402253e-03
2.320088328066611735e-03
2.618341586970334908e-03
2.867186920614752266e-03
2.867186920614752266e-03
2.863100491080442737e-03
2.651832457654676976e-03
2.413524756553016206e-03
2.310986805309938642e-03
2.359873878583150422e-03
2.372769925592564232e-03
2.387281727567790082e-03
2.420052827160810559e-03
2.506548120074628561e-03
2.522499894468586100e-03
2.522499894468586100e-03
2.371647064700982150e-03
2.153835586664868806e-03
1.968815182026036233e-03
1.891275502968501471e-03
2.027817732805605160e-03
2.228519221062544992e-03
2.228519221062544992e-03
2.305202513135146906e-03
2.225502602566315716e-03
2.119165395008594088e-03
2.119165395008594088e-03
1.933012517569917708e-03
1.839146179096703667e-03
1.778351487012077431e-03
1.844775741265146157e-03
2.018595710967152970e-03
2.070936006892378813e-03
1.966905535913645187e-03
1.767215933741291250e-03
1.686032786221706515e-03
1.692869229548596985e-03
1.692869229548596985e-03
1.726464033246679968e-03
1.700030768222594423e-03
1.709880727926993632e-03
1.794466180124445294e-03
1.824119815980096123e-03
1.850310389216054761e-03
1.857127813036954468e-03
1.804141335362133020e-03
1.694379542697309598e-03
1.656048708110465471e-03
1.656048708110465471e-03
1.670384947748789406e-03
1.745840663221267857e-03
1.886313400786517394e-03
2.004561724146855083e-03
2.001460234475204054e-03
1.847144620238772451e-03
1.799750468360588294e-03
1.779544686116296464e-03
1.826575683219511985e-03
1.805309984092191367e-03
1.805309984092191367e-03
1.823341249984027860e-03
1.913672194724522473e-03
1.950924761335034226e-03
1.951048174834436790e-03
1.948564358742707267e-03
1.911591419587905464e-03
1.828304452600009334e-03
1.782775056389326700e-03
1.763807536515323319e-03
1.803846522220307587e-03
1.803846522220307587e-03
1.849939095073282243e-03
1.894163482987317815e-03
1.868220753722837912e-03
1.832485895547904297e-03
1.701038197804222640e-03
1.697961924647312061e-03
1.688681033918679316e-03
1.783732310217984009e-03
1.923381151274104837e-03
1.950526570469848829e-03
1.950526570469848829e-03
1.925491773342383282e-03
1.826895078588364803e-03
1.758675329973937189e-03
1.934786679305030817e-03
2.074860687816689440e-03
2.032727194785406352e-03
1.845721941000884455e-03
1.691743343269490416e-03
1.710117220724429116e-03
1.839224091172959137e-03
1.839224091172959137e-03
1.990100721211986688e-03
2.126130950504600322e-03
2.116717759833032161e-03
2.014305811908308902e-03
1.842954246620284254e-03
1.671456314688974949e-03
1.654700281895970376e-03
1.723194205863021666e-03
1.724158662751045824e-03
1.687018663485665261e-03
1.687018663485665261e-03
1.687298915314260853e-03
1.617274151490068678e-03
1.509932632251129126e-03
1.439276340801129688e-03
1.450039668914562601e-03
1.416322455456770196e-03
1.369331962346520505e-03
1.463628979759514425e-03
1.449156466244599407e-03
1.397035534765527030e-03
1.397035534765527030e-03
1.324769568829533336e-03
1.222449403278868651e-03
1.269254023519413455e-03
1.315762622475952996e-03
1.329660355906131259e-03
1.348475573877374678e-03
1.292119990501030798e-03
1.253615071586926949e-03
1.371948834991718567e-03
1.477035713754869251e-03
1.477035713754869251e-03
1.481299778971980827e-03
1.450809202915558441e-03
1.437869916502821591e-03
1.367681083091204421e-03
1.336267318230753955e-03
1.481158798353141405e-03
1.523507578936123767e-03
1.466890859010247473e-03
1.313309806354968608e-03
1.234296831111974342e-03
1.234296831111974342e-03
1.228542882001367994e-03
1.335362306500323263e-03
1.488026132678265225e-03
1.474971395694405895e-03
1.413097526707722670e-03
1.357380604889532171e-03
1.346174389098273895e-03
1.369319314599850212e-03
1.427530087837737939e-03
1.530272973596638478e-03
1.530272973596638478e-03
1.558170167785071858e-03
1.470670270890900733e-03
1.338693246883189197e-03
1.258903488126041125e-03
1.312815334453041162e-03
1.432727563069694345e-03
1.503049350628248666e-03
1.477612071052524217e-03
1.406756327453587141e-03
1.314112025381250579e-03
1.314112025381250579e-03
1.414979840501947575e-03
1.560342729797705493e-03
1.706213656226196907e-03
1.798097142652145541e-03
1.813712830670017890e-03
1.797610783076405202e-03
1.824275199801601464e-03
1.857253303648774643e-03
1.941866887936335344e-03
2.005123366190900668e-03
2.005123366190900668e-03
2.090077438325382148e-03
2.086436815869850084e-03
2.112035077220058427e-03
2.143955928502745082e-03
2.088250843316879265e-03
2.046922204393640098e-03
2.105834759091704429e-03
2.193672012392141376e-03
2.194413936921449371e-03
2.111275338271782678e-03
