3.016723880105356623e-02
2.957637774879529058e-02
2.905037409239180288e-02
2.907742599963324473e-02
2.919966711680668445e-02
2.955731918809523587e-02
3.026870300746384648e-02
3.091239372746684699e-02
3.115708224298929102e-02
3.147566122532881316e-02
3.175916798714067263e-02
3.175916798714067263e-02
3.205600806592626140e-02
3.223704288400690288e-02
3.241083638909022374e-02
3.250855853854153765e-02
3.263393342844612272e-02
3.279979422760644081e-02
3.285595775191429979e-02
3.287125968709175144e-02
3.283305390248369982e-02
3.279862756779235861e-02
3.279862756779235861e-02
3.287754894728134314e-02
3.304258937553471165e-02
3.309132311107441243e-02
3.294214272753658718e-02
3.277643945583608165e-02
3.268366440205546647e-02
3.256633335507442412e-02
3.242629490629609507e-02
3.236592710430206271e-02
3.234896091084318859e-02
3.234896091084318859e-02
3.231509562926758450e-02
3.228153462641179111e-02
3.216183066133247032e-02
3.208494480099992330e-02
3.206575773013291275e-02
3.196997474168051384e-02
3.180803778934439968e-02
3.158241966127168371e-02
3.130333399641606340e-02
3.114443552787138705e-02
3.114443552787138705e-02
3.102026680268844122e-02
3.088894135102930247e-02
3.061461680960959192e-02
3.040435673314300855e-02
3.003192179402535203e-02
2.963932137750407633e-02
2.925345477653993817e-02
2.905969682382457397e-02
2.896032254455292720e-02
2.891145617463801790e-02
2.891145617463801790e-02
2.880554135040457389e-02
2.871145008406892490e-02
2.864491569874555443e-02
2.845721592035515765e-02
2.831290563836839219e-02
2.823786922937498653e-02
2.822764542862957193e-02
2.810558620307936073e-02
2.794105181181563702e-02
2.769960097474302718e-02
2.769960097474302718e-02
2.742601933532622105e-02
2.717859531343050708e-02
2.696769886874618785e-02
2.678385070250802538e-02
2.663225262412124289e-02
2.653432174274197169e-02
2.640260459316569330e-02
2.635764783888411289e-02
2.642077647598365178e-02
2.642529212277824543e-02
2.642529212277824543e-02
2.630934629075888653e-02
2.616792132605946439e-02
2.599846757689101839e-02
2.583474877951326409e-02
2.564891775327727413e-02
2.531480389493565367e-02
2.493525675180167933e-02
2.443893043142145866e-02
2.408291114524487367e-02
2.365481640351620868e-02
2.365481640351620868e-02
2.336194749518126848e-02
2.306360077993755558e-02
2.293329741879987158e-02
2.325218742178044098e-02
2.356398128460828953e-02
2.388255427597636704e-02
2.423540147321233407e-02
2.460317000158173534e-02
2.496345977245808048e-02
2.532697236075607400e-02
2.532697236075607400e-02
2.561501565234225800e-02
2.600348988919240142e-02
2.621986196125600938e-02
2.635395098640817835e-02
2.622239041046004610e-02
2.585599036821178281e-02
2.526936898422480968e-02
2.465942870604244386e-02
2.402879377575086600e-02
2.334923633816040831e-02
2.334923633816040831e-02
2.270930069203586782e-02
2.210507052637911488e-02
2.164469572878453471e-02
2.116245777199697933e-02
2.079009641657084129e-02
2.073693265115354387e-02
2.056945081156526245e-02
2.047487501915803629e-02
2.037296349910917848e-02
2.026062975010340869e-02
2.026062975010340869e-02
2.001663478796205514e-02
1.982521882315703768e-02
1.961222408667685421e-02
1.953910402435196647e-02
1.952824954945997157e-02
1.939057373911977009e-02
1.926195122871012314e-02
1.916400920183981491e-02
1.917866506039892990e-02
1.918075028660683884e-02
1.918075028660683884e-02
1.914592306093321206e-02
1.905059426523165317e-02
1.891789692050783317e-02
1.879222952443402109e-02
1.872854784325351379e-02
1.873244748702556153e-02
1.887276303996271096e-02
1.886272730526375799e-02
1.858001070305696431e-02
1.826224645637938848e-02
