3.125206753611564636e-02
3.125206753611564636e-02
3.055308014154434204e-02
3.035634942352771759e-02
2.987596765160560608e-02
2.909391932189464569e-02
2.858895249664783478e-02
2.825522050261497498e-02
2.780354954302310944e-02
2.720092050731182098e-02
2.664656192064285278e-02
2.600716054439544678e-02
2.600716054439544678e-02
2.542940527200698853e-02
2.474126592278480530e-02
2.416670694947242737e-02
2.344652079045772552e-02
2.255588583648204803e-02
2.177550271153450012e-02
2.104758098721504211e-02
2.034625969827175140e-02
1.981114037334918976e-02
1.924628205597400665e-02
