7.489298958622429836e-02
7.489298958622429836e-02
7.445215304448732363e-02
7.490743130181957976e-02
7.553777920677785807e-02
7.564300535074615361e-02
7.600535965269504535e-02
7.640868142976164901e-02
7.651316976885168264e-02
7.664347294654456910e-02
7.686889166318180977e-02
7.660366176726297882e-02
7.660366176726297882e-02
7.606607834428676107e-02
7.542832183418929359e-02
7.466247869352644895e-02
7.409554545944191384e-02
7.371022441389814273e-02
7.315540535313649895e-02
7.282598140129324660e-02
7.248278062612298345e-02
7.205265760762954996e-02
7.144592363577377536e-02
7.144592363577377536e-02
7.091768239953986919e-02
7.050415655255885816e-02
7.027376601462935468e-02
7.020868062128657328e-02
7.020688715884637610e-02
7.018644911526511487e-02
7.015521646594931326e-02
7.015146134417206414e-02
7.006846533483548911e-02
7.001985644925519392e-02
7.001985644925519392e-02
6.999447792545158975e-02
6.987465578840118541e-02
6.965112444744830933e-02
6.940698940113977644e-02
6.905914417418514140e-02
6.888273063693457765e-02
6.876591136317926345e-02
6.856256586642206496e-02
6.840732391451283256e-02
6.808315154128184721e-02
6.808315154128184721e-02
6.766272563786132621e-02
6.742339232226793322e-02
6.711207178264326501e-02
6.686782325141467365e-02
6.658700984211263219e-02
6.646885010723241338e-02
6.622349072976439766e-02
6.598311735699538549e-02
6.594433186347015141e-02
6.595700325714778933e-02
6.595700325714778933e-02
6.586522124718692528e-02
6.599339931880332522e-02
6.606202546055985059e-02
6.637237372723359119e-02
6.668856881825678540e-02
6.713831285596225107e-02
6.765234398199290733e-02
6.803949124944881632e-02
6.838396669449464671e-02
6.868210138117919472e-02
6.868210138117919472e-02
6.884252057958892279e-02
6.900563608084790690e-02
6.893932229743450490e-02
6.880356688131658571e-02
6.843655899495366957e-02
6.816082377544072091e-02
6.766758245946638550e-02
6.751668362615272090e-02
6.735079652693611030e-02
6.712207422082151764e-02
6.712207422082151764e-02
6.674958473794596892e-02
6.666099351818043084e-02
6.694824338835496380e-02
6.709692544094235378e-02
6.697406651821596890e-02
6.741752329027107804e-02
6.787465873410919448e-02
6.808704714753908982e-02
6.834051776304732317e-02
6.857233340051246961e-02
6.857233340051246961e-02
6.867317160051059077e-02
6.876094527278422963e-02
6.848019536695164333e-02
6.818923000781902666e-02
6.799989580165004266e-02
6.769001745255305569e-02
6.736404243062142638e-02
6.704118578605600121e-02
6.672866149686602910e-02
6.661941726186650092e-02
6.661941726186650092e-02
6.624960405427215981e-02
6.609928778122346749e-02
6.584627318631089410e-02
6.564722606789924475e-02
6.541531540779034481e-02
6.517002548015596308e-02
6.485355177988527675e-02
6.476080301247388871e-02
6.464197011935987613e-02
6.462991967003102467e-02
6.462991967003102467e-02
6.471130116427933898e-02
6.491983809360853119e-02
6.512593638344962854e-02
6.519610828663685576e-02
6.508581792227169371e-02
6.482624436200644380e-02
6.454191226908030654e-02
6.437440010009251590e-02
6.425452908610401748e-02
6.405736914902382395e-02
6.405736914902382395e-02
6.376061666996694910e-02
6.344210485376894360e-02
6.309502208420607328e-02
6.293441273366466582e-02
6.262637920099871358e-02
6.234866948578225015e-02
6.217893845810262832e-02
6.210223601706929553e-02
6.219523856647210525e-02
6.224598797144028500e-02
6.224598797144028500e-02
6.201920743839968442e-02
6.178444241290670380e-02
6.145039956300211992e-02
6.100282389428004354e-02
6.039318989263739446e-02
5.983861336551485333e-02
5.937169072899353001e-02
5.893747002323804218e-02
5.846830849514654538e-02
5.813041235702279264e-02
5.813041235702279264e-02
5.801790591630616445e-02
5.768875273672841725e-02
5.725745607112912167e-02
5.692028088015266968e-02
5.662534196490656008e-02
5.682975958498979324e-02
5.672635753041958828e-02
5.652417112605723909e-02
5.622150091503697739e-02
5.565862232930224307e-02
5.565862232930224307e-02
5.510816542515974137e-02
5.466017925840647301e-02
5.422872404927768508e-02
5.380335854412410246e-02
5.337304430131240007e-02
5.298685287501144620e-02
5.264001929645881900e-02
5.231939983161698615e-02
5.182949507812109613e-02
5.126966608336622211e-02
5.126966608336622211e-02
5.078484572274320763e-02
5.049456963060425935e-02
5.041219182840448593e-02
5.046714351255185416e-02
5.058906610139279197e-02
5.071325649337928704e-02
5.087421880851215189e-02
5.088689660749660948e-02
5.085356550250033636e-02
5.082223060778288254e-02
5.082223060778288254e-02
5.069161351013588140e-02
5.054757230690151704e-02
5.026045405834572710e-02
4.987179197490905491e-02
4.952313613158351724e-02
5.033358661810121565e-02
5.106632666344710497e-02
5.167580464116429406e-02
5.209864626497633794e-02
5.239346608507208097e-02
5.239346608507208097e-02
5.275766745688619669e-02
5.310360254769774108e-02
5.341569208595439711e-02
5.370063098545944935e-02
5.402752406862810358e-02
5.445098058254166373e-02
5.471666916416604437e-02
5.493064890755616769e-02
5.503283245494736131e-02
5.502993212128544365e-02
5.502993212128544365e-02
5.499233957250204002e-02
5.494794615877276328e-02
5.473561906400806198e-02
5.451712199086263672e-02
5.433070063599891586e-02
5.411733304713464698e-02
5.393201318636596520e-02
5.372826387980348534e-02
5.353636911460897541e-02
5.328463164433204502e-02
5.328463164433204502e-02
5.301973407645849817e-02
5.273010782044461331e-02
5.247779503511965093e-02
5.226896099741931700e-02
5.210257823933343163e-02
5.186135114323923989e-02
5.157343954867371627e-02
5.129483869190923362e-02
5.106668272443475737e-02
5.106668272443475737e-02
5.106668272443475737e-02
5.084473446502567329e-02
5.063776113155891989e-02
5.037740186707342915e-02
5.012089171600923182e-02
4.992858902835994178e-02
4.971389064164007110e-02
4.936983025370374201e-02
4.936983025370374201e-02
4.907372030986270617e-02
4.888088355422183506e-02
4.888088355422183506e-02
4.867483414490841181e-02
4.845854152915185509e-02
4.827105630762223293e-02
4.820688967836238292e-02
4.826646103887399092e-02
4.858541303837204256e-02
4.891487982641207211e-02
4.922053293644457206e-02
4.945766609807513564e-02
4.957929134773748220e-02
4.957929134773748220e-02
4.958398778214423430e-02
4.930417160644670616e-02
4.905483622800060201e-02
4.885923815809400245e-02
4.846919757008416596e-02
4.808565397521216700e-02
4.748508364563176765e-02
4.688519009799452936e-02
4.645456885474472108e-02
4.602606743477166001e-02
4.602606743477166001e-02
4.558234743051593069e-02
4.508542390399079142e-02
4.460267363679980279e-02
4.424113784478150846e-02
4.395111638106961871e-02
4.374738691764656906e-02
4.362733638571654471e-02
4.356510371064779841e-02
4.362022775269192021e-02
4.363425482972756869e-02
4.363425482972756869e-02
4.367037352427367847e-02
4.368970350725220192e-02
4.379223131113813006e-02
4.387205062321188759e-02
4.380627163314041589e-02
4.384083361583985400e-02
4.391538966593271781e-02
4.393548279122089228e-02
4.394554985276140358e-02
4.390627371533408624e-02
4.390627371533408624e-02
4.391823146167288250e-02
4.395435552387706030e-02
4.384567680008254892e-02
4.380415728066920644e-02
4.350799325397350370e-02
4.330319321033817420e-02
4.305803825401887525e-02
4.281005669984939976e-02
4.251014395472722807e-02
4.215147459673502378e-02
4.215147459673502378e-02
4.177439377287699845e-02
4.145080044102719685e-02
4.112963718662774465e-02
4.091353066356241686e-02
4.065533208460237607e-02
4.039130554668793338e-02
4.017381692809488675e-02
3.987445426528768433e-02
3.966295450161524960e-02
3.950505503795059825e-02
3.950505503795059825e-02
3.941278330919567585e-02
3.933511259389928932e-02
3.932603445720486701e-02
3.922166097100009824e-02
3.917999796471566265e-02
3.904117520070986280e-02
3.893202506788638606e-02
3.893202506788638606e-02
3.880546279121811076e-02
3.868930418857539910e-02
3.868930418857539910e-02
3.861222066922680163e-02
3.857000428842811274e-02
3.842605695398826349e-02
3.823744682402798606e-02
3.802558631953057572e-02
3.784582143094609302e-02
3.777490704650564302e-02
3.763562917468922520e-02
3.755327363361471438e-02
3.741261391447570084e-02
3.741261391447570084e-02
3.731356268458445313e-02
3.721789839626276492e-02
3.724058281200789966e-02
3.724397529723887101e-02
3.727468174838905607e-02
3.725135452464144181e-02
3.732975850358635772e-02
3.753079734907693865e-02
3.769150739408955869e-02
3.781469655700948201e-02
3.781469655700948201e-02
3.797766163901476061e-02
3.815574907271188088e-02
3.824739672228719134e-02
3.839958724453976235e-02
3.853828708679826048e-02
3.863728110854703496e-02
3.875071960328364817e-02
3.881091578897270106e-02
3.886023563664608299e-02
3.891082187841123780e-02
3.891082187841123780e-02
3.904521033533263352e-02
3.915378666500564375e-02
3.940388313080780275e-02
3.962243871042608195e-02
3.985802883891226972e-02
4.006420618083217366e-02
4.022772846197120167e-02
4.031771001886563788e-02
4.038235963036790332e-02
4.048584493088956682e-02
4.048584493088956682e-02
4.051473878153652453e-02
4.055006560459356590e-02
4.066438098760352671e-02
4.092145577881562551e-02
4.117491845636619963e-02
4.133079531753367647e-02
4.151025024940156044e-02
4.164389486599278517e-02
4.168521910532840824e-02
4.166195265494163774e-02
4.166195265494163774e-02
4.154387894031674744e-02
4.143572678733280917e-02
4.130947413062180384e-02
4.123625770032107035e-02
4.115994864123816849e-02
4.107481667678700848e-02
4.092142623578177291e-02
4.074463193340779887e-02
4.060270641693137367e-02
4.043901063899655451e-02
4.043901063899655451e-02
4.030120361413206537e-02
4.017307678256662462e-02
4.002699668524039439e-02
3.986594779204322841e-02
3.959635521247584916e-02
3.933282976507592593e-02
3.911427821879401301e-02
3.886644525735872407e-02
3.853550092535524413e-02
3.829087666621479313e-02
3.829087666621479313e-02
3.812203327748081572e-02
3.807877161461058896e-02
3.799342538668934455e-02
3.784530340436163126e-02
3.780095441685229346e-02
3.787067154944747521e-02
3.798724320681015620e-02
3.812401474651694322e-02
3.831303816109051658e-02
3.842422389126607524e-02
3.842422389126607524e-02
3.854143050892084449e-02
3.860897471638022327e-02
3.865331335949669794e-02
3.866960054071349323e-02
3.874528384026501571e-02
3.870858367647567189e-02
3.869882442040818021e-02
3.865030559231184826e-02
3.859156485338750137e-02
3.841534464116532627e-02
3.841534464116532627e-02
3.815628344981017439e-02
3.798301349834955210e-02
3.793738270917978994e-02
3.797490939237881113e-02
3.804694435948384468e-02
3.802619524417432534e-02
3.792565089861519440e-02
3.785200499117423456e-02
3.782792137386099124e-02
3.755151616607769333e-02
3.755151616607769333e-02
3.732186526348419547e-02
3.715448347017734354e-02
3.702886506917395931e-02
3.694814881976171000e-02
3.685868429670860480e-02
3.669730502079846662e-02
3.656822008640655403e-02
3.639606995361327479e-02
3.634952612031366881e-02
3.625834998122941938e-02
