3.015852160751819611e-02
3.731016814708709717e-02
4.183731973171234131e-02
4.473796114325523376e-02
4.693331196904182434e-02
4.921814426779747009e-02
5.181821808218955994e-02
5.479790270328521729e-02
5.793405324220657349e-02
6.146860122680664062e-02
6.295859068632125854e-02
6.295859068632125854e-02
6.358543783426284790e-02
6.437193602323532104e-02
6.481132656335830688e-02
6.486863642930984497e-02
6.520101428031921387e-02
6.561575829982757568e-02
6.591589748859405518e-02
6.608212739229202271e-02
6.569185107946395874e-02
6.460169702768325806e-02
6.460169702768325806e-02
6.358881294727325439e-02
6.311247497797012329e-02
6.311836093664169312e-02
6.279361248016357422e-02
6.287198513746261597e-02
6.287146359682083130e-02
6.345943361520767212e-02
6.377709656953811646e-02
6.413812935352325439e-02
6.425765901803970337e-02
6.425765901803970337e-02
6.547719985246658325e-02
6.590695679187774658e-02
6.534110009670257568e-02
6.405263394117355347e-02
6.340976059436798096e-02
6.268293410539627075e-02
6.171122938394546509e-02
6.079371646046638489e-02
6.006279215216636658e-02
5.901088193058967590e-02
5.901088193058967590e-02
5.847291275858879089e-02
5.779566988348960876e-02
5.693319067358970642e-02
5.591368302702903748e-02
5.608674511313438416e-02
5.621163174510002136e-02
5.638901516795158386e-02
5.684766918420791626e-02
5.723822489380836487e-02
5.628145858645439148e-02
5.628145858645439148e-02
5.508925765752792358e-02
5.474573373794555664e-02
5.440080910921096802e-02
5.380091816186904907e-02
5.299974232912063599e-02
5.189669504761695862e-02
5.129154399037361145e-02
5.052566528320312500e-02
4.924119636416435242e-02
4.802669212222099304e-02
4.802669212222099304e-02
4.762992262840270996e-02
4.702945798635482788e-02
4.695777222514152527e-02
4.689440876245498657e-02
4.569004476070404053e-02
4.461468383669853210e-02
4.387355223298072815e-02
4.333003610372543335e-02
4.256447404623031616e-02
4.264827072620391846e-02
4.264827072620391846e-02
4.417412728071212769e-02
4.509312286972999573e-02
4.511220008134841919e-02
4.445180296897888184e-02
4.421423748135566711e-02
4.390172660350799561e-02
4.316167160868644714e-02
4.223227500915527344e-02
4.115481674671173096e-02
4.048079252243041992e-02
4.048079252243041992e-02
4.010642319917678833e-02
3.961852565407752991e-02
3.938483074307441711e-02
3.984188288450241089e-02
4.027875512838363647e-02
3.979396447539329529e-02
3.949268907308578491e-02
3.990368172526359558e-02
3.954568877816200256e-02
3.913342952728271484e-02
3.913342952728271484e-02
3.868999332189559937e-02
3.796531260013580322e-02
3.703113645315170288e-02
3.594632446765899658e-02
3.473122417926788330e-02
3.396831452846527100e-02
3.299543261528015137e-02
3.259361535310745239e-02
3.184676915407180786e-02
3.111209906637668610e-02
3.111209906637668610e-02
3.137941285967826843e-02
3.146350756287574768e-02
3.173909336328506470e-02
3.074009902775287628e-02
3.031470626592636108e-02
3.060168214142322540e-02
3.085734695196151733e-02
3.092593327164649963e-02
3.159646689891815186e-02
3.155544027686119080e-02
3.155544027686119080e-02
3.173467516899108887e-02
3.250675648450851440e-02
3.298030421137809753e-02
3.200135752558708191e-02
3.008247353136539459e-02
2.758437395095825195e-02
2.528709359467029572e-02
2.267573960125446320e-02
2.115948311984539032e-02
2.010414190590381622e-02
2.010414190590381622e-02
1.778568699955940247e-02
1.637001708149909973e-02
1.639367267489433289e-02
1.669161394238471985e-02
1.748790033161640167e-02
1.861856319010257721e-02
1.909580826759338379e-02
2.028979733586311340e-02
2.120255678892135620e-02
2.070436254143714905e-02
