2.937085069635341633e-02
2.852728483597936557e-02
2.795577647292033299e-02
2.736518978920266659e-02
2.758688802426929876e-02
2.810246845659107248e-02
2.849546553157015702e-02
2.856955049707485955e-02
2.847644103857074199e-02
2.841314507601613512e-02
2.876546548886404694e-02
2.876546548886404694e-02
2.923892414304803816e-02
2.976143115707903866e-02
3.021644632589347637e-02
3.081816498388786907e-02
3.152014073130585126e-02
3.212558705566306155e-02
3.266436836005631034e-02
3.308638403184715332e-02
3.321623871926136784e-02
3.312622944736436786e-02
3.312622944736436786e-02
3.298306134020154851e-02
3.293376382909563721e-02
3.275721255990365899e-02
3.268635664952490583e-02
3.264320990403463130e-02
3.255769886408714509e-02
3.236375416834527674e-02
3.208268130152300973e-02
3.183855802988206501e-02
3.150044768999104433e-02
3.150044768999104433e-02
3.117854244115693049e-02
3.083083569106062627e-02
3.034661378204736235e-02
2.992592175287558595e-02
2.958193925804790056e-02
2.919827731162227824e-02
2.881182122180417707e-02
2.863292564999218859e-02
2.863603909197272313e-02
2.856042814305462599e-02
2.856042814305462599e-02
2.847209116932592279e-02
2.829077359418227106e-02
2.803837569352638295e-02
2.764409898804516888e-02
2.724800833000460068e-02
2.679193701010711831e-02
2.628643032490487683e-02
2.578471762160774658e-02
2.543154404716244793e-02
2.507624316226035252e-02
2.507624316226035252e-02
2.479303287241071269e-02
2.464188731117592304e-02
2.431318209788375234e-02
2.388947940707249196e-02
2.356618682274393833e-02
2.307357145829725883e-02
2.268638733772682450e-02
2.242789772631252274e-02
2.221230881394159473e-02
2.203980925676143898e-02
2.203980925676143898e-02
2.186769206657020875e-02
2.157719963298500992e-02
2.120661639855196332e-02
2.066305174449398901e-02
1.988448441504605743e-02
1.899929533288874373e-02
1.810542350774746109e-02
1.735329832063723515e-02
1.655038094812738211e-02
1.596988722151510345e-02
1.596988722151510345e-02
1.543684677418784117e-02
1.486780274780472380e-02
1.443249535311731668e-02
1.414882637215592390e-02
1.412502627676783147e-02
1.428042667028162939e-02
1.466603844610301147e-02
1.516514050434122733e-02
1.549875402916529345e-02
1.585186253608101073e-02
1.585186253608101073e-02
1.624329291685986526e-02
1.651485012107357236e-02
1.655173228186080508e-02
1.647773564981472663e-02
1.634240350080541290e-02
1.615688908736482438e-02
1.594629426789830398e-02
1.576553267544456016e-02
1.561212250626940225e-02
1.540897887418175155e-02
1.540897887418175155e-02
1.487761057144216560e-02
1.447462334186830693e-02
1.429134452333881422e-02
1.427521400360276006e-02
1.439097846968431099e-02
1.450247568739558221e-02
1.451703658538528244e-02
1.463687507933117589e-02
1.505805684191638925e-02
1.553835067496544403e-02
1.553835067496544403e-02
1.597124930224343153e-02
1.636162763760336952e-02
1.661296813613487300e-02
1.693036174520722373e-02
1.700782447573028280e-02
1.701865729936008834e-02
1.690375746416261996e-02
1.677368633337287043e-02
1.637375132786930351e-02
1.570488976877464776e-02
1.570488976877464776e-02
1.499634317922166407e-02
1.424747597570903343e-02
1.361070355367785360e-02
1.289996385591533727e-02
1.254343834342343429e-02
1.238195670428281908e-02
1.238507280241205218e-02
1.249768601086489843e-02
1.262503974993946058e-02
1.282345231450940370e-02
1.282345231450940370e-02
1.312342149153443265e-02
1.345282969680736476e-02
1.390808549030640717e-02
1.430380970266141236e-02
1.474789343724309566e-02
1.501769485708689782e-02
1.517055394811243213e-02
1.506087898543236221e-02
1.474445746474739062e-02
1.425509809636006653e-02
1.425509809636006653e-02
1.369933674406272062e-02
1.319018085737661689e-02
1.276868164671579250e-02
1.244069296029951324e-02
1.220545628972814246e-02
1.212694168345263522e-02
1.221093862153122857e-02
1.228558542756105765e-02
1.249288509700785879e-02
1.281459005046192874e-02
1.281459005046192874e-02
1.299027956277980927e-02
1.296466061957157745e-02
1.268819250860384919e-02
1.230793389644137779e-02
1.198361434543503655e-02
1.163301200996815638e-02
1.127180204412940590e-02
1.120575832152309256e-02
1.113154713535227484e-02
1.109340928600426220e-02
1.109340928600426220e-02
1.120527884362373418e-02
1.130973527960997364e-02
1.137618268070403858e-02
1.138624770365408503e-02
1.125806777511510239e-02
1.130668188758094002e-02
1.133114293455566093e-02
1.130356035451613068e-02
1.133649780642704240e-02
1.129145822095252959e-02
1.129145822095252959e-02
1.131489624580895789e-02
1.141358532230488283e-02
1.143439452544574297e-02
1.121227648474544883e-02
1.118886779402591611e-02
1.111298964405731289e-02
1.102243685143332146e-02
1.099428255685062743e-02
1.097463714868903394e-02
1.116480753851355548e-02
1.116480753851355548e-02
1.125237187108923953e-02
1.126313855804185471e-02
1.117723651361873620e-02
1.091668030190666612e-02
1.077181446600285371e-02
1.079413601563791562e-02
1.114255716378565950e-02
1.177533610243659649e-02
1.223770090954628964e-02
1.253071285233720716e-02
1.253071285233720716e-02
1.255120053048814147e-02
1.241291668964870226e-02
1.222108593311656451e-02
1.192073611331958237e-02
1.177397265990682076e-02
1.154141142678154555e-02
1.148576353208340811e-02
1.164368442069032422e-02
1.187965820551201493e-02
1.208248412939770013e-02
1.208248412939770013e-02
1.222661415409355759e-02
1.237206429073870774e-02
1.247582363598737087e-02
1.259024008027269208e-02
1.261963483668091836e-02
1.261409844077081635e-02
1.245593368939601486e-02
1.234670454022570966e-02
1.227893851605624774e-02
1.220519906777160768e-02
1.220519906777160768e-02
1.205801984635624345e-02
1.206151756825257076e-02
1.197695164821408614e-02
1.198989701543086255e-02
1.194202234397350251e-02
1.183795480119076426e-02
1.179220369803844065e-02
1.177626797861334139e-02
1.192867719218501828e-02
1.198523395162792195e-02
1.198523395162792195e-02
1.194374139993438326e-02
1.196088939985424059e-02
1.239402150981605728e-02
1.271665743239969865e-02
1.265467389628798650e-02
1.237923763227834206e-02
1.197823394112595106e-02
1.156826710401749787e-02
1.133110157508025392e-02
1.121889293920794867e-02
1.121889293920794867e-02
1.128850490103617231e-02
1.151690225981044299e-02
1.160263214893988634e-02
1.163787131999028356e-02
1.151214801396796203e-02
1.128542382892559759e-02
1.096763174833883039e-02
1.069192328745329976e-02
1.054798187083190626e-02
1.049191387479934089e-02
1.049191387479934089e-02
1.051947171515323944e-02
1.065008798246273349e-02
1.071392114693184988e-02
1.079418659929750994e-02
1.069878851780899087e-02
1.059555308232735214e-02
1.040878071220759961e-02
1.025078123234371766e-02
1.011252412192882068e-02
1.001312237975755109e-02
1.001312237975755109e-02
9.606559406048152325e-03
9.307772461811802955e-03
9.198969306774100463e-03
8.989834621698007677e-03
8.660444123370360583e-03
8.508388137574044580e-03
8.505919106874130012e-03
8.529142095311057631e-03
8.576383867388822149e-03
8.569939890905780080e-03
8.569939890905780080e-03
8.629625532417153910e-03
8.583500937784881851e-03
8.328359510953007791e-03
8.024675752551897745e-03
7.617836057925516172e-03
7.254086512378360094e-03
7.026408942423816549e-03
6.902561108910050015e-03
6.890721763569609276e-03
6.882610454903150682e-03
6.882610454903150682e-03
6.852512444920486577e-03
6.819607660884741997e-03
6.833735940429441422e-03
6.910748501586589515e-03
7.072694208845324744e-03
7.164657888275294956e-03
7.139120098526872092e-03
7.246007235696001400e-03
7.292083452177920526e-03
7.261270000383797385e-03
7.261270000383797385e-03
7.062288878531164382e-03
6.938203264006848926e-03
6.877403044046870133e-03
7.027194768053351449e-03
7.196017933672435238e-03
7.451074344419307549e-03
7.670711365092187581e-03
7.917839830087860728e-03
8.026002611142578347e-03
8.145538070956317989e-03
8.145538070956317989e-03
8.323544200761565787e-03
8.349897404596608175e-03
8.182567403907062276e-03
8.004130232480463625e-03
7.934190157534123586e-03
7.957162607807665572e-03
8.007222505484074340e-03
8.100825022760198973e-03
8.152839866162307075e-03
8.159430816181246354e-03
8.159430816181246354e-03
8.125722527205336831e-03
8.079970773439540399e-03
8.050602910424220840e-03
8.004901299362487954e-03
7.989697833790441669e-03
7.930478406453597695e-03
7.831548489693120063e-03
7.812574448004896283e-03
7.665614201117121503e-03
7.685456346545244989e-03
7.685456346545244989e-03
7.655441527207866581e-03
7.593391227063737287e-03
7.623994804928324771e-03
7.623054874093082404e-03
7.901868864632998271e-03
8.040415757235552449e-03
8.041562833496614104e-03
7.842511686219378123e-03
7.661138615014763571e-03
7.393808793009032550e-03
7.393808793009032550e-03
7.068119335807430785e-03
6.652633096005050074e-03
6.410665621563030499e-03
6.275378929057870425e-03
6.374746135419127012e-03
6.640255440663041936e-03
6.906481680740698958e-03
7.152773542353395991e-03
7.321590510980236638e-03
7.398603959682371889e-03
7.398603959682371889e-03
7.434767113781843434e-03
7.365803779543497222e-03
7.111712581657466184e-03
6.924029912537245368e-03
6.824905776478960157e-03
6.852463453978975549e-03
6.996760277604125756e-03
7.112500041991189938e-03
7.244347234438158929e-03
7.372031369180931729e-03
7.372031369180931729e-03
7.425396868112701422e-03
7.357342768018943803e-03
7.169131627387946744e-03
6.908374124834640133e-03
6.625313955391057795e-03
6.467279056674082351e-03
6.511013977671602920e-03
6.600747726883665796e-03
6.746382515056609762e-03
6.983431189128021417e-03
6.983431189128021417e-03
7.205028483594499121e-03
7.333801367003119770e-03
7.342674205563760013e-03
7.273618600514379466e-03
7.146715767044392945e-03
7.146021433669722325e-03
7.244045332871883874e-03
7.347269318602382346e-03
7.456615624602746899e-03
7.510054202921365857e-03
7.510054202921365857e-03
7.379708490031331933e-03
6.821506391670819659e-03
6.311377266556597067e-03
5.914771434592366525e-03
5.849974368463599882e-03
5.905612522610879239e-03
6.094171412137691819e-03
6.328136084006263581e-03
6.625726800451297444e-03
6.746312159340543332e-03
6.746312159340543332e-03
6.704844198595063740e-03
6.523520070747803982e-03
6.304745457276306718e-03
6.112531599241711848e-03
5.917164521131407923e-03
5.836633440452119147e-03
5.970844091169741352e-03
6.089728435627083866e-03
6.183280864961547899e-03
6.065446335599284852e-03
6.065446335599284852e-03
5.836610086381588403e-03
5.565188362112438551e-03
5.292554088984172123e-03
5.191805582556827288e-03
5.140894208614192780e-03
5.331394522503342392e-03
5.626066917732054293e-03
5.903446706186854347e-03
6.198895529653786381e-03
6.494698753193125194e-03
6.494698753193125194e-03
6.635978590375806244e-03
6.575181652776568297e-03
6.406281450978217225e-03
5.971384815715572066e-03
5.509325519375922291e-03
5.228399746467903009e-03
5.152067803622766180e-03
5.287079715455852633e-03
5.557065430790986138e-03
5.840470863823565145e-03
5.840470863823565145e-03
5.956521216348694379e-03
5.984487587244048667e-03
5.820063374398567156e-03
5.559668659839533088e-03
5.309902029909839387e-03
5.217878668181633733e-03
5.155913061100601824e-03
5.228646124987081437e-03
5.363247972531776271e-03
5.484227377538624867e-03
5.484227377538624867e-03
5.565894663509834799e-03
5.557061810440857078e-03
5.404633096572277785e-03
5.261054654753802642e-03
5.181101612132897778e-03
5.116970840143930319e-03
5.081145908224060648e-03
5.080079531726384642e-03
5.258901941743291709e-03
5.454600013229067568e-03
5.454600013229067568e-03
5.722005822701415299e-03
5.969910589140934969e-03
6.284961572696380269e-03
6.495923271799625143e-03
6.568399959150728398e-03
6.640282771865116916e-03
6.697796359445897310e-03
6.571972790160069029e-03
6.463243555345486203e-03
6.296925127558657305e-03
6.296925127558657305e-03
6.285394016975752972e-03
6.356730749049291883e-03
6.670904817860395797e-03
7.006436824190038701e-03
7.218973078889511300e-03
7.327838655823412650e-03
7.315099428259140210e-03
6.956045081911096939e-03
6.642433872139278002e-03
6.430363666661143528e-03
6.430363666661143528e-03
6.282528572553708335e-03
6.218486635542018817e-03
6.252883992319567541e-03
6.400616686960701462e-03
6.634998220814296126e-03
6.945619902924674363e-03
7.193142240777022044e-03
7.392149350959494741e-03
7.492481332076515212e-03
7.493007409311169473e-03
7.493007409311169473e-03
7.396643286864861347e-03
7.224546027732189901e-03
7.107565629027706375e-03
6.923470263423393486e-03
6.840120064617850014e-03
6.970916749169268033e-03
7.201554678266129661e-03
7.494971951629544708e-03
7.673404472230594894e-03
7.703023515815283530e-03
7.703023515815283530e-03
7.590824957225513619e-03
7.478501700044548617e-03
7.342268112867562403e-03
7.044797683548386508e-03
6.842864715302369137e-03
6.722951425812299063e-03
6.711956402716857083e-03
6.716085324137594480e-03
6.770199013976111249e-03
6.721986124321879287e-03
6.721986124321879287e-03
6.697388304262577238e-03
6.642010988525404169e-03
6.653789843393566154e-03
6.686905085700850862e-03
6.882399129680518042e-03
7.100220157000427385e-03
7.192094309173600354e-03
7.368409467839512166e-03
7.586429063505534601e-03
7.840516614996973985e-03
7.840516614996973985e-03
7.995894348871284210e-03
8.178397002673394936e-03
8.300761875745590879e-03
8.351966066302477995e-03
8.361661578566367825e-03
8.347920526724127849e-03
8.256461380657538138e-03
8.054191459003157139e-03
7.926502311766643952e-03
7.960255805338866189e-03
7.960255805338866189e-03
8.029978303372832180e-03
8.142573262654714122e-03
8.194459729935573214e-03
8.189455728460179329e-03
8.105143376972502242e-03
8.056917698317643539e-03
7.881032161376614817e-03
7.605098809000853527e-03
7.439150366474554105e-03
7.280276764187401314e-03
7.280276764187401314e-03
7.225451697425017833e-03
7.166413033457631580e-03
7.129352659736992726e-03
7.054228986352045240e-03
7.048693984305736716e-03
7.106535595615982512e-03
7.250741475695335336e-03
7.387334841319684667e-03
7.427987462707431009e-03
7.516091987827111694e-03
7.516091987827111694e-03
7.624770200903009838e-03
7.783289043300138307e-03
7.922316192550628647e-03
7.891602375010528872e-03
7.807284652927484921e-03
7.610304372795806405e-03
7.456121261854587075e-03
7.473322405705009643e-03
7.463829419375896806e-03
7.526955749605533999e-03
