2.399425767362117767e-02
2.399425767362117767e-02
2.404377236962318420e-02
2.295027300715446472e-02
2.246343530714511871e-02
2.176033146679401398e-02
2.129624597728252411e-02
2.091982774436473846e-02
2.081792429089546204e-02
2.080689184367656708e-02
2.063428983092308044e-02
2.042457088828086853e-02
2.042457088828086853e-02
2.014314569532871246e-02
1.987474411725997925e-02
1.961653679609298706e-02
1.945590414106845856e-02
1.931168511509895325e-02
1.907621882855892181e-02
1.863817498087882996e-02
1.830224320292472839e-02
1.795908063650131226e-02
1.815717108547687531e-02
1.815717108547687531e-02
1.827679388225078583e-02
1.824702136218547821e-02
1.830407045781612396e-02
1.839301735162734985e-02
1.849680207669734955e-02
1.861401461064815521e-02
1.876277104020118713e-02
1.894396543502807617e-02
1.922414638102054596e-02
1.959311775863170624e-02
1.959311775863170624e-02
1.999366283416748047e-02
2.034420520067214966e-02
2.076106518507003784e-02
2.114582993090152740e-02
2.158088609576225281e-02
2.196481451392173767e-02
2.231301367282867432e-02
2.264115400612354279e-02
2.287938632071018219e-02
2.310241572558879852e-02
2.310241572558879852e-02
2.333757281303405762e-02
2.352959103882312775e-02
2.362845093011856079e-02
2.366235293447971344e-02
2.360983006656169891e-02
2.353706024587154388e-02
2.339712902903556824e-02
2.324778027832508087e-02
2.297736704349517822e-02
2.266781404614448547e-02
2.266781404614448547e-02
2.231131307780742645e-02
2.194904536008834839e-02
2.161474525928497314e-02
2.117983065545558929e-02
2.076110988855361938e-02
2.039373666048049927e-02
2.003277465701103210e-02
1.968898624181747437e-02
1.928150653839111328e-02
1.890221610665321350e-02
1.890221610665321350e-02
1.847152970731258392e-02
1.799764297902584076e-02
1.750526763498783112e-02
1.716380007565021515e-02
1.686136797070503235e-02
1.658524200320243835e-02
1.649698801338672638e-02
1.644495502114295959e-02
1.643031835556030273e-02
1.649831794202327728e-02
1.649831794202327728e-02
1.659769378602504730e-02
1.673697866499423981e-02
1.684486493468284607e-02
1.690548099577426910e-02
1.691360771656036377e-02
1.695385389029979706e-02
1.696584746241569519e-02
1.687395200133323669e-02
1.675335876643657684e-02
1.664057932794094086e-02
1.664057932794094086e-02
1.644652150571346283e-02
1.628610678017139435e-02
1.591978594660758972e-02
1.561481226235628128e-02
1.504718698561191559e-02
1.447120495140552521e-02
1.391706522554159164e-02
1.350309047847986221e-02
1.319892518222332001e-02
1.298025436699390411e-02
1.298025436699390411e-02
1.288283523172140121e-02
1.277195941656827927e-02
1.274731196463108063e-02
1.270061545073986053e-02
1.256406120955944061e-02
1.252193562686443329e-02
1.232765614986419678e-02
1.211616955697536469e-02
1.181172765791416168e-02
1.153461821377277374e-02
1.153461821377277374e-02
1.131070312112569809e-02
1.115844491869211197e-02
1.098292786628007889e-02
1.072618272155523300e-02
1.050091441720724106e-02
1.036026328802108765e-02
1.038298383355140686e-02
1.045445911586284637e-02
1.055574323982000351e-02
1.102009974420070648e-02
1.102009974420070648e-02
1.164137944579124451e-02
1.226370409131050110e-02
1.290412712842226028e-02
1.348628289997577667e-02
1.400123909115791321e-02
1.443070825189352036e-02
1.497514918446540833e-02
1.545002683997154236e-02
1.590564288198947906e-02
1.632932014763355255e-02
1.632932014763355255e-02
1.674766279757022858e-02
1.721723936498165131e-02
1.776719838380813599e-02
1.829385384917259216e-02
1.874733529984951019e-02
1.911209896206855774e-02
1.937084458768367767e-02
1.960341446101665497e-02
1.987259648740291595e-02
2.012994326651096344e-02
2.012994326651096344e-02
2.022616378962993622e-02
2.015632577240467072e-02
1.986669003963470459e-02
1.950350962579250336e-02
1.907691545784473419e-02
1.862733624875545502e-02
1.822010800242424011e-02
1.791738532483577728e-02
1.763137243688106537e-02
1.744875498116016388e-02
1.744875498116016388e-02
1.725598052144050598e-02
1.720142550766468048e-02
1.730464026331901550e-02
1.745545119047164917e-02
1.765657402575016022e-02
1.793471723794937134e-02
1.828859560191631317e-02
1.861449517309665680e-02
1.894829981029033661e-02
1.921801082789897919e-02
1.921801082789897919e-02
1.938087679445743561e-02
1.942037604749202728e-02
1.942855492234230042e-02
1.929325610399246216e-02
1.900379732251167297e-02
1.872631534934043884e-02
1.845444180071353912e-02
1.822672411799430847e-02
1.803640462458133698e-02
1.779643073678016663e-02
1.779643073678016663e-02
1.770544983446598053e-02
1.764144189655780792e-02
1.773172430694103241e-02
1.784256473183631897e-02
1.798531040549278259e-02
1.813356950879096985e-02
1.826952584087848663e-02
1.847659237682819366e-02
1.847659237682819366e-02
1.867436058819293976e-02
1.867436058819293976e-02
1.898099295794963837e-02
1.946516148746013641e-02
2.001923695206642151e-02
2.062440291047096252e-02
2.115619182586669922e-02
2.157934941351413727e-02
2.174273319542407990e-02
2.182963490486145020e-02
2.189183235168457031e-02
2.161983586847782135e-02
2.161983586847782135e-02
2.123197913169860840e-02
2.081970125436782837e-02
2.029457688331604004e-02
1.970476098358631134e-02
1.909749023616313934e-02
1.844503730535507202e-02
1.789110898971557617e-02
1.739742606878280640e-02
1.695041730999946594e-02
1.661223731935024261e-02
1.661223731935024261e-02
1.631573215126991272e-02
1.593238860368728638e-02
1.562520489096641541e-02
1.546967960894107819e-02
1.533433701843023300e-02
1.528741512447595596e-02
1.525831874459981918e-02
1.529113110154867172e-02
1.544981822371482849e-02
1.562348101288080215e-02
1.562348101288080215e-02
1.582970842719078064e-02
1.606928184628486633e-02
1.633000001311302185e-02
1.658827252686023712e-02
1.687292195856571198e-02
1.707344129681587219e-02
1.715916208922863007e-02
1.719024032354354858e-02
1.721619069576263428e-02
1.722166314721107483e-02
1.722166314721107483e-02
1.714092493057250977e-02
1.705925352871417999e-02
1.693633757531642914e-02
1.692903973162174225e-02
1.674418523907661438e-02
1.639504916965961456e-02
1.592625677585601807e-02
1.540063973516225815e-02
1.491283159703016281e-02
1.438876055181026459e-02
1.438876055181026459e-02
1.393234170973300934e-02
1.355616003274917603e-02
1.321831066161394119e-02
1.295159012079238892e-02
1.274621300399303436e-02
1.265898998826742172e-02
1.269054412841796875e-02
1.280281599611043930e-02
1.296036783605813980e-02
1.307264901697635651e-02
1.307264901697635651e-02
1.318825967609882355e-02
1.320964749902486801e-02
1.321532484143972397e-02
1.314243674278259277e-02
1.294036116451025009e-02
1.270554587244987488e-02
1.256932690739631653e-02
1.245069038122892380e-02
1.245638076215982437e-02
1.249759085476398468e-02
1.249759085476398468e-02
1.252822577953338623e-02
1.262560859322547913e-02
1.271384395658969879e-02
1.279624272137880325e-02
1.280729100108146667e-02
1.268259063363075256e-02
1.257040258496999741e-02
1.243764348328113556e-02
1.229577790945768356e-02
1.214859448373317719e-02
1.214859448373317719e-02
1.200793683528900146e-02
1.190118025988340378e-02
1.181923225522041321e-02
1.165237650275230408e-02
1.151261944323778152e-02
1.122341584414243698e-02
1.093606743961572647e-02
1.072856970131397247e-02
1.051606796681880951e-02
1.035224553197622299e-02
1.035224553197622299e-02
1.032846234738826752e-02
1.037574652582406998e-02
1.041523553431034088e-02
1.043689809739589691e-02
1.043689809739589691e-02
1.043689809739589691e-02
1.047049742192029953e-02
1.049584709107875824e-02
1.050006411969661713e-02
1.052094716578722000e-02
1.052094716578722000e-02
1.054988522082567215e-02
1.058176904916763306e-02
1.061376836150884628e-02
1.047955639660358429e-02
1.033048890531063080e-02
1.021716371178627014e-02
1.014412660151720047e-02
1.009100675582885742e-02
1.013848371803760529e-02
1.017365045845508575e-02
1.017365045845508575e-02
1.030605286359786987e-02
1.045325025916099548e-02
1.054242718964815140e-02
1.061065308749675751e-02
1.068284921348094940e-02
1.075269561260938644e-02
1.081279292702674866e-02
1.084546092897653580e-02
1.090853754431009293e-02
1.099537312984466553e-02
1.099537312984466553e-02
1.110648922622203827e-02
1.124962419271469116e-02
1.153284683823585510e-02
1.172429136931896210e-02
1.186948455870151520e-02
1.205484755337238312e-02
1.217831671237945557e-02
1.228310167789459229e-02
1.205119397491216660e-02
1.189975067973136902e-02
1.189975067973136902e-02
1.186104491353034973e-02
1.183209195733070374e-02
1.185736246407032013e-02
1.202119421213865280e-02
1.222601532936096191e-02
1.247060019522905350e-02
1.276109926402568817e-02
1.312200725078582764e-02
1.338352169841527939e-02
1.366111356765031815e-02
1.366111356765031815e-02
1.391788944602012634e-02
1.415215712040662766e-02
1.429497264325618744e-02
1.451563928276300430e-02
1.474229991436004639e-02
1.502972748130559921e-02
1.542688068002462387e-02
1.583210937678813934e-02
1.636688411235809326e-02
1.694310642778873444e-02
1.694310642778873444e-02
1.764803379774093628e-02
1.842627674341201782e-02
1.916200667619705200e-02
1.987156830728054047e-02
2.055207639932632446e-02
2.161261998116970062e-02
2.260933257639408112e-02
2.353631518781185150e-02
2.443953230977058411e-02
2.463673800230026245e-02
2.463673800230026245e-02
2.487296983599662781e-02
2.504562586545944214e-02
2.529884874820709229e-02
2.546187117695808411e-02
2.563344500958919525e-02
2.574325539171695709e-02
2.572280913591384888e-02
2.566062100231647491e-02
2.553756348788738251e-02
2.542800083756446838e-02
2.542800083756446838e-02
2.530048415064811707e-02
2.513390406966209412e-02
2.499085292220115662e-02
2.488593570888042450e-02
2.470234595239162445e-02
2.451816946268081665e-02
2.436326071619987488e-02
2.417938038706779480e-02
2.392648532986640930e-02
2.369762584567070007e-02
2.369762584567070007e-02
2.348772436380386353e-02
2.329781465232372284e-02
2.315270528197288513e-02
2.306024916470050812e-02
2.294735237956047058e-02
2.279232256114482880e-02
2.265026234090328217e-02
2.250244282186031342e-02
2.241638861596584320e-02
2.228971756994724274e-02
2.228971756994724274e-02
2.215740829706192017e-02
2.201982401311397552e-02
2.192486450076103210e-02
2.183501236140727997e-02
2.178050950169563293e-02
2.174635045230388641e-02
2.168416790664196014e-02
2.170313522219657898e-02
2.173172309994697571e-02
2.176137082278728485e-02
2.176137082278728485e-02
2.182466164231300354e-02
2.189194411039352417e-02
2.206033840775489807e-02
2.231312915682792664e-02
2.244073525071144104e-02
2.239838428795337677e-02
2.243636734783649445e-02
2.243105135858058929e-02
2.241839468479156494e-02
2.230030111968517303e-02
2.230030111968517303e-02
2.230377309024333954e-02
2.243133261799812317e-02
2.253409475088119507e-02
2.277772501111030579e-02
2.298752963542938232e-02
2.319577150046825409e-02
2.333696372807025909e-02
2.346931025385856628e-02
2.350469306111335754e-02
2.338173985481262207e-02
2.338173985481262207e-02
2.324793301522731781e-02
2.302889339625835419e-02
2.275832742452621460e-02
2.255902625620365143e-02
2.235716395080089569e-02
2.235716395080089569e-02
2.215201966464519501e-02
2.166276052594184875e-02
2.123291976749897003e-02
2.085394039750099182e-02
