4.370232889995235431e-02
4.370232889995235431e-02
4.419611904229914928e-02
4.447557166072796386e-02
4.389060895396492551e-02
4.346320338930666910e-02
4.315390179940100518e-02
4.292770265408374364e-02
4.249630736805966313e-02
4.206105946404386370e-02
4.148347188979786132e-02
4.071793329714033099e-02
4.071793329714033099e-02
3.987405685028642260e-02
3.924208377919251312e-02
3.832523611768551969e-02
3.744089459568563510e-02
3.653836913966219263e-02
3.555676697041846440e-02
3.472107842956542734e-02
3.390484876554349797e-02
3.297989875112376790e-02
3.202949862257587627e-02
3.202949862257587627e-02
3.116798298693762570e-02
3.045468918176330933e-02
2.975774778863731276e-02
2.900083798794997683e-02
2.833024724181541082e-02
2.781481024041816338e-02
2.731318889110273887e-02
2.679819212914134538e-02
2.630616314474341910e-02
2.579535275934378979e-02
2.579535275934378979e-02
2.528638479842062678e-02
2.488990883086237074e-02
2.454372250408523581e-02
2.422564353201398998e-02
2.389210821779414601e-02
2.359635985835886046e-02
2.326867206339934546e-02
2.304033590701051043e-02
2.280676581293537494e-02
2.270259963761000338e-02
2.270259963761000338e-02
2.246455885470312330e-02
2.220859555098180643e-02
2.210079207383369021e-02
2.204755647832846652e-02
2.196581357941385787e-02
2.180987360390977681e-02
2.168544826783748783e-02
2.151094127655659924e-02
2.145623130673636469e-02
2.135308107745275893e-02
2.135308107745275893e-02
2.099126180769279870e-02
2.070396899061831969e-02
2.048249278552958380e-02
2.030734315407822441e-02
2.003623085435414508e-02
1.979092311819258612e-02
1.955642494645496582e-02
1.941198515095517510e-02
1.936046162398399884e-02
1.931060793690453706e-02
1.931060793690453706e-02
1.931278833371343970e-02
1.917114749327632206e-02
1.907835450560169122e-02
1.899463910605702494e-02
1.901605971507691617e-02
1.904940906240974730e-02
1.886235896440617565e-02
1.870422652987915532e-02
1.860257408662806256e-02
1.876557732185674121e-02
1.876557732185674121e-02
1.875620962424642824e-02
1.879348168685388704e-02
1.884572164355631171e-02
1.881848652134081659e-02
1.873706728479829220e-02
1.845927438103444826e-02
1.834841413204479563e-02
1.813194243854974325e-02
1.771731965977379683e-02
1.742839495944415243e-02
1.742839495944415243e-02
1.710635496976823516e-02
1.679623965954782361e-02
1.650719408120471937e-02
1.603323011601077638e-02
1.558331229749074232e-02
1.512556189327406327e-02
1.455981055529287534e-02
1.416851349232893693e-02
1.382767972390715541e-02
1.350756986684155392e-02
1.350756986684155392e-02
1.318064158225214395e-02
1.293311244800109637e-02
1.280081627553146702e-02
1.256688181460971498e-02
1.215560319508320400e-02
1.170071770882353569e-02
1.129813396094353842e-02
1.112072454257163716e-02
1.065828145695592137e-02
1.014428841503968622e-02
1.014428841503968622e-02
9.758755689432095648e-03
9.489670197950664937e-03
8.996245372898557455e-03
8.696770161493852513e-03
8.449569903901919116e-03
8.392128623868230081e-03
8.200592029643868561e-03
7.878695732199922017e-03
7.530248663778109537e-03
7.280833519103688430e-03
7.280833519103688430e-03
7.227678684375684996e-03
6.923929678104939929e-03
6.558716924495088148e-03
6.311068461836779296e-03
6.207743062606522338e-03
6.223702570558600593e-03
6.298474007252729753e-03
6.353068426742236943e-03
6.500777755897758567e-03
6.531059432889049776e-03
6.531059432889049776e-03
6.498092887252149806e-03
6.448856189293407544e-03
6.425663960985490697e-03
6.407412481216474137e-03
6.488170911722794185e-03
6.395224501676247987e-03
6.457865032325451476e-03
6.425151387364195013e-03
6.347084618789936190e-03
6.326929006009544658e-03
6.326929006009544658e-03
6.866463805615708425e-03
7.458929328103683538e-03
7.827394505817295706e-03
8.078141565888558723e-03
8.411588308741750272e-03
8.614291154612692056e-03
8.837815585979071423e-03
8.802255771429628659e-03
9.046452955953427494e-03
9.134558880049624408e-03
9.134558880049624408e-03
9.209359757502906182e-03
9.244240988374858442e-03
9.135490098613458995e-03
9.078648407742554924e-03
9.120273270726382206e-03
9.099789576729992377e-03
9.140193777885198545e-03
9.015579123676098136e-03
8.798235240417982134e-03
8.658349539601635156e-03
8.658349539601635156e-03
8.479244401532026743e-03
8.454639915357956004e-03
8.424360899027413807e-03
8.700959788988901419e-03
8.816108305908017251e-03
8.897633859332341674e-03
9.204198955262306997e-03
9.505211090710461233e-03
9.732720302839946089e-03
9.961100682843424675e-03
9.961100682843424675e-03
1.021243982504162380e-02
1.031399487177482414e-02
1.039044059704340855e-02
1.042691136962750967e-02
1.052163339657436435e-02
1.052106175934884071e-02
1.059032872117925995e-02
1.064172589309388822e-02
1.083576289003204511e-02
1.102605923093396070e-02
1.102605923093396070e-02
1.106808874065639062e-02
1.129197075546198303e-02
1.160817579720149241e-02
1.160817579720149241e-02
1.195543726919097612e-02
1.232235022570219579e-02
1.262844634574817639e-02
1.280080986545035701e-02
1.287742366371645748e-02
1.331527893943435653e-02
1.331527893943435653e-02
1.349875090344780995e-02
1.327133519898930809e-02
1.293147508816877220e-02
1.197872725158917115e-02
1.127701574532713989e-02
1.060004207295106408e-02
1.006447509731709343e-02
9.569230926473184379e-03
9.224006224201601600e-03
8.940405677804635562e-03
8.940405677804635562e-03
8.903141438828320736e-03
9.096808165679990191e-03
9.315267899786877290e-03
9.530354555394235372e-03
9.704994783037341338e-03
1.001391074677648180e-02
1.032194832060822492e-02
1.059988777069935037e-02
1.071388799843635102e-02
1.065035159237804306e-02
1.065035159237804306e-02
1.044942782914154260e-02
1.001240348822709722e-02
9.508918479417986097e-03
8.899010898528304445e-03
8.478530244167968577e-03
8.039114292012289331e-03
7.734496557916040183e-03
7.565226551408951033e-03
7.390705417005441480e-03
7.379106210937866860e-03
7.379106210937866860e-03
7.424671416136564318e-03
7.479161750271191324e-03
7.499405383535172158e-03
7.612266441588318340e-03
7.791000812325735506e-03
8.053535846654306246e-03
8.335086078949388924e-03
8.581910629074304686e-03
8.804905469659283709e-03
8.955009577827740402e-03
8.955009577827740402e-03
9.115589559384448815e-03
9.348680246470493158e-03
9.353820884116764711e-03
9.329899035035922952e-03
9.258294887745554397e-03
9.138865439639307087e-03
9.079475390235170612e-03
8.995939713980981647e-03
9.024299354366644918e-03
8.926191112720244583e-03
8.926191112720244583e-03
8.778380675579910281e-03
8.812681211351966470e-03
8.979717926013857515e-03
8.952502507688636993e-03
8.917693311559459629e-03
8.799828417959083132e-03
8.588181373525361970e-03
8.435142277660399521e-03
8.387708575901596172e-03
8.416608088933538387e-03
8.416608088933538387e-03
8.367828608192072123e-03
8.262147830628454107e-03
8.045470840941379778e-03
7.848663237680368956e-03
7.740498374793579155e-03
7.702188080923382148e-03
7.558083773681716078e-03
7.395550186314066472e-03
7.295264541029865962e-03
7.164309385364278464e-03
7.164309385364278464e-03
7.106350666987971791e-03
7.065237744342496747e-03
6.909133953406806222e-03
6.882261339824459132e-03
6.960379389445968575e-03
7.005006599945825044e-03
7.091452034984779655e-03
7.138434848954521190e-03
7.093025725817232903e-03
6.875656656458874194e-03
6.875656656458874194e-03
6.461691473355655330e-03
6.098724088983939820e-03
5.734281731536301947e-03
5.513349363531751431e-03
5.475830644193537163e-03
5.383510553401121140e-03
4.943882702072212136e-03
4.739826322298133429e-03
4.634041866508994967e-03
4.601661144005348390e-03
4.601661144005348390e-03
4.791054571510794738e-03
4.913778706290706198e-03
4.913445120815504961e-03
4.893075723138263014e-03
4.875173709379392040e-03
4.780683241512283244e-03
4.386901981615790730e-03
3.991789544216274403e-03
3.991789544216274403e-03
3.991789544216274403e-03
3.991789544216274403e-03
3.696485392957313178e-03
3.598385971404379630e-03
3.681905946211818607e-03
3.939179972161923997e-03
4.175384353937317689e-03
4.534103282240182879e-03
4.771017490259149042e-03
4.766835404623621583e-03
4.641882877090030765e-03
4.508951451957440848e-03
4.508951451957440848e-03
4.303079012154869577e-03
4.272609040252878417e-03
4.400375803469604857e-03
4.636281086416451161e-03
4.791172404638143097e-03
4.930345782683104999e-03
4.912668545196073426e-03
4.718822046247280431e-03
4.559870700996041318e-03
4.374566651018025817e-03
4.374566651018025817e-03
4.312867360488631743e-03
4.206508289088500829e-03
4.192929308801486739e-03
4.246698411909284598e-03
4.299879874385174883e-03
4.240122403821544594e-03
4.206340716313678764e-03
4.078757993705551567e-03
4.082363765683721599e-03
3.951714922243944675e-03
3.951714922243944675e-03
3.892350333034979952e-03
3.855704096293480296e-03
3.875621917224740271e-03
3.804947423013078055e-03
3.748982782478049464e-03
3.673137369100069015e-03
3.677756053260550825e-03
3.797541472407518250e-03
3.876887878909819792e-03
3.843399528540970486e-03
3.843399528540970486e-03
3.803177571396053770e-03
3.742929469162750624e-03
3.750588277378628758e-03
3.842582207986976802e-03
4.019721489155106582e-03
4.243178869772972622e-03
4.499069100752609886e-03
4.678547867675148658e-03
4.754455567761227235e-03
4.684006310633193754e-03
4.684006310633193754e-03
4.577287078290666680e-03
4.555456402005104814e-03
4.428514984183314421e-03
4.338809552110365134e-03
4.338809552110365134e-03
4.338809552110365134e-03
4.338809552110365134e-03
4.307049143680414215e-03
4.453913405702108509e-03
4.532760065750111346e-03
4.532760065750111346e-03
4.496514653333250414e-03
4.483467445327721408e-03
4.567835291516763110e-03
4.567835291516763110e-03
4.567835291516763110e-03
4.577183101613446249e-03
4.703112701427303137e-03
4.884103122730698750e-03
5.082287439268577678e-03
5.249843176141611410e-03
5.249843176141611410e-03
5.289748927831615724e-03
5.260301109453367589e-03
5.222539278515086862e-03
5.045871882288063305e-03
4.918948731855971902e-03
4.676472420043780234e-03
4.457141347433079236e-03
4.295759307154103923e-03
4.301234143948566742e-03
4.400202515864459415e-03
4.400202515864459415e-03
4.585622402404222926e-03
4.708660212781805993e-03
4.844813724441206573e-03
5.007991921310213715e-03
5.182451349685575880e-03
5.265252213993450343e-03
5.343040428873615730e-03
5.459757137999167627e-03
5.607329830369694318e-03
5.737847280734798168e-03
5.737847280734798168e-03
5.905398447698082670e-03
6.088752379028031410e-03
6.186931893819512876e-03
6.244556780545563145e-03
6.150775514640396957e-03
6.010916102363607003e-03
5.847750797131377916e-03
5.664711454738621116e-03
5.580698755190842408e-03
5.486940373727213285e-03
5.486940373727213285e-03
5.341874723979411939e-03
5.250136190255053764e-03
5.136650660698736590e-03
5.044968026096510738e-03
4.855985112637800291e-03
4.726045503092850264e-03
4.675183822283673733e-03
4.647868808582904937e-03
4.568660191129463380e-03
4.516768671268006456e-03
4.516768671268006456e-03
4.501588093281781548e-03
4.516524985857142509e-03
4.557521810049256980e-03
4.521100332299682681e-03
4.515472274346299560e-03
4.396687551518770574e-03
4.186473135101066202e-03
3.990063590555926500e-03
3.777111367713660399e-03
3.718661626408532525e-03
3.718661626408532525e-03
3.649933287219823616e-03
3.679495609395222726e-03
3.746474058974735323e-03
3.841690121427088472e-03
3.902527389583886237e-03
4.100539294616011542e-03
4.331434943375129208e-03
4.482139109613317123e-03
4.319657760962941281e-03
4.196405233251256257e-03
4.196405233251256257e-03
4.416989511620966584e-03
4.701219086835212169e-03
4.993275031884541158e-03
5.110501576860238329e-03
5.036994399404527180e-03
4.939036913815687130e-03
4.815259033895597819e-03
4.779640957131473834e-03
4.867556137153920479e-03
5.005419363307198229e-03
5.005419363307198229e-03
5.057433344533759229e-03
5.033801357025931462e-03
5.042400762603735202e-03
5.030186570967614193e-03
5.028310227012532281e-03
5.027235483572548881e-03
5.055142589298800178e-03
5.110622859457223700e-03
5.173954853097223645e-03
5.292797355844984682e-03
5.292797355844984682e-03
5.405334102650610588e-03
5.497509240781718598e-03
5.504796350739531337e-03
5.454153473333315898e-03
5.463088548246806953e-03
5.405717134294584121e-03
5.319206568905518115e-03
5.215514047969688205e-03
5.181616990335187120e-03
5.207332639067752122e-03
5.207332639067752122e-03
5.355499543406356915e-03
5.511620286487777139e-03
5.646154444043214107e-03
5.685717152473245689e-03
5.631423702330325826e-03
5.629910208500816561e-03
5.722968342869804749e-03
5.513730238438665186e-03
5.329633123388370988e-03
5.293197602277417528e-03
5.293197602277417528e-03
5.322210596558813595e-03
5.413647847136912432e-03
5.570002010321683725e-03
5.665745353725224268e-03
5.712311491282383996e-03
5.652871654298082145e-03
5.462970159575049507e-03
5.077835894885516545e-03
4.915148836302933415e-03
4.903857383718554508e-03
4.903857383718554508e-03
4.903857383718554508e-03
4.903857383718554508e-03
4.903857383718554508e-03
4.903857383718554508e-03
4.903857383718554508e-03
4.888734541475574062e-03
4.847171398971793048e-03
4.921346039773183065e-03
5.000341090297138850e-03
4.988937443641778408e-03
4.988937443641778408e-03
4.961397915865702925e-03
5.009929757290394227e-03
5.028347241695124703e-03
5.064918556539336168e-03
5.117565513311523630e-03
5.096952341425656056e-03
4.998183538615643198e-03
4.875539186987552960e-03
4.875539186987552960e-03
4.875539186987552960e-03
4.875539186987552960e-03
4.695293588983154472e-03
4.534365748515846797e-03
4.545134602463179324e-03
4.562392061450877556e-03
4.553495116453969149e-03
4.416128446773538371e-03
4.333517793915951481e-03
4.143315825174744352e-03
4.020502561980135621e-03
4.038681276813944725e-03
4.038681276813944725e-03
4.156015047639149453e-03
4.230479633932629144e-03
4.240127139759295068e-03
4.186335057169594809e-03
4.085999796057285943e-03
3.920841164226040315e-03
3.776594656849542944e-03
3.725174411618507007e-03
3.816560867907309480e-03
3.814396911895982616e-03
3.814396911895982616e-03
3.809861073953349411e-03
3.879675765910918853e-03
3.984972568470292360e-03
4.043744718989667440e-03
4.019592673770275466e-03
4.024592964127710407e-03
4.038440131435123981e-03
4.070850631054799551e-03
4.093220097689801405e-03
4.130492382819757162e-03
4.130492382819757162e-03
4.138589265613972466e-03
4.147148140548524015e-03
4.218306967124348279e-03
4.341413238883569739e-03
4.436799355775710059e-03
4.535974842298993483e-03
4.562649737185047599e-03
4.461121507681773540e-03
4.656783649697702164e-03
4.681989594084316579e-03
4.681989594084316579e-03
4.693308176279913611e-03
4.756157041671553801e-03
4.831750775441274667e-03
4.829425791598398847e-03
4.764748385135843430e-03
4.560966346193421651e-03
4.342477331964556507e-03
4.212530779157569114e-03
4.324759552886114564e-03
4.434794300070949574e-03
4.434794300070949574e-03
4.498533346064978629e-03
4.581792713835584722e-03
4.629801004246665748e-03
4.587089086445855605e-03
4.314172496581379981e-03
3.964857769164572762e-03
3.871671235420500942e-03
4.014379100600701591e-03
4.298219420677574197e-03
4.621990626753851375e-03
4.621990626753851375e-03
4.716995219612437479e-03
4.607511374802109386e-03
4.329699820820122162e-03
4.135011720249898853e-03
3.567051257273793751e-03
3.401277068343022073e-03
3.582855489738259736e-03
3.933603881384134006e-03
4.260487114506565122e-03
4.476199289011104261e-03
4.476199289011104261e-03
4.586573185558764573e-03
4.629086226224110763e-03
4.620453206451896437e-03
4.505275623902200294e-03
4.220292464445590981e-03
3.885932905408680249e-03
3.529956735994459281e-03
3.282846855626650982e-03
3.079031074482752300e-03
3.058590264513041598e-03
3.058590264513041598e-03
3.162473253582172902e-03
3.389448914642685575e-03
3.618523379767910053e-03
3.774918615576665967e-03
3.813039448816904920e-03
3.762810650513627887e-03
3.704100294342295430e-03
3.583350801445965485e-03
3.565176187310899192e-03
3.616699694844000609e-03
3.616699694844000609e-03
3.690240150547410489e-03
3.733157099480107280e-03
3.750918315636221807e-03
3.775384655666947070e-03
3.849850822053740764e-03
3.895038649330656057e-03
3.929858252300809200e-03
3.761677623702069755e-03
3.678397908855454788e-03
3.551087545630416797e-03
3.551087545630416797e-03
3.282660533698467109e-03
3.038417641094776946e-03
2.827285179678396421e-03
2.684629710431958062e-03
2.747892885256218633e-03
2.909617785192197045e-03
3.154210002477913014e-03
3.307697203647421043e-03
3.330684185397371922e-03
3.328281580720026094e-03
3.328281580720026094e-03
3.313515471943103471e-03
3.224961142447061238e-03
3.106278945415329434e-03
3.023559790642614629e-03
3.093862823123790223e-03
3.337618061063705836e-03
3.634672540051088301e-03
3.818632085915124163e-03
3.999805501670588258e-03
4.097479469402484122e-03
4.097479469402484122e-03
4.149083702271763770e-03
4.110246536432113698e-03
4.044117388828438048e-03
4.065126772975214721e-03
4.131093164497155225e-03
4.225921338737977442e-03
4.225921338737977442e-03
4.225921338737977442e-03
4.310957940690976313e-03
4.377421815256779883e-03
4.377421815256779883e-03
4.343526087792107249e-03
4.293535505737100001e-03
4.243482881869458344e-03
4.134062832527727292e-03
4.063543527777063562e-03
3.983642349551928981e-03
3.869402051699083901e-03
3.723112742590334919e-03
3.639220160214079718e-03
3.679532017204115418e-03
3.679532017204115418e-03
3.723044636796119747e-03
3.895525445648163713e-03
4.021050117491701235e-03
4.126383514399810902e-03
4.208706089383792461e-03
4.223093634510450937e-03
4.375929948774020042e-03
4.452998664161962085e-03
4.544895106961346215e-03
4.613058355973222863e-03
