9.057660587131977081e-03
8.547402918338775635e-03
8.610468357801437378e-03
9.126362390816211700e-03
9.762842208147048950e-03
1.043660100549459457e-02
1.123846881091594696e-02
1.168321538716554642e-02
1.187012717127799988e-02
1.200564578175544739e-02
1.199860963970422745e-02
1.199860963970422745e-02
1.244400534778833389e-02
1.288167107850313187e-02
1.316394284367561340e-02
1.345227751880884171e-02
1.377777941524982452e-02
1.430232822895050049e-02
1.481607183814048767e-02
1.517290621995925903e-02
1.552692241966724396e-02
1.579453609883785248e-02
1.579453609883785248e-02
1.604263484477996826e-02
1.625233516097068787e-02
1.644834876060485840e-02
1.662915013730525970e-02
1.683681085705757141e-02
1.697818934917449951e-02
1.705362834036350250e-02
1.702062785625457764e-02
1.707361266016960144e-02
1.708640716969966888e-02
1.708640716969966888e-02
1.692678965628147125e-02
1.681032218039035797e-02
1.667789556086063385e-02
1.660694181919097900e-02
1.656935922801494598e-02
1.648752763867378235e-02
1.632296666502952576e-02
1.624438166618347168e-02
1.624138280749320984e-02
1.624783314764499664e-02
1.624783314764499664e-02
1.626742631196975708e-02
1.637633144855499268e-02
1.641379669308662415e-02
1.657990738749504089e-02
1.660284958779811859e-02
1.674181222915649414e-02
1.692089065909385681e-02
1.713708043098449707e-02
1.744282618165016174e-02
1.776131615042686462e-02
1.776131615042686462e-02
1.800315082073211670e-02
1.835538446903228760e-02
1.876979321241378784e-02
1.923178695142269135e-02
1.970095373690128326e-02
2.019441127777099609e-02
2.079328522086143494e-02
2.137818373739719391e-02
2.205173671245574951e-02
2.267154492437839508e-02
2.267154492437839508e-02
2.314632385969161987e-02
2.363451384007930756e-02
2.390722185373306274e-02
2.411401644349098206e-02
2.417483367025852203e-02
2.418158017098903656e-02
2.418700605630874634e-02
2.398289181292057037e-02
2.381787635385990143e-02
2.357627265155315399e-02
2.357627265155315399e-02
2.326533943414688110e-02
2.263280004262924194e-02
2.178457565605640411e-02
2.090619504451751709e-02
2.003659680485725403e-02
1.929393969476222992e-02
1.864029467105865479e-02
1.817973516881465912e-02
1.787562668323516846e-02
1.765529066324234009e-02
1.765529066324234009e-02
1.741046085953712463e-02
1.709773950278759003e-02
1.690484583377838135e-02
1.681406609714031219e-02
1.678728871047496796e-02
1.700551249086856842e-02
1.716667041182518005e-02
1.727820374071598053e-02
1.738374494016170502e-02
1.757911592721939087e-02
1.757911592721939087e-02
1.767408475279808044e-02
1.781931705772876740e-02
1.792158745229244232e-02
1.804976351559162140e-02
1.823909766972064972e-02
1.837176457047462463e-02
1.852153241634368896e-02
1.859953254461288452e-02
1.848860830068588257e-02
1.813681796193122864e-02
1.813681796193122864e-02
1.766316592693328857e-02
1.717796362936496735e-02
1.670796051621437073e-02
1.637573353946208954e-02
1.623440720140933990e-02
1.618921197950839996e-02
1.613412052392959595e-02
1.604574732482433319e-02
1.609423570334911346e-02
1.665897853672504425e-02
1.665897853672504425e-02
1.730902679264545441e-02
1.800395920872688293e-02
1.838598214089870453e-02
1.859338209033012390e-02
1.854332908987998962e-02
1.840410009026527405e-02
1.805834844708442688e-02
1.773623749613761902e-02
1.732417382299900055e-02
1.688015460968017578e-02
1.688015460968017578e-02
1.656327955424785614e-02
1.657511107623577118e-02
1.667596772313117981e-02
1.698651351034641266e-02
1.747886277735233307e-02
1.810220256447792053e-02
1.850273087620735168e-02
1.902187988162040710e-02
1.923268288373947144e-02
1.937506720423698425e-02
1.937506720423698425e-02
1.947382278740406036e-02
1.961534842848777771e-02
1.988858170807361603e-02
2.029781788587570190e-02
2.081417478621006012e-02
2.155288681387901306e-02
2.232643403112888336e-02
2.313073724508285522e-02
2.379094436764717102e-02
2.430180460214614868e-02
2.430180460214614868e-02
2.450955845415592194e-02
2.464835532009601593e-02
2.480302378535270691e-02
2.495240792632102966e-02
2.506016939878463745e-02
2.498524449765682220e-02
2.478714473545551300e-02
2.456376515328884125e-02
2.447090484201908112e-02
2.446149475872516632e-02
2.446149475872516632e-02
2.474273368716239929e-02
2.513025701045989990e-02
2.546582557260990143e-02
2.599691227078437805e-02
2.651123888790607452e-02
2.706927061080932617e-02
2.767671830952167511e-02
2.818317152559757233e-02
2.846978046000003815e-02
2.840885892510414124e-02
2.840885892510414124e-02
2.809417061507701874e-02
2.769603207707405090e-02
2.731077373027801514e-02
2.680410444736480713e-02
2.629884332418441772e-02
2.596841193735599518e-02
2.580185234546661377e-02
2.579466998577117920e-02
2.580275386571884155e-02
2.589122951030731201e-02
2.589122951030731201e-02
2.576444856822490692e-02
2.570618502795696259e-02
2.565643377602100372e-02
2.554370835423469543e-02
2.548476867377758026e-02
2.532085962593555450e-02
2.505199424922466278e-02
2.468465454876422882e-02
2.423606999218463898e-02
2.402337826788425446e-02
2.402337826788425446e-02
2.377262711524963379e-02
2.339151687920093536e-02
2.292960882186889648e-02
2.231694757938385010e-02
2.158785983920097351e-02
2.099650166928768158e-02
2.041170932352542877e-02
2.000502496957778931e-02
1.979816518723964691e-02
1.984530687332153320e-02
1.984530687332153320e-02
1.995736733078956604e-02
1.996481046080589294e-02
1.987854205071926117e-02
1.970981620252132416e-02
1.927191577851772308e-02
1.869086734950542450e-02
1.805224083364009857e-02
1.759069599211215973e-02
1.717284880578517914e-02
1.688521355390548706e-02
1.688521355390548706e-02
1.657809689640998840e-02
1.626772992312908173e-02
1.593188382685184479e-02
1.569471508264541626e-02
1.556141395121812820e-02
1.546998228877782822e-02
1.532696560025215149e-02
1.519235409796237946e-02
1.507583726197481155e-02
1.502203568816184998e-02
1.502203568816184998e-02
1.492110360413789749e-02
1.482572499662637711e-02
1.468167454004287720e-02
1.445789542049169540e-02
1.421871688216924667e-02
1.389168016612529755e-02
1.348508428782224655e-02
1.312064938247203827e-02
1.273402664810419083e-02
1.234026998281478882e-02
1.234026998281478882e-02
1.193958055227994919e-02
1.146940328180789948e-02
1.106876228004693985e-02
1.069604046642780304e-02
1.029216870665550232e-02
9.950730018317699432e-03
9.662931784987449646e-03
9.370368905365467072e-03
9.100287221372127533e-03
9.065466932952404022e-03
9.065466932952404022e-03
9.290714748203754425e-03
9.596198797225952148e-03
9.760950691998004913e-03
9.857011027634143829e-03
9.789348579943180084e-03
9.718622080981731415e-03
9.635969065129756927e-03
9.456661529839038849e-03
9.199659340083599091e-03
8.746275678277015686e-03
8.746275678277015686e-03
8.397349156439304352e-03
8.108352310955524445e-03
7.767766248434782028e-03
7.600312586873769760e-03
7.696002721786499023e-03
7.962765172123908997e-03
8.002400398254394531e-03
7.945971563458442688e-03
7.825499400496482849e-03
7.515760604292154312e-03
7.515760604292154312e-03
7.431269623339176178e-03
7.355479057878255844e-03
7.194156758487224579e-03
6.994745228439569473e-03
6.750438828021287918e-03
6.415422540158033371e-03
6.047565955668687820e-03
5.872454959899187088e-03
5.965175572782754898e-03
6.272328086197376251e-03
6.272328086197376251e-03
6.717408541589975357e-03
7.053283043205738068e-03
7.120428606867790222e-03
7.072440814226865768e-03
7.028085179626941681e-03
6.977213546633720398e-03
6.897141225636005402e-03
6.781120318919420242e-03
6.671072915196418762e-03
6.521519739180803299e-03
6.521519739180803299e-03
6.344380788505077362e-03
6.172684021294116974e-03
5.182680208235979080e-03
4.500345792621374130e-03
4.257498309016227722e-03
4.251311533153057098e-03
4.586043301969766617e-03
5.160935223102569580e-03
5.904417950659990311e-03
6.501572206616401672e-03
6.501572206616401672e-03
6.683010607957839966e-03
6.499844137579202652e-03
6.076946388930082321e-03
5.639297422021627426e-03
5.085077136754989624e-03
4.490264691412448883e-03
4.078056663274765015e-03
3.807030152529478073e-03
3.538207849487662315e-03
3.370924619957804680e-03
3.370924619957804680e-03
3.372941631823778152e-03
3.586572362110018730e-03
4.034066107124090195e-03
4.499257542192935944e-03
4.905727226287126541e-03
5.090942606329917908e-03
5.091223865747451782e-03
4.859740845859050751e-03
4.568146076053380966e-03
4.294666461646556854e-03
4.294666461646556854e-03
4.053796175867319107e-03
3.887567669153213501e-03
3.805805696174502373e-03
3.900164971128106117e-03
4.059548955410718918e-03
4.202651791274547577e-03
4.165579099208116531e-03
4.013082943856716156e-03
3.766731359064579010e-03
3.422477748245000839e-03
3.422477748245000839e-03
3.106140065938234329e-03
2.832429483532905579e-03
2.731621731072664261e-03
2.819776302203536034e-03
2.994676353409886360e-03
3.065748140215873718e-03
3.066565608605742455e-03
3.061123890802264214e-03
2.975969808176159859e-03
2.855522558093070984e-03
2.855522558093070984e-03
2.759152790531516075e-03
2.791601698845624924e-03
2.883660141378641129e-03
2.944794250652194023e-03
2.933052834123373032e-03
2.945785643532872200e-03
2.991278190165758133e-03
3.022076794877648354e-03
3.000857774168252945e-03
2.956679789349436760e-03
2.956679789349436760e-03
2.951813163235783577e-03
2.970246598124504089e-03
2.625678898766636848e-03
2.419226337224245071e-03
2.305625705048441887e-03
2.211606828495860100e-03
2.123989863321185112e-03
2.180818002671003342e-03
2.420812146738171577e-03
2.725288737565279007e-03
2.725288737565279007e-03
2.964505692943930626e-03
3.130547236651182175e-03
3.053936874493956566e-03
2.985977567732334137e-03
2.997708972543478012e-03
3.079835558310151100e-03
3.304930403828620911e-03
3.573023248463869095e-03
3.967368975281715393e-03
4.333566874265670776e-03
4.333566874265670776e-03
4.610764794051647186e-03
4.758553579449653625e-03
4.705642350018024445e-03
4.529460333287715912e-03
4.293377511203289032e-03
4.064760636538267136e-03
3.788811387494206429e-03
3.572930581867694855e-03
3.423685207962989807e-03
3.312378888949751854e-03
3.312378888949751854e-03
3.256391268223524094e-03
3.170774551108479500e-03
3.080638358369469643e-03
3.014168469235301018e-03
2.945017069578170776e-03
2.930655144155025482e-03
2.998344600200653076e-03
3.096424043178558350e-03
3.212704323232173920e-03
3.323446027934551239e-03
3.323446027934551239e-03
3.442710032686591148e-03
3.417698433622717857e-03
3.351505612954497337e-03
3.306494094431400299e-03
3.256736788898706436e-03
3.202501684427261353e-03
3.138934029266238213e-03
3.107945434749126434e-03
3.096518339589238167e-03
3.122517373412847519e-03
3.122517373412847519e-03
3.154483390972018242e-03
3.173228353261947632e-03
3.110616002231836319e-03
3.157514845952391624e-03
3.185878507792949677e-03
3.274417249485850334e-03
3.554437775164842606e-03
3.811758942902088165e-03
4.035960417240858078e-03
4.218145273625850677e-03
4.218145273625850677e-03
4.472283646464347839e-03
4.688794258981943130e-03
4.905643407255411148e-03
5.162709858268499374e-03
5.398625973612070084e-03
5.581054836511611938e-03
5.763506051152944565e-03
5.984081421047449112e-03
6.200066301971673965e-03
6.352065596729516983e-03
6.352065596729516983e-03
6.432598922401666641e-03
6.393237505108118057e-03
6.355477031320333481e-03
6.432936526834964752e-03
6.689727772027254105e-03
7.094395346939563751e-03
7.646735757589340210e-03
8.120070211589336395e-03
8.413512259721755981e-03
8.514575660228729248e-03
8.514575660228729248e-03
8.403802290558815002e-03
8.119799196720123291e-03
7.846462540328502655e-03
7.667079567909240723e-03
7.538562174886465073e-03
7.440173067152500153e-03
7.341631688177585602e-03
7.126631680876016617e-03
7.088234182447195053e-03
7.265089079737663269e-03
7.265089079737663269e-03
7.562198676168918610e-03
7.759502157568931580e-03
8.142843842506408691e-03
8.548466488718986511e-03
8.798379451036453247e-03
8.994802832603454590e-03
9.050413966178894043e-03
9.103753603994846344e-03
9.151955135166645050e-03
9.012248367071151733e-03
9.012248367071151733e-03
8.986541070044040680e-03
9.019388817250728607e-03
9.064904414117336273e-03
9.114547632634639740e-03
9.042802266776561737e-03
8.870537392795085907e-03
8.644980378448963165e-03
8.265525102615356445e-03
7.923229597508907318e-03
7.533084135502576828e-03
7.533084135502576828e-03
7.264240179210901260e-03
7.191920652985572815e-03
7.220319472253322601e-03
7.219021208584308624e-03
7.261206861585378647e-03
7.224013563245534897e-03
7.175794336944818497e-03
7.155368570238351822e-03
7.072921376675367355e-03
7.057500537484884262e-03
7.057500537484884262e-03
7.095911540091037750e-03
7.197300437837839127e-03
7.347823120653629303e-03
7.509378250688314438e-03
7.641283795237541199e-03
7.712432648986577988e-03
7.739149034023284912e-03
7.723559625446796417e-03
7.670426741242408752e-03
7.632132153958082199e-03
7.632132153958082199e-03
7.569043431431055069e-03
7.409030105918645859e-03
7.261076476424932480e-03
7.172086741775274277e-03
7.169524673372507095e-03
7.269831374287605286e-03
7.407853379845619202e-03
7.559448014944791794e-03
7.716105319559574127e-03
7.774529512971639633e-03
7.774529512971639633e-03
7.752356585115194321e-03
7.452951744198799133e-03
7.008116692304611206e-03
6.590240634977817535e-03
6.313551217317581177e-03
6.165533792227506638e-03
6.249570287764072418e-03
6.394467316567897797e-03
6.491187028586864471e-03
6.576622836291790009e-03
6.576622836291790009e-03
6.581806112080812454e-03
6.486999336630105972e-03
6.232348270714282990e-03
5.876954179257154465e-03
5.526816938072443008e-03
5.215555895119905472e-03
4.873066674917936325e-03
4.665954038500785828e-03
4.564565140753984451e-03
4.587821196764707565e-03
4.587821196764707565e-03
4.789621569216251373e-03
5.086136516183614731e-03
5.452681798487901688e-03
5.761664360761642456e-03
6.026428192853927612e-03
6.205716170370578766e-03
6.314122118055820465e-03
6.377467419952154160e-03
6.373866461217403412e-03
6.428760476410388947e-03
6.428760476410388947e-03
6.476779002696275711e-03
6.637739948928356171e-03
6.746231112629175186e-03
6.991935428231954575e-03
7.221925538033246994e-03
7.511003408581018448e-03
7.748248986899852753e-03
7.932510226964950562e-03
8.036393672227859497e-03
8.108595386147499084e-03
8.108595386147499084e-03
8.037889376282691956e-03
7.931757718324661255e-03
7.878407835960388184e-03
7.924979552626609802e-03
7.891030982136726379e-03
7.863126695156097412e-03
7.874811999499797821e-03
7.917702198028564453e-03
7.975891232490539551e-03
7.983681745827198029e-03
