3.993605822324752808e-02
4.805760458111763000e-02
4.730722308158874512e-02
4.407740756869316101e-02
4.233309999108314514e-02
4.000294581055641174e-02
3.932487592101097107e-02
3.963176161050796509e-02
4.011290147900581360e-02
4.014449939131736755e-02
4.029010236263275146e-02
4.029010236263275146e-02
4.058585315942764282e-02
4.098578169941902161e-02
4.149831086397171021e-02
4.201953113079071045e-02
4.256616905331611633e-02
4.313229396939277649e-02
4.361528903245925903e-02
4.419097304344177246e-02
4.486164823174476624e-02
4.552692174911499023e-02
4.552692174911499023e-02
4.614090546965599060e-02
4.620681703090667725e-02
4.655664041638374329e-02
4.686087369918823242e-02
4.728891327977180481e-02
4.772812873125076294e-02
4.799194261431694031e-02
4.840006679296493530e-02
4.902224987745285034e-02
4.963912069797515869e-02
4.963912069797515869e-02
4.982651025056838989e-02
5.009412765502929688e-02
5.042276158928871155e-02
5.065994337201118469e-02
5.087829753756523132e-02
5.108901858329772949e-02
5.130561068654060364e-02
5.138100683689117432e-02
5.164720118045806885e-02
5.186139792203903198e-02
5.186139792203903198e-02
5.185736343264579773e-02
5.160058289766311646e-02
5.147970840334892273e-02
5.134337767958641052e-02
5.111426487565040588e-02
5.093368142843246460e-02
5.123045295476913452e-02
5.144396051764488220e-02
5.163144320249557495e-02
5.171427130699157715e-02
5.171427130699157715e-02
5.177443474531173706e-02
5.272122845053672791e-02
5.364964157342910767e-02
5.495926737785339355e-02
5.732543393969535828e-02
6.007327511906623840e-02
6.154194101691246033e-02
6.358412653207778931e-02
6.569157540798187256e-02
6.747724115848541260e-02
6.747724115848541260e-02
6.951237469911575317e-02
7.131360471248626709e-02
7.307860255241394043e-02
7.436793297529220581e-02
7.513061910867691040e-02
7.588866353034973145e-02
7.662014663219451904e-02
7.744573056697845459e-02
7.829245924949645996e-02
7.922390103340148926e-02
7.922390103340148926e-02
8.013930916786193848e-02
7.975440472364425659e-02
7.946058362722396851e-02
8.040690422058105469e-02
8.163893967866897583e-02
8.308860659599304199e-02
8.430810272693634033e-02
8.492647111415863037e-02
8.596805483102798462e-02
8.697970956563949585e-02
8.697970956563949585e-02
8.703982084989547729e-02
8.708939701318740845e-02
8.630805462598800659e-02
8.521325886249542236e-02
8.444195240736007690e-02
8.432602137327194214e-02
8.374346047639846802e-02
8.266864717006683350e-02
8.141230046749114990e-02
8.004731684923171997e-02
8.004731684923171997e-02
7.767242193222045898e-02
7.488043606281280518e-02
7.105848938226699829e-02
6.804570555686950684e-02
6.511602550745010376e-02
6.280227750539779663e-02
6.132327020168304443e-02
5.998606607317924500e-02
5.889619141817092896e-02
5.752925947308540344e-02
5.752925947308540344e-02
5.643730610609054565e-02
5.570435151457786560e-02
5.549981817603111267e-02
5.526877194643020630e-02
5.533738061785697937e-02
5.552776157855987549e-02
5.556888505816459656e-02
5.573177710175514221e-02
5.614652857184410095e-02
5.771382153034210205e-02
5.771382153034210205e-02
5.917139351367950439e-02
5.965848267078399658e-02
6.052193790674209595e-02
6.105006113648414612e-02
6.137412041425704956e-02
6.133569777011871338e-02
6.123737618327140808e-02
6.036620214581489563e-02
5.916750431060791016e-02
5.859091877937316895e-02
5.859091877937316895e-02
5.813141167163848877e-02
5.781658366322517395e-02
5.790760368108749390e-02
5.813455581665039062e-02
5.830363184213638306e-02
5.878011137247085571e-02
5.901527404785156250e-02
5.986201390624046326e-02
6.001681834459304810e-02
5.992089211940765381e-02
