1.458652410656213760e-02
1.458652410656213760e-02
1.425596885383129120e-02
1.379973161965608597e-02
1.379765570163726807e-02
1.385348662734031677e-02
1.384011004120111465e-02
1.376465708017349243e-02
1.382268685847520828e-02
1.373810041695833206e-02
1.333627477288246155e-02
1.303170621395111084e-02
1.303170621395111084e-02
1.290833577513694763e-02
1.290923915803432465e-02
1.293830387294292450e-02
1.286457572132349014e-02
1.245397422462701797e-02
1.211130991578102112e-02
1.190715841948986053e-02
1.177017018198966980e-02
1.173097267746925354e-02
1.179490238428115845e-02
1.179490238428115845e-02
1.193333882838487625e-02
1.213221065700054169e-02
1.236443873494863510e-02
1.260966714471578598e-02
1.279028598219156265e-02
1.292478386312723160e-02
1.313800830394029617e-02
1.332784444093704224e-02
1.344111468642950058e-02
1.355822850018739700e-02
1.355822850018739700e-02
1.373785547912120819e-02
1.377541478723287582e-02
1.366142090409994125e-02
1.363042648881673813e-02
1.363560650497674942e-02
1.366466563194990158e-02
1.395110040903091431e-02
1.417900156229734421e-02
1.442203298211097717e-02
1.465193368494510651e-02
1.465193368494510651e-02
1.492870133370161057e-02
1.533660199493169785e-02
1.577368192374706268e-02
1.613794639706611633e-02
1.644191890954971313e-02
1.671172864735126495e-02
1.699542254209518433e-02
1.724007166922092438e-02
1.744949445128440857e-02
1.762336120009422302e-02
1.762336120009422302e-02
1.779191009700298309e-02
1.805491931736469269e-02
1.823164336383342743e-02
1.829431764781475067e-02
1.838136650621891022e-02
1.844818517565727234e-02
1.847790926694869995e-02
1.846969686448574066e-02
1.849868893623352051e-02
1.846867240965366364e-02
1.846867240965366364e-02
1.841022633016109467e-02
1.831025630235671997e-02
1.811195723712444305e-02
1.802109181880950928e-02
1.787757687270641327e-02
1.775559037923812866e-02
1.755925640463829041e-02
1.737065054476261139e-02
1.712408289313316345e-02
1.691005751490592957e-02
1.691005751490592957e-02
1.674745045602321625e-02
1.669348031282424927e-02
1.670763455331325531e-02
1.687509939074516296e-02
1.715325750410556793e-02
1.755376532673835754e-02
1.789400540292263031e-02
1.831049285829067230e-02
1.874465867877006531e-02
1.906527020037174225e-02
1.906527020037174225e-02
1.912353374063968658e-02
1.907239668071269989e-02
1.900281757116317749e-02
1.908771507441997528e-02
1.928612217307090759e-02
1.952535286545753479e-02
1.978773064911365509e-02
2.007130347192287445e-02
2.011136896908283234e-02
2.001408301293849945e-02
2.001408301293849945e-02
1.984616927802562714e-02
1.975510083138942719e-02
1.980401016771793365e-02
1.994160562753677368e-02
1.986210793256759644e-02
1.965695060789585114e-02
1.935059949755668640e-02
1.919033378362655640e-02
1.909482479095458984e-02
1.899014972150325775e-02
1.899014972150325775e-02
1.906526461243629456e-02
1.924233138561248779e-02
1.922452077269554138e-02
1.902297325432300568e-02
1.868351735174655914e-02
1.844206638634204865e-02
1.849082484841346741e-02
1.874414458870887756e-02
1.909924298524856567e-02
1.932377927005290985e-02
1.932377927005290985e-02
1.926221884787082672e-02
1.896897517144680023e-02
1.836928166449069977e-02
1.787186972796916962e-02
1.752375438809394836e-02
1.728245243430137634e-02
1.718015968799591064e-02
1.699779741466045380e-02
1.660061255097389221e-02
1.609153673052787781e-02
1.609153673052787781e-02
1.568355225026607513e-02
1.539417728781700134e-02
1.528296247124671936e-02
1.529814489185810089e-02
1.517274510115385056e-02
1.508892420679330826e-02
1.500304508954286575e-02
1.494257990270853043e-02
1.478718966245651245e-02
1.447420939803123474e-02
1.447420939803123474e-02
1.419030223041772842e-02
1.406424120068550110e-02
1.390932593494653702e-02
1.370878983289003372e-02
1.345307193696498871e-02
1.322930119931697845e-02
1.322024688124656677e-02
1.344479713588953018e-02
1.365777850151062012e-02
1.382937002927064896e-02
1.382937002927064896e-02
1.370108686387538910e-02
1.370474416762590408e-02
1.393945887684822083e-02
1.435650885105133057e-02
1.457126159220933914e-02
1.450737472623586655e-02
1.412608940154314041e-02
1.380531582981348038e-02
1.372409332543611526e-02
1.381610613316297531e-02
1.381610613316297531e-02
1.410093996673822403e-02
1.409230474382638931e-02
1.402295473963022232e-02
1.406052149832248688e-02
1.422466896474361420e-02
1.463756896555423737e-02
1.519660465419292450e-02
1.550987455993890762e-02
1.555510424077510834e-02
1.543386466801166534e-02
1.543386466801166534e-02
1.509776059538125992e-02
1.494103483855724335e-02
1.501383911818265915e-02
1.517313998192548752e-02
1.541777979582548141e-02
1.545521616935729980e-02
1.533445157110691071e-02
1.508959196507930756e-02
1.487883646041154861e-02
1.482097711414098740e-02
1.482097711414098740e-02
1.473666634410619736e-02
1.456856634467840195e-02
1.449790783226490021e-02
1.431727316230535507e-02
1.407345570623874664e-02
1.390228699892759323e-02
1.385096181184053421e-02
1.379276905208826065e-02
1.380038447678089142e-02
1.391575299203395844e-02
1.391575299203395844e-02
1.395656075328588486e-02
1.384767983108758926e-02
1.375416666269302368e-02
1.352268364280462265e-02
1.336157415062189102e-02
1.326855085790157318e-02
1.317359600216150284e-02
1.289914920926094055e-02
1.254649739712476730e-02
1.230847183614969254e-02
1.230847183614969254e-02
1.209914591163396835e-02
1.190322078764438629e-02
1.169085316359996796e-02
1.135819125920534134e-02
1.075422577559947968e-02
1.009623426944017410e-02
9.547708556056022644e-03
9.301513433456420898e-03
9.269350208342075348e-03
9.133439511060714722e-03
9.133439511060714722e-03
9.144990704953670502e-03
9.231092408299446106e-03
9.111657738685607910e-03
9.060275740921497345e-03
8.994459174573421478e-03
9.232110343873500824e-03
9.608013555407524109e-03
1.007423456758260727e-02
1.041675545275211334e-02
1.062136515974998474e-02
1.062136515974998474e-02
1.059969794005155563e-02
1.044617872685194016e-02
1.053735613822937012e-02
1.074061263352632523e-02
1.098191644996404648e-02
1.120691932737827301e-02
1.131309289485216141e-02
1.125656720250844955e-02
1.105261128395795822e-02
1.095301471650600433e-02
1.095301471650600433e-02
1.080227363854646683e-02
1.058418024331331253e-02
1.027872599661350250e-02
1.014999113976955414e-02
9.961405768990516663e-03
9.690959006547927856e-03
9.464567527174949646e-03
9.301641955971717834e-03
9.301641955971717834e-03
9.021286852657794952e-03
9.021286852657794952e-03
8.776552975177764893e-03
8.534688502550125122e-03
8.305382914841175079e-03
8.171094581484794617e-03
8.077910169959068298e-03
8.010169491171836853e-03
7.963831536471843719e-03
7.949978113174438477e-03
7.992833852767944336e-03
7.999954745173454285e-03
7.999954745173454285e-03
8.048670366406440735e-03
8.221776224672794342e-03
8.379762060940265656e-03
8.432771079242229462e-03
8.424103260040283203e-03
8.319678716361522675e-03
8.224432356655597687e-03
8.179878816008567810e-03
8.122751489281654358e-03
7.918896153569221497e-03
7.918896153569221497e-03
7.809318136423826218e-03
7.727704476565122604e-03
7.696028798818588257e-03
7.757824845612049103e-03
7.821218110620975494e-03
7.990135811269283295e-03
8.128351531922817230e-03
8.154825307428836823e-03
8.183591067790985107e-03
8.294079452753067017e-03
8.294079452753067017e-03
8.456002920866012573e-03
8.583790622651576996e-03
8.800198324024677277e-03
8.954209275543689728e-03
9.150978177785873413e-03
9.315420873463153839e-03
9.437697939574718475e-03
9.592719376087188721e-03
9.749270975589752197e-03
1.000263448804616928e-02
1.000263448804616928e-02
1.020800881087779999e-02
1.041329558938741684e-02
1.050125993788242340e-02
1.040522009134292603e-02
1.024490874260663986e-02
1.003030408173799515e-02
9.783126413822174072e-03
9.530272334814071655e-03
9.240040555596351624e-03
9.034085087478160858e-03
9.034085087478160858e-03
8.807800710201263428e-03
8.590821176767349243e-03
8.425519801676273346e-03
8.351105265319347382e-03
8.362105116248130798e-03
8.384570479393005371e-03
8.434686809778213501e-03
8.528886362910270691e-03
8.528886362910270691e-03
8.679236285388469696e-03
8.679236285388469696e-03
8.930031210184097290e-03
9.245748631656169891e-03
9.516329504549503326e-03
9.726431220769882202e-03
9.852360002696514130e-03
9.996624663472175598e-03
1.006595045328140259e-02
1.014518365263938904e-02
1.018108520656824112e-02
1.013213489204645157e-02
1.013213489204645157e-02
9.997250512242317200e-03
9.782152250409126282e-03
9.422268718481063843e-03
9.192047640681266785e-03
8.996667340397834778e-03
8.751974441111087799e-03
8.528439328074455261e-03
8.358134888112545013e-03
8.277093991637229919e-03
8.155011571943759918e-03
8.155011571943759918e-03
8.170674555003643036e-03
8.166311308741569519e-03
8.153147064149379730e-03
8.119381964206695557e-03
8.225897327065467834e-03
8.380638435482978821e-03
8.589772507548332214e-03
8.864281699061393738e-03
9.175796061754226685e-03
9.453700855374336243e-03
9.453700855374336243e-03
9.754911996424198151e-03
9.960588999092578888e-03
1.002130378037691116e-02
9.997531771659851074e-03
9.814115241169929504e-03
9.543919935822486877e-03
9.200046770274639130e-03
8.843098767101764679e-03
8.554622530937194824e-03
8.317806757986545563e-03
8.317806757986545563e-03
8.205139078199863434e-03
8.166627958416938782e-03
8.214488625526428223e-03
8.463822305202484131e-03
8.759318850934505463e-03
9.042972698807716370e-03
9.410591796040534973e-03
9.886318817734718323e-03
1.027051359415054321e-02
1.061933487653732300e-02
1.061933487653732300e-02
1.100993249565362930e-02
1.138885878026485443e-02
1.174136903136968613e-02
1.197698619216680527e-02
1.217569969594478607e-02
1.224507298320531845e-02
1.223954558372497559e-02
1.210193801671266556e-02
1.191249117255210876e-02
1.171702239662408829e-02
1.171702239662408829e-02
1.153068803250789642e-02
1.145458780229091644e-02
1.143433246761560440e-02
1.144028827548027039e-02
1.160043757408857346e-02
1.175824459642171860e-02
1.188629493117332458e-02
1.193056069314479828e-02
1.194573007524013519e-02
1.220615301281213760e-02
1.220615301281213760e-02
1.232969015836715698e-02
1.217013783752918243e-02
1.201253477483987808e-02
1.186652109026908875e-02
1.169330161064863205e-02
1.157969143241643906e-02
1.151092629879713058e-02
1.143922563642263412e-02
1.137167122215032578e-02
1.125537790358066559e-02
1.125537790358066559e-02
1.115197129547595978e-02
1.110981404781341553e-02
1.098085846751928329e-02
1.098003797233104706e-02
1.094962563365697861e-02
1.086601149290800095e-02
1.073983497917652130e-02
1.058345194905996323e-02
1.036293245851993561e-02
1.010004617273807526e-02
1.010004617273807526e-02
9.841781109571456909e-03
9.642284363508224487e-03
9.529516100883483887e-03
9.463428519666194916e-03
9.323135018348693848e-03
9.174142032861709595e-03
9.020998142659664154e-03
8.876133710145950317e-03
8.703907020390033722e-03
8.576106280088424683e-03
8.576106280088424683e-03
8.400165475904941559e-03
8.244295604526996613e-03
8.117136545479297638e-03
8.021988905966281891e-03
7.961316034197807312e-03
7.812635973095893860e-03
7.624832447618246078e-03
7.376870140433311462e-03
7.167879492044448853e-03
7.120565976947546005e-03
7.120565976947546005e-03
7.203306071460247040e-03
7.275392767041921616e-03
7.358400616794824600e-03
7.370023522526025772e-03
7.112271152436733246e-03
6.945694796741008759e-03
6.837207358330488205e-03
6.869341246783733368e-03
6.928065791726112366e-03
7.024796213954687119e-03
7.024796213954687119e-03
7.113869301974773407e-03
7.247672881931066513e-03
7.369328290224075317e-03
7.383021991699934006e-03
7.333001587539911270e-03
7.259189616888761520e-03
7.183627691119909286e-03
7.063723634928464890e-03
6.841057445853948593e-03
6.594024598598480225e-03
6.594024598598480225e-03
6.379708182066679001e-03
6.217244546860456467e-03
6.081372965127229691e-03
6.000178400427103043e-03
5.949063692241907120e-03
5.926908925175666809e-03
5.956267938017845154e-03
6.006543524563312531e-03
6.107884459197521210e-03
6.212436128407716751e-03
6.212436128407716751e-03
6.336889695376157761e-03
6.420893594622612000e-03
6.432819180190563202e-03
6.468427367508411407e-03
6.492248736321926117e-03
6.491434760391712189e-03
6.501506548374891281e-03
6.534093525260686874e-03
6.585046648979187012e-03
6.642962805926799774e-03
6.642962805926799774e-03
6.750990170985460281e-03
6.706274114549160004e-03
6.639359984546899796e-03
6.574471946805715561e-03
6.606524344533681870e-03
6.673014257103204727e-03
6.716887466609477997e-03
6.753649096935987473e-03
6.854151841253042221e-03
7.010166998952627182e-03
7.010166998952627182e-03
7.225745823234319687e-03
7.414496969431638718e-03
7.566882297396659851e-03
7.682878058403730392e-03
7.808687165379524231e-03
7.910365238785743713e-03
8.047725073993206024e-03
8.094734512269496918e-03
7.971093989908695221e-03
7.839074358344078064e-03
7.839074358344078064e-03
7.818916812539100647e-03
7.917357608675956726e-03
8.044095709919929504e-03
8.119547739624977112e-03
8.115039207041263580e-03
8.152523078024387360e-03
8.159375749528408051e-03
8.223912678658962250e-03
8.227945305407047272e-03
8.175805211067199707e-03
8.175805211067199707e-03
8.333970792591571808e-03
8.648280985653400421e-03
8.960219100117683411e-03
9.216752834618091583e-03
9.239543229341506958e-03
9.077937342226505280e-03
8.824492804706096649e-03
8.588797412812709808e-03
8.377755992114543915e-03
8.153792470693588257e-03
8.153792470693588257e-03
7.858007214963436127e-03
7.639749906957149506e-03
7.485902402549982071e-03
7.473999634385108948e-03
7.623488549143075943e-03
8.054561913013458252e-03
8.604988455772399902e-03
9.188308380544185638e-03
9.868118911981582642e-03
1.055347360670566559e-02
1.055347360670566559e-02
1.109624840319156647e-02
1.141039934009313583e-02
1.150306407362222672e-02
1.145707815885543823e-02
1.129346806555986404e-02
1.106985751539468765e-02
1.075851824134588242e-02
1.050932519137859344e-02
1.023554336279630661e-02
9.894847869873046875e-03
9.894847869873046875e-03
9.677007794380187988e-03
9.661288931965827942e-03
9.658604860305786133e-03
9.720427915453910828e-03
9.810441173613071442e-03
9.810441173613071442e-03
9.849203750491142273e-03
9.842615574598312378e-03
9.847050532698631287e-03
9.888902306556701660e-03
9.888902306556701660e-03
9.956810623407363892e-03
9.926768019795417786e-03
9.757585823535919189e-03
9.539402090013027191e-03
9.358081035315990448e-03
9.292127564549446106e-03
9.316620416939258575e-03
9.348904713988304138e-03
9.300498291850090027e-03
9.221759624779224396e-03
9.221759624779224396e-03
9.172812104225158691e-03
9.152167476713657379e-03
9.254481643438339233e-03
9.373741224408149719e-03
9.408693760633468628e-03
9.316161274909973145e-03
9.221532382071018219e-03
9.099433198571205139e-03
9.089193306863307953e-03
9.112685918807983398e-03
9.112685918807983398e-03
9.069351479411125183e-03
8.967224508523941040e-03
8.903269656002521515e-03
8.903204463422298431e-03
9.003217332065105438e-03
9.154390543699264526e-03
9.387207217514514923e-03
9.579384699463844299e-03
9.663629345595836639e-03
9.655834175646305084e-03
9.655834175646305084e-03
9.601584635674953461e-03
9.526370093226432800e-03
9.415982291102409363e-03
9.253802709281444550e-03
9.126868098974227905e-03
8.995473384857177734e-03
8.946860209107398987e-03
8.903450332581996918e-03
8.832670748233795166e-03
8.789191953837871552e-03
8.789191953837871552e-03
8.775436319410800934e-03
8.699296973645687103e-03
8.586203679442405701e-03
8.488728664815425873e-03
8.452426642179489136e-03
8.429773151874542236e-03
8.483350276947021484e-03
8.590464480221271515e-03
8.784009143710136414e-03
8.980847895145416260e-03
8.980847895145416260e-03
9.153001010417938232e-03
9.329385124146938324e-03
9.551735594868659973e-03
9.761830791831016541e-03
9.899791330099105835e-03
1.000315137207508087e-02
1.007833611220121384e-02
1.021247543394565582e-02
1.036873273551464081e-02
1.053581945598125458e-02
1.053581945598125458e-02
1.072126999497413635e-02
1.096731424331665039e-02
1.126162149012088776e-02
1.152415014803409576e-02
1.183178741484880447e-02
1.204104255884885788e-02
1.221243478357791901e-02
1.239935774356126785e-02
1.272904314100742340e-02
1.293169520795345306e-02
1.293169520795345306e-02
1.308996416628360748e-02
1.320541929453611374e-02
1.330325100570917130e-02
1.340838707983493805e-02
1.349372696131467819e-02
1.356970332562923431e-02
1.359623949974775314e-02
1.353235635906457901e-02
1.363536249846220016e-02
1.366724632680416107e-02
1.366724632680416107e-02
1.354420278221368790e-02
1.335996109992265701e-02
1.310969237238168716e-02
1.290832273662090302e-02
1.270383503288030624e-02
1.250917091965675354e-02
1.217577420175075531e-02
1.192657090723514557e-02
1.169684436172246933e-02
1.152620278298854828e-02
1.152620278298854828e-02
1.137431524693965912e-02
1.119828689843416214e-02
1.100344397127628326e-02
1.078714244067668915e-02
1.052522286772727966e-02
1.021447870880365372e-02
9.889268316328525543e-03
9.520870633423328400e-03
9.119589813053607941e-03
8.582767099142074585e-03
8.582767099142074585e-03
8.120553568005561829e-03
7.764995098114013672e-03
7.535228505730628967e-03
7.463723886758089066e-03
7.412474602460861206e-03
7.422298192977905273e-03
7.474109064787626266e-03
7.668395992368459702e-03
7.858921773731708527e-03
7.974228821694850922e-03
7.974228821694850922e-03
8.032850921154022217e-03
7.946991361677646637e-03
7.751308381557464600e-03
7.462050765752792358e-03
7.229932583868503571e-03
7.144034374505281448e-03
7.147052790969610214e-03
7.128671742975711823e-03
7.109367754310369492e-03
7.112163584679365158e-03
