3.544569388031959534e-02
3.646164759993553162e-02
3.686981275677680969e-02
3.679347783327102661e-02
3.646183386445045471e-02
3.594307228922843933e-02
3.528527542948722839e-02
3.479834645986557007e-02
3.427273780107498169e-02
3.362193703651428223e-02
3.294595703482627869e-02
3.294595703482627869e-02
3.227231651544570923e-02
3.168001398444175720e-02
3.095157817006111145e-02
3.019550070166587830e-02
2.944637648761272430e-02
2.866487763822078705e-02
2.796349488198757172e-02
2.720822393894195557e-02
2.637241035699844360e-02
2.547553554177284241e-02
2.547553554177284241e-02
2.455907128751277924e-02
2.370545268058776855e-02
2.270390652120113373e-02
2.164891175925731659e-02
2.059771120548248291e-02
1.956173405051231384e-02
1.860241405665874481e-02
1.764863915741443634e-02
1.672507636249065399e-02
1.586624421179294586e-02
1.586624421179294586e-02
1.515099685639142990e-02
1.444739568978548050e-02
1.388057786971330643e-02
1.315862964838743210e-02
1.262588053941726685e-02
1.219747774302959442e-02
1.216637063771486282e-02
1.210878789424896240e-02
1.197421830147504807e-02
1.180030126124620438e-02
1.180030126124620438e-02
1.161420065909624100e-02
1.134833879768848419e-02
1.117647439241409302e-02
1.119489315897226334e-02
1.122923940420150757e-02
1.139445509761571884e-02
1.144515536725521088e-02
1.147060282528400421e-02
1.158257201313972473e-02
1.168517209589481354e-02
1.168517209589481354e-02
1.202964875847101212e-02
1.238694600760936737e-02
1.269819121807813644e-02
1.299912761896848679e-02
1.336408313363790512e-02
1.380876451730728149e-02
1.433625724166631699e-02
1.481521222740411758e-02
1.534795947372913361e-02
1.594228483736515045e-02
1.594228483736515045e-02
1.647172868251800537e-02
1.684674434363842010e-02
1.708036847412586212e-02
1.724918931722640991e-02
1.737666502594947815e-02
1.750809885561466217e-02
1.760442554950714111e-02
1.756577007472515106e-02
1.757588610053062439e-02
1.761044003069400787e-02
1.761044003069400787e-02
1.783526130020618439e-02
1.824127137660980225e-02
1.879257708787918091e-02
1.952533423900604248e-02
2.017247304320335388e-02
2.061239257454872131e-02
2.091626264154911041e-02
2.118634246289730072e-02
2.124573849141597748e-02
2.139854431152343750e-02
2.139854431152343750e-02
2.155571803450584412e-02
2.174127846956253052e-02
2.207875065505504608e-02
2.248149737715721130e-02
2.286727726459503174e-02
2.322321757674217224e-02
2.354587800800800323e-02
2.355185151100158691e-02
2.352016977965831757e-02
2.340674027800559998e-02
2.340674027800559998e-02
2.336476184427738190e-02
2.335772663354873657e-02
2.339147403836250305e-02
2.356424555182456970e-02
2.367788925766944885e-02
2.368501760065555573e-02
2.352633886039257050e-02
2.334037609398365021e-02
2.309968136250972748e-02
2.270382642745971680e-02
2.270382642745971680e-02
2.229794859886169434e-02
2.170312032103538513e-02
2.109546586871147156e-02
2.046003378927707672e-02
1.973309926688671112e-02
1.905526593327522278e-02
1.869646273553371429e-02
1.873463205993175507e-02
1.883651874959468842e-02
1.896733045578002930e-02
1.896733045578002930e-02
1.889564841985702515e-02
1.870567537844181061e-02
1.846136339008808136e-02
1.797683350741863251e-02
1.745614781975746155e-02
1.700319722294807434e-02
1.671503111720085144e-02
1.663618162274360657e-02
1.675059460103511810e-02
1.704706251621246338e-02
1.704706251621246338e-02
1.740376465022563934e-02
1.776199229061603546e-02
1.813077554106712341e-02
1.838428899645805359e-02
1.909638755023479462e-02
1.964765787124633789e-02
2.005982212722301483e-02
2.029615454375743866e-02
2.043907903134822845e-02
2.031230740249156952e-02
2.031230740249156952e-02
2.016793377697467804e-02
2.000197209417819977e-02
1.997161470353603363e-02
1.998843625187873840e-02
2.012262307107448578e-02
2.023790962994098663e-02
2.039674855768680573e-02
2.058275416493415833e-02
2.077552303671836853e-02
2.092782221734523773e-02
2.092782221734523773e-02
2.103126794099807739e-02
2.105779945850372314e-02
2.102297544479370117e-02
2.089888602495193481e-02
2.071374468505382538e-02
2.040347829461097717e-02
2.003097161650657654e-02
1.965088210999965668e-02
1.921294443309307098e-02
1.867177337408065796e-02
1.867177337408065796e-02
1.816033758223056793e-02
1.771572977304458618e-02
1.741607114672660828e-02
1.722073927521705627e-02
1.704048179090023041e-02
1.689556613564491272e-02
1.678264699876308441e-02
1.666059903800487518e-02
1.661825552582740784e-02
1.659211888909339905e-02
1.659211888909339905e-02
1.655708625912666321e-02
1.644383743405342102e-02
1.642370037734508514e-02
1.642038300633430481e-02
1.656663976609706879e-02
1.671086996793746948e-02
1.670415140688419342e-02
1.672784052789211273e-02
1.677359826862812042e-02
1.679103448987007141e-02
1.679103448987007141e-02
1.665748842060565948e-02
1.646392047405242920e-02
1.616713218390941620e-02
1.576207205653190613e-02
1.535283960402011871e-02
1.495567522943019867e-02
1.456149481236934662e-02
1.374276634305715561e-02
1.318459771573543549e-02
1.278032828122377396e-02
1.278032828122377396e-02
1.265063788741827011e-02
1.273636054247617722e-02
1.298932079225778580e-02
1.330836582928895950e-02
1.367154624313116074e-02
1.395539101213216782e-02
1.408786419779062271e-02
1.409985125064849854e-02
1.389182824641466141e-02
1.343092415481805801e-02
1.343092415481805801e-02
1.283981651067733765e-02
1.224165037274360657e-02
1.172525901347398758e-02
1.144920662045478821e-02
1.130258012562990189e-02
1.126992516219615936e-02
1.136649772524833679e-02
1.148330140858888626e-02
1.164854504168033600e-02
1.175698079168796539e-02
1.175698079168796539e-02
1.182354334741830826e-02
1.182236336171627045e-02
1.181142870336771011e-02
1.173913478851318359e-02
1.175073627382516861e-02
1.200290024280548096e-02
1.229299977421760559e-02
1.260594651103019714e-02
1.290626730769872665e-02
1.322322618216276169e-02
1.322322618216276169e-02
1.347217615693807602e-02
1.355347316712141037e-02
1.358958613127470016e-02
1.365037821233272552e-02
1.363683491945266724e-02
1.354705076664686203e-02
1.339865569025278091e-02
1.326975505799055099e-02
1.304291654378175735e-02
1.282204221934080124e-02
1.282204221934080124e-02
1.275098696351051331e-02
1.280986983329057693e-02
1.289569959044456482e-02
1.299033872783184052e-02
1.310166344046592712e-02
1.332866679877042770e-02
1.363975461572408676e-02
1.393087580800056458e-02
1.422541029751300812e-02
1.439344882965087891e-02
1.439344882965087891e-02
1.443758234381675720e-02
1.430865563452243805e-02
1.413633953779935837e-02
1.399344671517610550e-02
1.376859191805124283e-02
1.354142650961875916e-02
1.331569161266088486e-02
1.302434783428907394e-02
1.277379691600799561e-02
1.253650430589914322e-02
1.253650430589914322e-02
1.234535221010446548e-02
1.233500894159078598e-02
1.231577992439270020e-02
1.228923257440328598e-02
1.209883391857147217e-02
1.177901867777109146e-02
1.136379968374967575e-02
1.091287005692720413e-02
1.042065955698490143e-02
9.888928383588790894e-03
9.888928383588790894e-03
9.487342089414596558e-03
9.141976945102214813e-03
8.924188092350959778e-03
8.755459450185298920e-03
8.546190336346626282e-03
8.281842805445194244e-03
7.920798845589160919e-03
7.533477619290351868e-03
7.024045567959547043e-03
6.574786733835935593e-03
6.574786733835935593e-03
6.126612424850463867e-03
5.853370297700166702e-03
5.673251114785671234e-03
5.526556167751550674e-03
5.420258268713951111e-03
5.263723433017730713e-03
5.085113458335399628e-03
4.937148652970790863e-03
4.800010006874799728e-03
4.636800382286310196e-03
4.636800382286310196e-03
4.528491757810115814e-03
4.454222507774829865e-03
4.407628905028104782e-03
4.328178241848945618e-03
4.308732226490974426e-03
4.216609988361597061e-03
4.091581329703330994e-03
3.686103271320462227e-03
3.364833770319819450e-03
3.066015196964144707e-03
3.066015196964144707e-03
2.785725984722375870e-03
2.400225726887583733e-03
2.219566376879811287e-03
2.312764525413513184e-03
2.660781377926468849e-03
2.932939212769269943e-03
2.881158841773867607e-03
2.879572100937366486e-03
2.922205952927470207e-03
3.148426068946719170e-03
3.148426068946719170e-03
3.425133647397160530e-03
3.708426374942064285e-03
3.772143507376313210e-03
3.957728855311870575e-03
4.343899432569742203e-03
4.811802413314580917e-03
5.384750198572874069e-03
5.788385402411222458e-03
6.185835693031549454e-03
6.374833174049854279e-03
6.374833174049854279e-03
6.492083892226219177e-03
6.572434678673744202e-03
6.605437956750392914e-03
6.691183429211378098e-03
6.819027010351419449e-03
6.935962010174989700e-03
6.992763839662075043e-03
6.982763297855854034e-03
6.968540139496326447e-03
6.796093191951513290e-03
6.796093191951513290e-03
6.370717193931341171e-03
5.901731550693511963e-03
5.249670241028070450e-03
4.551874008029699326e-03
3.897481597959995270e-03
3.225299529731273651e-03
2.687760861590504646e-03
2.504527335986495018e-03
2.629472408443689346e-03
2.757673617452383041e-03
2.757673617452383041e-03
2.784208627417683601e-03
2.778637688606977463e-03
2.692723879590630531e-03
2.617144025862216949e-03
2.586202928796410561e-03
2.473426517099142075e-03
2.365430351346731186e-03
2.278455765917897224e-03
2.269461983814835548e-03
2.445145510137081146e-03
2.445145510137081146e-03
2.754350192844867706e-03
3.094096435233950615e-03
3.347353078424930573e-03
3.395655890926718712e-03
3.197361482307314873e-03
2.879081293940544128e-03
2.630449365824460983e-03
2.511987462639808655e-03
2.684054896235466003e-03
3.094621468335390091e-03
3.094621468335390091e-03
3.538992721587419510e-03
3.865559119731187820e-03
4.156933631747961044e-03
4.403016529977321625e-03
4.865056835114955902e-03
5.449697840958833694e-03
6.140606943517923355e-03
6.744043901562690735e-03
7.268486544489860535e-03
7.556070107966661453e-03
7.556070107966661453e-03
7.666604593396186829e-03
7.595784962177276611e-03
7.444868795573711395e-03
7.095512468367815018e-03
6.693889852613210678e-03
6.348936818540096283e-03
6.363473832607269287e-03
6.660952698439359665e-03
7.142407353967428207e-03
7.753998972475528717e-03
7.753998972475528717e-03
8.504034020006656647e-03
9.237899444997310638e-03
9.827061556279659271e-03
1.007171999663114548e-02
1.015945989638566971e-02
1.013157051056623459e-02
9.934933856129646301e-03
9.585036896169185638e-03
9.143174625933170319e-03
8.769905194640159607e-03
8.769905194640159607e-03
8.471560664474964142e-03
8.291821926832199097e-03
8.211748674511909485e-03
8.198741823434829712e-03
8.395885117352008820e-03
8.797358721494674683e-03
9.179623797535896301e-03
9.538506157696247101e-03
9.827787056565284729e-03
9.818718768656253815e-03
9.818718768656253815e-03
9.703572839498519897e-03
9.519776329398155212e-03
9.177734144032001495e-03
8.655518293380737305e-03
8.166856132447719574e-03
7.710395846515893936e-03
7.441998459398746490e-03
7.396892178803682327e-03
7.572929374873638153e-03
7.920679636299610138e-03
7.920679636299610138e-03
8.450597524642944336e-03
8.911474607884883881e-03
9.248989634215831757e-03
9.331839159131050110e-03
9.232052601873874664e-03
9.063456207513809204e-03
8.880132809281349182e-03
8.707406930625438690e-03
8.585981093347072601e-03
8.521121926605701447e-03
8.521121926605701447e-03
8.557988330721855164e-03
8.714050054550170898e-03
8.989545516669750214e-03
9.311722591519355774e-03
9.603271260857582092e-03
9.806640446186065674e-03
9.795346297323703766e-03
9.651307016611099243e-03
9.411736391484737396e-03
9.075769223272800446e-03
9.075769223272800446e-03
8.604436181485652924e-03
8.159631863236427307e-03
7.736291270703077316e-03
7.471223827451467514e-03
7.278102915734052658e-03
7.198467850685119629e-03
7.214204873889684677e-03
7.293177768588066101e-03
7.349066901952028275e-03
7.483832538127899170e-03
7.483832538127899170e-03
7.787709124386310577e-03
8.162288926541805267e-03
8.445462211966514587e-03
8.597317151725292206e-03
8.628742769360542297e-03
8.501643314957618713e-03
8.275776170194149017e-03
7.972314022481441498e-03
7.706674747169017792e-03
7.475732360035181046e-03
7.475732360035181046e-03
7.367483340203762054e-03
7.351096719503402710e-03
7.445570081472396851e-03
7.447043433785438538e-03
7.460550870746374130e-03
7.227865979075431824e-03
6.858669687062501907e-03
6.347745191305875778e-03
5.841366015374660492e-03
5.366804543882608414e-03
5.366804543882608414e-03
5.039415787905454636e-03
4.974807146936655045e-03
5.087140947580337524e-03
5.378209985792636871e-03
5.739627406001091003e-03
6.135954521596431732e-03
6.516410037875175476e-03
6.762552540749311447e-03
6.887790746986865997e-03
7.022545672953128815e-03
7.022545672953128815e-03
7.113791070878505707e-03
7.181094959378242493e-03
7.342510391026735306e-03
7.503330707550048828e-03
7.686577271670103073e-03
7.884022779762744904e-03
8.083220571279525757e-03
8.246531710028648376e-03
8.353098295629024506e-03
8.358820341527462006e-03
8.358820341527462006e-03
8.271368220448493958e-03
8.140741847455501556e-03
7.993265986442565918e-03
7.900465279817581177e-03
7.860086858272552490e-03
7.759945001453161240e-03
7.647005375474691391e-03
7.581232581287622452e-03
7.553898729383945465e-03
7.528994698077440262e-03
7.528994698077440262e-03
7.543765008449554443e-03
7.564377505332231522e-03
7.490892894566059113e-03
7.271246984601020813e-03
6.989492569118738174e-03
6.645904388278722763e-03
6.331205833703279495e-03
6.158480886369943619e-03
6.088573019951581955e-03
6.147899664938449860e-03
6.147899664938449860e-03
6.272174883633852005e-03
6.494781933724880219e-03
6.866742391139268875e-03
7.259185891598463058e-03
7.539873942732810974e-03
7.717171683907508850e-03
7.827848196029663086e-03
7.896952331066131592e-03
7.972267456352710724e-03
8.116132579743862152e-03
8.116132579743862152e-03
8.307048119604587555e-03
8.522403426468372345e-03
8.828272111713886261e-03
8.985104039311408997e-03
9.219781495630741119e-03
9.544376283884048462e-03
9.745068848133087158e-03
9.836694225668907166e-03
9.879778139293193817e-03
9.962657466530799866e-03
9.962657466530799866e-03
1.015333086252212524e-02
1.035246439278125763e-02
1.060227490961551666e-02
1.080417912453413010e-02
1.106880791485309601e-02
1.135377399623394012e-02
1.170071028172969818e-02
1.203691773116588593e-02
1.237191632390022278e-02
1.261663995683193207e-02
1.261663995683193207e-02
1.283127255737781525e-02
1.302539836615324020e-02
1.313832588493824005e-02
1.311263535171747208e-02
1.305482629686594009e-02
1.302815042436122894e-02
1.309647317975759506e-02
1.317634899169206619e-02
1.333435717970132828e-02
1.358866412192583084e-02
