3.454270958900451660e-02
3.454270958900451660e-02
3.594656661152839661e-02
3.551048040390014648e-02
3.493151068687438965e-02
3.432303667068481445e-02
3.393085673451423645e-02
3.364226967096328735e-02
3.337746486067771912e-02
3.321277722716331482e-02
3.302834555506706238e-02
3.289175406098365784e-02
3.289175406098365784e-02
3.279978781938552856e-02
3.272660821676254272e-02
3.262697905302047729e-02
3.250620514154434204e-02
3.225532546639442444e-02
3.207093477249145508e-02
3.186762332916259766e-02
3.172560036182403564e-02
3.163497522473335266e-02
3.152557089924812317e-02
3.152557089924812317e-02
3.178108483552932739e-02
3.200006857514381409e-02
3.216840699315071106e-02
3.230288252234458923e-02
3.241583704948425293e-02
3.246463835239410400e-02
3.248169273138046265e-02
3.248179703950881958e-02
3.252046555280685425e-02
3.251611441373825073e-02
3.251611441373825073e-02
3.246124088764190674e-02
3.237930685281753540e-02
3.225133195519447327e-02
3.215921297669410706e-02
3.208355978131294250e-02
3.195932880043983459e-02
3.181714937090873718e-02
3.171409666538238525e-02
3.161679953336715698e-02
3.154590353369712830e-02
3.154590353369712830e-02
3.142325952649116516e-02
3.119221515953540802e-02
3.094186261296272278e-02
3.072334080934524536e-02
3.051575832068920135e-02
3.040578402578830719e-02
3.027745708823204041e-02
3.017431311309337616e-02
2.991958335041999817e-02
2.967500872910022736e-02
2.967500872910022736e-02
2.953575924038887024e-02
2.991216070950031281e-02
3.020668402314186096e-02
3.046349994838237762e-02
3.068051300942897797e-02
3.086944669485092163e-02
3.100935555994510651e-02
3.114261850714683533e-02
3.124146722257137299e-02
3.126291930675506592e-02
3.126291930675506592e-02
3.122188709676265717e-02
3.123390488326549530e-02
3.122822195291519165e-02
3.112708404660224915e-02
3.103889152407646179e-02
3.094413131475448608e-02
3.084123320877552032e-02
3.075866214931011200e-02
3.067316487431526184e-02
3.055142238736152649e-02
3.055142238736152649e-02
3.042223863303661346e-02
3.025980480015277863e-02
3.008544817566871643e-02
2.963920123875141144e-02
2.918855100870132446e-02
2.883042767643928528e-02
2.848253957927227020e-02
2.799191698431968689e-02
2.746157348155975342e-02
2.701720036566257477e-02
2.701720036566257477e-02
2.658805437386035919e-02
2.624053321778774261e-02
2.587859146296977997e-02
2.551213279366493225e-02
2.509310282766819000e-02
2.475517988204956055e-02
2.446900308132171631e-02
2.423013746738433838e-02
2.402103133499622345e-02
2.386410534381866455e-02
2.386410534381866455e-02
2.353542670607566833e-02
2.330836094915866852e-02
2.311658114194869995e-02
2.293408475816249847e-02
2.273399382829666138e-02
2.252563089132308960e-02
2.235609292984008789e-02
2.222434990108013153e-02
2.216845192015171051e-02
2.208447456359863281e-02
2.208447456359863281e-02
2.197134308516979218e-02
2.186553552746772766e-02
2.172318473458290100e-02
2.163203805685043335e-02
2.155909314751625061e-02
2.157566323876380920e-02
2.155520208179950714e-02
2.163778245449066162e-02
2.180702239274978638e-02
2.187452092766761780e-02
2.187452092766761780e-02
2.185105532407760620e-02
2.180242165923118591e-02
2.169357985258102417e-02
2.154919691383838654e-02
2.150773257017135620e-02
2.136431261897087097e-02
2.127762138843536377e-02
2.112639322876930237e-02
2.098952978849411011e-02
2.083119936287403107e-02
2.083119936287403107e-02
2.063917927443981171e-02
2.041068300604820251e-02
2.037474885582923889e-02
2.016716077923774719e-02
1.991034112870693207e-02
1.948647014796733856e-02
1.907643489539623260e-02
1.875992678105831146e-02
1.849422603845596313e-02
1.811113208532333374e-02
1.811113208532333374e-02
1.775838807225227356e-02
1.742577180266380310e-02
1.713985763490200043e-02
1.686278171837329865e-02
1.657706499099731445e-02
1.632532849907875061e-02
1.611473597586154938e-02
1.584832184016704559e-02
1.564402878284454346e-02
1.530328299850225449e-02
1.530328299850225449e-02
1.492714509367942810e-02
1.454818621277809143e-02
1.411028113216161728e-02
1.366762630641460419e-02
1.328893098980188370e-02
1.298223622143268585e-02
1.268521882593631744e-02
1.249275915324687958e-02
1.235868409276008606e-02
1.237170211970806122e-02
1.237170211970806122e-02
1.237870752811431885e-02
1.244977954775094986e-02
1.250001695007085800e-02
1.259803306311368942e-02
1.269764360040426254e-02
1.278993953019380569e-02
1.300128269940614700e-02
1.311956718564033508e-02
1.324208732694387436e-02
1.329858973622322083e-02
1.329858973622322083e-02
1.331050228327512741e-02
1.317752432078123093e-02
1.294489577412605286e-02
1.261064317077398300e-02
1.226955465972423553e-02
1.194700133055448532e-02
1.164400950074195862e-02
1.138514652848243713e-02
1.106311660259962082e-02
1.069034636020660400e-02
1.069034636020660400e-02
1.045429799705743790e-02
1.033755484968423843e-02
1.036061625927686691e-02
1.048887148499488831e-02
1.058679446578025818e-02
1.066178642213344574e-02
1.068105176091194153e-02
1.063270866870880127e-02
1.047694496810436249e-02
1.031322032213211060e-02
1.031322032213211060e-02
1.009367220103740692e-02
9.849551133811473846e-03
9.655808098614215851e-03
9.529382921755313873e-03
9.411906823515892029e-03
9.294393472373485565e-03
9.158766828477382660e-03
9.018680080771446228e-03
8.886210620403289795e-03
8.863260969519615173e-03
8.863260969519615173e-03
8.994557894766330719e-03
9.217529557645320892e-03
9.490883909165859222e-03
9.705154225230216980e-03
9.675431065261363983e-03
9.691899642348289490e-03
9.684194810688495636e-03
9.686985984444618225e-03
9.885187260806560516e-03
1.030375901609659195e-02
1.030375901609659195e-02
1.075693871825933456e-02
1.132365688681602478e-02
1.185257546603679657e-02
1.230205781757831573e-02
1.273203920572996140e-02
1.332735363394021988e-02
1.403995975852012634e-02
1.474099140614271164e-02
1.560144592076539993e-02
1.647034473717212677e-02
1.647034473717212677e-02
1.732378453016281128e-02
1.801659911870956421e-02
1.863305643200874329e-02
1.939686387777328491e-02
2.015007473528385162e-02
2.081724070012569427e-02
2.126628905534744263e-02
2.151681855320930481e-02
2.175474725663661957e-02
2.197244949638843536e-02
2.197244949638843536e-02
2.231144346296787262e-02
2.266443148255348206e-02
2.300498448312282562e-02
2.332563698291778564e-02
2.352851070463657379e-02
2.368689887225627899e-02
2.387326397001743317e-02
2.398457005620002747e-02
2.413062937557697296e-02
2.427254244685173035e-02
2.427254244685173035e-02
2.448078989982604980e-02
2.457767166197299957e-02
2.474066428840160370e-02
2.486763335764408112e-02
2.636067196726799011e-02
2.776294946670532227e-02
2.905976958572864532e-02
3.025521710515022278e-02
3.137288987636566162e-02
3.239199519157409668e-02
3.239199519157409668e-02
3.333778306841850281e-02
3.419332206249237061e-02
3.495910018682479858e-02
3.564525768160820007e-02
3.628464415669441223e-02
3.687331452965736389e-02
3.739577904343605042e-02
3.787983581423759460e-02
3.826666250824928284e-02
3.851509839296340942e-02
3.851509839296340942e-02
3.872388973832130432e-02
3.892187401652336121e-02
3.907249122858047485e-02
3.920454159379005432e-02
3.935973346233367920e-02
3.950562328100204468e-02
3.964743763208389282e-02
3.976873308420181274e-02
3.987639769911766052e-02
3.992843627929687500e-02
3.992843627929687500e-02
3.994673490524291992e-02
3.994620963931083679e-02
3.990967571735382080e-02
3.988190367817878723e-02
3.983052074909210205e-02
3.978190198540687561e-02
3.971502929925918579e-02
3.962866589426994324e-02
3.955687209963798523e-02
3.949968144297599792e-02
3.949968144297599792e-02
3.943083435297012329e-02
3.932604566216468811e-02
3.918292745947837830e-02
3.901591524481773376e-02
3.883978724479675293e-02
3.883978724479675293e-02
3.862498328089714050e-02
3.841054067015647888e-02
3.820624202489852905e-02
3.803903236985206604e-02
3.803903236985206604e-02
3.787940740585327148e-02
3.774222359061241150e-02
3.764228150248527527e-02
3.753764927387237549e-02
3.745011612772941589e-02
3.731662034988403320e-02
3.720051795244216919e-02
3.708912432193756104e-02
3.698005527257919312e-02
3.693087026476860046e-02
3.693087026476860046e-02
3.689075261354446411e-02
3.686033934354782104e-02
3.685846179723739624e-02
3.684925287961959839e-02
3.681263327598571777e-02
3.676764294505119324e-02
3.671351447701454163e-02
3.664114698767662048e-02
3.655041381716728210e-02
3.645801171660423279e-02
3.645801171660423279e-02
3.633696213364601135e-02
3.625993430614471436e-02
3.621151298284530640e-02
3.616609424352645874e-02
3.610671684145927429e-02
3.602851927280426025e-02
3.591550514101982117e-02
3.577274456620216370e-02
3.559899702668190002e-02
3.539888560771942139e-02
3.539888560771942139e-02
3.521171957254409790e-02
3.502698242664337158e-02
3.483795747160911560e-02
3.468471765518188477e-02
3.458850458264350891e-02
3.448253124952316284e-02
3.436835110187530518e-02
3.426746651530265808e-02
3.408972173929214478e-02
3.389252349734306335e-02
3.389252349734306335e-02
3.374069556593894958e-02
3.364213183522224426e-02
3.357965126633644104e-02
3.355917334556579590e-02
3.361647203564643860e-02
3.371304646134376526e-02
3.386620432138442993e-02
3.401313722133636475e-02
3.437527641654014587e-02
3.465469554066658020e-02
3.465469554066658020e-02
3.475601226091384888e-02
3.478102758526802063e-02
3.476535901427268982e-02
3.472825884819030762e-02
3.475615382194519043e-02
3.478560596704483032e-02
3.480610251426696777e-02
3.487010300159454346e-02
3.494637459516525269e-02
3.505320474505424500e-02
3.505320474505424500e-02
3.514230623841285706e-02
3.519163653254508972e-02
3.519719094038009644e-02
3.514113277196884155e-02
3.507145121693611145e-02
3.502093628048896790e-02
3.501104190945625305e-02
3.504550829529762268e-02
3.511404991149902344e-02
3.521307930350303650e-02
3.521307930350303650e-02
3.530135378241539001e-02
3.541445359587669373e-02
3.551656752824783325e-02
3.559559583663940430e-02
3.567432612180709839e-02
3.574251756072044373e-02
3.580647706985473633e-02
3.587164729833602905e-02
3.595324978232383728e-02
3.606283292174339294e-02
3.606283292174339294e-02
3.616020828485488892e-02
3.623608127236366272e-02
3.627127036452293396e-02
3.626772761344909668e-02
3.622075170278549194e-02
3.620455041527748108e-02
3.615333139896392822e-02
3.611657395958900452e-02
3.607596084475517273e-02
3.609944134950637817e-02
3.609944134950637817e-02
3.614618256688117981e-02
3.622120618820190430e-02
3.635511919856071472e-02
3.645367175340652466e-02
3.651500120759010315e-02
3.652118146419525146e-02
3.652801364660263062e-02
3.654154390096664429e-02
3.657924756407737732e-02
3.663427382707595825e-02
3.663427382707595825e-02
3.670449554920196533e-02
3.680334240198135376e-02
3.689848631620407104e-02
3.697488829493522644e-02
3.701909631490707397e-02
3.699412196874618530e-02
3.698161989450454712e-02
3.702871128916740417e-02
3.705631569027900696e-02
3.713300824165344238e-02
3.713300824165344238e-02
3.721394389867782593e-02
3.728053346276283264e-02
3.735431656241416931e-02
3.741045296192169189e-02
3.744534030556678772e-02
3.744796663522720337e-02
3.744411468505859375e-02
3.742352873086929321e-02
3.740696236491203308e-02
3.732266649603843689e-02
3.732266649603843689e-02
3.725886344909667969e-02
3.720887005329132080e-02
3.717453405261039734e-02
3.709818422794342041e-02
3.700335696339607239e-02
3.694169595837593079e-02
3.684838116168975830e-02
3.675035387277603149e-02
3.669179603457450867e-02
3.665635362267494202e-02
3.665635362267494202e-02
3.664186224341392517e-02
3.669136762619018555e-02
3.673466295003890991e-02
3.681469708681106567e-02
3.687169775366783142e-02
3.693967685103416443e-02
3.700198233127593994e-02
3.709559887647628784e-02
3.721788153052330017e-02
3.736835718154907227e-02
3.736835718154907227e-02
3.752503544092178345e-02
3.768730163574218750e-02
3.786578029394149780e-02
3.803132474422454834e-02
3.816641867160797119e-02
3.830338269472122192e-02
3.842110931873321533e-02
3.851490095257759094e-02
3.857666254043579102e-02
3.862525150179862976e-02
3.862525150179862976e-02
3.862909972667694092e-02
3.863143175840377808e-02
3.863057866692543030e-02
3.865468502044677734e-02
3.869142383337020874e-02
3.869103267788887024e-02
3.867270052433013916e-02
3.861601278185844421e-02
3.853818401694297791e-02
3.843214735388755798e-02
3.843214735388755798e-02
3.832178190350532532e-02
3.820724785327911377e-02
3.812916576862335205e-02
3.804157674312591553e-02
3.796939179301261902e-02
3.790585696697235107e-02
3.784174099564552307e-02
3.781815245747566223e-02
3.779629990458488464e-02
3.773236647248268127e-02
3.773236647248268127e-02
3.766101971268653870e-02
3.757565841078758240e-02
3.750709071755409241e-02
3.746936470270156860e-02
3.744750097393989563e-02
3.743162006139755249e-02
3.745079040527343750e-02
3.744369000196456909e-02
3.739912435412406921e-02
3.738581761717796326e-02
3.738581761717796326e-02
3.750069439411163330e-02
3.764372318983078003e-02
3.776205703616142273e-02
3.790087252855300903e-02
3.805935382843017578e-02
3.827004507184028625e-02
3.848602995276451111e-02
3.872948512434959412e-02
3.894012421369552612e-02
3.916610404849052429e-02
3.916610404849052429e-02
3.934504836797714233e-02
3.948689624667167664e-02
3.959905356168746948e-02
3.973640501499176025e-02
3.984845802187919617e-02
4.005407169461250305e-02
4.023941233754158020e-02
4.044819995760917664e-02
4.064902290701866150e-02
4.081688821315765381e-02
4.081688821315765381e-02
4.093070328235626221e-02
4.098823294043540955e-02
4.105082899332046509e-02
4.109522327780723572e-02
4.116441681981086731e-02
4.119784384965896606e-02
4.122357815504074097e-02
4.119259864091873169e-02
4.107677191495895386e-02
4.096247628331184387e-02
4.096247628331184387e-02
4.086047038435935974e-02
4.071319475769996643e-02
4.055916145443916321e-02
4.046415165066719055e-02
4.036456719040870667e-02
4.027321562170982361e-02
4.031367599964141846e-02
4.035559296607971191e-02
4.039300978183746338e-02
4.041620716452598572e-02
4.041620716452598572e-02
4.043740406632423401e-02
4.042538255453109741e-02
4.042024537920951843e-02
4.047092795372009277e-02
4.055530950427055359e-02
4.062077030539512634e-02
4.070167616009712219e-02
4.078414291143417358e-02
4.082344472408294678e-02
4.080360382795333862e-02
4.080360382795333862e-02
4.072828963398933411e-02
4.064981639385223389e-02
4.056212678551673889e-02
4.044760391116142273e-02
4.042558372020721436e-02
4.044422134757041931e-02
4.050575941801071167e-02
4.056035727262496948e-02
4.060552641749382019e-02
4.061789438128471375e-02
4.061789438128471375e-02
4.057142511010169983e-02
4.045202955603599548e-02
4.028402641415596008e-02
4.007557779550552368e-02
3.989822044968605042e-02
3.978949040174484253e-02
3.971537947654724121e-02
3.968650102615356445e-02
3.961960598826408386e-02
3.953589871525764465e-02
3.953589871525764465e-02
3.942391276359558105e-02
3.929977118968963623e-02
3.916830942034721375e-02
3.901531547307968140e-02
3.887973725795745850e-02
3.875859454274177551e-02
3.866399824619293213e-02
3.861096128821372986e-02
3.857284411787986755e-02
3.849902749061584473e-02
3.849902749061584473e-02
3.840961679816246033e-02
3.831839933991432190e-02
3.824030980467796326e-02
3.814640268683433533e-02
3.803473338484764099e-02
3.785711526870727539e-02
3.771287947893142700e-02
3.761141747236251831e-02
3.744222968816757202e-02
3.723797947168350220e-02
3.723797947168350220e-02
3.706220164895057678e-02
3.689802810549736023e-02
3.675483167171478271e-02
3.662534058094024658e-02
3.649822622537612915e-02
3.642578050494194031e-02
3.631472587585449219e-02
3.620453923940658569e-02
3.601448237895965576e-02
3.581850975751876831e-02
3.581850975751876831e-02
3.560701385140419006e-02
3.535037487745285034e-02
3.515159338712692261e-02
3.501971811056137085e-02
3.496462106704711914e-02
3.499521687626838684e-02
3.503330051898956299e-02
3.505741804838180542e-02
3.513026237487792969e-02
3.520368039608001709e-02
3.520368039608001709e-02
3.524575382471084595e-02
3.530478477478027344e-02
3.536910936236381531e-02
3.546776250004768372e-02
3.560018166899681091e-02
3.573580458760261536e-02
3.588064387440681458e-02
3.599709272384643555e-02
3.610833734273910522e-02
3.621366992592811584e-02
3.621366992592811584e-02
3.630400076508522034e-02
3.652343526482582092e-02
3.666242957115173340e-02
3.678308427333831787e-02
3.692945092916488647e-02
3.705406188964843750e-02
3.721150383353233337e-02
3.735237568616867065e-02
3.738988935947418213e-02
3.741633147001266479e-02
3.741633147001266479e-02
3.744063153862953186e-02
3.745311498641967773e-02
3.743102401494979858e-02
3.742522373795509338e-02
3.742019832134246826e-02
3.741379082202911377e-02
3.747273236513137817e-02
3.752563521265983582e-02
3.760609775781631470e-02
3.769946470856666565e-02
3.769946470856666565e-02
3.785727173089981079e-02
3.797944262623786926e-02
3.804477304220199585e-02
3.808033093810081482e-02
3.806391730904579163e-02
3.802265226840972900e-02
3.801068291068077087e-02
3.802819177508354187e-02
3.812313452363014221e-02
3.826465830206871033e-02
3.826465830206871033e-02
3.833629563450813293e-02
3.835564106702804565e-02
3.835145756602287292e-02
3.833936899900436401e-02
3.834275901317596436e-02
3.830756619572639465e-02
3.829463943839073181e-02
3.836717084050178528e-02
3.847181797027587891e-02
3.857354074716567993e-02
3.857354074716567993e-02
3.872773051261901855e-02
3.890123590826988220e-02
3.906441852450370789e-02
3.916965797543525696e-02
3.926627710461616516e-02
3.941035270690917969e-02
3.958014771342277527e-02
3.984910994768142700e-02
4.013924673199653625e-02
4.038675501942634583e-02
