3.516148030757904053e-02
3.516148030757904053e-02
3.477387502789497375e-02
3.380908071994781494e-02
3.266479447484016418e-02
3.176010772585868835e-02
3.092847578227519989e-02
3.028280101716518402e-02
2.968538738787174225e-02
2.925884351134300232e-02
2.917515486478805542e-02
2.915257774293422699e-02
2.915257774293422699e-02
2.932581119239330292e-02
2.936149016022682190e-02
2.960703335702419281e-02
2.985601685941219330e-02
3.018684312701225281e-02
3.052672371268272400e-02
3.091437555849552155e-02
3.127174824476242065e-02
3.179511427879333496e-02
3.236956149339675903e-02
