6.402793940157103236e-02
6.333901939753427968e-02
6.298375693554358890e-02
6.200378749392232436e-02
6.133421818077877674e-02
6.102340788024829266e-02
6.075386280104666525e-02
6.069072562040833674e-02
6.061843615324313816e-02
6.042830468269944078e-02
6.026824593825796939e-02
6.026824593825796939e-02
6.010063264838905184e-02
6.004130882699154625e-02
6.020522086994439803e-02
6.043245078245718105e-02
6.084360303581881624e-02
6.115347988786190569e-02
6.143034242758282915e-02
6.161052789910392846e-02
6.173322589664742566e-02
6.179287266261379585e-02
6.179287266261379585e-02
6.183475438390306778e-02
6.184864263435496667e-02
6.186865337786251473e-02
6.185051787034634430e-02
6.192157298920708541e-02
6.198631573259483218e-02
6.209406873508527269e-02
6.200368739020856168e-02
6.196139666704159055e-02
6.186950795017320814e-02
6.186950795017320814e-02
6.188824244874702174e-02
6.188255030607425766e-02
6.188365037107601552e-02
6.188612494352696558e-02
6.187488421946429895e-02
6.186477051287120332e-02
6.173894607821051039e-02
6.162850322934154690e-02
6.153621261275254994e-02
6.135813392795075316e-02
6.135813392795075316e-02
6.120713532110411137e-02
6.119976701868701241e-02
6.116171533384662240e-02
6.115270529423177948e-02
6.113616817658407143e-02
6.096320466591542697e-02
6.073556280790448625e-02
6.046375177164708958e-02
6.021933292570302854e-02
5.998887973324951162e-02
5.998887973324951162e-02
5.977057955920006549e-02
5.951951195555782448e-02
5.927528555525185538e-02
5.907189100835719131e-02
5.889145986468680150e-02
5.874387221656274249e-02
5.853292920760910789e-02
5.834731327519193655e-02
5.818804578772596159e-02
5.799917853612779339e-02
5.799917853612779339e-02
5.776284744957926875e-02
5.753574920271820048e-02
5.744602144475052796e-02
5.732537287833583406e-02
5.724661255769980528e-02
5.715371308810102136e-02
5.703817138204048121e-02
5.690187584217554218e-02
5.677537939309296178e-02
5.671498869750646321e-02
5.671498869750646321e-02
5.683884037837927394e-02
5.692329111345983961e-02
5.692714729370518256e-02
5.688976243290611023e-02
5.697510829175556069e-02
5.706723011520509203e-02
5.712598690535308776e-02
5.719614845695186744e-02
5.717569220107687755e-02
5.722250475014423188e-02
5.722250475014423188e-02
5.714074305653937813e-02
5.702338323292543976e-02
5.698519157498438403e-02
5.695202721354331032e-02
5.693182548765296502e-02
5.702796081917327342e-02
5.712843873796380478e-02
5.716642800453186624e-02
5.729332363973504982e-02
5.741912081331790318e-02
5.741912081331790318e-02
5.762732643967449775e-02
5.769159598815143397e-02
5.779804600898508227e-02
5.796876376744997117e-02
5.812808611013675630e-02
5.787189835785078174e-02
5.763894020229365367e-02
5.748257923449884288e-02
5.733557739824668431e-02
5.719549276760993450e-02
5.719549276760993450e-02
5.711851599516837297e-02
5.708287969553982322e-02
5.702239350860072165e-02
5.694776091626430059e-02
5.694776091626430059e-02
5.691876776013327088e-02
5.670849574069602994e-02
5.644343804627016681e-02
5.643346311144448180e-02
5.636375150785877253e-02
5.636375150785877253e-02
5.632709582842121421e-02
5.634398846432908670e-02
5.632943309534077514e-02
5.654148875116238315e-02
5.672493283081170290e-02
5.686914586007851824e-02
5.704181448692668965e-02
5.723960450003051648e-02
5.735093303688998390e-02
5.739942296978561842e-02
5.739942296978561842e-02
5.739873702375142273e-02
5.737764464426753364e-02
5.738588059694205157e-02
5.746333571982820132e-02
5.756470321928031098e-02
5.760090859505684335e-02
5.713074525599104447e-02
5.671086033443106800e-02
5.633224516122137260e-02
5.586444901017717513e-02
5.586444901017717513e-02
5.541407187872948725e-02
5.498050641508367420e-02
5.462501081417592275e-02
5.427139589313245693e-02
5.398217327062315718e-02
5.382988474153371783e-02
5.367724173372945273e-02
5.361251858637494649e-02
5.347868644416919892e-02
5.337782860640416516e-02
5.337782860640416516e-02
5.333686851729435574e-02
5.327930904155131486e-02
5.311584481041808914e-02
5.298055172344184882e-02
5.274040660946521797e-02
5.257463096738135278e-02
5.246783769665519515e-02
5.235159138900247200e-02
5.315104739045395377e-02
5.389525692596119910e-02
5.389525692596119910e-02
5.454517856329488268e-02
5.511672477523266167e-02
5.560578497671464504e-02
5.608886036116622620e-02
5.647442140275682476e-02
5.677875611485294627e-02
5.707616502871903919e-02
5.734153606687186766e-02
5.749450930056454467e-02
5.760833891334105061e-02
5.760833891334105061e-02
5.770147687255011704e-02
5.774937771242338869e-02
5.777304636982716346e-02
5.776566057929866105e-02
5.779306148808682764e-02
5.777834476802024000e-02
5.777432976473662052e-02
5.776697375675343693e-02
5.771258825671488069e-02
5.763823468815942874e-02
5.763823468815942874e-02
5.758644065538298662e-02
5.745055302516810514e-02
5.734854279799694865e-02
5.717444368577950797e-02
5.711931085595001178e-02
5.704097673352936937e-02
5.699027796887534691e-02
5.702770576215865361e-02
5.694018226255792570e-02
5.683451229620661849e-02
5.683451229620661849e-02
5.678856393426556792e-02
5.676164468827593623e-02
5.676302062217519762e-02
5.684504982736271472e-02
5.693100647711268891e-02
5.699358152555955570e-02
5.706930547336597215e-02
5.712690181264168388e-02
5.716126985003366912e-02
5.710278899561593846e-02
5.710278899561593846e-02
5.701128641630770488e-02
5.695408305344695776e-02
5.686756152450112012e-02
5.681802005462355254e-02
5.661066187000418637e-02
5.648515841710555208e-02
5.620926943871928927e-02
5.596568795480294511e-02
5.578121940805846890e-02
5.557377184006018211e-02
5.557377184006018211e-02
5.541241314144507157e-02
5.521421949177973687e-02
5.505749283838845543e-02
5.486925313986912300e-02
5.460561684484410705e-02
5.438679349895458870e-02
5.417962293558087339e-02
5.400760091526723983e-02
5.396295986270516210e-02
5.390297800521448579e-02
5.390297800521448579e-02
5.385782135532313220e-02
5.378371714514784685e-02
5.371016447194687515e-02
5.360775292219521759e-02
5.345854956738271824e-02
5.337521612162721141e-02
5.324723398807318375e-02
5.311458601745311370e-02
5.298720657216016150e-02
5.287248293555180112e-02
5.287248293555180112e-02
5.275600583348971639e-02
5.266685896447675930e-02
5.263716448384414548e-02
5.261854762970319399e-02
5.261041341308825281e-02
5.261255237736861545e-02
5.259880718456155790e-02
5.258273500537313794e-02
5.255990371910179704e-02
5.255686688350902358e-02
5.255686688350902358e-02
5.261955205514912137e-02
5.265661662570231272e-02
5.270210118776752495e-02
5.275544721197711340e-02
5.277816526547418619e-02
5.281048346005690064e-02
5.277893634236008324e-02
5.273424385589375873e-02
5.265854200029895793e-02
5.251801879508732895e-02
5.251801879508732895e-02
5.236817904384416522e-02
5.225114279749032420e-02
5.217775416301151381e-02
5.214948254478102285e-02
5.207629828161408625e-02
5.200415840331285011e-02
5.192318627563174971e-02
5.182190567170508189e-02
5.185241283497266096e-02
5.188011328912001119e-02
5.188011328912001119e-02
5.189344083361291382e-02
5.190718558999396492e-02
5.197226515596131691e-02
5.198871263712767643e-02
5.206353145641351432e-02
5.211172339968417333e-02
5.209630884487825853e-02
5.214342329609777948e-02
5.218569412964058074e-02
5.230503860542068395e-02
5.230503860542068395e-02
5.234920419184163620e-02
5.231942389819899120e-02
5.225710795189719704e-02
5.220999001058324041e-02
5.215180708500088969e-02
5.210104163337980765e-02
5.199406087632674200e-02
5.183898840816247855e-02
5.155203968062416209e-02
5.129659329472424645e-02
5.129659329472424645e-02
5.113076897767143691e-02
5.101102568827364792e-02
5.094242321302111520e-02
5.088799490117246194e-02
5.083836055322787928e-02
5.083435666495361716e-02
5.079762643085938834e-02
5.075324610185028007e-02
5.061057708767879859e-02
5.060399734031229002e-02
5.060399734031229002e-02
5.056994973909301194e-02
5.059366101953521877e-02
5.056530750346333036e-02
5.056940949729948898e-02
5.056457920280088558e-02
5.049912709957204981e-02
5.046808139824676687e-02
5.034054696593681655e-02
5.023975086744503216e-02
5.017585061027141080e-02
5.017585061027141080e-02
5.012795316746299079e-02
5.006840496125786188e-02
5.009845339274843212e-02
5.018712710128792054e-02
5.025228170127693517e-02
5.049632622339927934e-02
5.075335405614378459e-02
5.090027243899442055e-02
5.101555817197755971e-02
5.105673351416584183e-02
5.105673351416584183e-02
5.100683148824991520e-02
5.095107508970997401e-02
5.107783821585520911e-02
5.119678995498144758e-02
5.140052491238211729e-02
5.158701163078305285e-02
5.181661517650226756e-02
5.199451929828757812e-02
5.209804280871388471e-02
5.229849116752305349e-02
5.229849116752305349e-02
5.248734028435553256e-02
5.266999593161880711e-02
5.287133179210368183e-02
5.299425762035880894e-02
5.312213772730167705e-02
5.338498006361369619e-02
5.365185265805472170e-02
5.394901675539909292e-02
5.425651876189263589e-02
5.450106508978169728e-02
5.450106508978169728e-02
5.471019754246952971e-02
5.486626554838736070e-02
5.499306356035926768e-02
5.508841006063303070e-02
5.528377900265279976e-02
5.541114774723343572e-02
5.548522471661065936e-02
5.557016480823939730e-02
5.562076196179965848e-02
5.568977512400863361e-02
5.568977512400863361e-02
5.570629660695125551e-02
5.572769780592778943e-02
5.578647002194880855e-02
5.582966307650760740e-02
5.587948035407031000e-02
5.589188625420948853e-02
5.592618888028333402e-02
5.596869731451015184e-02
5.562722620116389294e-02
5.534018773440418926e-02
5.534018773440418926e-02
5.499330459130469251e-02
5.467678527758046414e-02
5.437706903367978128e-02
5.420839691104450964e-02
5.399721860682404895e-02
5.385212915400572342e-02
5.376925797856468847e-02
5.373584228982153377e-02
5.369319477533451845e-02
5.370797228762658193e-02
5.370797228762658193e-02
5.370455002546492551e-02
5.367695699649566166e-02
5.363404850538699975e-02
5.357938502512382684e-02
5.360158158368832915e-02
5.359476040610200442e-02
5.357970300719205881e-02
5.360536101199286918e-02
5.364394469227118378e-02
5.366502378551007979e-02
5.366502378551007979e-02
5.365509284580127769e-02
5.370060576061685964e-02
5.370749030429244897e-02
5.366716633473966880e-02
5.364710487126078675e-02
5.360211708366158234e-02
5.347680949375011039e-02
5.333490381577554729e-02
5.347292865447172971e-02
5.362201552740053501e-02
5.362201552740053501e-02
5.370358453176926616e-02
5.375807577059354969e-02
5.383330544272713070e-02
5.388828847851900861e-02
5.391174590807068512e-02
5.395343887741166355e-02
5.397301736861770394e-02
5.420156731734593336e-02
5.446762581812425452e-02
5.477959356431760796e-02
5.477959356431760796e-02
5.506252537226696830e-02
5.523736916635524352e-02
5.540787876661212863e-02
5.550630095426711819e-02
5.561454717401570491e-02
5.569440530010716373e-02
5.572069479208430209e-02
5.575248813445377039e-02
5.575182624306584955e-02
5.573858810322640522e-02
5.573858810322640522e-02
5.567801833706376158e-02
5.560786760667912887e-02
5.553419472642850963e-02
5.553316554737630639e-02
5.556977053447020864e-02
5.561864093305590728e-02
5.565296167596578414e-02
5.566429597026711917e-02
5.566242785816566396e-02
5.570422112071327092e-02
5.570422112071327092e-02
5.573100376584427806e-02
5.570630696365341805e-02
5.563036071044180630e-02
5.555514741395040090e-02
5.550748463107790798e-02
5.546509115549458357e-02
5.544683811979478349e-02
5.542896567907629191e-02
5.538801519862079914e-02
5.537636198777473595e-02
5.537636198777473595e-02
5.534094899203978457e-02
5.529225793023062607e-02
5.525912370580599031e-02
5.524444894673230522e-02
5.521808432749786277e-02
5.519316376497229726e-02
5.514197218999772332e-02
5.515520166826348714e-02
5.513421159254683346e-02
5.514425300789405071e-02
5.514425300789405071e-02
5.511974649159867568e-02
5.514810825088467539e-02
5.511302316622668229e-02
5.502692976289758064e-02
5.496156394021944891e-02
5.490620388087830150e-02
5.483614045183049512e-02
5.478748854757498066e-02
5.474870512801732758e-02
5.469769980012362254e-02
5.469769980012362254e-02
5.483147352249595485e-02
5.494056095026333963e-02
5.505343980834798145e-02
5.509282424813921608e-02
5.508069493632650193e-02
5.510400795317504929e-02
5.504226586460791992e-02
5.492103280694582423e-02
5.481600670731090474e-02
5.466992671307657758e-02
5.466992671307657758e-02
5.452141764560636261e-02
5.435721849014552021e-02
5.416238036264608979e-02
5.398983996983197642e-02
5.386926740731912133e-02
5.374880636671708345e-02
5.360128967678701173e-02
5.345015441905243136e-02
5.330078648814495779e-02
5.317812606364569206e-02
5.317812606364569206e-02
5.305943727609285787e-02
5.295192950406679699e-02
5.284321954035764435e-02
5.271905187701797502e-02
5.256895409988970869e-02
5.242436823226981346e-02
5.231502035382540328e-02
5.226973484621755262e-02
5.221213006284219915e-02
5.215025457217770111e-02
5.215025457217770111e-02
5.205675333790882320e-02
5.199010363081679742e-02
5.200290598898238414e-02
5.200431623083723309e-02
5.201930026322365563e-02
5.198091930571813180e-02
5.190259416838571838e-02
5.181082062892627960e-02
5.171275631248040128e-02
5.164676505478027480e-02
5.164676505478027480e-02
5.159301901141866153e-02
5.157434149383899324e-02
5.155991126210679454e-02
5.153376849490776124e-02
5.147164208201537861e-02
5.138388337851473864e-02
5.128015515608286279e-02
5.118531987781338444e-02
5.106807048775685587e-02
5.083928438701601493e-02
5.083928438701601493e-02
5.061431963851692473e-02
5.041059459353114391e-02
5.017627836394478180e-02
4.992013800293282344e-02
4.965415637862857778e-02
4.950022018510136235e-02
4.939033326886921316e-02
4.922346154569279264e-02
4.908561638638087032e-02
4.894311938596729306e-02
4.894311938596729306e-02
4.879325326025796272e-02
4.864894463734703578e-02
4.849594370668164345e-02
4.833093325450477096e-02
4.816819489911416952e-02
4.800330710905420517e-02
4.780436229650053548e-02
4.762998167884990863e-02
4.750782768078476437e-02
4.738596963348129520e-02
4.738596963348129520e-02
4.724072425345582360e-02
4.711946592310489734e-02
4.700418111290805001e-02
4.691133325602958593e-02
4.680813438165909446e-02
4.670655903047027380e-02
4.657265107603869581e-02
4.643450486210198846e-02
4.631323524853936391e-02
4.618943752811244252e-02
4.618943752811244252e-02
4.612493256337657499e-02
4.610081403171317760e-02
4.606411404238919260e-02
4.597525545863145879e-02
4.589711093779946793e-02
4.584674791570630958e-02
4.575780117029371041e-02
4.565914616778421475e-02
4.551034104734696939e-02
4.529034846251178692e-02
