1.583169773221015930e-02
1.583169773221015930e-02
1.565921120345592499e-02
1.500831451267004013e-02
1.496732421219348907e-02
1.500197034329175949e-02
1.503468118607997894e-02
1.528657972812652588e-02
1.579748094081878662e-02
1.640470698475837708e-02
1.695619150996208191e-02
1.733112148940563202e-02
1.733112148940563202e-02
1.764514669775962830e-02
1.779834926128387451e-02
1.792482100427150726e-02
1.785440370440483093e-02
1.771368458867073059e-02
1.740613393485546112e-02
1.690992526710033417e-02
1.643172651529312134e-02
1.606673747301101685e-02
1.593044959008693695e-02
1.593044959008693695e-02
1.580575108528137207e-02
1.542187668383121490e-02
1.541539374738931656e-02
1.535987481474876404e-02
1.537809614092111588e-02
1.542694214731454849e-02
1.562961004674434662e-02
1.584540866315364838e-02
1.602745614945888519e-02
1.610467769205570221e-02
1.610467769205570221e-02
1.598349399864673615e-02
1.573414541780948639e-02
1.549432892352342606e-02
1.527998317033052444e-02
1.520364079624414444e-02
1.517858076840639114e-02
1.501197647303342819e-02
1.466253492981195450e-02
1.434139255434274673e-02
1.402405183762311935e-02
1.402405183762311935e-02
1.367402356117963791e-02
1.336660888046026230e-02
1.309045497328042984e-02
1.289367768913507462e-02
1.271688751876354218e-02
1.258875243365764618e-02
1.243270561099052429e-02
1.231908891350030899e-02
1.222654711455106735e-02
1.214306242763996124e-02
1.214306242763996124e-02
1.208467315882444382e-02
1.192046888172626495e-02
1.180494111031293869e-02
1.175823993980884552e-02
1.197096146643161774e-02
1.232273876667022705e-02
1.267089042812585831e-02
1.306191924959421158e-02
1.340230274945497513e-02
1.371210999786853790e-02
1.371210999786853790e-02
1.393273472785949707e-02
1.403834577649831772e-02
1.404492277652025223e-02
1.391779817640781403e-02
1.380614284425973892e-02
1.368075609207153320e-02
1.362278033047914505e-02
1.365711912512779236e-02
1.374438684433698654e-02
1.377122662961483002e-02
1.377122662961483002e-02
1.390678156167268753e-02
1.417471282184123993e-02
1.448048464953899384e-02
1.481618173420429230e-02
1.501200348138809204e-02
1.478560455143451691e-02
1.452939305454492569e-02
1.417309045791625977e-02
1.396150514483451843e-02
1.384084206074476242e-02
1.384084206074476242e-02
1.351140160113573074e-02
1.321134343743324280e-02
1.305968407541513443e-02
1.357149984687566757e-02
1.414512190967798233e-02
1.469063013792037964e-02
1.511845737695693970e-02
1.555768772959709167e-02
1.594270020723342896e-02
1.629080250859260559e-02
1.629080250859260559e-02
1.652797870337963104e-02
1.668777316808700562e-02
1.669696159660816193e-02
1.655331254005432129e-02
1.632442884147167206e-02
1.593947783112525940e-02
1.548224408179521561e-02
1.498624589294195175e-02
1.443978212773799896e-02
1.391645148396492004e-02
1.391645148396492004e-02
1.336366217583417892e-02
1.281344052404165268e-02
1.234076637774705887e-02
1.205235812813043594e-02
1.193036697804927826e-02
1.183812040835618973e-02
1.165057159960269928e-02
1.147657074034214020e-02
1.130713336169719696e-02
1.121927145868539810e-02
1.121927145868539810e-02
1.104750856757164001e-02
1.087745092809200287e-02
1.087382342666387558e-02
1.090121921151876450e-02
1.094422955065965652e-02
1.097768358886241913e-02
1.106018666177988052e-02
1.117302943021059036e-02
1.135116443037986755e-02
1.158876065164804459e-02
1.158876065164804459e-02
1.177656184881925583e-02
1.193412579596042633e-02
1.207783538848161697e-02
1.207743026316165924e-02
1.204595807939767838e-02
1.200209092348814011e-02
1.196207851171493530e-02
1.209047902375459671e-02
1.220930367708206177e-02
1.238520443439483643e-02
1.238520443439483643e-02
1.235492248088121414e-02
1.225610543042421341e-02
1.242227666079998016e-02
1.253627333790063858e-02
1.281382609158754349e-02
1.309460401535034180e-02
1.328358147293329239e-02
1.333794277161359787e-02
1.332568563520908356e-02
1.330576185137033463e-02
1.330576185137033463e-02
1.324639748781919479e-02
1.321056298911571503e-02
1.329311821609735489e-02
1.343828532844781876e-02
1.364029012620449066e-02
1.381493359804153442e-02
1.390941068530082703e-02
1.388973835855722427e-02
1.377441734075546265e-02
1.374328415840864182e-02
1.374328415840864182e-02
1.373195089399814606e-02
1.378504838794469833e-02
1.391219161450862885e-02
1.386880595237016678e-02
1.368902064859867096e-02
1.345001999288797379e-02
1.317537296563386917e-02
1.296721398830413818e-02
1.283556595444679260e-02
1.278392504900693893e-02
1.278392504900693893e-02
1.261904183775186539e-02
1.248522754758596420e-02
1.215578615665435791e-02
1.172615401446819305e-02
1.121630892157554626e-02
1.077229995280504227e-02
1.047734078019857407e-02
1.029721274971961975e-02
1.027470175176858902e-02
1.035084109753370285e-02
1.035084109753370285e-02
1.034003123641014099e-02
1.027705334126949310e-02
1.007234212011098862e-02
9.788096882402896881e-03
9.556419216096401215e-03
9.347882121801376343e-03
9.137015789747238159e-03
8.957521058619022369e-03
8.728642016649246216e-03
8.559986017644405365e-03
8.559986017644405365e-03
8.361915126442909241e-03
8.272448554635047913e-03
8.253382518887519836e-03
8.060751482844352722e-03
7.972949184477329254e-03
8.022564463317394257e-03
8.031168952584266663e-03
8.008944801986217499e-03
7.983175106346607208e-03
7.969980128109455109e-03
7.969980128109455109e-03
8.072291500866413116e-03
8.174307644367218018e-03
8.305668830871582031e-03
8.607532829046249390e-03
8.941513486206531525e-03
9.283985011279582977e-03
9.522597305476665497e-03
9.555971249938011169e-03
9.438863955438137054e-03
9.186519309878349304e-03
9.186519309878349304e-03
9.011706337332725525e-03
8.966481313109397888e-03
9.049523621797561646e-03
9.191156364977359772e-03
9.336336515843868256e-03
9.443124756217002869e-03
9.462267160415649414e-03
9.489245712757110596e-03
9.553368203341960907e-03
9.708818048238754272e-03
9.708818048238754272e-03
9.998497553169727325e-03
1.045541092753410339e-02
1.095005962997674942e-02
1.139593124389648438e-02
1.194061804562807083e-02
1.195712760090827942e-02
1.203687954694032669e-02
1.219229865819215775e-02
1.238122582435607910e-02
1.255608256906270981e-02
1.255608256906270981e-02
1.279263477772474289e-02
1.299971155822277069e-02
1.306111365556716919e-02
1.295843999832868576e-02
1.271799392998218536e-02
1.239551045000553131e-02
1.205953396856784821e-02
1.165437884628772736e-02
1.115778367966413498e-02
1.063411589711904526e-02
1.063411589711904526e-02
9.956681169569492340e-03
9.323730133473873138e-03
8.811178617179393768e-03
8.384284563362598419e-03
8.029092103242874146e-03
7.802342996001243591e-03
7.677257992327213287e-03
7.590986322611570358e-03
7.528383284807205200e-03
7.314105983823537827e-03
7.314105983823537827e-03
7.376968394964933395e-03
7.548958063125610352e-03
7.759594824165105820e-03
7.982122711837291718e-03
8.060019463300704956e-03
8.130381815135478973e-03
8.190543390810489655e-03
8.224045857787132263e-03
8.202057331800460815e-03
8.219756186008453369e-03
