2.370773313518314065e-02
2.370773313518314065e-02
2.502950069188158294e-02
2.454655180120035238e-02
2.451103388123386864e-02
2.392044594292568743e-02
2.365385431132592878e-02
2.359849352705943940e-02
2.321632824531307329e-02
2.288633289028138562e-02
2.249211305185453910e-02
2.214536848740515304e-02
2.214536848740515304e-02
2.184430307013976794e-02
2.172769301836459041e-02
2.155372114682874152e-02
2.137157879809084907e-02
2.110974860369182679e-02
2.084275312628784682e-02
2.072646935341166188e-02
2.057803519936083139e-02
2.035145352307524830e-02
2.005303772385615482e-02
2.005303772385615482e-02
1.969913550483379586e-02
1.954507120054761043e-02
1.943370166817255315e-02
1.929066018649190639e-02
1.924834744604750347e-02
1.930659541011143024e-02
1.937755718610321282e-02
1.944880740272930328e-02
1.957040028190264527e-02
1.970617386734371118e-02
1.970617386734371118e-02
1.975873913805276799e-02
1.958276843307832360e-02
1.950323719111188639e-02
1.941975651018344393e-02
1.936864539695126383e-02
1.918496731718277379e-02
1.867267878310061718e-02
1.822160880984612791e-02
1.787202036794613078e-02
1.749831643821854812e-02
1.749831643821854812e-02
1.685880149986678650e-02
1.628117280192005467e-02
1.564175783558884036e-02
1.493407486100906643e-02
1.418788434799156048e-02
1.343193801908706964e-02
1.267280695777752049e-02
1.209776121513739602e-02
1.147082432022495518e-02
1.087786819305128390e-02
1.087786819305128390e-02
1.033431010751315569e-02
9.887468218111971144e-03
9.424623073260441145e-03
8.937491411513436707e-03
8.430533945372376339e-03
7.963267820065849864e-03
7.595630528954500776e-03
7.346486969543290432e-03
7.139073618263329542e-03
7.082395679259154142e-03
7.082395679259154142e-03
7.168203814820714101e-03
7.272134599600310785e-03
7.344784763948831313e-03
7.551592800392408801e-03
7.798942167219091552e-03
7.974794712306818023e-03
8.218751755792265412e-03
8.385105782782377448e-03
8.479447460903963632e-03
8.647551665075052171e-03
8.647551665075052171e-03
8.723891497956477378e-03
8.751176821478070730e-03
8.729139038931198885e-03
8.658595058561832300e-03
8.496390822069651433e-03
8.405045103784938854e-03
8.402602550472430126e-03
8.590133242208079778e-03
8.884084026484891095e-03
9.167567398490469519e-03
9.167567398490469519e-03
9.567480222975661974e-03
1.001542712802172379e-02
1.041642388637451996e-02
1.080675816849035499e-02
1.113748816896074217e-02
1.137096983823964597e-02
1.160054473848073572e-02
1.173526810377037433e-02
1.183228904028059240e-02
1.180600922239535312e-02
1.180600922239535312e-02
1.185514593175902680e-02
1.199136831377962779e-02
1.231794415997892675e-02
1.272489466986057548e-02
1.310051162054163068e-02
1.350624729031680606e-02
1.382519277191354874e-02
1.424262032501405657e-02
1.451057150686677066e-02
1.475490963714682149e-02
1.475490963714682149e-02
1.486891611594712975e-02
1.469868339601754573e-02
1.464932235860913305e-02
1.466726117915079231e-02
1.512127903187795303e-02
1.550786069013073906e-02
1.584620649021965116e-02
1.610485536982250721e-02
1.634985437296414962e-02
1.646364756083260050e-02
1.646364756083260050e-02
1.654752053485121152e-02
1.658928477456194858e-02
1.661215616404284473e-02
1.665883318400996835e-02
1.670483993220904170e-02
1.668594263655560558e-02
1.663681688226142236e-02
1.657944753372116511e-02
1.650422732221771757e-02
1.649906298409822142e-02
1.649906298409822142e-02
1.647451327927540454e-02
1.641148762667136995e-02
1.634546576696915485e-02
1.630423972422596901e-02
1.616472794822595982e-02
1.590141614869823236e-02
1.564598925590814094e-02
1.566201886911201130e-02
1.562107567581513291e-02
1.550459177679105148e-02
1.550459177679105148e-02
1.536507041760975210e-02
1.530216676532223166e-02
1.529315745968238584e-02
1.536675671229849847e-02
1.543891909761384296e-02
1.557689680858707730e-02
1.566792690524024603e-02
1.557564755939513761e-02
1.537467064896330844e-02
1.521153884041427477e-02
1.521153884041427477e-02
1.494427340769053682e-02
1.472899636008163926e-02
1.462036774734874062e-02
1.456727793072876316e-02
1.450624664794635671e-02
1.463828399033144725e-02
1.485665026277781242e-02
1.519409306499834231e-02
1.549612828109097132e-02
1.574484268721991487e-02
1.574484268721991487e-02
1.594851475146394706e-02
1.605530627734737606e-02
1.604078676207315937e-02
1.603100623189533322e-02
1.597493734911842669e-02
1.589099264418280394e-02
1.577094426169532715e-02
1.525164854441820109e-02
1.481263866272564469e-02
1.450841268695815187e-02
1.450841268695815187e-02
1.440732011235634942e-02
1.434286040100307517e-02
1.437291583135026120e-02
1.430001854087955930e-02
1.432456142980717897e-02
1.441841908309978576e-02
1.453282379616112861e-02
1.460150122741610441e-02
1.456317585707018677e-02
1.444052278983983667e-02
1.444052278983983667e-02
1.435589171717344473e-02
1.428940948293230297e-02
1.417885506233771895e-02
1.409598552215026411e-02
1.405752518967147424e-02
1.408192154039626144e-02
1.404795836181793600e-02
1.390266015545229585e-02
1.371645111351054575e-02
1.347982562400523547e-02
1.347982562400523547e-02
1.333084783488734312e-02
1.318678651561797782e-02
1.318906506732784450e-02
1.329221371979609143e-02
1.346405000506546885e-02
1.360400934090970002e-02
1.356835919848523205e-02
1.334482554435255375e-02
1.304255707580903069e-02
1.270073413744821772e-02
1.270073413744821772e-02
1.240788340602642231e-02
1.221013069706206738e-02
1.213526986731529485e-02
1.214324174193880460e-02
1.222765762521904262e-02
1.229965802141227103e-02
1.236433320555522554e-02
1.243167832570349352e-02
1.246767455281752764e-02
1.247828026750162633e-02
1.247828026750162633e-02
1.254646082497697795e-02
1.246125265974924561e-02
1.240408359445083902e-02
1.215399135271342385e-02
1.189112855796180604e-02
1.166266680190261931e-02
1.138165698947240893e-02
1.121457300905191572e-02
1.130858190689448470e-02
1.134752155076778832e-02
1.134752155076778832e-02
1.155180094940216375e-02
1.181950828696912668e-02
1.207137107084410403e-02
1.220856520955810286e-02
1.227851295696953844e-02
1.221451697553609626e-02
1.204253206979886449e-02
1.204765115921177174e-02
1.225897896280964475e-02
1.240510268447884458e-02
1.240510268447884458e-02
1.246528279249243913e-02
1.244322585988070357e-02
1.236847585526360503e-02
1.209303071772432729e-02
1.190037120370866612e-02
1.184613808650818514e-02
1.184486602745100231e-02
1.187821649787261166e-02
1.177622162139627289e-02
1.174448789772004551e-02
1.174448789772004551e-02
1.167705706498684860e-02
1.165350711673594428e-02
1.180092857325313119e-02
1.191854793059764911e-02
1.220821013187076837e-02
1.233932947694699363e-02
1.243796260124313546e-02
1.252388609653956424e-02
1.254896133228255647e-02
1.250170576347914113e-02
1.250170576347914113e-02
1.220188430093530757e-02
1.198866076679051471e-02
1.213099021627017313e-02
1.227355134127161920e-02
1.243834184235979509e-02
1.240640124936020876e-02
1.218714604438984536e-02
1.214705976248222317e-02
1.205077256098586493e-02
1.194883852916251744e-02
1.194883852916251744e-02
1.179938900143715289e-02
1.166012998034028463e-02
1.180773016870089419e-02
1.197592427511936196e-02
1.212579720413106861e-02
1.219613255240050570e-02
1.188484762071947282e-02
1.160039478673183938e-02
1.149641832552897314e-02
1.157199939654034691e-02
1.157199939654034691e-02
1.169766963092781602e-02
1.191849845224754630e-02
1.225881626326243319e-02
1.257808924793874482e-02
1.280012738291909542e-02
1.291702251993790199e-02
1.310978212873075387e-02
1.332557111932919196e-02
1.345948603065901493e-02
1.345014740224277812e-02
1.345014740224277812e-02
1.342019719834814176e-02
1.341709006797604624e-02
1.335375064922024284e-02
1.333009886026367656e-02
1.327207414452224142e-02
1.328909175156971038e-02
1.337213977863738364e-02
1.345624783160078754e-02
1.352090431438698372e-02
1.372211036442762266e-02
1.372211036442762266e-02
1.398664447431773039e-02
1.410232500732031165e-02
1.409752163354451374e-02
1.410500852709999607e-02
1.413552453641262613e-02
1.408618241767622611e-02
1.398802381772086718e-02
1.390567591145500624e-02
1.409213094338426092e-02
1.438648011631165138e-02
1.438648011631165138e-02
1.470873390888006137e-02
1.480195134356794735e-02
1.478726020227415575e-02
1.473366378073128792e-02
1.481967694165730633e-02
1.486715376711968475e-02
1.498431518088771258e-02
1.504541996405265453e-02
1.517822296307383932e-02
1.526748766133258217e-02
1.526748766133258217e-02
1.541602234335158646e-02
1.546344495215876830e-02
1.541928364566671344e-02
1.541310035959710806e-02
1.539095965136017506e-02
1.541120694439767139e-02
1.539239501338126453e-02
1.554032037516429009e-02
1.573569743954980962e-02
1.598234223256341652e-02
1.598234223256341652e-02
1.610755641892892484e-02
1.618382765081563882e-02
1.636979882465953648e-02
1.645306788137732359e-02
1.651012939725004722e-02
1.651114249337928136e-02
1.663157855608480423e-02
1.666306207645863388e-02
1.666306207645863388e-02
1.671485650039422274e-02
1.671485650039422274e-02
1.671084954206558670e-02
1.669080027113848536e-02
1.660165915485390178e-02
1.657438075948271597e-02
1.648492534482172769e-02
1.636258482726499555e-02
1.629000372258504817e-02
1.619905205721172692e-02
1.616503116629789197e-02
1.623647768402407612e-02
1.623647768402407612e-02
1.626348834974943383e-02
1.629983355176625390e-02
1.638332327566748362e-02
1.653179059098994902e-02
1.651816117269100381e-02
1.652458801217736306e-02
1.661503832418230464e-02
1.665824557618559090e-02
1.676013373148664207e-02
1.672902026440250406e-02
1.672902026440250406e-02
1.671727909765621800e-02
1.673955409866343877e-02
1.669665848190743027e-02
1.667480201810879123e-02
1.667480201810879123e-02
1.672526524612734031e-02
1.685438297078713232e-02
1.703567133910205422e-02
1.719351756537157092e-02
1.727916533695100787e-02
1.727916533695100787e-02
1.741872534961102018e-02
1.756293360167658288e-02
1.767919883853533158e-02
1.784557693974097095e-02
1.803178288249648181e-02
1.808914712419823489e-02
1.806365923761834094e-02
1.800491560697659033e-02
1.808888291846598440e-02
1.804386387126704488e-02
1.804386387126704488e-02
1.799130680804529245e-02
1.791878468784158934e-02
1.794992213068869608e-02
1.790008145884024529e-02
1.793186211070604483e-02
1.801092244311076548e-02
1.797265571420633701e-02
1.814747242984254480e-02
1.850502927663599112e-02
1.894830407368418984e-02
1.894830407368418984e-02
1.928667636896228346e-02
1.944972869041042274e-02
1.946217363543116877e-02
1.928840084416239345e-02
1.909495111564182487e-02
1.882647180781830271e-02
1.861943101691612007e-02
1.852176812208682077e-02
1.841872971730223671e-02
1.839393311416098395e-02
1.839393311416098395e-02
1.845993375709100229e-02
1.848753758548529746e-02
1.856445434576898743e-02
1.849120038142113009e-02
1.836882462404600819e-02
1.823938238460744501e-02
1.812358492028711549e-02
1.803343181128112122e-02
1.796579619103212330e-02
1.797703561174045922e-02
