1.493866927921772003e-02
1.493866927921772003e-02
1.429610978811979294e-02
1.486232969909906387e-02
1.535641308873891830e-02
1.546438690274953842e-02
1.534914691001176834e-02
1.502140238881111145e-02
1.462399121373891830e-02
1.421175431460142136e-02
1.378064602613449097e-02
1.341942790895700455e-02
1.341942790895700455e-02
1.315593346953392029e-02
1.296625565737485886e-02
1.290960051119327545e-02
1.298331841826438904e-02
1.314629893749952316e-02
1.329068839550018311e-02
1.340577844530344009e-02
1.350815873593091965e-02
1.363830547779798508e-02
1.374577544629573822e-02
1.374577544629573822e-02
1.378361880779266357e-02
1.382986456155776978e-02
1.395475305616855621e-02
1.415047422051429749e-02
1.433301158249378204e-02
1.454222854226827621e-02
1.473272871226072311e-02
1.491126324981451035e-02
1.509198173880577087e-02
1.529892534017562866e-02
1.529892534017562866e-02
1.536874100565910339e-02
1.538799982517957687e-02
1.540703792124986649e-02
1.538556348532438278e-02
1.534063555300235748e-02
1.529612857848405838e-02
1.519922446459531784e-02
1.513604912906885147e-02
1.502226386219263077e-02
1.490447483956813812e-02
1.490447483956813812e-02
1.479097455739974976e-02
1.470393687486648560e-02
1.464335620403289795e-02
1.466985791921615601e-02
1.466384716331958771e-02
1.465694885700941086e-02
1.451102644205093384e-02
1.431786827743053436e-02
1.423149369657039642e-02
1.415196992456912994e-02
1.415196992456912994e-02
1.417098008096218109e-02
1.429668813943862915e-02
1.448950823396444321e-02
1.476954575628042221e-02
1.496470998972654343e-02
1.521102711558341980e-02
1.526720542460680008e-02
1.520750857889652252e-02
1.509868726134300232e-02
1.501844823360443115e-02
1.501844823360443115e-02
1.501122210174798965e-02
1.499241869896650314e-02
1.496637985110282898e-02
1.497384440153837204e-02
1.500704698264598846e-02
1.502617914229631424e-02
1.497516874223947525e-02
1.486544124782085419e-02
1.465305685997009277e-02
1.449259649962186813e-02
1.449259649962186813e-02
1.434603147208690643e-02
1.435268670320510864e-02
1.440488733351230621e-02
1.444962806999683380e-02
1.441865228116512299e-02
1.432907022535800934e-02
1.410377211868762970e-02
1.390406489372253418e-02
1.378135010600090027e-02
1.377207227051258087e-02
1.377207227051258087e-02
1.386571489274501801e-02
1.392110064625740051e-02
1.403114665299654007e-02
1.415335386991500854e-02
1.435296144336462021e-02
1.450593955814838409e-02
1.466097310185432434e-02
1.483421213924884796e-02
1.497063599526882172e-02
1.509352494031190872e-02
1.509352494031190872e-02
1.525904051959514618e-02
1.551765948534011841e-02
1.578330993652343750e-02
1.600564271211624146e-02
1.631783880293369293e-02
1.652718894183635712e-02
1.671287044882774353e-02
1.685025356709957123e-02
1.685953140258789062e-02
1.689693145453929901e-02
1.689693145453929901e-02
1.687583327293395996e-02
1.689704507589340210e-02
1.672962866723537445e-02
1.657998748123645782e-02
1.676310040056705475e-02
1.711501181125640869e-02
1.758180744946002960e-02
1.793923601508140564e-02
1.815567351877689362e-02
1.839618198573589325e-02
1.839618198573589325e-02
1.829815283417701721e-02
1.803070493042469025e-02
1.763468421995639801e-02
1.734969392418861389e-02
1.720430143177509308e-02
1.723004877567291260e-02
1.742954924702644348e-02
1.766438968479633331e-02
1.782695949077606201e-02
1.793317310512065887e-02
1.793317310512065887e-02
1.799157634377479553e-02
1.791676320135593414e-02
1.775062456727027893e-02
1.761571690440177917e-02
1.761998981237411499e-02
1.768669858574867249e-02
1.781940087676048279e-02
1.791435852646827698e-02
1.791948825120925903e-02
1.792901381850242615e-02
1.792901381850242615e-02
1.789276301860809326e-02
1.786510087549686432e-02
1.776961050927639008e-02
1.787862554192543030e-02
1.819371618330478668e-02
1.854604110121726990e-02
1.882383413612842560e-02
1.896002888679504395e-02
1.889165677130222321e-02
1.873708516359329224e-02
1.873708516359329224e-02
1.862060278654098511e-02
1.852622069418430328e-02
1.851890608668327332e-02
1.852434873580932617e-02
1.844998076558113098e-02
1.838241145014762878e-02
1.836065575480461121e-02
1.827452890574932098e-02
1.813163049519062042e-02
1.800915785133838654e-02
1.800915785133838654e-02
1.796703785657882690e-02
1.785639673471450806e-02
1.771083101630210876e-02
1.759273745119571686e-02
1.759838126599788666e-02
1.756748557090759277e-02
1.741518639028072357e-02
1.723075099289417267e-02
1.703016459941864014e-02
1.698094606399536133e-02
1.698094606399536133e-02
1.708198338747024536e-02
1.719669252634048462e-02
1.732940413057804108e-02
1.746800728142261505e-02
1.749341189861297607e-02
1.733031496405601501e-02
1.720653101801872253e-02
1.715711317956447601e-02
1.711656898260116577e-02
1.709212921559810638e-02
1.709212921559810638e-02
1.702518574893474579e-02
1.682242564857006073e-02
1.664807833731174469e-02
1.653044857084751129e-02
1.644689217209815979e-02
1.639576628804206848e-02
1.625909097492694855e-02
1.593973673880100250e-02
1.551590766757726669e-02
1.514449715614318848e-02
1.514449715614318848e-02
1.493643037974834442e-02
1.484734937548637390e-02
1.483092550188302994e-02
1.484797522425651550e-02
1.481459941715002060e-02
1.482606679201126099e-02
1.499467063695192337e-02
1.525130402296781540e-02
1.576774381101131439e-02
1.639572344720363617e-02
1.639572344720363617e-02
1.716870628297328949e-02
1.774005405604839325e-02
1.807233877480030060e-02
1.819602772593498230e-02
1.815445534884929657e-02
1.807742565870285034e-02
1.796197891235351562e-02
1.805226318538188934e-02
1.815755106508731842e-02
1.828037388622760773e-02
1.828037388622760773e-02
1.835183054208755493e-02
1.836152933537960052e-02
1.814831793308258057e-02
1.784479245543479919e-02
1.761901378631591797e-02
1.747105829417705536e-02
1.737078092992305756e-02
1.729838177561759949e-02
1.733191870152950287e-02
1.736791059374809265e-02
1.736791059374809265e-02
1.739592291414737701e-02
1.744855754077434540e-02
1.742141321301460266e-02
1.738967560231685638e-02
1.739622838795185089e-02
1.747594773769378662e-02
1.754116453230381012e-02
1.755004376173019409e-02
1.749401912093162537e-02
1.738006249070167542e-02
1.738006249070167542e-02
1.731068454682826996e-02
1.740135252475738525e-02
1.764173805713653564e-02
1.785245910286903381e-02
1.799198240041732788e-02
1.798921450972557068e-02
1.788406632840633392e-02
1.761819981038570404e-02
1.735035702586174011e-02
1.722881942987442017e-02
1.722881942987442017e-02
1.718399487435817719e-02
1.713814772665500641e-02
1.710577122867107391e-02
1.704204641282558441e-02
1.691013015806674957e-02
1.671810448169708252e-02
1.651098951697349548e-02
1.634046621620655060e-02
1.621703617274761200e-02
1.606117933988571167e-02
1.606117933988571167e-02
1.597385294735431671e-02
1.586740650236606598e-02
1.578214019536972046e-02
1.573304645717144012e-02
1.569570414721965790e-02
1.561556197702884674e-02
1.555899623781442642e-02
1.552767865359783173e-02
1.561309490352869034e-02
1.585017330944538116e-02
