1.534896623343229294e-02
1.534896623343229294e-02
1.373178325593471527e-02
1.344041340053081512e-02
1.296084374189376831e-02
1.241323538124561310e-02
1.221264339983463287e-02
1.213817391544580460e-02
1.151794940233230591e-02
1.084272377192974091e-02
1.047116890549659729e-02
9.924580343067646027e-03
9.924580343067646027e-03
9.512398391962051392e-03
9.264081716537475586e-03
9.099770337343215942e-03
9.158680215477943420e-03
9.212121367454528809e-03
9.228752925992012024e-03
9.191791526973247528e-03
9.119540452957153320e-03
9.014704264700412750e-03
8.914574049413204193e-03
8.914574049413204193e-03
8.732754737138748169e-03
8.484693244099617004e-03
8.170405402779579163e-03
7.718527223914861679e-03
7.298014126718044281e-03
6.764293182641267776e-03
6.322110537439584732e-03
6.032598670572042465e-03
5.794404074549674988e-03
5.784959997981786728e-03
5.784959997981786728e-03
5.945970769971609116e-03
6.150358356535434723e-03
6.393627729266881943e-03
6.568710785359144211e-03
6.733948364853858948e-03
6.829218473285436630e-03
6.866570562124252319e-03
6.682598963379859924e-03
6.474381778389215469e-03
6.414882373064756393e-03
6.414882373064756393e-03
6.254916079342365265e-03
6.179222371429204941e-03
6.178310606628656387e-03
6.304771639406681061e-03
6.439535412937402725e-03
6.428732536733150482e-03
6.448269356042146683e-03
6.492767482995986938e-03
6.848773919045925140e-03
7.241898216307163239e-03
7.241898216307163239e-03
7.639079820364713669e-03
7.919469848275184631e-03
8.264396339654922485e-03
8.558351546525955200e-03
8.763160556554794312e-03
8.958911523222923279e-03
9.198113344609737396e-03
9.528636932373046875e-03
9.964453987777233124e-03
1.037920638918876648e-02
1.037920638918876648e-02
1.086995378136634827e-02
1.132832374423742294e-02
1.184109412133693695e-02
1.234155520796775818e-02
1.281014550477266312e-02
1.331856753677129745e-02
1.378777064383029938e-02
1.421648543328046799e-02
1.455438882112503052e-02
1.498027611523866653e-02
1.498027611523866653e-02
1.537834759801626205e-02
1.572909019887447357e-02
1.600142382085323334e-02
1.629662699997425079e-02
1.663379184901714325e-02
1.698902063071727753e-02
1.731054857373237610e-02
1.746526546776294708e-02
1.773167774081230164e-02
1.812748797237873077e-02
1.812748797237873077e-02
1.861106790602207184e-02
1.913379132747650146e-02
1.936298795044422150e-02
1.927502453327178955e-02
1.914997398853302002e-02
1.898733526468276978e-02
1.879041828215122223e-02
1.857012324035167694e-02
1.829993724822998047e-02
1.855626143515110016e-02
1.855626143515110016e-02
1.883097924292087555e-02
1.922645606100559235e-02
1.961318217217922211e-02
2.001114748418331146e-02
2.040697447955608368e-02
2.071661502122879028e-02
2.105083130300045013e-02
2.131005004048347473e-02
2.159100770950317383e-02
2.190161496400833130e-02
2.190161496400833130e-02
2.208749391138553619e-02
2.224147692322731018e-02
2.213123999536037445e-02
2.199715748429298401e-02
2.188562043011188507e-02
2.174221724271774292e-02
2.152343280613422394e-02
2.142407558858394623e-02
2.136564813554286957e-02
2.162187360227108002e-02
2.162187360227108002e-02
2.197433263063430786e-02
2.227262593805789948e-02
2.253618091344833374e-02
2.258164621889591217e-02
2.264033630490303040e-02
2.284692600369453430e-02
2.312655933201313019e-02
2.338300459086894989e-02
2.358580194413661957e-02
2.374428324401378632e-02
2.374428324401378632e-02
2.385045960545539856e-02
2.407965809106826782e-02
2.427592873573303223e-02
2.462298981845378876e-02
2.488852478563785553e-02
2.518756873905658722e-02
2.564015984535217285e-02
2.601312659680843353e-02
2.647995389997959137e-02
2.664072439074516296e-02
2.664072439074516296e-02
2.668436057865619659e-02
2.671615034341812134e-02
2.671270631253719330e-02
2.683376893401145935e-02
2.699096873402595520e-02
2.703326195478439331e-02
2.750618197023868561e-02
2.793620340526103973e-02
2.828246541321277618e-02
2.851741388440132141e-02
2.851741388440132141e-02
2.902244403958320618e-02
2.960038185119628906e-02
3.001073747873306274e-02
3.035310469567775726e-02
3.054027259349822998e-02
3.039489313960075378e-02
3.037093952298164368e-02
2.990720979869365692e-02
2.959133125841617584e-02
2.926701121032238007e-02
2.926701121032238007e-02
2.894946560263633728e-02
2.862821519374847412e-02
2.809262834489345551e-02
2.752135694026947021e-02
2.690987661480903625e-02
2.626645192503929138e-02
2.564043737947940826e-02
2.496311441063880920e-02
2.430466562509536743e-02
2.386609278619289398e-02
2.386609278619289398e-02
2.360146678984165192e-02
2.357430197298526764e-02
2.378752827644348145e-02
2.398489229381084442e-02
2.418974973261356354e-02
2.420363016426563263e-02
2.427007630467414856e-02
2.438420057296752930e-02
2.450275421142578125e-02
2.498762682080268860e-02
2.498762682080268860e-02
2.543967030942440033e-02
2.592608518898487091e-02
2.633169293403625488e-02
2.659053169190883636e-02
2.661387808620929718e-02
2.661354653537273407e-02
2.646355889737606049e-02
2.621553279459476471e-02
2.589762955904006958e-02
2.558091469109058380e-02
2.558091469109058380e-02
2.544042840600013733e-02
2.520891651511192322e-02
2.506061084568500519e-02
2.478277496993541718e-02
2.429055981338024139e-02
2.391115948557853699e-02
2.344024740159511566e-02
2.297730371356010437e-02
2.243885397911071777e-02
2.191059291362762451e-02
2.191059291362762451e-02
2.111428231000900269e-02
2.033044770359992981e-02
1.956054754555225372e-02
1.862982101738452911e-02
1.829071156680583954e-02
1.800273358821868896e-02
1.790398731827735901e-02
1.767434366047382355e-02
1.745874062180519104e-02
1.716963946819305420e-02
1.716963946819305420e-02
1.684408076107501984e-02
1.658660732209682465e-02
1.641155593097209930e-02
1.632532663643360138e-02
1.648372225463390350e-02
1.680775359272956848e-02
1.720714010298252106e-02
1.755715720355510712e-02
1.782281510531902313e-02
1.801080629229545593e-02
1.801080629229545593e-02
1.828308962285518646e-02
1.865101605653762817e-02
1.901210844516754150e-02
1.939438097178936005e-02
1.974230073392391205e-02
1.987113617360591888e-02
1.984494365751743317e-02
1.963938586413860321e-02
1.941026560962200165e-02
1.923178695142269135e-02
1.923178695142269135e-02
1.895485073328018188e-02
1.876046881079673767e-02
1.858609914779663086e-02
1.853759028017520905e-02
1.862067542970180511e-02
1.867524906992912292e-02
1.864139549434185028e-02
1.854880899190902710e-02
1.851299591362476349e-02
1.842736266553401947e-02
1.842736266553401947e-02
1.847367361187934875e-02
1.852613501250743866e-02
1.842961646616458893e-02
1.853469014167785645e-02
1.866581104695796967e-02
1.882661692798137665e-02
1.898928172886371613e-02
1.878469251096248627e-02
1.846320182085037231e-02
1.817771233618259430e-02
1.817771233618259430e-02
1.795257441699504852e-02
1.781102456152439117e-02
1.784488186240196228e-02
1.811493933200836182e-02
1.848157122731208801e-02
1.856187731027603149e-02
1.846774481236934662e-02
1.837410032749176025e-02
1.832515373826026917e-02
1.835310272872447968e-02
1.835310272872447968e-02
1.831046678125858307e-02
1.838403567671775818e-02
1.846007816493511200e-02
1.847154088318347931e-02
1.850601844489574432e-02
1.867221854627132416e-02
1.880496926605701447e-02
1.875790208578109741e-02
1.863274350762367249e-02
1.856917887926101685e-02
1.856917887926101685e-02
1.853796280920505524e-02
1.860072091221809387e-02
1.880203932523727417e-02
1.908354461193084717e-02
1.953851617872714996e-02
2.004357241094112396e-02
2.032754383981227875e-02
2.030927129089832306e-02
2.013405039906501770e-02
1.978164166212081909e-02
1.978164166212081909e-02
1.954608596861362457e-02
1.920804195106029510e-02
1.904391311109066010e-02
1.921709068119525909e-02
1.944742910563945770e-02
1.952403783798217773e-02
1.933734863996505737e-02
1.888119243085384369e-02
1.824724301695823669e-02
1.757506094872951508e-02
1.757506094872951508e-02
1.709513179957866669e-02
1.695809327065944672e-02
1.702152937650680542e-02
1.696973294019699097e-02
1.685497723519802094e-02
1.659139245748519897e-02
1.631735451519489288e-02
1.629830710589885712e-02
1.633282750844955444e-02
1.635878533124923706e-02
1.635878533124923706e-02
1.640690863132476807e-02
1.651183329522609711e-02
1.676313951611518860e-02
1.704741641879081726e-02
1.732175983488559723e-02
1.763251423835754395e-02
1.769505813717842102e-02
1.768835261464118958e-02
1.761267893016338348e-02
1.760604977607727051e-02
1.760604977607727051e-02
1.760245859622955322e-02
1.776970736682415009e-02
1.799006387591362000e-02
1.805570907890796661e-02
1.799905300140380859e-02
1.787379384040832520e-02
1.768830418586730957e-02
1.753110624849796295e-02
1.759499497711658478e-02
1.789917051792144775e-02
1.789917051792144775e-02
1.822778396308422089e-02
1.851452700793743134e-02
1.870646700263023376e-02
1.867959834635257721e-02
1.853247545659542084e-02
1.863906346261501312e-02
1.884305290877819061e-02
1.917709968984127045e-02
1.950062997639179230e-02
1.975286379456520081e-02
1.975286379456520081e-02
1.980291306972503662e-02
1.948946528136730194e-02
1.954053714871406555e-02
1.996914297342300415e-02
2.063915133476257324e-02
2.146383933722972870e-02
2.248640172183513641e-02
2.329978533089160919e-02
2.385533228516578674e-02
2.413747273385524750e-02
2.413747273385524750e-02
2.425214089453220367e-02
2.427332103252410889e-02
2.428426407277584076e-02
2.436632290482521057e-02
2.454729005694389343e-02
2.483492158353328705e-02
2.514216862618923187e-02
2.528162673115730286e-02
2.528972737491130829e-02
2.518313564360141754e-02
2.518313564360141754e-02
2.502929419279098511e-02
2.475638315081596375e-02
2.444462478160858154e-02
2.412638254463672638e-02
2.389963716268539429e-02
2.377834729850292206e-02
2.376420609652996063e-02
2.384955249726772308e-02
2.395493350923061371e-02
2.400670386850833893e-02
2.400670386850833893e-02
2.404074370861053467e-02
2.389940991997718811e-02
2.368160709738731384e-02
2.351339161396026611e-02
2.343556098639965057e-02
2.349557168781757355e-02
2.365391515195369720e-02
2.381687983870506287e-02
2.390237711369991302e-02
2.392094023525714874e-02
2.392094023525714874e-02
2.371251583099365234e-02
2.341899834573268890e-02
2.341899834573268890e-02
2.324622869491577148e-02
2.319030277431011200e-02
2.324661612510681152e-02
2.344467118382453918e-02
2.365124784409999847e-02
2.384654060006141663e-02
2.399128302931785583e-02
2.399128302931785583e-02
2.406753972172737122e-02
2.410536073148250580e-02
2.408317849040031433e-02
2.404998429119586945e-02
2.404182590544223785e-02
2.414224855601787567e-02
2.437660098075866699e-02
2.464272640645503998e-02
2.522965520620346069e-02
2.572687156498432159e-02
2.572687156498432159e-02
2.603861317038536072e-02
2.608720771968364716e-02
2.591467835009098053e-02
2.569799311459064484e-02
2.553768642246723175e-02
2.551107853651046753e-02
2.551620639860630035e-02
2.554660849273204803e-02
2.552563697099685669e-02
2.548808604478836060e-02
2.548808604478836060e-02
2.537012845277786255e-02
2.523021586239337921e-02
2.500425279140472412e-02
2.483113110065460205e-02
2.472501434385776520e-02
2.467064186930656433e-02
2.468774653971195221e-02
2.448641508817672729e-02
2.426606789231300354e-02
2.404541149735450745e-02
2.404541149735450745e-02
2.378939650952816010e-02
2.348100394010543823e-02
2.318620681762695312e-02
2.295633591711521149e-02
2.280514687299728394e-02
2.268727496266365051e-02
2.263774722814559937e-02
2.261874824762344360e-02
2.267520315945148468e-02
2.272060140967369080e-02
2.272060140967369080e-02
2.277296222746372223e-02
2.282911352813243866e-02
2.287518419325351715e-02
2.292197011411190033e-02
2.295911125838756561e-02
2.303627692162990570e-02
2.315358631312847137e-02
2.328220568597316742e-02
2.337735891342163086e-02
2.344253659248352051e-02
2.344253659248352051e-02
2.342315763235092163e-02
2.338038757443428040e-02
2.329189889132976532e-02
2.324165776371955872e-02
2.318741194903850555e-02
2.312172017991542816e-02
2.329038456082344055e-02
2.329038456082344055e-02
2.336268313229084015e-02
2.341086976230144501e-02
2.341086976230144501e-02
2.344580926001071930e-02
2.352973446249961853e-02
2.358161099255084991e-02
2.352982386946678162e-02
2.346981130540370941e-02
2.341240830719470978e-02
2.329762279987335205e-02
2.317274734377861023e-02
2.303163893520832062e-02
2.283104136586189270e-02
2.283104136586189270e-02
2.263719588518142700e-02
2.246840670704841614e-02
2.234621345996856689e-02
2.234005182981491089e-02
2.232260815799236298e-02
2.221018075942993164e-02
2.204213477671146393e-02
2.178432978689670563e-02
2.153878659009933472e-02
2.137807942926883698e-02
2.137807942926883698e-02
2.139521017670631409e-02
2.145165018737316132e-02
2.156663313508033752e-02
2.162393555045127869e-02
2.162292972207069397e-02
2.156189270317554474e-02
2.147955447435379028e-02
2.140730619430541992e-02
2.135088481009006500e-02
2.134574763476848602e-02
2.134574763476848602e-02
2.142308466136455536e-02
2.154446579515933990e-02
2.162788808345794678e-02
2.173039317131042480e-02
2.181243896484375000e-02
2.188624441623687744e-02
2.202092856168746948e-02
2.215932123363018036e-02
2.226031944155693054e-02
2.228095568716526031e-02
2.228095568716526031e-02
2.231118083000183105e-02
2.234533242881298065e-02
2.230201661586761475e-02
2.219476737082004547e-02
2.205780707299709320e-02
2.190733328461647034e-02
2.180876210331916809e-02
2.172940038144588470e-02
2.165202610194683075e-02
2.163886092603206635e-02
2.163886092603206635e-02
2.168278582394123077e-02
2.170363627374172211e-02
2.162561565637588501e-02
2.151023782789707184e-02
2.144443616271018982e-02
2.142867073416709900e-02
2.138593792915344238e-02
2.130993083119392395e-02
2.120295539498329163e-02
2.115862444043159485e-02
2.115862444043159485e-02
2.113620936870574951e-02
2.117446251213550568e-02
2.111964672803878784e-02
2.081578038632869720e-02
2.051475085318088531e-02
2.019532211124897003e-02
1.990648545324802399e-02
1.973436586558818817e-02
1.966363750398159027e-02
1.964360289275646210e-02
1.964360289275646210e-02
1.948723569512367249e-02
1.921297982335090637e-02
1.893244683742523193e-02
1.862065121531486511e-02
1.833241805434226990e-02
1.814040914177894592e-02
1.803262718021869659e-02
1.794400997459888458e-02
1.790478453040122986e-02
1.772509701550006866e-02
1.772509701550006866e-02
1.745677180588245392e-02
1.721645519137382507e-02
1.708097569644451141e-02
1.696844585239887238e-02
1.693732291460037231e-02
1.694196276366710663e-02
1.690620742738246918e-02
1.693937554955482483e-02
1.692513749003410339e-02
1.682365126907825470e-02
1.682365126907825470e-02
1.662706024944782257e-02
1.642052270472049713e-02
1.621887646615505219e-02
1.607449539005756378e-02
1.601525023579597473e-02
1.594499312341213226e-02
1.590824872255325317e-02
1.587858423590660095e-02
1.586503908038139343e-02
1.580502651631832123e-02
1.580502651631832123e-02
1.573999598622322083e-02
1.566180586814880371e-02
1.562388334423303604e-02
1.558818574994802475e-02
1.560790371149778366e-02
1.560099422931671143e-02
1.557525899261236191e-02
1.554218493402004242e-02
1.555675733834505081e-02
1.563853584229946136e-02
1.563853584229946136e-02
1.570737361907958984e-02
1.579071208834648132e-02
1.589507423341274261e-02
1.600487157702445984e-02
1.615031063556671143e-02
1.624652184545993805e-02
1.628763973712921143e-02
1.627746038138866425e-02
1.621353812515735626e-02
1.612019538879394531e-02
1.612019538879394531e-02
1.602394692599773407e-02
1.585562527179718018e-02
1.576764881610870361e-02
1.576147787272930145e-02
1.583361439406871796e-02
1.590815745294094086e-02
1.598435640335083008e-02
1.616848446428775787e-02
1.624225452542304993e-02
1.628054305911064148e-02
1.628054305911064148e-02
1.623941399157047272e-02
1.624904014170169830e-02
1.618194952607154846e-02
1.616103947162628174e-02
1.615803875029087067e-02
1.613910309970378876e-02
1.615918055176734924e-02
1.608912274241447449e-02
1.590778864920139313e-02
1.573359407484531403e-02
1.573359407484531403e-02
1.564739830791950226e-02
1.571017317473888397e-02
1.581456325948238373e-02
1.598302461206912994e-02
1.611309871077537537e-02
1.623450964689254761e-02
1.621688529849052429e-02
1.615331508219242096e-02
1.608555577695369720e-02
1.609328016638755798e-02
1.609328016638755798e-02
1.623014174401760101e-02
1.639606058597564697e-02
1.662741042673587799e-02
1.680487208068370819e-02
1.687679067254066467e-02
1.692896708846092224e-02
1.685990579426288605e-02
1.672340743243694305e-02
1.654936559498310089e-02
1.644365489482879639e-02
1.644365489482879639e-02
1.646457053720951080e-02
1.652129739522933960e-02
1.641573570668697357e-02
1.628980599343776703e-02
1.613095216453075409e-02
1.587593741714954376e-02
1.556902099400758743e-02
1.532325241714715958e-02
1.535358931869268417e-02
1.556047610938549042e-02
1.556047610938549042e-02
1.593492925167083740e-02
1.631841436028480530e-02
1.663893647491931915e-02
1.678645797073841095e-02
1.674731075763702393e-02
1.659377291798591614e-02
1.639408245682716370e-02
1.624347642064094543e-02
1.610969007015228271e-02
1.603488065302371979e-02
1.603488065302371979e-02
1.593400537967681885e-02
1.593400537967681885e-02
1.578823663294315338e-02
1.554244477301836014e-02
1.523572020232677460e-02
1.496420707553625107e-02
1.467674784362316132e-02
1.450133603066205978e-02
1.440968737006187439e-02
1.431472692638635635e-02
1.431472692638635635e-02
1.434277277439832687e-02
1.441333256661891937e-02
1.448002271354198456e-02
1.448283344507217407e-02
1.444588694721460342e-02
1.438986603170633316e-02
1.436820253729820251e-02
1.443714741617441177e-02
1.458480488508939743e-02
1.471700612455606461e-02
1.471700612455606461e-02
1.485861744731664658e-02
1.497864630073308945e-02
1.509947422891855240e-02
1.517042052000761032e-02
1.523447129875421524e-02
1.528032030910253525e-02
1.514868531376123428e-02
1.502555422484874725e-02
1.491997111588716507e-02
1.484925020486116409e-02
