1.747850887477397919e-02
1.604740135371685028e-02
1.949382014572620392e-02
2.098111808300018311e-02
2.121395990252494812e-02
2.148808352649211884e-02
2.224930934607982635e-02
2.427677065134048462e-02
2.583991922438144684e-02
2.546124719083309174e-02
2.567146904766559601e-02
2.567146904766559601e-02
2.588480897247791290e-02
2.514112927019596100e-02
2.361172437667846680e-02
2.275509387254714966e-02
2.331381104886531830e-02
2.470525167882442474e-02
2.621672302484512329e-02
2.771487087011337280e-02
2.702734805643558502e-02
2.654250524938106537e-02
2.654250524938106537e-02
2.565466985106468201e-02
2.463770471513271332e-02
2.352454327046871185e-02
2.193856053054332733e-02
1.973642036318778992e-02
1.820400543510913849e-02
1.703898794949054718e-02
1.673207804560661316e-02
1.555491983890533447e-02
1.512602157890796661e-02
1.512602157890796661e-02
1.582245528697967529e-02
1.599465683102607727e-02
1.576215028762817383e-02
1.617236249148845673e-02
1.671076379716396332e-02
1.722670905292034149e-02
1.773886568844318390e-02
1.800118759274482727e-02
1.778003387153148651e-02
1.624396443367004395e-02
1.624396443367004395e-02
1.405418291687965393e-02
1.128491945564746857e-02
8.747822605073451996e-03
6.299178581684827805e-03
5.400151945650577545e-03
7.815116085112094879e-03
1.067390479147434235e-02
1.305209379643201828e-02
1.567015983164310455e-02
1.784628815948963165e-02
1.784628815948963165e-02
1.935777254402637482e-02
1.957857050001621246e-02
1.907818578183650970e-02
1.881043426692485809e-02
1.839046925306320190e-02
1.805697195231914520e-02
1.783005148172378540e-02
1.704745739698410034e-02
1.621843315660953522e-02
1.580723375082015991e-02
1.580723375082015991e-02
1.525144279003143311e-02
1.540383137762546539e-02
1.524362247437238693e-02
1.592075638473033905e-02
1.620778627693653107e-02
1.632321067154407501e-02
1.666105352342128754e-02
1.681068725883960724e-02
1.691709086298942566e-02
1.530226506292819977e-02
1.530226506292819977e-02
1.434236671775579453e-02
1.341655850410461426e-02
1.323586236685514450e-02
1.402747910469770432e-02
1.491390913724899292e-02
1.771388016641139984e-02
2.023750543594360352e-02
2.307940647006034851e-02
2.703928202390670776e-02
3.017466329038143158e-02
3.017466329038143158e-02
3.154702857136726379e-02
3.277370333671569824e-02
3.445643931627273560e-02
3.522869944572448730e-02
3.590419515967369080e-02
3.609231114387512207e-02
3.521807864308357239e-02
3.232269361615180969e-02
2.950776927173137665e-02
2.632414922118186951e-02
2.632414922118186951e-02
2.243294008076190948e-02
1.892121694982051849e-02
1.527560967952013016e-02
1.361275371164083481e-02
1.288961526006460190e-02
1.135860197246074677e-02
1.053346414119005203e-02
1.008986774832010269e-02
1.126437075436115265e-02
1.389585342258214951e-02
1.389585342258214951e-02
1.538920029997825623e-02
1.599887944757938385e-02
1.552141550928354263e-02
1.507012080401182175e-02
1.440419722348451614e-02
1.440617162734270096e-02
1.514153182506561279e-02
1.661372184753417969e-02
1.807663030922412872e-02
1.912572793662548065e-02
1.912572793662548065e-02
1.923830248415470123e-02
1.849785447120666504e-02
1.816157251596450806e-02
1.929676905274391174e-02
2.123635262250900269e-02
2.220671065151691437e-02
2.152430266141891479e-02
1.999771036207675934e-02
1.968490891158580780e-02
2.029445767402648926e-02
2.029445767402648926e-02
2.050036750733852386e-02
1.976221613585948944e-02
1.978391595184803009e-02
2.144779078662395477e-02
2.322379872202873230e-02
2.325729466974735260e-02
2.281895093619823456e-02
2.269523218274116516e-02
2.258100546896457672e-02
2.194385230541229248e-02
