5.120134091268714605e-02
5.012118308455017907e-02
4.873609609801086290e-02
4.775867363634631740e-02
4.718237650549220868e-02
4.669123327076303565e-02
4.589538614269196570e-02
4.511860316216365768e-02
4.462956243138092166e-02
4.429374727598461153e-02
4.388180526492494599e-02
4.388180526492494599e-02
4.350891024707985444e-02
4.312491091325152542e-02
4.302172016026254570e-02
4.299994017044574124e-02
4.312357050763779981e-02
4.333370511197165431e-02
4.345505882840040857e-02
4.353569495552802454e-02
4.377700797688681422e-02
4.395570750301334290e-02
4.395570750301334290e-02
4.434013086511802426e-02
4.461049515423597123e-02
4.489295060773152574e-02
4.495897625823310623e-02
4.518416519589367464e-02
4.530967337161795339e-02
4.534978767116027570e-02
4.529330591787323473e-02
4.530509777807990857e-02
4.509509891748554600e-02
4.509509891748554600e-02
4.511393513007147527e-02
4.479841280502509793e-02
4.443590375499752859e-02
4.394900471697207184e-02
4.358810441800282931e-02
4.334482396778690377e-02
4.316985075450065212e-02
4.287319045585769733e-02
4.268575601262868807e-02
4.255165118676291353e-02
4.255165118676291353e-02
4.243416960949916023e-02
4.259522177502700346e-02
4.260995602938467963e-02
4.275238473810895334e-02
4.276633917352132275e-02
4.269396698016692665e-02
4.238162583310180198e-02
4.206455599035457266e-02
4.171754417776105811e-02
4.132801563719454979e-02
4.132801563719454979e-02
4.080794810746753154e-02
4.047016414407345747e-02
4.009899858128407324e-02
3.986455172167424621e-02
3.954292467457513893e-02
3.923116192280801107e-02
3.893086863519493873e-02
3.843388228093809478e-02
3.778576532184468179e-02
3.715527702470589055e-02
3.715527702470589055e-02
3.646568339098780337e-02
3.558668743725939415e-02
3.469673740583900656e-02
3.383509717475390727e-02
3.306624350035157478e-02
3.237911093945062407e-02
3.174436242311205053e-02
3.130505066992194524e-02
3.100271010188276541e-02
3.075482094177914988e-02
3.075482094177914988e-02
3.062129034159926169e-02
3.069939885851450181e-02
3.063462852737785375e-02
3.044734442859350562e-02
3.028198889182444342e-02
3.021825798986846681e-02
3.024384193905212820e-02
3.011990429313331913e-02
2.983451732861223601e-02
2.947134086173435613e-02
2.947134086173435613e-02
2.919801871690301184e-02
2.899673691466332290e-02
2.872161972096784130e-02
2.821325417084981704e-02
2.770069999399777522e-02
2.724411243753625117e-02
2.685198077701192107e-02
2.632732622140117676e-02
2.576815808942279490e-02
2.538172750505767600e-02
2.538172750505767600e-02
2.501515396754928205e-02
2.474215881587064902e-02
2.429701414312560731e-02
2.386522693590077335e-02
2.333740549095510500e-02
2.276753773326462005e-02
2.239825455624935152e-02
2.193278714538229868e-02
2.148282335388744177e-02
2.081005301275313385e-02
2.081005301275313385e-02
2.032835336132989348e-02
1.986609669709377482e-02
1.958186167451722581e-02
1.931103235264808315e-02
1.892316817008186589e-02
1.851165673662675051e-02
1.821337411451844079e-02
1.782728376622004507e-02
1.725762664003374636e-02
1.675285034429800993e-02
1.675285034429800993e-02
1.616697329697989322e-02
1.566091239807888488e-02
1.507907246410105859e-02
1.456621586424115301e-02
1.391540206968123160e-02
1.332048452322786951e-02
1.266665756971067230e-02
1.210806768586007026e-02
1.152127157386094621e-02
1.084371571260522686e-02
1.084371571260522686e-02
1.002851185813851027e-02
9.105989492229972157e-03
7.954399319257581327e-03
7.087972200875443558e-03
6.040604833149583811e-03
5.054471916194466265e-03
4.204517598936688937e-03
3.235479646106816792e-03
2.554224505823174916e-03
2.377487416599155089e-03
2.377487416599155089e-03
2.991283154974742637e-03
3.512413339511943552e-03
3.833713001740414548e-03
3.978075742989485228e-03
3.889429186408516030e-03
3.582018034135998463e-03
3.399816552179402412e-03
3.140179256028846448e-03
3.119268314050598588e-03
3.422543623399347448e-03
3.422543623399347448e-03
3.863155080434396184e-03
4.388148746060646990e-03
4.923939672893310089e-03
5.497179988088535946e-03
5.988321990850103797e-03
6.498994175122811343e-03
6.634368940560366433e-03
6.551257597702091380e-03
6.264471831792496614e-03
5.749156004164460501e-03
5.749156004164460501e-03
5.300088749359633915e-03
4.864605148569543965e-03
4.675688527037865500e-03
4.677490808937512755e-03
4.794954376941985147e-03
4.957101490190542019e-03
5.067470027050142642e-03
5.297686508903914904e-03
5.668028816618464125e-03
5.917348758648435098e-03
5.917348758648435098e-03
6.013159961959765876e-03
5.718545686034887110e-03
5.718545686034887110e-03
5.193976851226825460e-03
4.725533225679287401e-03
4.369222153662281546e-03
3.920071132628577190e-03
3.657356953605509289e-03
3.330849184927871069e-03
3.157065510279900063e-03
3.157065510279900063e-03
3.196458143771129662e-03
3.502994047756336805e-03
3.770530492673105673e-03
3.977047990983110723e-03
3.971003969819949034e-03
3.734880290292415857e-03
3.541396044035840119e-03
3.347347644179787286e-03
2.948726160483628594e-03
2.512114121044176172e-03
2.512114121044176172e-03
2.312121677313027594e-03
2.220238453679543398e-03
2.386425287992585253e-03
2.638697445295309051e-03
2.843403536398455157e-03
3.057282122581219622e-03
2.631891635285597050e-03
2.404457291480775315e-03
2.204673836506486784e-03
2.079627218031111519e-03
2.079627218031111519e-03
1.853571244127554581e-03
1.709328759034992821e-03
1.536032336346726188e-03
1.391379247424381861e-03
1.506848568507436741e-03
1.678904469891564187e-03
1.969308324769722743e-03
2.499973621031010423e-03
2.872551792970018739e-03
3.113854668024090139e-03
3.113854668024090139e-03
3.286844484619106700e-03
3.213136838202121110e-03
3.055203299161489677e-03
2.966754495980810508e-03
2.910394001463385578e-03
2.898610011937885825e-03
2.893094309435243622e-03
2.621171646959793294e-03
2.361582418341857774e-03
2.163839664125514432e-03
2.163839664125514432e-03
1.938382194991027010e-03
1.718097891539045090e-03
1.688692379030396146e-03
1.724932484647001768e-03
1.666743803201436828e-03
1.571366746267654265e-03
1.569109917657130360e-03
1.550247384642838453e-03
1.651659065631467475e-03
1.756701480554608095e-03
1.756701480554608095e-03
1.960952253084672758e-03
2.048597629086032490e-03
2.028824448262136863e-03
2.073491749628166621e-03
2.128539394482099369e-03
2.152103785221895146e-03
2.062997963058320599e-03
1.992109183134391486e-03
1.922701463227225642e-03
1.914076246059830512e-03
1.914076246059830512e-03
1.954928191703015315e-03
1.956659844649203794e-03
1.877242283884300936e-03
1.844802785717972009e-03
2.005592430697832485e-03
2.436058012072669747e-03
2.826947313290651461e-03
3.091269200588212928e-03
3.200430041055684228e-03
3.118612322951467425e-03
3.118612322951467425e-03
2.944224395741753663e-03
2.813655778101056219e-03
2.755848324042115601e-03
2.669873902525315458e-03
2.563759887920986826e-03
2.461518477268795010e-03
2.418290577796510746e-03
2.512289360930286541e-03
2.538239632729867926e-03
2.495836106314540479e-03
2.495836106314540479e-03
2.583405132658602842e-03
2.644663912946928347e-03
2.641394233686044941e-03
2.545633558140868863e-03
2.428712126279145098e-03
2.314946137329975100e-03
2.232391109876394244e-03
2.225407158957561082e-03
2.291907697560264905e-03
2.343556342075229799e-03
2.343556342075229799e-03
2.402920725198587175e-03
2.546818739599272623e-03
2.749325009127999517e-03
2.923705435161619379e-03
3.079583016626764955e-03
3.264731828161876633e-03
3.579544674978011459e-03
3.749256428884308132e-03
3.746563592153909737e-03
3.701493935410026057e-03
3.701493935410026057e-03
3.632341934525749622e-03
3.535903347830405934e-03
3.657844489072231871e-03
3.781324996657078885e-03
3.835783687902407507e-03
3.873180705103223143e-03
3.988974283705403086e-03
4.036352182143856417e-03
4.062164518964366325e-03
3.979035429816681069e-03
3.979035429816681069e-03
3.902840488883996522e-03
4.100937671674201312e-03
4.247299267846707874e-03
4.127139585234708072e-03
3.869625753697509152e-03
3.499446935535437554e-03
3.067276754701882008e-03
2.776966536510043059e-03
2.639630623371336336e-03
2.661646425625050546e-03
2.661646425625050546e-03
2.871721194975765824e-03
3.248548755814741930e-03
3.544014334850915503e-03
3.754267587219999123e-03
3.999164585677982171e-03
4.306872704722539656e-03
4.386940585204806252e-03
4.352091165584773096e-03
4.121404468999224392e-03
3.873897239491687176e-03
3.873897239491687176e-03
3.626702725192364370e-03
3.478624085869975666e-03
3.450567236167471734e-03
3.380554896425333727e-03
3.356864016033822042e-03
3.389403587343516305e-03
3.577828272988219181e-03
3.950518735953102364e-03
4.192293117391117374e-03
4.335669614633115565e-03
4.335669614633115565e-03
4.434271595254970361e-03
4.359657298184190302e-03
4.196032086494629748e-03
3.822641109170064801e-03
3.468060889080544235e-03
3.189240216025064027e-03
3.114075805309886053e-03
3.027968748467261065e-03
3.003958659250290791e-03
3.115959874767526821e-03
3.115959874767526821e-03
3.176181857096569208e-03
3.705210132767201760e-03
4.141809131418772334e-03
4.444125234475993468e-03
4.641350931523697404e-03
4.765994454434226320e-03
5.001211141248741200e-03
5.128413073625846808e-03
5.205954035041831032e-03
5.211035395925540763e-03
5.211035395925540763e-03
5.078765155630760725e-03
4.844048242775152516e-03
4.702252743050856602e-03
4.617339500612421994e-03
4.665045026587419374e-03
4.756657648273081122e-03
4.829997950575698820e-03
4.866446631770098008e-03
4.824747123627684368e-03
4.756815213263015062e-03
4.756815213263015062e-03
4.581118838495166004e-03
4.409190480737333086e-03
4.556946833278973687e-03
4.671883399085410490e-03
4.902238422613174225e-03
4.988655664631601316e-03
5.127720811093196621e-03
5.336185008644707579e-03
5.473157441833223849e-03
5.612616119225161820e-03
5.612616119225161820e-03
5.727601604253585235e-03
5.817409369971463136e-03
5.834551993338775271e-03
5.731172960223422999e-03
5.530836972165887634e-03
5.248541897882858139e-03
4.911621087290727293e-03
4.596255271994142966e-03
4.458993203630655378e-03
4.237113458505395794e-03
4.237113458505395794e-03
3.989026033282208270e-03
3.861368562951196515e-03
3.741969864503187724e-03
3.792466734976441232e-03
3.976402668603081295e-03
4.209482759313480649e-03
4.373277851943316308e-03
4.492529192372672793e-03
4.512143729396369402e-03
4.455244926701481742e-03
4.455244926701481742e-03
4.362619876984869145e-03
4.225910847434066753e-03
4.298776123096923960e-03
4.373879019251262698e-03
4.545819679709432390e-03
4.795792759964737084e-03
4.979609379530615561e-03
5.030381954244662022e-03
4.997681212501715355e-03
4.892404077876185906e-03
4.892404077876185906e-03
4.694418990166375656e-03
4.419605661429897026e-03
4.149307054854126098e-03
3.957454766405515446e-03
3.743095476982931987e-03
3.551882644549329403e-03
3.377797805718166756e-03
3.381874196932956045e-03
3.630518458818671971e-03
3.923020592979784352e-03
3.923020592979784352e-03
4.185607827775519180e-03
4.270388882137573887e-03
4.265228673111285708e-03
4.057539706134227243e-03
3.860420044969911733e-03
3.596877582461012642e-03
3.387602476824959699e-03
3.285346003164962402e-03
3.262464216670850174e-03
3.380338561155412595e-03
3.380338561155412595e-03
3.580891719721235409e-03
3.701464826348032332e-03
3.775407548087382926e-03
3.831286172889386988e-03
3.797539420711754446e-03
3.792955113744510970e-03
3.650814586592335091e-03
3.517993638877765436e-03
3.377063549949188646e-03
3.241418636456322791e-03
3.241418636456322791e-03
3.109118851451010950e-03
3.078164963454275548e-03
3.052764735282887439e-03
3.221489404207199085e-03
3.432621852534014587e-03
3.561625712429084597e-03
3.628923022027425067e-03
3.591682208161778734e-03
3.427798181637637352e-03
3.247969938651733453e-03
3.247969938651733453e-03
2.997160340832745289e-03
2.816367457652454737e-03
2.637216876008727316e-03
2.620316317681595144e-03
2.720618480078106777e-03
2.917153597897042226e-03
3.145540390977356448e-03
3.395338179221569792e-03
3.605410213799050377e-03
3.726958349896703892e-03
3.726958349896703892e-03
3.702783724700849967e-03
3.573069272491053491e-03
3.283868702436701804e-03
2.995279739956432062e-03
2.815649452714414063e-03
2.664335143386933284e-03
2.652031289019972891e-03
2.747350873775435652e-03
2.964552340286447096e-03
3.234882015831978212e-03
3.234882015831978212e-03
3.438648488620744438e-03
3.521723645335380661e-03
3.462303886243023755e-03
3.277657107475726028e-03
3.244648261824965938e-03
3.202932773310555696e-03
3.137748268045971803e-03
3.184553080381027478e-03
3.251819094959236198e-03
3.262926938356834269e-03
3.262926938356834269e-03
3.344699994538419957e-03
3.369453275017858865e-03
3.340846615331254880e-03
3.353773733711562424e-03
3.311959190923235291e-03
3.301435055516867712e-03
3.252617753731824966e-03
3.259407151183452232e-03
3.281473127874181325e-03
3.223274193021695780e-03
3.223274193021695780e-03
3.201491777556151729e-03
3.245389591907260184e-03
3.302367859187469064e-03
3.427446460878331817e-03
3.478474001342460927e-03
3.531148106648442694e-03
3.513096729661335533e-03
3.619147039583066935e-03
3.755263328729588693e-03
3.842875457919543800e-03
3.842875457919543800e-03
3.964362947138329492e-03
4.239017863430906939e-03
4.517731067445794266e-03
4.802726842138331509e-03
4.945903576478904301e-03
5.016502955046614649e-03
5.030982786904759051e-03
4.805116019192625688e-03
4.579232275876749317e-03
4.406213162353645255e-03
4.406213162353645255e-03
4.268465576745172387e-03
4.021857528859256944e-03
3.932602680340659997e-03
3.971782497876610689e-03
4.064129365192078493e-03
4.060418020494307306e-03
3.997648742650790170e-03
3.379731393825142604e-03
4.035108285419733778e-03
5.333229136575433349e-03
5.333229136575433349e-03
6.679808775808634101e-03
7.941099542403611683e-03
9.087577068605745545e-03
1.011073381962491850e-02
1.097965217538357866e-02
1.179652126180841774e-02
1.253968337069645209e-02
1.322988776739507030e-02
1.387640372567531567e-02
1.442073048417726044e-02
1.442073048417726044e-02
1.485281499175491841e-02
1.519132057043030316e-02
1.551783147929761304e-02
1.583509526826262434e-02
1.606299693899466627e-02
1.622616861265087362e-02
1.632739473749211453e-02
1.639732490356899872e-02
1.643568739788500363e-02
1.644492095647867580e-02
1.644492095647867580e-02
1.640531002003544486e-02
1.633860532458696405e-02
1.627126360505606190e-02
1.624331325778268637e-02
1.619902088446433311e-02
1.616381749566928039e-02
1.608481780352057772e-02
1.602824128215597430e-02
1.597048184939102097e-02
1.587756701172990392e-02
