9.521671570837497711e-03
9.521671570837497711e-03
1.056487672030925751e-02
1.172737684100866318e-02
1.230808533728122711e-02
1.180366426706314087e-02
1.117066759616136551e-02
1.064411830157041550e-02
1.020772382616996765e-02
1.002776715904474258e-02
1.009713113307952881e-02
1.037620753049850464e-02
1.037620753049850464e-02
1.086619403213262558e-02
1.137654483318328857e-02
1.191345695406198502e-02
1.243957504630088806e-02
1.285086572170257568e-02
1.316887047141790390e-02
1.336509548127651215e-02
1.346685364842414856e-02
1.345245819538831711e-02
1.346869952976703644e-02
1.346869952976703644e-02
1.352566201239824295e-02
1.358409691601991653e-02
1.389912143349647522e-02
1.437911484390497208e-02
1.492820307612419128e-02
1.552016194909811020e-02
1.611780561506748199e-02
1.666638441383838654e-02
1.708854734897613525e-02
1.738036796450614929e-02
1.738036796450614929e-02
1.749313622713088989e-02
1.753105595707893372e-02
1.743374951183795929e-02
1.705151610076427460e-02
1.662257499992847443e-02
1.623043417930603027e-02
1.596276275813579559e-02
1.581068523228168488e-02
1.581241190433502197e-02
1.597923412919044495e-02
1.597923412919044495e-02
1.626218855381011963e-02
1.655547134578227997e-02
1.679783686995506287e-02
1.692598313093185425e-02
1.688375137746334076e-02
1.669713109731674194e-02
1.646532677114009857e-02
1.620610617101192474e-02
1.584880799055099487e-02
1.544928830116987228e-02
1.544928830116987228e-02
1.498932391405105591e-02
1.457135286182165146e-02
1.415680535137653351e-02
1.384915225207805634e-02
1.365819759666919708e-02
1.360332872718572617e-02
1.347304694354534149e-02
1.348418369889259338e-02
1.379585172981023788e-02
1.410047337412834167e-02
1.410047337412834167e-02
1.440260373055934906e-02
1.469039265066385269e-02
1.496720034629106522e-02
1.514950580894947052e-02
1.518403273075819016e-02
1.513209380209445953e-02
1.499802991747856140e-02
1.480255182832479477e-02
1.459389925003051758e-02
1.440144050866365433e-02
1.440144050866365433e-02
1.427728403359651566e-02
1.423713099211454391e-02
1.428964454680681229e-02
1.440944522619247437e-02
1.450795214623212814e-02
1.460912916809320450e-02
1.463166531175374985e-02
1.458580791950225830e-02
1.445418037474155426e-02
1.430854387581348419e-02
1.430854387581348419e-02
1.424803212285041809e-02
1.422287430614233017e-02
1.432001776993274689e-02
1.448648795485496521e-02
1.466304250061511993e-02
1.483288593590259552e-02
1.498472783714532852e-02
1.513268426060676575e-02
1.526985317468643188e-02
1.534711848944425583e-02
1.534711848944425583e-02
1.537041738629341125e-02
1.529763173311948776e-02
1.517694257199764252e-02
1.510347798466682434e-02
1.504143327474594116e-02
1.511543150991201401e-02
1.525610871613025665e-02
1.545634306967258453e-02
1.558461785316467285e-02
1.583520136773586273e-02
1.583520136773586273e-02
1.591760665178298950e-02
1.614479534327983856e-02
1.625655591487884521e-02
1.624706201255321503e-02
1.611108705401420593e-02
1.592643372714519501e-02
1.579371280968189240e-02
1.579680852591991425e-02
1.599152572453022003e-02
1.639050617814064026e-02
1.639050617814064026e-02
1.689362712204456329e-02
1.730160042643547058e-02
1.763431169092655182e-02
1.779152825474739075e-02
1.786915026605129242e-02
1.782689243555068970e-02
1.770797371864318848e-02
1.770992018282413483e-02
1.778545789420604706e-02
1.793015003204345703e-02
1.793015003204345703e-02
1.806299574673175812e-02
1.825294643640518188e-02
1.839632540941238403e-02
1.846567168831825256e-02
1.843208260834217072e-02
1.832901872694492340e-02
1.817589998245239258e-02
1.797230727970600128e-02
1.773632876574993134e-02
1.756395585834980011e-02
1.756395585834980011e-02
1.739622280001640320e-02
1.719948276877403259e-02
1.706435717642307281e-02
1.702330820262432098e-02
1.702156290411949158e-02
1.706556044518947601e-02
1.704038679599761963e-02
1.699553616344928741e-02
1.689648628234863281e-02
1.667817309498786926e-02
1.667817309498786926e-02
1.647741161286830902e-02
1.626340486109256744e-02
1.608573272824287415e-02
1.601116731762886047e-02
1.597096957266330719e-02
1.594738662242889404e-02
1.592782884836196899e-02
1.587051339447498322e-02
1.578497514128684998e-02
1.562504284083843231e-02
1.562504284083843231e-02
1.529086939990520477e-02
1.485149934887886047e-02
1.443824358284473419e-02
1.411129254847764969e-02
1.385703403502702713e-02
1.376233622431755066e-02
1.371110416948795319e-02
1.371214259415864944e-02
1.383933797478675842e-02
1.378472056239843369e-02
1.378472056239843369e-02
1.369479298591613770e-02
1.348520163446664810e-02
1.324380096048116684e-02
1.303393393754959106e-02
1.288735587149858475e-02
1.296932622790336609e-02
1.311401836574077606e-02
1.328845974057912827e-02
1.348561327904462814e-02
1.388517953455448151e-02
1.388517953455448151e-02
1.417333539575338364e-02
1.427424605935811996e-02
1.422240119427442551e-02
1.401123404502868652e-02
1.369546912610530853e-02
1.338289957493543625e-02
1.314365770667791367e-02
1.302845217287540436e-02
1.299996301531791687e-02
1.308912876993417740e-02
1.308912876993417740e-02
1.331573817878961563e-02
1.363388914614915848e-02
1.391252316534519196e-02
1.410972513258457184e-02
1.425123307853937149e-02
1.426006108522415161e-02
1.412343699485063553e-02
1.391867548227310181e-02
1.371125876903533936e-02
1.354126073420047760e-02
1.354126073420047760e-02
1.341741159558296204e-02
1.332066766917705536e-02
1.332204323261976242e-02
1.338486000895500183e-02
1.357527263462543488e-02
1.378110144287347794e-02
1.387581136077642441e-02
1.391083002090454102e-02
1.391326077282428741e-02
1.384785491973161697e-02
1.384785491973161697e-02
1.367712952196598053e-02
1.347186602652072906e-02
1.332505792379379272e-02
1.324632670730352402e-02
1.320605538785457611e-02
1.312407478690147400e-02
1.312407478690147400e-02
1.312407478690147400e-02
1.310424041002988815e-02
1.318057253956794739e-02
1.318057253956794739e-02
1.317538786679506302e-02
1.311362627893686295e-02
1.291362382471561432e-02
1.264498569071292877e-02
1.236731186509132385e-02
1.207070238888263702e-02
1.153601333498954773e-02
1.110063772648572922e-02
1.079820375889539719e-02
1.061482541263103485e-02
1.061482541263103485e-02
1.053835824131965637e-02
1.044744905084371567e-02
1.042201463133096695e-02
1.044098567217588425e-02
1.044282689690589905e-02
1.033649034798145294e-02
1.017717272043228149e-02
1.003583706915378571e-02
1.004664041101932526e-02
1.015605125576257706e-02
1.015605125576257706e-02
1.028010528534650803e-02
1.028010528534650803e-02
1.050870027393102646e-02
1.082142535597085953e-02
1.116561610251665115e-02
1.144544128328561783e-02
1.168239954859018326e-02
1.178922969847917557e-02
1.181907765567302704e-02
1.173462346196174622e-02
1.173462346196174622e-02
1.158508844673633575e-02
1.148842833936214447e-02
1.149420905858278275e-02
1.163815520703792572e-02
1.200666651129722595e-02
1.244819071143865585e-02
1.287974044680595398e-02
1.329006906598806381e-02
1.366817019879817963e-02
1.391007378697395325e-02
