1.707900557889403337e-03
1.707900557889403337e-03
1.645621116334410744e-03
1.220969455040469415e-03
1.089891791790394701e-03
1.683399482066720229e-03
1.436448646508317476e-03
1.371089279697994831e-03
1.400368330362903842e-03
1.321357122831715502e-03
1.032262576743464772e-03
6.709694599584891490e-04
6.709694599584891490e-04
4.165437640529000632e-04
9.490843006889311062e-04
1.584588690959696849e-03
1.981754794998652047e-03
2.304511948901769632e-03
2.405066692244057624e-03
2.371393319248407076e-03
2.211902472353188646e-03
1.885030724067819586e-03
1.600448509921230866e-03
1.600448509921230866e-03
1.346147478820216561e-03
1.273370331574142939e-03
1.289027427080967261e-03
1.303961711778734442e-03
1.356636905086648897e-03
1.286491806302092651e-03
1.230542900189833099e-03
1.231951018490964845e-03
1.383350414971634733e-03
1.762308294353742743e-03
1.762308294353742743e-03
2.129408975324613776e-03
2.365831289848413163e-03
2.520008061676323567e-03
2.600780415177816624e-03
2.591027867869759218e-03
2.451730135538148034e-03
2.272035617998349483e-03
1.995866066258846720e-03
1.747096689264091831e-03
1.691125223393098644e-03
1.691125223393098644e-03
1.619670069486051382e-03
1.747991034890484120e-03
2.012162596446243588e-03
2.415997310866491860e-03
2.664764116382643561e-03
2.758231263288613445e-03
2.804836715802820450e-03
2.756117604379542708e-03
2.747556523106033707e-03
2.561311164227841972e-03
2.561311164227841972e-03
2.595140411622719537e-03
2.666391324571540378e-03
2.666610948011025831e-03
2.621823742140062634e-03
2.598803296914786818e-03
2.579766583528602004e-03
2.620336128965890504e-03
2.483290980878404951e-03
2.253069541080101636e-03
2.014484306869773495e-03
2.014484306869773495e-03
1.741887331341159060e-03
1.640559299004709214e-03
1.472738194257085589e-03
1.335936121560656314e-03
1.247850552220700591e-03
1.230222483335800853e-03
1.346321263695609552e-03
1.354505614399565067e-03
1.371862579329510747e-03
1.483487360627479832e-03
1.483487360627479832e-03
1.479423076556167331e-03
1.388074520839901365e-03
1.345540218784463523e-03
1.360825806193420150e-03
1.411867067846947705e-03
1.481553529379002259e-03
1.564139305399017471e-03
1.585473247835616616e-03
1.469727807993145580e-03
1.532233940909615228e-03
1.532233940909615228e-03
1.615431810638122455e-03
1.656529108096298957e-03
1.689490535774661488e-03
1.710202223750329105e-03
1.655891144017626647e-03
1.632635400977660699e-03
1.562681608421021473e-03
1.445277860376306895e-03
1.392463838014396191e-03
1.278985353057700758e-03
1.278985353057700758e-03
1.299641882722564999e-03
1.399701752617232148e-03
1.570480362691641010e-03
1.716936643314744644e-03
1.962627075959062599e-03
2.249353974658131923e-03
2.433731288460261929e-03
2.407196712513542860e-03
2.261239112880949770e-03
2.062676836899631459e-03
2.062676836899631459e-03
1.749010573620585988e-03
1.477924833048784503e-03
1.291317409257313528e-03
1.198154131195086581e-03
1.088425009634785660e-03
1.066919189052361380e-03
1.063442242859632307e-03
1.034429805319251510e-03
9.731587904093199270e-04
1.052363913280389201e-03
1.052363913280389201e-03
1.101243944271485453e-03
1.135019780465792603e-03
1.090930631333491066e-03
1.041179540452923883e-03
8.589280269440371842e-04
8.186080635799429257e-04
8.186134188972590472e-04
8.998901631166390976e-04
9.506193504265598266e-04
9.561677763567153062e-04
9.561677763567153062e-04
1.068685365815471005e-03
1.315639019975157770e-03
1.676012946669835565e-03
1.905921521452223939e-03
2.065386822695228133e-03
2.194382335570690089e-03
2.202097382507749515e-03
2.201201882353961015e-03
2.086850815263926583e-03
1.900963574168993472e-03
1.900963574168993472e-03
1.570188605928270805e-03
1.256162596461384093e-03
9.984208337024858167e-04
8.364891809060845396e-04
8.315763416696728009e-04
8.858512068001922046e-04
8.753613850100741252e-04
8.351689147233126763e-04
9.647191264642882100e-04
1.221311569678385943e-03
1.221311569678385943e-03
1.247126698740172153e-03
1.077775881879745011e-03
9.377006218620784032e-04
8.450968252307143169e-04
9.419063136491166114e-04
1.045917942442068120e-03
1.203364098947765732e-03
1.462838510576955657e-03
1.835113225702381893e-03
2.104167160963153933e-03
2.104167160963153933e-03
2.421053910749329085e-03
2.692501071335819986e-03
2.932593079223117915e-03
3.117307843729719054e-03
3.132043507083229292e-03
2.915904899804901574e-03
2.626381084974766921e-03
2.210567354795241884e-03
1.825928299149125926e-03
1.597609860172491012e-03
1.597609860172491012e-03
1.589996513292360643e-03
1.780213842241089263e-03
1.973259287290989386e-03
2.194446525754903225e-03
2.402755454311972932e-03
2.562655106002004538e-03
2.686436737017908888e-03
2.574756034241294355e-03
2.409755886701398474e-03
2.168890866985387269e-03
2.168890866985387269e-03
1.956828849387869367e-03
1.802629685300524047e-03
1.785297947987868252e-03
1.807412784492811852e-03
1.861433987917191423e-03
1.777107352968285668e-03
1.638375172246661236e-03
1.454756509046664387e-03
1.202930549303710432e-03
1.056957633866585384e-03
1.056957633866585384e-03
1.046615976464995322e-03
1.090339893280124848e-03
1.042628597878782377e-03
1.115839982323740777e-03
1.314373017971967855e-03
1.440478227325102129e-03
1.490987888836951348e-03
1.574183829613581224e-03
1.545807440412112982e-03
1.529587069618498687e-03
1.529587069618498687e-03
1.428595629781764017e-03
1.415289763299078371e-03
1.310297377931513105e-03
1.167612694065398634e-03
1.056418143725380062e-03
1.069270514003700916e-03
1.125530460594990987e-03
1.320960691874413159e-03
1.357670419940910011e-03
1.445272779955622056e-03
1.445272779955622056e-03
1.516465996476217557e-03
1.298420703827205067e-03
1.117137715666249604e-03
9.602183440997233118e-04
9.099976070565777035e-04
1.002310521377554808e-03
1.095794129903995958e-03
1.150540921522664193e-03
1.248363587081092671e-03
1.280325272005627133e-03
1.280325272005627133e-03
1.260456900903484051e-03
1.186647645128944282e-03
1.097924179344041476e-03
1.035036100784065150e-03
1.032123368328525474e-03
1.161518344798772922e-03
1.356358458883582391e-03
1.573955954067760270e-03
1.821578410013624744e-03
1.942358132257428248e-03
1.942358132257428248e-03
1.993304840002901000e-03
1.959756626139672660e-03
1.852013008064063316e-03
1.782632164293478701e-03
1.713629938267368464e-03
1.694755889551604298e-03
1.856778569525057657e-03
2.037483893961335602e-03
2.127742409129795322e-03
2.024145038887058701e-03
