2.640740475210217458e-02
2.640740475210217458e-02
2.676088063959066246e-02
2.690093731077379188e-02
2.682705378114143627e-02
2.644976402466043403e-02
2.629232361030966678e-02
2.625304555194580072e-02
2.627870500730499978e-02
2.620889944866726037e-02
2.603045102522994619e-02
2.591856043732313278e-02
2.591856043732313278e-02
2.589950548191910160e-02
2.581309244435055911e-02
2.559112977561223481e-02
2.532333873398269833e-02
2.506732510425402002e-02
2.477678900569078510e-02
2.442472162874838315e-02
2.419515567642011381e-02
2.393133347248959167e-02
2.378534742205113892e-02
