1.781508321190101649e-02
1.781508321190101649e-02
1.723235692286535781e-02
1.738052924590486811e-02
1.743752179138058703e-02
1.726163197794698678e-02
1.708710127921723651e-02
1.686949834131252351e-02
1.669258029859538306e-02
1.654471400029878733e-02
1.658697259139235020e-02
1.666756421812615532e-02
1.666756421812615532e-02
1.680378463852488791e-02
1.699798560107570328e-02
1.709694416133287348e-02
1.714826698116252157e-02
1.712576041354930967e-02
1.711476214053003070e-02
1.709824467675285023e-02
1.702162441781033403e-02
1.691089077020569917e-02
1.677637074826895253e-02
1.677637074826895253e-02
1.664466198463136065e-02
1.654253377349367699e-02
1.645346608479465733e-02
1.645765473567558507e-02
1.640673025226548759e-02
1.631536748603955311e-02
1.626486064656983491e-02
1.622361050446098282e-02
1.616790730025421605e-02
1.613128475145235441e-02
1.613128475145235441e-02
1.615761058625662591e-02
1.625206003994734624e-02
1.631939503310674694e-02
1.639714648658700119e-02
1.649437312085502358e-02
1.652595138500292590e-02
1.655656084634294506e-02
1.657792391543864985e-02
1.649758976661988216e-02
1.643531751113758849e-02
1.643531751113758849e-02
1.630524133450147670e-02
1.609578243484592608e-02
1.586462640733023177e-02
1.556642848739708297e-02
1.523478247995056073e-02
1.486661181434324047e-02
1.450263225452231956e-02
1.416003316773425946e-02
1.385434402378730480e-02
1.346812063484803361e-02
1.346812063484803361e-02
1.309105809209466786e-02
1.284824504398203969e-02
1.272065573196442395e-02
1.266358526698014436e-02
1.267942732573066819e-02
1.275739576579930888e-02
1.283531242439217568e-02
1.286016788609841734e-02
1.284986096321451970e-02
1.282832440119296806e-02
1.282832440119296806e-02
1.275548936556090973e-02
1.274770019974877551e-02
1.267874826896121278e-02
1.257017786560895960e-02
1.248234105935057230e-02
1.235615503494296406e-02
1.225174958046318895e-02
1.212509998174359643e-02
1.200260017808001990e-02
1.181237883637767903e-02
1.181237883637767903e-02
1.175830898553481378e-02
1.165171941519269408e-02
1.159443158489506694e-02
1.162267007394984092e-02
1.170599211895377752e-02
1.180844018821050612e-02
1.181586908464961859e-02
1.180337329666563372e-02
1.182241204009592227e-02
1.161639182601615500e-02
1.161639182601615500e-02
1.129946221070760211e-02
1.099479279912604288e-02
1.074524121623641158e-02
1.055059324289909541e-02
1.040142458457883438e-02
1.027058621690987023e-02
1.020800509257804162e-02
1.020086563238722238e-02
1.033678598644402306e-02
1.064714579915193582e-02
1.064714579915193582e-02
1.097552664509915399e-02
1.128506002318827722e-02
1.158380431501022066e-02
1.200802435944412633e-02
1.225104611186557217e-02
1.246909266110167620e-02
1.258073298207604968e-02
1.264814731215300851e-02
1.271094913273675478e-02
1.271609293860528206e-02
1.271609293860528206e-02
1.253303188207539540e-02
1.260962808474657901e-02
1.270541719461722001e-02
1.260876837165763459e-02
1.244701747263592118e-02
1.230474857377407936e-02
1.223317451981578013e-02
1.219437863459176506e-02
1.198536783882294537e-02
1.171701360744643178e-02
1.171701360744643178e-02
1.141110591007554048e-02
1.130177352927125636e-02
1.115678355855077852e-02
1.130657702711675323e-02
1.154723090904287083e-02
1.180116680868799339e-02
1.206253224017237412e-02
1.223952758802106765e-02
1.233126107338305098e-02
1.229395957466653672e-02
1.229395957466653672e-02
1.227273876898595135e-02
1.223531406279181229e-02
1.225915743044479062e-02
1.211532879993728294e-02
1.191177944672777191e-02
1.166591303554463492e-02
1.147877058263102948e-02
1.132224418717025366e-02
1.126446847057496758e-02
1.117191516265137428e-02
1.117191516265137428e-02
1.113477144143810819e-02
1.116694438533874685e-02
1.110143038278932001e-02
1.094221454720481837e-02
1.078699176192987261e-02
1.060640971748512407e-02
1.052610016447889756e-02
1.051386075670095177e-02
1.070336412197718350e-02
1.103615041023860849e-02
1.103615041023860849e-02
1.137748205757538322e-02
1.172822379852102130e-02
1.214499963116261703e-02
1.231074486453232093e-02
1.252577302840063300e-02
1.235395524227372692e-02
1.226510794907466166e-02
1.197510511376907727e-02
1.168065477541191735e-02
1.151576864788381865e-02
1.151576864788381865e-02
1.124896545899785501e-02
1.069216212075347304e-02
1.019004575977001774e-02
9.852654324732316310e-03
9.510589584366754487e-03
9.290204250908193351e-03
9.252020474548365570e-03
9.265981360574616563e-03
9.307576645288719724e-03
9.603391235639085685e-03
9.603391235639085685e-03
9.840501875931290804e-03
9.993806824707530609e-03
1.014222364891233588e-02
1.048700472110424345e-02
1.088086640531419486e-02
1.117438396113822757e-02
1.093811492122729982e-02
1.071566123393163407e-02
1.049166379785152273e-02
1.033986775024709447e-02
1.033986775024709447e-02
9.737266070054787989e-03
9.270604919354797149e-03
8.891812010298903030e-03
8.605919109247787968e-03
8.552662558612813062e-03
8.543792871981405190e-03
8.460640440593022310e-03
8.364815887466630837e-03
8.340700852043764907e-03
8.231649953174583270e-03
8.231649953174583270e-03
8.049414588509556587e-03
8.267523910597261369e-03
8.460369848908369517e-03
8.466215079165277657e-03
8.501370356617236890e-03
8.558571795806903942e-03
8.849066692760084590e-03
9.040101612525757585e-03
9.149234472185777470e-03
9.258422687766013071e-03
9.258422687766013071e-03
9.390520610125725406e-03
9.206326487576322118e-03
9.059882847746609028e-03
8.897794091389936086e-03
8.971183483088203750e-03
9.020195107751044147e-03
8.844211531579953059e-03
8.543559918423726876e-03
8.158929609162032109e-03
7.789481308614711920e-03
7.789481308614711920e-03
7.568695700345282919e-03
7.304920036865415571e-03
7.008729156545700015e-03
6.804290290626511736e-03
6.634118939540801542e-03
6.579891704661291162e-03
6.741248262241216621e-03
7.009531019978067212e-03
7.275895326000191357e-03
7.624917471020385175e-03
7.624917471020385175e-03
7.888863402011161638e-03
8.029493225378108931e-03
7.971526854717884622e-03
7.841433572102374239e-03
7.688418031147602541e-03
7.364120398534970691e-03
7.024387496737655341e-03
6.728149416688010594e-03
6.384616417738471494e-03
6.099444479115708785e-03
6.099444479115708785e-03
5.836292968649742750e-03
5.615846303474727845e-03
5.501138712056668871e-03
5.409160231404626026e-03
5.241199910805550977e-03
5.191634220809002685e-03
5.293296035606938690e-03
5.358323544177033201e-03
5.328262156839347341e-03
5.352882148385529337e-03
5.352882148385529337e-03
5.370145763754907188e-03
5.440253401448506311e-03
5.538250722888237755e-03
5.584852235861321318e-03
5.628937381926811881e-03
5.671147812827243527e-03
5.661076809827423999e-03
5.595764931371976537e-03
5.527616899085326975e-03
5.432513108838054813e-03
5.432513108838054813e-03
5.263004632206717479e-03
5.138756992572743147e-03
5.183889384223288287e-03
5.330323791587071591e-03
5.370940088584826369e-03
5.360130228290601977e-03
5.494525281198476066e-03
5.641707291643169829e-03
5.844252319208752613e-03
6.028108642664052087e-03
6.028108642664052087e-03
6.155663335569439877e-03
6.286144424419573724e-03
6.277173746980441518e-03
6.130625330328413718e-03
5.966174099414437056e-03
5.777611267758597617e-03
5.569739391124132848e-03
5.379255729867131464e-03
5.145909727351205033e-03
5.057466944393374311e-03
5.057466944393374311e-03
4.866340053852030723e-03
4.772599338605268589e-03
4.617887535107615543e-03
4.445930764290564711e-03
4.224625376029101168e-03
4.042829668744780426e-03
3.965330578276289250e-03
4.007798097912605891e-03
3.958542536721025053e-03
3.914949453958652820e-03
3.914949453958652820e-03
3.917427133465737829e-03
4.140129516982472661e-03
4.363585407158342318e-03
4.574453816926133537e-03
4.675377376133194561e-03
4.807307126318018792e-03
4.911185037326069522e-03
4.902006739064023941e-03
4.888632940357203090e-03
4.804089827533740420e-03
4.804089827533740420e-03
4.702395425122998275e-03
4.567780887602694920e-03
4.461961673455705664e-03
4.125224704509673941e-03
3.870482513420008940e-03
3.513452638854314310e-03
3.208947629801044837e-03
3.162879259795569557e-03
3.007568632398290379e-03
3.227999060916444257e-03
3.227999060916444257e-03
3.558375393875614322e-03
4.007943467612038423e-03
4.498854660781806923e-03
4.930827339000515633e-03
5.276388424992208871e-03
5.536398092073526421e-03
5.699700740948811239e-03
5.703040438589842762e-03
5.542901401667926602e-03
5.308334339255972763e-03
5.308334339255972763e-03
4.963524721539258437e-03
4.536523165702639748e-03
4.060018954536693918e-03
3.804248859508557300e-03
3.672652004031713973e-03
3.805440518266193194e-03
4.107623777106988484e-03
4.437096570122184454e-03
5.067939710253944671e-03
5.606943856753011934e-03
5.606943856753011934e-03
6.128242589046182381e-03
6.652993368374854333e-03
6.928609937151324928e-03
7.159636167653425469e-03
7.345557273292746894e-03
7.458955111951687256e-03
7.418468233189375906e-03
7.876517493056353972e-03
8.430657002589164381e-03
8.990007666759886398e-03
8.990007666759886398e-03
9.406410649439565091e-03
9.717147595025793158e-03
1.004949572605689373e-02
1.041480592497653901e-02
1.065230859670926976e-02
1.089583376836821861e-02
1.109231594937631384e-02
1.120827667088657859e-02
1.132328982151271403e-02
1.148199018453436963e-02
1.148199018453436963e-02
1.158253022445153955e-02
1.171054306960564451e-02
1.197771049808708972e-02
1.219639193124135573e-02
1.234752087948027231e-02
1.260200339374259459e-02
1.276721637551875982e-02
1.293616918690698378e-02
1.314833666353821054e-02
1.328593474126974448e-02
1.328593474126974448e-02
1.328362471237928485e-02
1.334354957381422846e-02
1.330618454025686570e-02
1.332673806414643759e-02
1.328947076685657244e-02
1.323618343412751031e-02
1.322585092477628586e-02
1.318847432042388745e-02
1.313975888992674826e-02
1.306096785779304291e-02
1.306096785779304291e-02
1.297285512738900921e-02
1.304184439109747941e-02
1.333971684543189436e-02
1.367336106548661633e-02
1.384986951857181993e-02
1.393337187501886808e-02
1.373281549216269319e-02
1.343678814830192268e-02
1.313157012530220824e-02
1.291236679002381003e-02
1.291236679002381003e-02
1.265653532236861445e-02
1.230884832955809680e-02
1.185383576339650580e-02
1.144693181903448653e-02
1.110764151217111424e-02
1.080304259179487233e-02
1.068599822248602650e-02
1.064325772494978395e-02
1.064680320195969532e-02
1.061723509055034764e-02
1.061723509055034764e-02
1.064322386646091197e-02
1.069383770088706311e-02
1.074028882669572291e-02
1.063054441367778519e-02
1.055687656053947918e-02
1.050388533426450249e-02
1.048348468604931756e-02
1.047119383599411264e-02
1.035243276056825416e-02
1.024024773685803039e-02
1.024024773685803039e-02
1.009550303529195212e-02
1.000060294738445987e-02
9.954239206165477194e-03
9.884614592499764429e-03
9.849640158335953508e-03
9.809520154260028754e-03
9.786979687180636517e-03
9.762243471630500588e-03
9.744747538346325635e-03
9.849382038205780829e-03
