2.578777074813842773e-02
2.578777074813842773e-02
2.410842850804328918e-02
2.438580058515071869e-02
2.431372366845607758e-02
2.436845377087593079e-02
2.420251443982124329e-02
2.409718930721282959e-02
2.413176000118255615e-02
2.437943033874034882e-02
2.475775405764579773e-02
2.504778653383255005e-02
2.504778653383255005e-02
2.546581439673900604e-02
2.600098215043544769e-02
2.648594044148921967e-02
2.697881124913692474e-02
2.724779769778251648e-02
2.731677144765853882e-02
2.746651880443096161e-02
2.760060131549835205e-02
2.767580933868885040e-02
2.784577943384647369e-02
2.784577943384647369e-02
2.813167311251163483e-02
2.838429808616638184e-02
2.851076237857341766e-02
2.860569767653942108e-02
2.868752181529998779e-02
2.881110832095146179e-02
2.900783345103263855e-02
2.901238016784191132e-02
2.891346439719200134e-02
2.897905372083187103e-02
2.897905372083187103e-02
2.908541820943355560e-02
2.927856892347335815e-02
2.934221364557743073e-02
2.954695560038089752e-02
2.961292862892150879e-02
2.975306287407875061e-02
2.996797300875186920e-02
3.002320230007171631e-02
3.000172041356563568e-02
3.000081889331340790e-02
3.000081889331340790e-02
2.979541011154651642e-02
2.955876849591732025e-02
2.921387180685997009e-02
2.882072515785694122e-02
2.842899784445762634e-02
2.811040915548801422e-02
2.772417291998863220e-02
2.756220847368240356e-02
2.738085761666297913e-02
2.715656906366348267e-02
2.715656906366348267e-02
2.688068337738513947e-02
2.637093327939510345e-02
2.573931775987148285e-02
2.514870092272758484e-02
2.479084394872188568e-02
2.473362348973751068e-02
2.487465366721153259e-02
2.515611797571182251e-02
2.555784210562705994e-02
2.609078213572502136e-02
2.609078213572502136e-02
2.684248238801956177e-02
2.755846269428730011e-02
2.835289016366004944e-02
2.940633893013000488e-02
3.028444387018680573e-02
3.104730136692523956e-02
3.155989199876785278e-02
3.177018836140632629e-02
3.176651522517204285e-02
3.179292008280754089e-02
3.179292008280754089e-02
3.171780705451965332e-02
3.147338330745697021e-02
3.111690282821655273e-02
3.080578707158565521e-02
3.052713349461555481e-02
3.048792853951454163e-02
3.065205924212932587e-02
3.090681321918964386e-02
3.123166225850582123e-02
3.156230598688125610e-02
3.156230598688125610e-02
3.184003382921218872e-02
3.197582438588142395e-02
3.189101070165634155e-02
3.167957440018653870e-02
3.138395398855209351e-02
3.113677166402339935e-02
3.093482367694377899e-02
3.110002353787422180e-02
3.139150142669677734e-02
3.179333359003067017e-02
3.179333359003067017e-02
3.232138231396675110e-02
3.292519226670265198e-02
3.367356583476066589e-02
3.419772535562515259e-02
3.448239713907241821e-02
3.476583957672119141e-02
3.469051048159599304e-02
3.446453437209129333e-02
3.439589217305183411e-02
3.448560461401939392e-02
3.448560461401939392e-02
3.484543785452842712e-02
3.524418920278549194e-02
3.564479574561119080e-02
3.583293780684471130e-02
3.576137498021125793e-02
3.557603806257247925e-02
3.510564565658569336e-02
3.456363081932067871e-02
3.411702066659927368e-02
3.372062370181083679e-02
3.372062370181083679e-02
3.349638730287551880e-02
3.336065635085105896e-02
3.326985985040664673e-02
3.337558358907699585e-02
3.358065336942672729e-02
3.398988395929336548e-02
3.444846346974372864e-02
3.473072499036788940e-02
3.488537296652793884e-02
3.492573648691177368e-02
3.492573648691177368e-02
3.507317602634429932e-02
3.548632562160491943e-02
3.592105954885482788e-02
3.614691644906997681e-02
3.626926988363265991e-02
3.627762198448181152e-02
3.615417331457138062e-02
3.605032712221145630e-02
3.608445450663566589e-02
3.610038757324218750e-02
3.610038757324218750e-02
3.611363470554351807e-02
3.608667477965354919e-02
3.596018627285957336e-02
3.568671271204948425e-02
3.538844734430313110e-02
3.513389453291893005e-02
3.506801277399063110e-02
3.506801277399063110e-02
3.506801277399063110e-02
3.520637378096580505e-02
3.520637378096580505e-02
3.552410751581192017e-02
3.584550693631172180e-02
3.568561375141143799e-02
3.547231853008270264e-02
3.526936843991279602e-02
3.495261818170547485e-02
3.458435833454132080e-02
3.406780585646629333e-02
3.359236940741539001e-02
3.305545821785926819e-02
3.305545821785926819e-02
3.255677223205566406e-02
3.221425041556358337e-02
3.205096349120140076e-02
3.198430687189102173e-02
3.201360628008842468e-02
3.204493224620819092e-02
3.198597952723503113e-02
3.206171840429306030e-02
3.217450156807899475e-02
3.249721601605415344e-02
3.249721601605415344e-02
3.295918926596641541e-02
3.335489332675933838e-02
3.356559202075004578e-02
3.367048874497413635e-02
3.354737162590026855e-02
3.327177837491035461e-02
3.280732035636901855e-02
3.239368647336959839e-02
3.223607316613197327e-02
3.229615464806556702e-02
3.229615464806556702e-02
3.230857104063034058e-02
3.233612701296806335e-02
3.226792067289352417e-02
3.218577802181243896e-02
3.199101984500885010e-02
3.177417442202568054e-02
3.158697113394737244e-02
3.145481273531913757e-02
3.152119740843772888e-02
3.154862299561500549e-02
3.154862299561500549e-02
3.141330182552337646e-02
3.123325482010841370e-02
3.104351274669170380e-02
3.095178119838237762e-02
3.073493018746376038e-02
3.046360239386558533e-02
3.046387434005737305e-02
3.068600967526435852e-02
3.086285479366779327e-02
3.092227503657341003e-02
3.092227503657341003e-02
3.092147223651409149e-02
3.087234124541282654e-02
3.063735365867614746e-02
3.023843467235565186e-02
2.984114550054073334e-02
2.950716763734817505e-02
2.924959175288677216e-02
2.902628853917121887e-02
2.916177362203598022e-02
2.937913686037063599e-02
2.937913686037063599e-02
2.957247570157051086e-02
2.961752191185951233e-02
2.961054444313049316e-02
2.955237589776515961e-02
2.950509637594223022e-02
2.959480509161949158e-02
2.973924204707145691e-02
2.986729703843593597e-02
3.012167103588581085e-02
3.035800531506538391e-02
3.035800531506538391e-02
3.041858412325382233e-02
3.045300208032131195e-02
3.069097176194190979e-02
3.088831342756748199e-02
3.095660358667373657e-02
3.085870668292045593e-02
3.062351420521736145e-02
3.044522926211357117e-02
3.032852709293365479e-02
3.039912134408950806e-02
3.039912134408950806e-02
3.041093237698078156e-02
3.032431192696094513e-02
3.015052899718284607e-02
2.989541925489902496e-02
2.957627922296524048e-02
2.923223376274108887e-02
2.886977419257164001e-02
2.850700728595256805e-02
2.821468561887741089e-02
2.791035361588001251e-02
2.791035361588001251e-02
2.784742042422294617e-02
2.770675159990787506e-02
2.738879621028900146e-02
2.702884003520011902e-02
2.670880034565925598e-02
2.658190391957759857e-02
2.649194374680519104e-02
2.632084302604198456e-02
2.634198218584060669e-02
2.630865760147571564e-02
2.630865760147571564e-02
2.644642069935798645e-02
2.681064046919345856e-02
2.743665128946304321e-02
2.823540009558200836e-02
2.924394421279430389e-02
3.019702248275279999e-02
3.092583268880844116e-02
3.124322928488254547e-02
3.137139976024627686e-02
3.143907710909843445e-02
3.143907710909843445e-02
3.150146082043647766e-02
3.164359927177429199e-02
3.172293305397033691e-02
3.189579769968986511e-02
3.216066956520080566e-02
3.235250338912010193e-02
3.245275840163230896e-02
3.239145502448081970e-02
3.236876428127288818e-02
3.219883888959884644e-02
3.219883888959884644e-02
3.183993324637413025e-02
3.121783025562763214e-02
3.042229078710079193e-02
2.956026047468185425e-02
2.872817590832710266e-02
2.806974947452545166e-02
2.761180512607097626e-02
2.739164792001247406e-02
2.734088525176048279e-02
2.733725681900978088e-02
2.733725681900978088e-02
2.716798335313796997e-02
2.698243781924247742e-02
2.688714489340782166e-02
2.682004868984222412e-02
2.687873505055904388e-02
2.705455757677555084e-02
2.727978490293025970e-02
2.758317627012729645e-02
2.779480069875717163e-02
2.806090749800205231e-02
2.806090749800205231e-02
2.842036448419094086e-02
2.861277014017105103e-02
2.858440019190311432e-02
2.849206328392028809e-02
2.840502560138702393e-02
2.837960235774517059e-02
2.829383499920368195e-02
2.826702594757080078e-02
2.818895317614078522e-02
2.811022289097309113e-02
2.811022289097309113e-02
2.799992822110652924e-02
2.795372344553470612e-02
2.798180282115936279e-02
2.808599174022674561e-02
2.823560871183872223e-02
2.844797074794769287e-02
2.846311405301094055e-02
2.836798876523971558e-02
2.822813205420970917e-02
2.806310914456844330e-02
2.806310914456844330e-02
2.781767211854457855e-02
2.754553966224193573e-02
2.744953520596027374e-02
2.748802863061428070e-02
2.744708955287933350e-02
2.733191661536693573e-02
2.710827626287937164e-02
2.688111737370491028e-02
2.663517370820045471e-02
2.644156478345394135e-02
2.644156478345394135e-02
2.636494487524032593e-02
2.663795836269855499e-02
2.713317610323429108e-02
2.756827510893344879e-02
2.790132910013198853e-02
2.802515588700771332e-02
2.799232676625251770e-02
2.785370312631130219e-02
2.773272618651390076e-02
2.765775099396705627e-02
2.765775099396705627e-02
2.771269716322422028e-02
2.785309404134750366e-02
2.815615944564342499e-02
2.827556803822517395e-02
2.816457487642765045e-02
2.795329876244068146e-02
2.762021310627460480e-02
2.733765915036201477e-02
2.703252248466014862e-02
2.689978852868080139e-02
2.689978852868080139e-02
2.703418582677841187e-02
2.725498750805854797e-02
2.749335020780563354e-02
2.769442461431026459e-02
2.771868370473384857e-02
2.781534753739833832e-02
2.792331948876380920e-02
2.803072147071361542e-02
2.814278006553649902e-02
2.821879275143146515e-02
2.821879275143146515e-02
2.822305820882320404e-02
2.832896262407302856e-02
2.849101275205612183e-02
2.863167598843574524e-02
2.882314100861549377e-02
2.900923788547515869e-02
2.909136004745960236e-02
2.920523658394813538e-02
2.932294271886348724e-02
2.942573651671409607e-02
2.942573651671409607e-02
2.957230992615222931e-02
2.972407825291156769e-02
2.982316352427005768e-02
2.989912778139114380e-02
2.995005063712596893e-02
2.998626790940761566e-02
3.075042366981506348e-02
3.121059015393257141e-02
3.154611960053443909e-02
3.162429109215736389e-02
3.162429109215736389e-02
3.154410049319267273e-02
3.129990771412849426e-02
3.096505813300609589e-02
3.079572692513465881e-02
3.072636574506759644e-02
3.076242655515670776e-02
3.080926090478897095e-02
3.085991181433200836e-02
3.068855963647365570e-02
3.012171760201454163e-02
3.012171760201454163e-02
2.955121546983718872e-02
2.912958152592182159e-02
2.890150249004364014e-02
2.875784970819950104e-02
2.902390249073505402e-02
2.944384701550006866e-02
2.984378486871719360e-02
2.997681498527526855e-02
2.977338433265686035e-02
2.929334342479705811e-02
2.929334342479705811e-02
2.883831597864627838e-02
2.838610671460628510e-02
2.776564285159111023e-02
2.764255553483963013e-02
2.769942395389080048e-02
2.791043557226657867e-02
2.802252396941184998e-02
2.793872170150279999e-02
2.769345045089721680e-02
2.717422321438789368e-02
