7.187168105705485886e-03
7.187168105705485886e-03
7.591681045858994850e-03
6.811621364302440987e-03
6.682137324631243214e-03
6.517131869485251819e-03
6.208958680913830193e-03
6.146981681502193366e-03
6.298043140847459261e-03
5.897496178509470562e-03
5.910074241521984240e-03
5.879003646711242551e-03
5.879003646711242551e-03
6.290073678837827288e-03
6.575663371788591921e-03
6.908147107544979765e-03
7.112190937273754274e-03
7.250570296442617434e-03
6.579647386662073119e-03
6.050759126157602766e-03
5.551256812045141271e-03
5.044297070652835682e-03
4.543771439741614918e-03
