9.475341998040676117e-03
9.475341998040676117e-03
9.985214099287986755e-03
9.955195710062980652e-03
9.724176488816738129e-03
9.759616106748580933e-03
9.880411438643932343e-03
1.003653090447187424e-02
1.017309818416833878e-02
1.026904676109552383e-02
1.049326080828905106e-02
1.057427935302257538e-02
1.057427935302257538e-02
1.080509275197982788e-02
1.105742622166872025e-02
1.142152119427919388e-02
1.174213457852602005e-02
1.194726116955280304e-02
1.209495961666107178e-02
1.229519303888082504e-02
1.253302674740552902e-02
1.276048086583614349e-02
1.286307629197835922e-02
1.286307629197835922e-02
1.293027494102716446e-02
1.295984536409378052e-02
1.287878118455410004e-02
1.263832673430442810e-02
1.232260745018720627e-02
1.200577151030302048e-02
1.165473088622093201e-02
1.146488077938556671e-02
1.121975854039192200e-02
1.103599462658166885e-02
1.103599462658166885e-02
1.089978404343128204e-02
1.067387592047452927e-02
1.038820948451757431e-02
1.020564883947372437e-02
1.008298993110656738e-02
9.990425780415534973e-03
1.006149686872959137e-02
1.020512357354164124e-02
1.041192840784788132e-02
1.054071169346570969e-02
1.054071169346570969e-02
1.056212373077869415e-02
1.067005749791860580e-02
1.081380993127822876e-02
1.110387779772281647e-02
1.135411392897367477e-02
1.151926629245281219e-02
1.159306988120079041e-02
1.181837264448404312e-02
1.210167817771434784e-02
1.238725148141384125e-02
1.238725148141384125e-02
1.267721597105264664e-02
1.287558302283287048e-02
1.297801919281482697e-02
1.291432324796915054e-02
1.282795239239931107e-02
1.279850676655769348e-02
1.292534265667200089e-02
1.308626960963010788e-02
1.323321647942066193e-02
1.330801751464605331e-02
1.330801751464605331e-02
1.336680725216865540e-02
1.332964561879634857e-02
1.342301256954669952e-02
1.342238392680883408e-02
1.329885143786668777e-02
1.320890150964260101e-02
1.302786078304052353e-02
1.285212580114603043e-02
1.284059975296258926e-02
1.276800595223903656e-02
1.276800595223903656e-02
1.263013575226068497e-02
1.235582586377859116e-02
1.206746790558099747e-02
1.170224603265523911e-02
1.142844650894403458e-02
1.114696636795997620e-02
1.097332779318094254e-02
1.085105165839195251e-02
1.073581166565418243e-02
1.066564116626977921e-02
1.066564116626977921e-02
1.055842544883489609e-02
1.039665378630161285e-02
1.022443454712629318e-02
9.979657828807830811e-03
9.835525415837764740e-03
9.905566461384296417e-03
1.010093651711940765e-02
1.032053958624601364e-02
1.049633976072072983e-02
1.056454051285982132e-02
1.056454051285982132e-02
1.064831577241420746e-02
1.071664504706859589e-02
1.082960516214370728e-02
1.093006506562232971e-02
1.098979171365499496e-02
1.098887901753187180e-02
1.095465011894702911e-02
1.103036478161811829e-02
1.093787327408790588e-02
1.096673216670751572e-02
1.096673216670751572e-02
1.107427105307579041e-02
1.114523131400346756e-02
1.129196863621473312e-02
1.150926668196916580e-02
1.167963724583387375e-02
1.176995690912008286e-02
1.163197308778762817e-02
1.147850137203931808e-02
1.129503827542066574e-02
1.115224510431289673e-02
1.115224510431289673e-02
1.091277413070201874e-02
1.071187946945428848e-02
1.052889041602611542e-02
1.038593798875808716e-02
1.011776551604270935e-02
9.822774678468704224e-03
9.597321972250938416e-03
9.367287158966064453e-03
9.201756678521633148e-03
9.032529778778553009e-03
9.032529778778553009e-03
8.853133767843246460e-03
8.706832304596900940e-03
8.585118688642978668e-03
8.480633608996868134e-03
8.376484736800193787e-03
8.342995308339595795e-03
8.281908929347991943e-03
8.326959796249866486e-03
8.381966501474380493e-03
8.490622974932193756e-03
8.490622974932193756e-03
8.603665046393871307e-03
8.706321008503437042e-03
8.760626427829265594e-03
8.761174045503139496e-03
8.690319024026393890e-03
8.568852208554744720e-03
8.516969159245491028e-03
8.455227129161357880e-03
8.422332815825939178e-03
8.448200300335884094e-03
8.448200300335884094e-03
8.497150614857673645e-03
8.617517538368701935e-03
8.719963952898979187e-03
8.849916979670524597e-03
8.977966383099555969e-03
9.111348539590835571e-03
9.183141402900218964e-03
9.325342252850532532e-03
9.436467662453651428e-03
9.587225504219532013e-03
9.587225504219532013e-03
9.704126045107841492e-03
9.818542748689651489e-03
9.902779012918472290e-03
9.942900389432907104e-03
9.861123748123645782e-03
9.710077196359634399e-03
9.480157867074012756e-03
9.253963828086853027e-03
8.944664150476455688e-03
8.663453161716461182e-03
8.663453161716461182e-03
8.455631323158740997e-03
8.285713382065296173e-03
8.179568685591220856e-03
8.128326386213302612e-03
8.210681378841400146e-03
8.338876999914646149e-03
8.615577593445777893e-03
8.905085735023021698e-03
9.183282963931560516e-03
9.476769715547561646e-03
9.476769715547561646e-03
9.758969768881797791e-03
9.993812069296836853e-03
1.017807610332965851e-02
1.035623159259557724e-02
1.054555550217628479e-02
1.080515049397945404e-02
1.104683522135019302e-02
1.135409530252218246e-02
1.159649062901735306e-02
1.188003830611705780e-02
1.188003830611705780e-02
1.205837074667215347e-02
1.225272659212350845e-02
1.240075100213289261e-02
1.254078466445207596e-02
1.262813713401556015e-02
1.273544598370790482e-02
1.276182476431131363e-02
1.276182476431131363e-02
1.275969855487346649e-02
1.269823964685201645e-02
1.269823964685201645e-02
1.258674915879964828e-02
1.246505975723266602e-02
1.230877172201871872e-02
1.214086450636386871e-02
1.197338290512561798e-02
1.174749340862035751e-02
1.147184800356626511e-02
1.121926587074995041e-02
1.102990843355655670e-02
1.092951372265815735e-02
1.092951372265815735e-02
1.087192911654710770e-02
1.078397966921329498e-02
1.073885336518287659e-02
1.067977864295244217e-02
1.056694332510232925e-02
1.044490281492471695e-02
1.033242885023355484e-02
1.025361567735671997e-02
1.018864195793867111e-02
1.019776985049247742e-02
1.019776985049247742e-02
1.015221420675516129e-02
1.013858150690793991e-02
1.018825918436050415e-02
1.033951900899410248e-02
1.048022694885730743e-02
1.068708300590515137e-02
1.085842307657003403e-02
1.104424707591533661e-02
1.118633896112442017e-02
1.123406551778316498e-02
1.123406551778316498e-02
1.128209941089153290e-02
1.136655826121568680e-02
1.147670205682516098e-02
1.153594627976417542e-02
1.159846410155296326e-02
1.167717669159173965e-02
1.174969598650932312e-02
1.185749936848878860e-02
1.198383327573537827e-02
1.204593852162361145e-02
1.204593852162361145e-02
1.208538934588432312e-02
1.203560363501310349e-02
1.194033864885568619e-02
1.185121852904558182e-02
1.177464798092842102e-02
1.182910799980163574e-02
1.194516196846961975e-02
1.206683088093996048e-02
1.220994815230369568e-02
1.227543409913778305e-02
