3.228899836540222168e-02
3.181168809533119202e-02
3.204702213406562805e-02
3.220128640532493591e-02
3.211631998419761658e-02
3.177030384540557861e-02
3.157337754964828491e-02
3.149938583374023438e-02
3.165249526500701904e-02
3.182436153292655945e-02
3.196408972144126892e-02
3.196408972144126892e-02
3.224396705627441406e-02
3.258691728115081787e-02
3.282926976680755615e-02
3.309598565101623535e-02
3.301686421036720276e-02
3.289517015218734741e-02
3.282772377133369446e-02
3.270475566387176514e-02
3.248088806867599487e-02
3.224161267280578613e-02
3.224161267280578613e-02
3.223001584410667419e-02
3.225389868021011353e-02
3.234041482210159302e-02
3.239858523011207581e-02
3.255037218332290649e-02
3.261861577630043030e-02
3.266868740320205688e-02
3.260273486375808716e-02
3.242121264338493347e-02
3.212661296129226685e-02
3.212661296129226685e-02
3.183344751596450806e-02
3.149474039673805237e-02
3.120398707687854767e-02
3.079334273934364319e-02
3.042916208505630493e-02
3.017333894968032837e-02
2.998743019998073578e-02
2.975981682538986206e-02
2.959705330431461334e-02
2.946420945227146149e-02
2.946420945227146149e-02
2.959516085684299469e-02
2.964103221893310547e-02
2.979219332337379456e-02
2.997638471424579620e-02
3.018425405025482178e-02
3.037423640489578247e-02
3.049067780375480652e-02
3.044010698795318604e-02
3.032876364886760712e-02
3.033545054495334625e-02
3.033545054495334625e-02
3.035992756485939026e-02
3.034356050193309784e-02
3.033236227929592133e-02
3.045569360256195068e-02
3.054162301123142242e-02
3.057132102549076080e-02
3.057591058313846588e-02
3.052432835102081299e-02
3.046787902712821960e-02
3.037350438535213470e-02
3.037350438535213470e-02
3.032376803457736969e-02
3.017500601708889008e-02
2.999496087431907654e-02
2.976487576961517334e-02
2.954051084816455841e-02
2.926512807607650757e-02
2.903765439987182617e-02
2.865718305110931396e-02
2.834366448223590851e-02
2.810966037213802338e-02
2.810966037213802338e-02
2.789357863366603851e-02
2.769731916487216949e-02
2.740568853914737701e-02
2.720791660249233246e-02
2.715928293764591217e-02
2.713999897241592407e-02
2.714583650231361389e-02
2.709509246051311493e-02
2.713254652917385101e-02
2.713861875236034393e-02
2.713861875236034393e-02
2.707188203930854797e-02
2.697761915624141693e-02
2.686508372426033020e-02
2.679762430489063263e-02
2.653166092932224274e-02
2.626879885792732239e-02
2.613802999258041382e-02
2.594371512532234192e-02
2.571696974337100983e-02
2.555501274764537811e-02
2.555501274764537811e-02
2.531985379755496979e-02
2.497562579810619354e-02
2.457642368972301483e-02
2.413612976670265198e-02
2.373594231903553009e-02
2.335475012660026550e-02
2.294044569134712219e-02
2.256060391664505005e-02
2.210264652967453003e-02
2.159429527819156647e-02
2.159429527819156647e-02
2.105633355677127838e-02
2.050065435469150543e-02
1.995658874511718750e-02
1.946362107992172241e-02
1.891654171049594879e-02
1.825934462249279022e-02
1.767913065850734711e-02
1.722087338566780090e-02
1.669903099536895752e-02
1.615281589329242706e-02
1.615281589329242706e-02
1.555173378437757492e-02
1.487661339342594147e-02
1.404477935284376144e-02
1.316243410110473633e-02
1.239741034805774689e-02
1.176239270716905594e-02
1.123737916350364685e-02
1.070102490484714508e-02
1.024795230478048325e-02
9.749587625265121460e-03
9.749587625265121460e-03
9.291712194681167603e-03
8.907267823815345764e-03
8.562482893466949463e-03
8.257880806922912598e-03
8.067172020673751831e-03
7.807406596839427948e-03
7.801071275025606155e-03
7.862799800932407379e-03
8.000780828297138214e-03
8.167877793312072754e-03
8.167877793312072754e-03
8.210578002035617828e-03
8.332727476954460144e-03
8.460423909127712250e-03
8.692444302141666412e-03
8.887887001037597656e-03
9.122078306972980499e-03
9.226985275745391846e-03
9.349990636110305786e-03
9.511473588645458221e-03
9.714229032397270203e-03
9.714229032397270203e-03
9.935854002833366394e-03
1.008924283087253571e-02
1.016135606914758682e-02
1.015456765890121460e-02
1.009593624621629715e-02
1.011652592569589615e-02
1.004656683653593063e-02
9.828740730881690979e-03
9.688327088952064514e-03
9.604293853044509888e-03
9.604293853044509888e-03
9.443843737244606018e-03
9.255766868591308594e-03
9.073863737285137177e-03
8.670492097735404968e-03
8.224082179367542267e-03
7.635381538420915604e-03
7.062204182147979736e-03
6.563030183315277100e-03
6.099388469010591507e-03
5.788732785731554031e-03
5.788732785731554031e-03
5.597505252808332443e-03
5.445618182420730591e-03
5.336070898920297623e-03
5.294097121804952621e-03
5.318595562130212784e-03
5.630178377032279968e-03
6.112894043326377869e-03
6.638121325522661209e-03
7.279750425368547440e-03
7.976389490067958832e-03
7.976389490067958832e-03
8.712475188076496124e-03
9.281964972615242004e-03
9.879099205136299133e-03
1.051894947886466980e-02
1.116234902292490005e-02
1.166404690593481064e-02
1.207005046308040619e-02
1.236675307154655457e-02
1.250081416219472885e-02
1.245293021202087402e-02
1.245293021202087402e-02
1.244458649307489395e-02
1.248164661228656769e-02
1.246646605432033539e-02
1.242547482252120972e-02
1.241671852767467499e-02
1.240930240601301193e-02
1.246904768049716949e-02
1.250019576400518417e-02
1.262681931257247925e-02
1.258102059364318848e-02
1.258102059364318848e-02
1.255959551781415939e-02
1.253709010779857635e-02
1.263962499797344208e-02
1.276174373924732208e-02
1.294824387878179550e-02
1.316396333277225494e-02
1.341240201145410538e-02
1.354539953172206879e-02
1.365896966308355331e-02
1.378622651100158691e-02
1.378622651100158691e-02
1.372562441974878311e-02
1.365556847304105759e-02
1.373759284615516663e-02
1.388687174767255783e-02
1.408217940479516983e-02
1.424580439925193787e-02
1.447884086519479752e-02
1.458739396184682846e-02
1.474224682897329330e-02
1.500895526260137558e-02
1.500895526260137558e-02
1.524841785430908203e-02
1.537538971751928329e-02
1.558485534042119980e-02
1.578643918037414551e-02
1.596999168395996094e-02
1.621012948453426361e-02
1.658111438155174255e-02
1.697175204753875732e-02
1.742638275027275085e-02
1.780395209789276123e-02
1.780395209789276123e-02
1.813045144081115723e-02
1.844272762537002563e-02
1.886447146534919739e-02
1.930040493607521057e-02
1.977421715855598450e-02
2.011525072157382965e-02
2.025533095002174377e-02
2.012452483177185059e-02
1.985907368361949921e-02
1.953645050525665283e-02
1.953645050525665283e-02
1.906454190611839294e-02
1.849677413702011108e-02
1.794404722750186920e-02
1.748706586658954620e-02
1.714390702545642853e-02
1.681231707334518433e-02
1.629534550011157990e-02
1.576565019786357880e-02
1.512888167053461075e-02
1.463577896356582642e-02
1.463577896356582642e-02
1.404901314526796341e-02
1.359732262790203094e-02
1.335573196411132812e-02
1.336027961224317551e-02
1.349850650876760483e-02
1.381351985037326813e-02
1.413993630558252335e-02
1.449621375650167465e-02
1.476152427494525909e-02
1.493418682366609573e-02
1.493418682366609573e-02
1.491691078990697861e-02
1.473257597535848618e-02
1.440402120351791382e-02
1.397722121328115463e-02
1.358961779624223709e-02
1.313795614987611771e-02
1.260933093726634979e-02
1.208922360092401505e-02
1.165079697966575623e-02
1.139823161065578461e-02
1.139823161065578461e-02
1.122749131172895432e-02
1.108360197395086288e-02
1.101064868271350861e-02
1.100707799196243286e-02
1.104263495653867722e-02
1.102744787931442261e-02
1.101963687688112259e-02
1.108755730092525482e-02
1.118004228919744492e-02
1.125059556216001511e-02
1.125059556216001511e-02
1.136552728712558746e-02
1.151303667575120926e-02
1.182573661208152771e-02
1.209921948611736298e-02
1.223898027092218399e-02
1.238110382109880447e-02
1.254624314606189728e-02
1.267364155501127243e-02
1.265258714556694031e-02
1.246807724237442017e-02
1.246807724237442017e-02
1.209921948611736298e-02
1.149600651115179062e-02
1.091855391860008240e-02
1.037800405174493790e-02
1.005693711340427399e-02
9.950462728738784790e-03
1.008446700870990753e-02
1.047222595661878586e-02
1.089385896921157837e-02
1.127103623002767563e-02
1.127103623002767563e-02
1.200281362980604172e-02
1.258593238890171051e-02
1.307951286435127258e-02
1.346494071185588837e-02
1.371815335005521774e-02
1.384546514600515366e-02
1.380909141153097153e-02
1.369690336287021637e-02
1.345158368349075317e-02
1.313026063144207001e-02
1.313026063144207001e-02
1.287259627133607864e-02
1.261694729328155518e-02
1.239523850381374359e-02
1.242702268064022064e-02
1.237296126782894135e-02
1.244497206062078476e-02
1.252196822315454483e-02
1.263492181897163391e-02
1.286491937935352325e-02
1.313774660229682922e-02
1.313774660229682922e-02
1.332447770982980728e-02
1.332447770982980728e-02
1.332447770982980728e-02
1.353899296373128891e-02
1.379874628037214279e-02
1.408477500081062317e-02
1.438468787819147110e-02
1.465275231748819351e-02
1.501024793833494186e-02
1.545171346515417099e-02
1.545171346515417099e-02
1.571965962648391724e-02
1.600576750934123993e-02
1.629214920103549957e-02
1.656647585332393646e-02
1.691351458430290222e-02
1.715380139648914337e-02
1.728565990924835205e-02
1.732702739536762238e-02
1.728259958326816559e-02
1.689128205180168152e-02
1.689128205180168152e-02
1.662960648536682129e-02
1.644536480307579041e-02
1.633192598819732666e-02
1.622212678194046021e-02
1.624952070415019989e-02
1.626811176538467407e-02
1.624467037618160248e-02
1.612481847405433655e-02
1.590764895081520081e-02
1.564649492502212524e-02
1.564649492502212524e-02
1.539331395179033279e-02
1.511537283658981323e-02
1.477195974439382553e-02
1.449297927320003510e-02
1.428686454892158508e-02
1.416022237390279770e-02
1.404775865375995636e-02
1.402316987514495850e-02
1.403493247926235199e-02
1.411842368543148041e-02
1.411842368543148041e-02
1.418371684849262238e-02
1.428657490760087967e-02
1.439120341092348099e-02
1.456284988671541214e-02
1.473041530698537827e-02
1.487937755882740021e-02
1.490659173578023911e-02
1.485857367515563965e-02
1.481643971055746078e-02
1.478987280279397964e-02
1.478987280279397964e-02
1.474405173212289810e-02
1.471339724957942963e-02
1.475213654339313507e-02
1.483152806758880615e-02
1.504002697765827179e-02
1.526668574661016464e-02
1.547644194215536118e-02
1.572437584400177002e-02
1.609711907804012299e-02
1.645581424236297607e-02
1.645581424236297607e-02
1.679110527038574219e-02
1.708581857383251190e-02
1.735771261155605316e-02
1.758241839706897736e-02
1.772812195122241974e-02
1.773964799940586090e-02
1.770678162574768066e-02
1.766294986009597778e-02
1.771914772689342499e-02
1.793353073298931122e-02
1.793353073298931122e-02
1.813169196248054504e-02
1.840009726583957672e-02
1.862721890211105347e-02
1.884691417217254639e-02
1.908105611801147461e-02
1.917438395321369171e-02
1.923077180981636047e-02
1.920303329825401306e-02
1.912715844810009003e-02
1.902173459529876709e-02
1.902173459529876709e-02
1.899076439440250397e-02
1.896550878882408142e-02
1.902686804533004761e-02
1.902738027274608612e-02
1.909050345420837402e-02
1.922416500747203827e-02
1.946273259818553925e-02
1.971533522009849548e-02
1.995499245822429657e-02
2.007298171520233154e-02
2.007298171520233154e-02
2.010150067508220673e-02
1.998048089444637299e-02
1.979848556220531464e-02
1.955651678144931793e-02
1.938562095165252686e-02
1.924574933946132660e-02
1.901949010789394379e-02
1.882639713585376740e-02
1.870810799300670624e-02
1.869032531976699829e-02
1.869032531976699829e-02
1.895939372479915619e-02
1.932234875857830048e-02
1.962773315608501434e-02
1.973107643425464630e-02
1.972460933029651642e-02
1.956393197178840637e-02
1.916300877928733826e-02
1.871788874268531799e-02
1.817725412547588348e-02
1.767644844949245453e-02
1.767644844949245453e-02
1.729486137628555298e-02
1.704156957566738129e-02
1.688529364764690399e-02
1.690785773098468781e-02
1.702256500720977783e-02
1.725219935178756714e-02
1.753161661326885223e-02
1.777916029095649719e-02
1.799624972045421600e-02
1.822837255895137787e-02
1.822837255895137787e-02
1.836276799440383911e-02
1.848733983933925629e-02
1.850085705518722534e-02
1.849110424518585205e-02
1.856169290840625763e-02
1.823770999908447266e-02
1.797653548419475555e-02
1.788224279880523682e-02
1.790348812937736511e-02
1.803235337138175964e-02
1.803235337138175964e-02
1.827798411250114441e-02
1.864272914826869965e-02
1.927389763295650482e-02
1.991534046828746796e-02
2.064600773155689240e-02
2.122534438967704773e-02
2.167132496833801270e-02
2.191150188446044922e-02
2.206217125058174133e-02
2.207649685442447662e-02
2.207649685442447662e-02
2.198907732963562012e-02
2.192280441522598267e-02
2.184185385704040527e-02
2.175257727503776550e-02
2.165623754262924194e-02
2.159764058887958527e-02
2.163459546864032745e-02
2.166569977998733521e-02
2.171745337545871735e-02
2.178006060421466827e-02
2.178006060421466827e-02
2.187590114772319794e-02
2.192036993801593781e-02
2.205185778439044952e-02
2.216182462871074677e-02
2.221678756177425385e-02
2.219299040734767914e-02
2.211626991629600525e-02
2.203507535159587860e-02
2.188521809875965118e-02
2.170408144593238831e-02
2.170408144593238831e-02
2.152899280190467834e-02
2.130649983882904053e-02
2.123098075389862061e-02
2.127601765096187592e-02
2.134745195508003235e-02
2.141028270125389099e-02
2.146797627210617065e-02
2.142247930169105530e-02
2.138551324605941772e-02
2.130668610334396362e-02
2.130668610334396362e-02
2.137223444879055023e-02
2.135519310832023621e-02
2.123670093715190887e-02
2.109524607658386230e-02
2.103755623102188110e-02
2.101903222501277924e-02
2.099116519093513489e-02
2.114405110478401184e-02
2.139887958765029907e-02
2.172299101948738098e-02
2.172299101948738098e-02
2.205106243491172791e-02
2.236686274409294128e-02
2.270131558179855347e-02
2.288341708481311798e-02
2.267643623054027557e-02
2.230335958302021027e-02
2.190461754798889160e-02
2.160089276731014252e-02
2.139067463576793671e-02
2.132325619459152222e-02
2.132325619459152222e-02
2.128269150853157043e-02
2.135385200381278992e-02
2.146793901920318604e-02
2.163196913897991180e-02
2.178005315363407135e-02
2.197398990392684937e-02
2.222468331456184387e-02
2.252849191427230835e-02
2.283175662159919739e-02
2.307684160768985748e-02
2.307684160768985748e-02
2.331969887018203735e-02
2.350033447146415710e-02
2.366373687982559204e-02
2.378054335713386536e-02
2.397051081061363220e-02
2.411234192550182343e-02
2.444972842931747437e-02
2.465096861124038696e-02
2.477680705487728119e-02
2.484984137117862701e-02
