9.939745068550109863e-03
9.939745068550109863e-03
1.040490064769983292e-02
1.047469582408666611e-02
1.020245440304279327e-02
1.005993876606225967e-02
9.934836067259311676e-03
9.868950583040714264e-03
9.852934628725051880e-03
9.973924607038497925e-03
9.986729361116886139e-03
9.971565566956996918e-03
9.971565566956996918e-03
9.939901530742645264e-03
1.000724360346794128e-02
1.015183981508016586e-02
1.021742261946201324e-02
1.029497757554054260e-02
1.025697682052850723e-02
1.009946409612894058e-02
9.822640568017959595e-03
9.586930274963378906e-03
9.390274994075298309e-03
9.390274994075298309e-03
9.241968393325805664e-03
9.138962253928184509e-03
9.135263971984386444e-03
9.309439919888973236e-03
9.546320885419845581e-03
9.823714382946491241e-03
1.018936187028884888e-02
1.058821193873882294e-02
1.104310061782598495e-02
1.148332376033067703e-02
1.148332376033067703e-02
1.192598324269056320e-02
1.232919469475746155e-02
1.262774132192134857e-02
1.279920153319835663e-02
1.286861672997474670e-02
1.282951701432466507e-02
1.261202152818441391e-02
1.213570591062307358e-02
1.168082375079393387e-02
1.115872431546449661e-02
1.115872431546449661e-02
1.062897313386201859e-02
1.011596620082855225e-02
9.496388956904411316e-03
8.880053646862506866e-03
8.336105383932590485e-03
8.027716539800167084e-03
7.802608888596296310e-03
7.733162958174943924e-03
7.713668048381805420e-03
7.543785963207483292e-03
7.543785963207483292e-03
7.344400975853204727e-03
7.144482340663671494e-03
6.978372577577829361e-03
6.825779564678668976e-03
6.694125011563301086e-03
6.615443155169487000e-03
6.641716696321964264e-03
6.736347917467355728e-03
6.891822908073663712e-03
7.076405920088291168e-03
7.076405920088291168e-03
7.118186913430690765e-03
7.069647777825593948e-03
6.975578609853982925e-03
6.812713574618101120e-03
6.791102699935436249e-03
6.751802284270524979e-03
6.784227211028337479e-03
6.846176926046609879e-03
6.811372004449367523e-03
6.717538926750421524e-03
6.717538926750421524e-03
6.603569258004426956e-03
6.546619813889265060e-03
6.580377463251352310e-03
6.675778888165950775e-03
6.804706994444131851e-03
6.900068838149309158e-03
6.924642715603113174e-03
6.822155788540840149e-03
6.703972350805997849e-03
6.679053883999586105e-03
6.679053883999586105e-03
6.755954120308160782e-03
6.949759554117918015e-03
7.236641366034746170e-03
7.482088636606931686e-03
7.638727314770221710e-03
7.651673629879951477e-03
7.562216371297836304e-03
7.441330701112747192e-03
7.355823647230863571e-03
7.333146873861551285e-03
7.333146873861551285e-03
7.433482911437749863e-03
7.668175268918275833e-03
7.835484109818935394e-03
7.901263423264026642e-03
7.889561355113983154e-03
7.822796702384948730e-03
7.688240148127079010e-03
7.435397244989871979e-03
7.277937140315771103e-03
7.166785188019275665e-03
7.166785188019275665e-03
7.109701633453369141e-03
7.076257374137639999e-03
7.020363584160804749e-03
6.894890218973159790e-03
6.686690263450145721e-03
6.443496327847242355e-03
6.202114745974540710e-03
6.000068038702011108e-03
5.852654110640287399e-03
5.774541292339563370e-03
5.774541292339563370e-03
5.716271698474884033e-03
5.685119889676570892e-03
5.641607567667961121e-03
5.587423685938119888e-03
5.478809121996164322e-03
5.382347386330366135e-03
5.316765047609806061e-03
5.301791243255138397e-03
5.350865423679351807e-03
5.497402045875787735e-03
5.497402045875787735e-03
5.567559972405433655e-03
5.524062085896730423e-03
5.445532500743865967e-03
5.298543255776166916e-03
5.125273950397968292e-03
4.953577183187007904e-03
4.820566624402999878e-03
4.721359349787235260e-03
4.672567825764417648e-03
4.670100752264261246e-03
4.670100752264261246e-03
4.635823424905538559e-03
4.596399608999490738e-03
4.569796379655599594e-03
4.572195000946521759e-03
4.579497966915369034e-03
4.577151034027338028e-03
4.538617562502622604e-03
4.466100130230188370e-03
4.373261705040931702e-03
4.302093293517827988e-03
4.302093293517827988e-03
4.331362433731555939e-03
4.473649896681308746e-03
4.671920556575059891e-03
4.878177307546138763e-03
5.114176310598850250e-03
5.350979510694742203e-03
5.527966655790805817e-03
5.702777765691280365e-03
5.827419459819793701e-03
5.894930101931095123e-03
5.894930101931095123e-03
6.043852772563695908e-03
6.097361445426940918e-03
6.087949499487876892e-03
6.019085645675659180e-03
5.968037992715835571e-03
5.932004190981388092e-03
5.937597248703241348e-03
6.023104302585124969e-03
6.184160709381103516e-03
6.391954608261585236e-03
6.391954608261585236e-03
6.670447532087564468e-03
7.070920895785093307e-03
7.550017442554235458e-03
8.130423724651336670e-03
8.753643371164798737e-03
9.280892089009284973e-03
9.607451036572456360e-03
9.801140986382961273e-03
9.764200076460838318e-03
9.640965610742568970e-03
9.640965610742568970e-03
9.563996456563472748e-03
9.520175866782665253e-03
9.539509192109107971e-03
9.577280841767787933e-03
9.762219153344631195e-03
9.954525157809257507e-03
1.023421809077262878e-02
1.052496489137411118e-02
1.086862571537494659e-02
1.117530930787324905e-02
1.117530930787324905e-02
1.148737780749797821e-02
1.178429182618856430e-02
1.209164783358573914e-02
1.236365921795368195e-02
1.259600464254617691e-02
1.273027062416076660e-02
1.282588951289653778e-02
1.283911708742380142e-02
1.280868239700794220e-02
1.280197314918041229e-02
1.280197314918041229e-02
1.279873494058847427e-02
1.282306388020515442e-02
1.274376269429922104e-02
1.262699812650680542e-02
1.244539022445678711e-02
1.224156189709901810e-02
1.206948421895503998e-02
1.187954377382993698e-02
1.167180202901363373e-02
1.144767738878726959e-02
1.144767738878726959e-02
1.108860131353139877e-02
1.072456315159797668e-02
1.029123365879058838e-02
9.741960093379020691e-03
9.133107028901576996e-03
8.444448001682758331e-03
7.689086720347404480e-03
6.972589995712041855e-03
6.345930509269237518e-03
5.894603207707405090e-03
5.894603207707405090e-03
5.616714712232351303e-03
5.545318126678466797e-03
5.592700559645891190e-03
5.636872723698616028e-03
5.683557596057653427e-03
5.693037994205951691e-03
5.723805166780948639e-03
5.703651346266269684e-03
5.714213009923696518e-03
5.737222731113433838e-03
5.737222731113433838e-03
5.755931604653596878e-03
5.783404689282178879e-03
5.848356056958436966e-03
5.956632550805807114e-03
6.074650213122367859e-03
6.206257734447717667e-03
6.319226697087287903e-03
6.490119267255067825e-03
6.717239972203969955e-03
6.952147465199232101e-03
6.952147465199232101e-03
7.182813249528408051e-03
7.229265291243791580e-03
7.229744922369718552e-03
7.252671290189027786e-03
7.288047578185796738e-03
7.325753569602966309e-03
7.370713632553815842e-03
7.379239890724420547e-03
7.357239723205566406e-03
7.327172905206680298e-03
7.327172905206680298e-03
7.320023141801357269e-03
7.536682300269603729e-03
7.770227268338203430e-03
8.008990436792373657e-03
8.225247263908386230e-03
8.340391330420970917e-03
8.359923958778381348e-03
8.301862515509128571e-03
8.195481263101100922e-03
8.090890944004058838e-03
