4.088912904262542725e-02
4.088912904262542725e-02
4.207687824964523315e-02
4.186861589550971985e-02
4.111218079924583435e-02
4.018533229827880859e-02
3.942434862256050110e-02
3.853145241737365723e-02
3.756807371973991394e-02
3.682652488350868225e-02
3.606121614575386047e-02
3.535789623856544495e-02
3.535789623856544495e-02
3.478001803159713745e-02
3.431668877601623535e-02
3.407217562198638916e-02
3.387812897562980652e-02
3.358957543969154358e-02
3.332560509443283081e-02
3.304094076156616211e-02
3.274322301149368286e-02
3.235641121864318848e-02
3.181082010269165039e-02
3.181082010269165039e-02
3.127317503094673157e-02
3.063508681952953339e-02
3.001315519213676453e-02
2.952756732702255249e-02
2.916266024112701416e-02
2.880005352199077606e-02
2.828874811530113220e-02
2.797806635499000549e-02
2.758790366351604462e-02
2.721467427909374237e-02
2.721467427909374237e-02
2.702666632831096649e-02
2.669839374721050262e-02
2.669839374721050262e-02
2.636270970106124878e-02
2.604038268327713013e-02
2.581143006682395935e-02
2.557630278170108795e-02
2.539277635514736176e-02
2.516170218586921692e-02
2.489568293094635010e-02
2.489568293094635010e-02
2.470707148313522339e-02
2.458524703979492188e-02
2.450033836066722870e-02
2.424478530883789062e-02
2.405456453561782837e-02
2.384718507528305054e-02
2.364901453256607056e-02
2.345285378396511078e-02
2.325441874563694000e-02
2.270431630313396454e-02
2.270431630313396454e-02
2.210508100688457489e-02
2.155108377337455750e-02
2.104070037603378296e-02
2.047103084623813629e-02
2.004137635231018066e-02
1.962692290544509888e-02
1.943222433328628540e-02
1.916363649070262909e-02
1.900438219308853149e-02
1.894458942115306854e-02
1.894458942115306854e-02
1.903476193547248840e-02
1.915721222758293152e-02
1.915721222758293152e-02
1.942255906760692596e-02
1.956601440906524658e-02
1.965713314712047577e-02
1.975256018340587616e-02
1.974289119243621826e-02
1.969317346811294556e-02
1.943964138627052307e-02
1.943964138627052307e-02
1.920668967068195343e-02
1.916841603815555573e-02
1.911738328635692596e-02
1.897709257900714874e-02
1.890567131340503693e-02
1.887648925185203552e-02
1.880350895226001740e-02
1.864010468125343323e-02
1.846317015588283539e-02
1.835352554917335510e-02
1.835352554917335510e-02
1.831320114433765411e-02
1.830994710326194763e-02
1.839377917349338531e-02
1.844443008303642273e-02
1.848672702908515930e-02
1.846354641020298004e-02
1.852285116910934448e-02
1.865272037684917450e-02
1.874736696481704712e-02
1.892403699457645416e-02
1.892403699457645416e-02
1.916763931512832642e-02
1.966818422079086304e-02
1.998258754611015320e-02
2.032930962741374969e-02
2.069728262722492218e-02
2.112205140292644501e-02
2.141659520566463470e-02
2.188157103955745697e-02
2.212555892765522003e-02
2.227179892361164093e-02
2.227179892361164093e-02
2.209882624447345734e-02
2.175717614591121674e-02
2.125958353281021118e-02
2.076264098286628723e-02
2.023769356310367584e-02
1.965570077300071716e-02
1.894360221922397614e-02
1.825621165335178375e-02
1.782912202179431915e-02
1.744231581687927246e-02
1.744231581687927246e-02
1.704428717494010925e-02
1.661789417266845703e-02
1.606922596693038940e-02
1.543713733553886414e-02
1.469943299889564514e-02
1.399205625057220459e-02
1.324732322245836258e-02
1.243613753467798233e-02
1.160156540572643280e-02
1.088123209774494171e-02
1.088123209774494171e-02
1.033081207424402237e-02
9.827251546084880829e-03
9.426904842257499695e-03
9.167504496872425079e-03
8.906312286853790283e-03
8.682738058269023895e-03
8.553244173526763916e-03
8.437790907919406891e-03
8.225450292229652405e-03
8.053986355662345886e-03
8.053986355662345886e-03
7.841226644814014435e-03
7.606431376188993454e-03
7.571179885417222977e-03
7.672586478292942047e-03
7.908203639090061188e-03
8.413428440690040588e-03
8.805753663182258606e-03
8.805753663182258606e-03
8.805753663182258606e-03
8.805753663182258606e-03
8.805753663182258606e-03
9.412663988769054413e-03
9.825350716710090637e-03
1.006478723138570786e-02
1.005214173346757889e-02
9.770885109901428223e-03
9.232269600033760071e-03
8.513377048075199127e-03
7.698762696236371994e-03
7.001960650086402893e-03
6.415455136448144913e-03
6.415455136448144913e-03
6.079016253352165222e-03
5.877302493900060654e-03
5.978304892778396606e-03
6.206447258591651917e-03
6.540822796523571014e-03
7.005107123404741287e-03
7.458651438355445862e-03
7.725715171545743942e-03
7.875710725784301758e-03
8.104050531983375549e-03
8.104050531983375549e-03
8.927772752940654755e-03
8.927772752940654755e-03
9.730269201099872589e-03
1.017946470528841019e-02
1.013434119522571564e-02
9.910229593515396118e-03
9.375660680234432220e-03
8.567466400563716888e-03
7.734065409749746323e-03
6.932558957487344742e-03
6.932558957487344742e-03
6.400221493095159531e-03
6.119200028479099274e-03
5.965332034975290298e-03
6.124342791736125946e-03
6.530198734253644943e-03
7.317498791962862015e-03
8.263184688985347748e-03
9.433143772184848785e-03
1.056220196187496185e-02
1.157175097614526749e-02
1.157175097614526749e-02
1.241682842373847961e-02
1.304922532290220261e-02
1.346775796264410019e-02
1.364471390843391418e-02
1.367252226918935776e-02
1.350932754576206207e-02
1.320665143430233002e-02
1.378400065004825592e-02
1.432903762906789780e-02
1.472692470997571945e-02
1.472692470997571945e-02
1.479752361774444580e-02
1.484052184969186783e-02
1.485945377498865128e-02
1.485648099333047867e-02
1.483044866472482681e-02
1.478286646306514740e-02
1.478281430900096893e-02
1.488487888127565384e-02
1.492260582745075226e-02
1.497814059257507324e-02
1.497814059257507324e-02
1.490705460309982300e-02
1.468819938600063324e-02
1.429104339331388474e-02
1.379493996500968933e-02
1.321000978350639343e-02
1.241351850330829620e-02
1.168004516512155533e-02
1.114346273243427277e-02
1.071223523467779160e-02
1.032422203570604324e-02
1.032422203570604324e-02
1.019321009516716003e-02
1.031852606683969498e-02
1.062222477048635483e-02
1.098764780908823013e-02
1.143494248390197754e-02
1.188441738486289978e-02
1.224958617240190506e-02
1.250809710472822189e-02
1.264373026788234711e-02
1.252258941531181335e-02
1.252258941531181335e-02
1.238607335835695267e-02
1.233215723186731339e-02
1.234643720090389252e-02
1.249783113598823547e-02
1.277545932680368423e-02
1.317055430263280869e-02
1.365334633737802505e-02
1.419448293745517731e-02
1.474034786224365234e-02
1.532452367246150970e-02
1.532452367246150970e-02
1.569890230894088745e-02
1.595776341855525970e-02
1.601611264050006866e-02
1.592159271240234375e-02
1.575314439833164215e-02
1.564792916178703308e-02
1.576165668666362762e-02
1.593954861164093018e-02
1.609532907605171204e-02
1.643208600580692291e-02
1.643208600580692291e-02
1.678142510354518890e-02
1.697006635367870331e-02
1.692835800349712372e-02
1.673724316060543060e-02
1.639689877629280090e-02
1.598435454070568085e-02
1.555196568369865417e-02
1.535134389996528625e-02
1.520804315805435181e-02
1.522313617169857025e-02
1.522313617169857025e-02
1.525053847581148148e-02
1.550880167633295059e-02
1.559009775519371033e-02
1.562715321779251099e-02
1.552113611251115799e-02
1.531968172639608383e-02
1.511404290795326233e-02
1.495797466486692429e-02
1.475851330906152725e-02
1.458953041583299637e-02
1.458953041583299637e-02
1.443539746105670929e-02
1.431498397141695023e-02
1.427720021456480026e-02
1.420271769165992737e-02
1.428464520722627640e-02
1.439055707305669785e-02
1.446910016238689423e-02
1.450593769550323486e-02
1.448061969131231308e-02
1.438621431589126587e-02
1.438621431589126587e-02
1.430893130600452423e-02
1.420795172452926636e-02
1.416095346212387085e-02
1.418459322303533554e-02
1.391266845166683197e-02
1.378741115331649780e-02
1.398152951151132584e-02
1.424496900290250778e-02
1.456262730062007904e-02
1.493129227310419083e-02
1.493129227310419083e-02
1.524827443063259125e-02
1.544683706015348434e-02
1.544683706015348434e-02
1.549781393259763718e-02
1.548370905220508575e-02
1.550676394253969193e-02
1.546339690685272217e-02
1.537969149649143219e-02
1.533396728336811066e-02
1.533393748104572296e-02
1.533393748104572296e-02
1.536097750067710876e-02
1.558560412377119064e-02
1.588687859475612640e-02
1.607938855886459351e-02
1.613732986152172089e-02
1.609888672828674316e-02
1.574217155575752258e-02
1.538378093391656876e-02
1.496984250843524933e-02
1.457357406616210938e-02
1.457357406616210938e-02
1.429285481572151184e-02
1.408321969211101532e-02
1.397418510168790817e-02
1.396873965859413147e-02
1.398232765495777130e-02
1.399476360529661179e-02
1.407880242913961411e-02
1.412744633853435516e-02
1.413673348724842072e-02
1.410308480262756348e-02
1.410308480262756348e-02
1.405137591063976288e-02
1.396574731916189194e-02
1.391462609171867371e-02
1.393887586891651154e-02
1.390222087502479553e-02
1.387499272823333740e-02
1.390519086271524429e-02
1.399565674364566803e-02
1.414163317531347275e-02
1.456528156995773315e-02
1.456528156995773315e-02
1.498558651655912399e-02
1.533310487866401672e-02
1.551133394241333008e-02
1.551370508968830109e-02
1.536339055746793747e-02
1.518091745674610138e-02
1.508259680122137070e-02
1.506744045764207840e-02
1.518393866717815399e-02
1.535822451114654541e-02
1.535822451114654541e-02
1.551976706832647324e-02
1.558240968734025955e-02
1.554720383137464523e-02
1.526536047458648682e-02
1.516245026141405106e-02
1.513882074505090714e-02
1.518182735890150070e-02
1.520823407918214798e-02
1.518098637461662292e-02
1.518098637461662292e-02
1.518098637461662292e-02
1.518106739968061447e-02
1.490550674498081207e-02
1.453973632305860519e-02
1.419390738010406494e-02
1.383246015757322311e-02
1.340320147573947906e-02
1.305438391864299774e-02
1.289597898721694946e-02
1.259530615061521530e-02
1.233314443379640579e-02
1.233314443379640579e-02
1.210559997707605362e-02
1.179112121462821960e-02
1.194577384740114212e-02
1.190479379147291183e-02
1.174268964678049088e-02
1.140506193041801453e-02
1.092238910496234894e-02
1.037887483835220337e-02
9.972803294658660889e-03
9.443616494536399841e-03
9.443616494536399841e-03
9.093597531318664551e-03
8.921603672206401825e-03
8.899495936930179596e-03
9.071638807654380798e-03
9.095919318497180939e-03
9.212191216647624969e-03
9.326209314167499542e-03
9.440804831683635712e-03
9.617613628506660461e-03
1.000011619180440903e-02
1.000011619180440903e-02
1.058272179216146469e-02
1.131335739046335220e-02
1.200554519891738892e-02
1.273243967443704605e-02
1.345247495919466019e-02
1.345247495919466019e-02
1.405738200992345810e-02
1.442662719637155533e-02
1.466844324022531509e-02
1.473412197083234787e-02
1.473412197083234787e-02
1.470654830336570740e-02
1.460445672273635864e-02
1.454154774546623230e-02
1.437100116163492203e-02
1.422946900129318237e-02
1.413719262927770615e-02
1.420262642204761505e-02
1.449092291295528412e-02
1.478823833167552948e-02
1.501743495464324951e-02
