3.484459978572473915e-02
3.484459978572473915e-02
3.640182726370788657e-02
3.606292614160988563e-02
3.563247339843389483e-02
3.518336104291908129e-02
3.469869953792859008e-02
3.420583997780557439e-02
3.371172991546167452e-02
3.336803870284832385e-02
3.303799783606464757e-02
3.266575804616422829e-02
3.266575804616422829e-02
3.227808609910010063e-02
3.186761721389608226e-02
3.137211309282239569e-02
3.103432945201500814e-02
3.082257863534287878e-02
3.064640272008478661e-02
3.052163287141773651e-02
3.041720053987617689e-02
3.030485177780217754e-02
3.021579124126549942e-02
3.021579124126549942e-02
3.025046635702821618e-02
3.015745484124376929e-02
2.991860901615517321e-02
2.965411937420370236e-02
2.941570158377704303e-02
2.924136264932997165e-02
2.905337078461034395e-02
2.899068167866225565e-02
2.895512526204235826e-02
2.887898916507403158e-02
2.887898916507403158e-02
2.869262939216365993e-02
2.854558741850166115e-02
2.832091981375306489e-02
2.807149684859400196e-02
2.780519277886916996e-02
2.752473015821443880e-02
2.724533388401439993e-02
2.697229202222928279e-02
2.676021630522207317e-02
2.653718388822490226e-02
2.653718388822490226e-02
2.632702107762252552e-02
2.630688790172897029e-02
2.628392958332081975e-02
2.630475133677911970e-02
2.627253262141060475e-02
2.628832719154949871e-02
2.617192738508489214e-02
2.600893617106869726e-02
2.592607212130015881e-02
2.574985402922447264e-02
2.574985402922447264e-02
2.555596226955270112e-02
2.516915560432764210e-02
2.478105891161952457e-02
2.458747219245527305e-02
2.450293887257348757e-02
2.443529422094314896e-02
2.431825680530685929e-02
2.434847111100335582e-02
2.440373489863389977e-02
2.433340387993876419e-02
2.433340387993876419e-02
2.443834846906156599e-02
2.426824940322092061e-02
2.410040810723668159e-02
2.384521558027508092e-02
2.370909256839937029e-02
2.337769723352334239e-02
2.302129932022101144e-02
2.265819211403119482e-02
2.225407628799924709e-02
2.189197908851969743e-02
2.189197908851969743e-02
2.165881219746879083e-02
2.151602031023891470e-02
2.124901825884961681e-02
2.108768349784284624e-02
2.090321303001019260e-02
2.067276645652782463e-02
2.043077719399644110e-02
2.019068558274561553e-02
1.999568055621026019e-02
1.986231581445707661e-02
1.986231581445707661e-02
1.954512589906887143e-02
1.911375239981438767e-02
1.875768201487559850e-02
1.833472772544730844e-02
1.802671569831115761e-02
1.782745349642045340e-02
1.778667652886767314e-02
1.766259695508498595e-02
1.754873005409862685e-02
1.742710140337244695e-02
1.742710140337244695e-02
1.725723777969889738e-02
1.726090283887238286e-02
1.733436820316569538e-02
1.733702740677767196e-02
1.749925660862405863e-02
1.749925660862405863e-02
1.749925660862405863e-02
1.749925660862405863e-02
1.749925660862405863e-02
1.749925660862405863e-02
1.749925660862405863e-02
1.762221588831547336e-02
1.767736585957901951e-02
1.771592289317780455e-02
1.770817115032574662e-02
1.766676186388949077e-02
1.759536475376055620e-02
1.756277068603484537e-02
1.752382316207690138e-02
1.735993148591230550e-02
1.714722933584855724e-02
1.714722933584855724e-02
1.679455272371566110e-02
1.632447954849070015e-02
1.586616015493902410e-02
1.536119879888797612e-02
1.503012758493849077e-02
1.478165482084214943e-02
1.442702733066347776e-02
1.417970901274756557e-02
1.426341843446632396e-02
1.426341843446632396e-02
1.426341843446632396e-02
1.444576575791334250e-02
1.460892199751384624e-02
1.467628402619602923e-02
1.463249374817721105e-02
1.442667954198473268e-02
1.435620094855316609e-02
1.415436187363816600e-02
1.393378427673841458e-02
1.380270909628045217e-02
1.376907624191936463e-02
1.376907624191936463e-02
1.372035523386649913e-02
1.360008096986486947e-02
1.344395671787879110e-02
1.350376579930845367e-02
1.359459725021849863e-02
1.356062415234848828e-02
1.336394126113926717e-02
1.322015125909814515e-02
1.314496610268278687e-02
1.300888239717412631e-02
1.300888239717412631e-02
1.276770058753839976e-02
1.250382926374182802e-02
1.211559217026980662e-02
1.174880205576656067e-02
1.150919679668493956e-02
1.129573231481018070e-02
1.127076865681519990e-02
1.106542530280840708e-02
1.077305283574769845e-02
1.041596261541855029e-02
1.041596261541855029e-02
1.010163067590497121e-02
9.706086030366378736e-03
9.249722012614647326e-03
9.042575632397742424e-03
9.002866815162491321e-03
8.937665492012136781e-03
8.754982533614175111e-03
8.608137728091769247e-03
8.653067479045262189e-03
8.980503860057886811e-03
8.980503860057886811e-03
9.146552784068617825e-03
9.220856629732487875e-03
9.108405341013536827e-03
8.933660044850633142e-03
8.918704926371034958e-03
9.045343627355428850e-03
9.256657112808319710e-03
9.323769358241307259e-03
9.232167551719960841e-03
9.155413538136869533e-03
9.155413538136869533e-03
8.964164760379311758e-03
8.605753457129772244e-03
8.339860937089049742e-03
7.985210379219509491e-03
7.666365488285364904e-03
7.466287799628545940e-03
7.286656192189155945e-03
7.225007517424941739e-03
7.171531179358758834e-03
7.144342655059254810e-03
7.144342655059254810e-03
7.100400663524908396e-03
7.230987512524933436e-03
7.378467011964318090e-03
7.628781622351255010e-03
8.002598432977237053e-03
8.055083133068130508e-03
7.997703944258027775e-03
7.755881581333667896e-03
7.478266187271209731e-03
7.375956548639983623e-03
7.375956548639983623e-03
7.197364321289256850e-03
6.953422704302880675e-03
6.586702056807780536e-03
6.177909040073537028e-03
5.692377512895419045e-03
5.306817083840620342e-03
5.124526309329802132e-03
5.335079523400843016e-03
5.735394454634779038e-03
6.083259751616054700e-03
6.083259751616054700e-03
6.268355690856708406e-03
6.299313469883216499e-03
6.320861446909908921e-03
6.346557047720580158e-03
6.372865901163038416e-03
6.424275101513110542e-03
6.415485370619755656e-03
6.320710141593188780e-03
6.027385477886504361e-03
5.605874104220198717e-03
5.605874104220198717e-03
5.243076162567916754e-03
5.021971732523056176e-03
4.933861611614354103e-03
5.029191155056622620e-03
5.239451304434261658e-03
5.318916927539163453e-03
5.271305558334660191e-03
5.128996421672304962e-03
4.950968003186062560e-03
4.769641575054883731e-03
4.769641575054883731e-03
4.723030791787152793e-03
4.774706291306607397e-03
4.909210300048982845e-03
5.106774421817839027e-03
5.229792008583089569e-03
5.326890297038033850e-03
5.333057918201156156e-03
5.152263966599512912e-03
4.934361391438102373e-03
4.796807634273925203e-03
4.796807634273925203e-03
4.639668396177576426e-03
4.673320637967215418e-03
4.839086067121911583e-03
4.845416703669336300e-03
4.678873552185436324e-03
4.363617887476856083e-03
3.956682373623010562e-03
3.688385553258122229e-03
3.581017380983375631e-03
3.711280885484669056e-03
3.711280885484669056e-03
3.911261191511528068e-03
3.989462435312951527e-03
4.024283338964096401e-03
4.026835636579129130e-03
4.080780779077919362e-03
4.166240010292199258e-03
4.244346996018499851e-03
4.349429477930932819e-03
4.344323418740358989e-03
4.256887476669746206e-03
4.256887476669746206e-03
4.081398766897059716e-03
3.790444690078942358e-03
3.617875594851049925e-03
3.505552309055026683e-03
3.278291599575489101e-03
3.019176964873082625e-03
3.369665456843584650e-03
3.918000701064627833e-03
4.450171496872101784e-03
4.949986588503207940e-03
4.949986588503207940e-03
5.532978350479389462e-03
6.149433837173923223e-03
6.688603946507498677e-03
7.119573846308568932e-03
7.453894634142699260e-03
7.706801121699413670e-03
7.859338875654486856e-03
7.980038010651391289e-03
8.077831823617209750e-03
8.166895667999440889e-03
8.166895667999440889e-03
8.263770050811025669e-03
8.367588721305274646e-03
8.472315830003296355e-03
8.591420785267978033e-03
8.677367538773239630e-03
8.681172871605191688e-03
8.667121633718188889e-03
8.618603844047001417e-03
8.579785721291699474e-03
8.485019153457784569e-03
8.485019153457784569e-03
8.412089855795557014e-03
8.276855893028844946e-03
8.170908460541248530e-03
8.062634622669762052e-03
7.955250745228958920e-03
7.839588431902910770e-03
7.766469309457235681e-03
7.656790131070678740e-03
7.480234495051085730e-03
7.281159739298992406e-03
7.281159739298992406e-03
7.085308535917711481e-03
6.991659759991719625e-03
6.864927471244008927e-03
6.754356396406535623e-03
6.649272482720292032e-03
6.649272482720292032e-03
6.540780733108597644e-03
6.447529704775689652e-03
6.346174186275810314e-03
6.254986571277321161e-03
6.254986571277321161e-03
6.087294436843748713e-03
5.939170022350559464e-03
5.791774371640023844e-03
5.635067132049087490e-03
5.461208215498558616e-03
5.307762665034410077e-03
5.131094813036973790e-03
4.897982509230125459e-03
4.699639859745197157e-03
4.526743769676322415e-03
4.526743769676322415e-03
4.390463282300416381e-03
4.264674626156761406e-03
4.212910323623475506e-03
4.202189794128230460e-03
4.244207440621927674e-03
4.228120087222286827e-03
4.170113712326006805e-03
3.986777581870271092e-03
3.627128385838673807e-03
3.448252425658715481e-03
3.448252425658715481e-03
3.454080974569784246e-03
3.560210641428085410e-03
3.711316128697461636e-03
3.989019516403402577e-03
4.367070424944330398e-03
4.810474543358367328e-03
5.264950800334844416e-03
5.641500263344312316e-03
5.899060765730546052e-03
5.889984458888442020e-03
5.889984458888442020e-03
5.702681574366152972e-03
5.376398583357477889e-03
4.927124202239063777e-03
4.518839869918522822e-03
4.194204506060117410e-03
3.998403068075973010e-03
3.862140359664145706e-03
3.644041038240786179e-03
3.550236637652304239e-03
3.510193257598714922e-03
3.510193257598714922e-03
3.502482632042891453e-03
3.499692216751171259e-03
3.543518459113492725e-03
3.625137249548160412e-03
3.607775047410832769e-03
3.636345409145924634e-03
3.624644432947299322e-03
3.692128994805088382e-03
3.719322755477705300e-03
3.774816195157626453e-03
3.774816195157626453e-03
3.923656609742920409e-03
4.079050088090951931e-03
4.142501860370018107e-03
4.243786922256020944e-03
4.262595394510348967e-03
4.289872689953178053e-03
4.283380091125721378e-03
4.261148173262618855e-03
4.239010949302013387e-03
4.136693479408926066e-03
4.136693479408926066e-03
3.978514044556291651e-03
3.691523176874156320e-03
3.336433537982408382e-03
2.953673916163523927e-03
2.606950644577388232e-03
2.347361405758974229e-03
2.290180231890204254e-03
2.311843482081243906e-03
2.456073766810007442e-03
2.647254186048719760e-03
2.647254186048719760e-03
1.995567926607044740e-03
1.778814523668792447e-03
1.894587747067077999e-03
2.108484625790829625e-03
2.444879364895236051e-03
2.657719552855652978e-03
2.814886995803789205e-03
2.849026606642546255e-03
2.679018586552395220e-03
2.450162368734964957e-03
2.450162368734964957e-03
2.207716614685217849e-03
2.057737287472605203e-03
2.023464072753000664e-03
2.036845407686449505e-03
2.059075865744830480e-03
2.092386775456311909e-03
2.141708050580781730e-03
2.189514326085273410e-03
2.223320583767396386e-03
2.230763607040664454e-03
