3.471903812947847029e-02
3.471903812947847029e-02
3.405172460006524598e-02
3.321585717743957139e-02
3.224467306172917186e-02
3.237441832334856523e-02
3.204052303422496445e-02
3.171630117283798928e-02
3.131718725200444836e-02
3.077991063694121565e-02
3.005290244067577998e-02
2.940684081704514341e-02
2.940684081704514341e-02
2.881666562424571587e-02
2.833102517647775528e-02
2.773130722390299355e-02
2.713870319061410102e-02
2.672165561563601827e-02
2.639593347076182872e-02
2.614728678813822704e-02
2.581622544954104148e-02
2.544342634899224298e-02
2.506899819815605265e-02
