5.639875680208206177e-02
5.639875680208206177e-02
5.734061822295188904e-02
5.695939064025878906e-02
5.682130903005599976e-02
5.658388882875442505e-02
5.626361817121505737e-02
5.599660798907279968e-02
5.590102821588516235e-02
5.574754253029823303e-02
5.569295212626457214e-02
5.572190508246421814e-02
5.572190508246421814e-02
5.550761520862579346e-02
5.537431687116622925e-02
5.514024943113327026e-02
5.483455210924148560e-02
5.466372147202491760e-02
5.453204736113548279e-02
5.463317781686782837e-02
5.488039180636405945e-02
5.506523326039314270e-02
5.526978522539138794e-02
5.526978522539138794e-02
5.529300123453140259e-02
5.523095652461051941e-02
5.511220917105674744e-02
5.533543974161148071e-02
5.570523440837860107e-02
5.599278956651687622e-02
5.646016448736190796e-02
5.687777325510978699e-02
5.729114636778831482e-02
5.771730467677116394e-02
5.771730467677116394e-02
5.810628458857536316e-02
5.841165035963058472e-02
5.864584445953369141e-02
5.881829559803009033e-02
5.921774730086326599e-02
5.955954268574714661e-02
5.983072891831398010e-02
6.020592898130416870e-02
6.041175127029418945e-02
6.053500995039939880e-02
6.053500995039939880e-02
6.062979623675346375e-02
6.067805737257003784e-02
6.076788902282714844e-02
6.078156083822250366e-02
6.085702776908874512e-02
6.089870259165763855e-02
6.087693572044372559e-02
6.079208850860595703e-02
6.058282032608985901e-02
6.022185087203979492e-02
6.022185087203979492e-02
5.990022048354148865e-02
5.957682803273200989e-02
5.923501402139663696e-02
5.892502143979072571e-02
5.868367478251457214e-02
5.839272961020469666e-02
5.804724246263504028e-02
5.779170989990234375e-02
5.761696025729179382e-02
5.738016590476036072e-02
5.738016590476036072e-02
5.740819498896598816e-02
5.741323530673980713e-02
5.765406042337417603e-02
5.790052190423011780e-02
5.804172158241271973e-02
5.793206766247749329e-02
5.784868448972702026e-02
5.770823732018470764e-02
5.751907452940940857e-02
5.729986727237701416e-02
5.729986727237701416e-02
5.710443109273910522e-02
5.696987733244895935e-02
5.697944015264511108e-02
5.713790282607078552e-02
5.722820386290550232e-02
5.762589722871780396e-02
5.795901268720626831e-02
5.829439312219619751e-02
5.848189070820808411e-02
5.881942808628082275e-02
5.881942808628082275e-02
5.903477221727371216e-02
5.932825058698654175e-02
5.956382676959037781e-02
5.998959392309188843e-02
6.036047264933586121e-02
6.073131412267684937e-02
6.125336885452270508e-02
6.171851605176925659e-02
6.210571527481079102e-02
6.264719367027282715e-02
6.264719367027282715e-02
6.285294890403747559e-02
6.298728287220001221e-02
6.321001797914505005e-02
6.330939382314682007e-02
6.352431327104568481e-02
6.369573622941970825e-02
6.379212439060211182e-02
6.382306665182113647e-02
6.387988477945327759e-02
6.393136084079742432e-02
6.393136084079742432e-02
6.402244418859481812e-02
6.407992541790008545e-02
6.422206014394760132e-02
6.429729610681533813e-02
6.436846405267715454e-02
6.430968642234802246e-02
6.427107006311416626e-02
6.417331844568252563e-02
6.408449262380599976e-02
6.401662528514862061e-02
6.401662528514862061e-02
6.393819302320480347e-02
6.381458789110183716e-02
6.379251927137374878e-02
6.371877342462539673e-02
6.347608566284179688e-02
6.317310035228729248e-02
6.315748393535614014e-02
6.310164928436279297e-02
6.303656846284866333e-02
6.302405893802642822e-02
6.302405893802642822e-02
6.299538165330886841e-02
6.285556405782699585e-02
6.265722960233688354e-02
6.255131214857101440e-02
6.309871375560760498e-02
6.343200057744979858e-02
6.383043527603149414e-02
6.416405737400054932e-02
6.420523673295974731e-02
6.417334079742431641e-02
6.417334079742431641e-02
6.410870701074600220e-02
6.401278823614120483e-02
6.395660340785980225e-02
6.384857743978500366e-02
6.363828480243682861e-02
6.381709128618240356e-02
6.399935483932495117e-02
6.429257243871688843e-02
6.462617963552474976e-02
6.504512578248977661e-02
6.504512578248977661e-02
6.528781354427337646e-02
6.545659154653549194e-02
6.567642092704772949e-02
6.589373201131820679e-02
6.612037122249603271e-02
6.631486862897872925e-02
6.650262326002120972e-02
6.656739115715026855e-02
6.670039147138595581e-02
6.688907742500305176e-02
6.688907742500305176e-02
6.765223294496536255e-02
6.829471141099929810e-02
6.823185831308364868e-02
6.810007244348526001e-02
6.799126416444778442e-02
6.767438352108001709e-02
6.737843900918960571e-02
6.713430583477020264e-02
6.686101853847503662e-02
6.663131713867187500e-02
6.663131713867187500e-02
6.634914875030517578e-02
6.606304645538330078e-02
6.580641120672225952e-02
6.554453074932098389e-02
6.526491791009902954e-02
6.500447541475296021e-02
6.482191383838653564e-02
6.465579569339752197e-02
6.445658951997756958e-02
6.422574818134307861e-02
6.422574818134307861e-02
6.402177363634109497e-02
6.381241232156753540e-02
6.369110941886901855e-02
6.338472664356231689e-02
6.313097476959228516e-02
6.313097476959228516e-02
6.313097476959228516e-02
6.313097476959228516e-02
6.313097476959228516e-02
6.261190772056579590e-02
6.261190772056579590e-02
6.222420930862426758e-02
6.188876181840896606e-02
6.152863055467605591e-02
6.117693334817886353e-02
6.110965833067893982e-02
6.095150113105773926e-02
6.074090674519538879e-02
6.044739857316017151e-02
5.952591076493263245e-02
5.864364281296730042e-02
5.864364281296730042e-02
5.778785422444343567e-02
5.703741684556007385e-02
5.635685101151466370e-02
5.572876706719398499e-02
5.507499724626541138e-02
5.443992838263511658e-02
5.395028740167617798e-02
5.356388166546821594e-02
5.323194339871406555e-02
5.303268879652023315e-02
5.303268879652023315e-02
5.279929563403129578e-02
5.249046161770820618e-02
5.212045833468437195e-02
5.173384025692939758e-02
5.137395486235618591e-02
5.112719163298606873e-02
5.088264122605323792e-02
5.065046995878219604e-02
5.045739933848381042e-02
5.023384466767311096e-02
5.023384466767311096e-02
5.009961873292922974e-02
4.994427412748336792e-02
4.983187094330787659e-02
4.969366267323493958e-02
4.950530081987380981e-02
4.920374602079391479e-02
4.893532022833824158e-02
4.863062873482704163e-02
4.832633957266807556e-02
4.804765060544013977e-02
4.804765060544013977e-02
4.774520546197891235e-02
4.746383428573608398e-02
4.720535129308700562e-02
4.704506322741508484e-02
4.695381596684455872e-02
4.686143994331359863e-02
4.684265702962875366e-02
4.679942131042480469e-02
4.657067731022834778e-02
4.623613134026527405e-02
4.623613134026527405e-02
4.587117955088615417e-02
4.545214027166366577e-02
4.504178464412689209e-02
4.470008611679077148e-02
4.438911005854606628e-02
4.406922683119773865e-02
4.382935538887977600e-02
4.355823621153831482e-02
4.321363568305969238e-02
4.274619370698928833e-02
4.274619370698928833e-02
4.221421480178833008e-02
4.166700318455696106e-02
4.111678525805473328e-02
4.060753062367439270e-02
4.017719998955726624e-02
3.982223570346832275e-02
3.949918970465660095e-02
3.916654363274574280e-02
3.884662315249443054e-02
3.851019218564033508e-02
3.851019218564033508e-02
3.815994039177894592e-02
3.782320022583007812e-02
3.750919923186302185e-02
3.689372539520263672e-02
3.621178492903709412e-02
3.550048172473907471e-02
3.484771028161048889e-02
3.420370817184448242e-02
3.361366316676139832e-02
3.301991149783134460e-02
3.301991149783134460e-02
3.254577144980430603e-02
3.203601390123367310e-02
3.148361667990684509e-02
3.096799924969673157e-02
3.060950525104999542e-02
3.026136197149753571e-02
3.003159351646900177e-02
2.986563742160797119e-02
2.953010238707065582e-02
2.925006113946437836e-02
2.925006113946437836e-02
2.898432314395904541e-02
2.873010560870170593e-02
2.848225086927413940e-02
2.824961207807064056e-02
2.795614302158355713e-02
2.772014774382114410e-02
2.752242051064968109e-02
2.731218561530113220e-02
2.707747556269168854e-02
2.681763842701911926e-02
2.681763842701911926e-02
2.656812779605388641e-02
2.637347392737865448e-02
2.610556781291961670e-02
2.579779177904129028e-02
2.550653740763664246e-02
2.522536925971508026e-02
2.474591135978698730e-02
2.428557910025119781e-02
2.384810894727706909e-02
2.339769154787063599e-02
2.339769154787063599e-02
2.306802757084369659e-02
2.265956066548824310e-02
2.226695045828819275e-02
2.186451852321624756e-02
2.143526636064052582e-02
2.101840451359748840e-02
2.063318155705928802e-02
2.024522796273231506e-02
1.986894942820072174e-02
1.955085247755050659e-02
1.955085247755050659e-02
1.917857676744461060e-02
1.881815120577812195e-02
1.849039644002914429e-02
1.818980276584625244e-02
1.791993714869022369e-02
1.767399534583091736e-02
1.739218086004257202e-02
1.719242706894874573e-02
1.700183376669883728e-02
1.683024317026138306e-02
1.683024317026138306e-02
1.656305603682994843e-02
1.629773713648319244e-02
1.608008891344070435e-02
1.588861271739006042e-02
1.564448513090610504e-02
1.534534618258476257e-02
1.504006795585155487e-02
1.473467331379652023e-02
1.436673942953348160e-02
1.405595988035202026e-02
1.405595988035202026e-02
1.380140986293554306e-02
1.361330412328243256e-02
1.339918747544288635e-02
1.339918747544288635e-02
1.317218039184808731e-02
1.294977031648159027e-02
1.271673198789358139e-02
1.251365244388580322e-02
1.224195770919322968e-02
1.198964845389127731e-02
1.198964845389127731e-02
1.173094008117914200e-02
1.148307137191295624e-02
1.122293248772621155e-02
1.087640598416328430e-02
1.042750570923089981e-02
1.002489123493432999e-02
9.611717425286769867e-03
9.526383131742477417e-03
9.483640082180500031e-03
9.465835988521575928e-03
9.465835988521575928e-03
9.461706504225730896e-03
9.451295249164104462e-03
9.374569170176982880e-03
9.234166704118251801e-03
9.056348353624343872e-03
8.785344660282135010e-03
8.575158193707466125e-03
8.336977101862430573e-03
8.088150992989540100e-03
7.860320620238780975e-03
7.860320620238780975e-03
7.742859423160552979e-03
7.577861659228801727e-03
7.934698835015296936e-03
8.148009888827800751e-03
8.249964565038681030e-03
8.290434256196022034e-03
8.603380061686038971e-03
8.807144127786159515e-03
8.859299123287200928e-03
8.858949877321720123e-03
8.858949877321720123e-03
8.821646682918071747e-03
8.708576671779155731e-03
8.541483432054519653e-03
8.384625427424907684e-03
8.220812305808067322e-03
7.983503863215446472e-03
7.736869622021913528e-03
7.500575855374336243e-03
7.313471287488937378e-03
7.091677282005548477e-03
7.091677282005548477e-03
6.874627899378538132e-03
6.759842857718467712e-03
6.757037248462438583e-03
6.793632637709379196e-03
6.706258747726678848e-03
6.667758338153362274e-03
6.626426242291927338e-03
6.614894606173038483e-03
6.526298355311155319e-03
6.475052330642938614e-03
6.475052330642938614e-03
6.445885635912418365e-03
6.395119708031415939e-03
6.363574415445327759e-03
6.304345093667507172e-03
6.240199320018291473e-03
6.166819017380475998e-03
6.112925708293914795e-03
6.132193841040134430e-03
6.164526566863059998e-03
6.228102371096611023e-03
6.228102371096611023e-03
6.308366544544696808e-03
6.391820497810840607e-03
6.471408065408468246e-03
6.502997595816850662e-03
6.650585681200027466e-03
6.864666007459163666e-03
6.969845388084650040e-03
7.089838851243257523e-03
7.259391713887453079e-03
7.383962161839008331e-03
7.383962161839008331e-03
7.482937071472406387e-03
7.525773718953132629e-03
7.627386599779129028e-03
7.761651650071144104e-03
7.878911681473255157e-03
8.085039444267749786e-03
8.272051811218261719e-03
8.437963202595710754e-03
8.625764399766921997e-03
8.769787847995758057e-03
8.769787847995758057e-03
8.867894299328327179e-03
8.959395810961723328e-03
9.100940078496932983e-03
9.233456104993820190e-03
9.322977624833583832e-03
9.373497217893600464e-03
9.382584132254123688e-03
9.446865878999233246e-03
9.446865878999233246e-03
9.485221467912197113e-03
9.485221467912197113e-03
9.647273458540439606e-03
9.919401258230209351e-03
1.023954991251230240e-02
1.062432583421468735e-02
1.096908189356327057e-02
1.132022216916084290e-02
1.161972153931856155e-02
1.190131530165672302e-02
1.212089043110609055e-02
1.237700227648019791e-02
1.237700227648019791e-02
1.264364086091518402e-02
1.287662051618099213e-02
1.305269822478294373e-02
1.319566275924444199e-02
1.333180163055658340e-02
1.342741493135690689e-02
1.351884379982948303e-02
1.366063579916954041e-02
1.378514803946018219e-02
1.399785745888948441e-02
1.399785745888948441e-02
1.419042982161045074e-02
1.438156887888908386e-02
1.468943990767002106e-02
1.496578752994537354e-02
1.522325724363327026e-02
1.546446140855550766e-02
1.569760218262672424e-02
1.585163362324237823e-02
1.594519987702369690e-02
1.591908931732177734e-02
1.591908931732177734e-02
1.584704034030437469e-02
1.571120694279670715e-02
1.565000414848327637e-02
1.561759877949953079e-02
1.563100516796112061e-02
1.561381854116916656e-02
1.559601537883281708e-02
1.558549609035253525e-02
1.555170770734548569e-02
1.550947222858667374e-02
1.550947222858667374e-02
1.536533236503601074e-02
1.526127010583877563e-02
1.522159110754728317e-02
1.519065815955400467e-02
1.523801591247320175e-02
1.528182066977024078e-02
1.541352830827236176e-02
1.549394428730010986e-02
1.551437284797430038e-02
1.560401450842618942e-02
1.560401450842618942e-02
1.564846932888031006e-02
1.564804837107658386e-02
1.558833010494709015e-02
1.554552186280488968e-02
1.551816426217556000e-02
1.549047138541936874e-02
1.545890420675277710e-02
1.544424518942832947e-02
1.549000199884176254e-02
1.554022822529077530e-02
1.554022822529077530e-02
1.555669866502285004e-02
1.556181907653808594e-02
1.557836402207612991e-02
1.549074705690145493e-02
1.540669891983270645e-02
1.530903391540050507e-02
1.530703436583280563e-02
1.534516271203756332e-02
1.538415532559156418e-02
1.547929458320140839e-02
1.547929458320140839e-02
1.556770410388708115e-02
1.551566366106271744e-02
1.542156282812356949e-02
1.537071075290441513e-02
1.539736241102218628e-02
1.551872398704290390e-02
1.566592603921890259e-02
1.589335873723030090e-02
1.617608591914176941e-02
1.636824943125247955e-02
1.636824943125247955e-02
1.657295599579811096e-02
1.668523624539375305e-02
1.678116805851459503e-02
1.680534519255161285e-02
1.678759232163429260e-02
1.679634861648082733e-02
1.680141873657703400e-02
1.684489659965038300e-02
1.688961125910282135e-02
1.692911610007286072e-02
1.692911610007286072e-02
1.700481586158275604e-02
1.714116521179676056e-02
1.722958497703075409e-02
1.712378300726413727e-02
1.696009561419487000e-02
1.676338724792003632e-02
1.652758754789829254e-02
1.626848429441452026e-02
1.603330671787261963e-02
1.581816375255584717e-02
1.581816375255584717e-02
1.564026437699794769e-02
1.553921215236186981e-02
1.556766033172607422e-02
1.561409607529640198e-02
1.568179950118064880e-02
1.581210643053054810e-02
1.590796001255512238e-02
1.601589284837245941e-02
1.609708927571773529e-02
1.612645573914051056e-02
1.612645573914051056e-02
1.608690991997718811e-02
1.595760323107242584e-02
1.588618382811546326e-02
1.585982181131839752e-02
1.582404039800167084e-02
1.578072644770145416e-02
1.573478803038597107e-02
1.568889059126377106e-02
1.561167649924755096e-02
1.562333852052688599e-02
1.562333852052688599e-02
1.555245742201805115e-02
1.547126658260822296e-02
1.524143200367689133e-02
1.505913492292165756e-02
1.483353134244680405e-02
1.469057612121105194e-02
1.459095906466245651e-02
1.458219811320304871e-02
1.466356683522462845e-02
1.476449519395828247e-02
1.476449519395828247e-02
1.477233134210109711e-02
1.473585050553083420e-02
1.463275495916604996e-02
1.450204476714134216e-02
1.430634036660194397e-02
1.414464972913265228e-02
1.400818210095167160e-02
1.391856744885444641e-02
1.382026821374893188e-02
1.372682768851518631e-02
1.372682768851518631e-02
1.359570957720279694e-02
1.343831792473793030e-02
1.331507787108421326e-02
1.322039496153593063e-02
1.309991721063852310e-02
1.295731402933597565e-02
1.293607614934444427e-02
1.287756208330392838e-02
1.270836684852838516e-02
1.254686433821916580e-02
1.254686433821916580e-02
1.235297042876482010e-02
1.217797305434942245e-02
1.205271296203136444e-02
1.183458883315324783e-02
1.164694782346487045e-02
1.151394471526145935e-02
1.149758696556091309e-02
1.150955911725759506e-02
1.161131821572780609e-02
1.168331876397132874e-02
1.168331876397132874e-02
1.172608509659767151e-02
1.173843536525964737e-02
1.184659637510776520e-02
1.191268488764762878e-02
1.186717208474874496e-02
1.171192713081836700e-02
1.153190340846776962e-02
1.136461552232503891e-02
1.121490448713302612e-02
1.106084231287240982e-02
1.106084231287240982e-02
1.097118854522705078e-02
1.095602381974458694e-02
1.095148362219333649e-02
1.101152971386909485e-02
1.115771010518074036e-02
1.140217483043670654e-02
1.167176943272352219e-02
1.200021523982286453e-02
1.238209661096334457e-02
1.262753270566463470e-02
1.262753270566463470e-02
1.280751358717679977e-02
1.306128129363059998e-02
1.324545033276081085e-02
1.325295586138963699e-02
1.321848668158054352e-02
1.310507860034704208e-02
1.286679878830909729e-02
1.259204372763633728e-02
1.238894183188676834e-02
1.221496704965829849e-02
1.221496704965829849e-02
1.211306080222129822e-02
1.212426647543907166e-02
1.222508866339921951e-02
1.236834097653627396e-02
1.253018621355295181e-02
1.263688504695892334e-02
1.274793315678834915e-02
1.274793315678834915e-02
1.289264857769012451e-02
1.289264857769012451e-02
1.289264857769012451e-02
1.296929549425840378e-02
1.301329582929611206e-02
1.303234882652759552e-02
1.301041711121797562e-02
1.293561607599258423e-02
1.276437565684318542e-02
1.261212397366762161e-02
1.236576493829488754e-02
1.210982259362936020e-02
1.187614258378744125e-02
