5.409763071992466921e-02
5.409763071992466921e-02
5.344021688270411685e-02
5.421779941397401187e-02
5.505408489392640825e-02
5.570712352554648555e-02
5.629898491857712739e-02
5.691780642546898777e-02
5.765139138806326530e-02
5.814215729670047655e-02
5.877382225314801978e-02
5.921733027308093839e-02
5.921733027308093839e-02
5.967200998003625162e-02
5.972067038515403020e-02
5.974159280927822391e-02
5.971300126042547451e-02
5.978435901515092438e-02
5.981175287394620982e-02
5.966007489744717951e-02
5.943532673046489356e-02
5.925177693087532033e-02
5.918198016742874656e-02
