5.422369390726089478e-02
5.422369390726089478e-02
5.515743046998977661e-02
5.445399880409240723e-02
5.375400930643081665e-02
5.321423336863517761e-02
5.254025012254714966e-02
5.192390456795692444e-02
5.129547789692878723e-02
5.057942494750022888e-02
5.008138716220855713e-02
4.958602041006088257e-02
4.958602041006088257e-02
4.919089376926422119e-02
4.874963685870170593e-02
4.825954884290695190e-02
4.778509959578514099e-02
4.718185961246490479e-02
4.657607898116111755e-02
4.598288610577583313e-02
4.531971737742424011e-02
4.465509578585624695e-02
4.413107782602310181e-02
4.413107782602310181e-02
4.344493150711059570e-02
4.278396815061569214e-02
4.209684953093528748e-02
4.145336523652076721e-02
4.089871048927307129e-02
4.035284742712974548e-02
3.979022428393363953e-02
3.927786275744438171e-02
3.880631551146507263e-02
3.878265246748924255e-02
3.878265246748924255e-02
3.878879919648170471e-02
3.876411914825439453e-02
3.865966200828552246e-02
3.854779526591300964e-02
3.845386579632759094e-02
3.825423866510391235e-02
3.807756677269935608e-02
3.790763765573501587e-02
3.775069862604141235e-02
3.751480206847190857e-02
3.751480206847190857e-02
3.719485178589820862e-02
3.678697720170021057e-02
3.640011325478553772e-02
3.596916794776916504e-02
3.549402952194213867e-02
3.496284782886505127e-02
3.441008180379867554e-02
3.384703025221824646e-02
3.333855047821998596e-02
3.289991989731788635e-02
3.289991989731788635e-02
3.257806971669197083e-02
3.230911493301391602e-02
3.224568068981170654e-02
3.224924579262733459e-02
3.228482231497764587e-02
3.238445147871971130e-02
3.252515196800231934e-02
3.293760120868682861e-02
3.331546857953071594e-02
3.366145119071006775e-02
3.366145119071006775e-02
3.394379094243049622e-02
3.425316512584686279e-02
3.453024104237556458e-02
3.481644392013549805e-02
3.513945266604423523e-02
3.546788170933723450e-02
3.579692542552947998e-02
3.590099886059761047e-02
3.606317192316055298e-02
3.618817031383514404e-02
3.618817031383514404e-02
3.628544509410858154e-02
3.630150854587554932e-02
3.637057915329933167e-02
3.640040382742881775e-02
3.635196015238761902e-02
3.626925125718116760e-02
3.612632304430007935e-02
3.603660687804222107e-02
3.589968383312225342e-02
3.576163575053215027e-02
3.576163575053215027e-02
3.561859950423240662e-02
3.552409633994102478e-02
3.555490449070930481e-02
3.606596961617469788e-02
3.656661137938499451e-02
3.716225922107696533e-02
3.765403479337692261e-02
3.820159658789634705e-02
3.875073045492172241e-02
3.922510147094726562e-02
3.922510147094726562e-02
3.963919728994369507e-02
4.004065692424774170e-02
4.044444486498832703e-02
4.079757630825042725e-02
4.104099050164222717e-02
4.122934862971305847e-02
4.138844087719917297e-02
4.151521250605583191e-02
4.161329567432403564e-02
4.168474301695823669e-02
4.168474301695823669e-02
4.175614938139915466e-02
4.187408462166786194e-02
4.194582626223564148e-02
4.197801277041435242e-02
4.193533584475517273e-02
4.203249886631965637e-02
4.201748222112655640e-02
4.199150204658508301e-02
4.199407622218132019e-02
4.200839996337890625e-02
4.200839996337890625e-02
4.208531975746154785e-02
4.213354364037513733e-02
4.213742911815643311e-02
4.214224219322204590e-02
4.211028665304183960e-02
4.203644767403602600e-02
4.196833819150924683e-02
4.185338318347930908e-02
4.178012162446975708e-02
4.171000793576240540e-02
4.171000793576240540e-02
4.165363684296607971e-02
4.160507395863533020e-02
4.160447418689727783e-02
4.157831147313117981e-02
4.156868904829025269e-02
4.156974703073501587e-02
4.155338183045387268e-02
4.152804240584373474e-02
4.152940958738327026e-02
4.154336825013160706e-02
4.154336825013160706e-02
4.161964356899261475e-02
4.170610383152961731e-02
4.180452600121498108e-02
4.184326529502868652e-02
4.187901690602302551e-02
4.184741899371147156e-02
4.190385714173316956e-02
4.192750155925750732e-02
4.195327311754226685e-02
4.192278534173965454e-02
4.192278534173965454e-02
4.188559949398040771e-02
4.183578863739967346e-02
4.176112264394760132e-02
4.166593030095100403e-02
4.162633046507835388e-02
4.156309366226196289e-02
4.157062992453575134e-02
4.159934818744659424e-02
4.160319268703460693e-02
4.200622811913490295e-02
4.200622811913490295e-02
4.237739369273185730e-02
4.271968454122543335e-02
4.300261661410331726e-02
4.318273067474365234e-02
4.332284256815910339e-02
4.347059503197669983e-02
4.359966143965721130e-02
4.371588677167892456e-02
4.375458136200904846e-02
4.373429715633392334e-02
4.373429715633392334e-02
4.372245818376541138e-02
4.372771084308624268e-02
4.379858076572418213e-02
4.407010227441787720e-02
4.428364336490631104e-02
4.462568461894989014e-02
4.499252885580062866e-02
4.533891007304191589e-02
4.560264572501182556e-02
4.577550664544105530e-02
4.577550664544105530e-02
4.596937447786331177e-02
4.616386070847511292e-02
4.630672186613082886e-02
4.647668078541755676e-02
4.666737839579582214e-02
4.673331975936889648e-02
4.677996784448623657e-02
4.681899026036262512e-02
4.693979024887084961e-02
4.707428067922592163e-02
4.707428067922592163e-02
4.716878384351730347e-02
4.720450937747955322e-02
4.731294885277748108e-02
4.733669012784957886e-02
4.741639271378517151e-02
4.750565811991691589e-02
4.771266132593154907e-02
4.782290756702423096e-02
4.784437641501426697e-02
4.780655726790428162e-02
4.780655726790428162e-02
4.784604161977767944e-02
4.788419976830482483e-02
4.787478223443031311e-02
4.783921316266059875e-02
4.781531170010566711e-02
4.766793549060821533e-02
4.738683253526687622e-02
4.707643389701843262e-02
4.680129513144493103e-02
4.657192528247833252e-02
4.657192528247833252e-02
4.639047384262084961e-02
4.612187296152114868e-02
4.579030722379684448e-02
4.545658454298973083e-02
4.515576735138893127e-02
4.494740813970565796e-02
4.467142745852470398e-02
4.435529187321662903e-02
4.406158998608589172e-02
4.387716576457023621e-02
4.387716576457023621e-02
4.370499774813652039e-02
4.350844398140907288e-02
4.312536865472793579e-02
4.279572889208793640e-02
4.247786104679107666e-02
4.222494363784790039e-02
4.201802611351013184e-02
4.201802611351013184e-02
4.201802611351013184e-02
4.201802611351013184e-02
4.201802611351013184e-02
4.201802611351013184e-02
4.188279062509536743e-02
4.187684878706932068e-02
4.194122552871704102e-02
4.199824109673500061e-02
4.202286154031753540e-02
4.207212850451469421e-02
4.206136986613273621e-02
4.208970814943313599e-02
4.218317940831184387e-02
4.218317940831184387e-02
4.217195138335227966e-02
4.215441644191741943e-02
4.208438098430633545e-02
4.206677153706550598e-02
4.206940904259681702e-02
4.203512892127037048e-02
4.187846183776855469e-02
4.168675467371940613e-02
4.148644581437110901e-02
4.128853231668472290e-02
4.128853231668472290e-02
4.102207720279693604e-02
4.075377807021141052e-02
4.046955332159996033e-02
4.006092622876167297e-02
3.958362713456153870e-02
3.914749622344970703e-02
3.871506080031394958e-02
3.835214674472808838e-02
3.799906745553016663e-02
3.763293847441673279e-02
3.763293847441673279e-02
3.727024421095848083e-02
3.697001561522483826e-02
3.669434040784835815e-02
3.643660619854927063e-02
3.622126206755638123e-02
3.601444885134696960e-02
3.578728437423706055e-02
3.553612530231475830e-02
3.530191257596015930e-02
3.501675650477409363e-02
3.501675650477409363e-02
3.485691547393798828e-02
3.466536477208137512e-02
3.446201235055923462e-02
3.430787846446037292e-02
3.413626551628112793e-02
3.404532745480537415e-02
3.396724909543991089e-02
3.390643745660781860e-02
3.378844261169433594e-02
3.359700366854667664e-02
3.359700366854667664e-02
3.337077796459197998e-02
3.424110263586044312e-02
3.510078787803649902e-02
3.584160655736923218e-02
3.644182533025741577e-02
3.694153204560279846e-02
3.729281201958656311e-02
3.750469535589218140e-02
3.761563077569007874e-02
3.759828954935073853e-02
3.759828954935073853e-02
3.757761418819427490e-02
3.749577328562736511e-02
3.743242472410202026e-02
3.731852769851684570e-02
3.722311183810234070e-02
3.716246038675308228e-02
3.711042553186416626e-02
3.710642829537391663e-02
3.716715425252914429e-02
3.718873485922813416e-02
3.718873485922813416e-02
3.721748292446136475e-02
3.726091608405113220e-02
3.725446760654449463e-02
3.721832856535911560e-02
3.716558218002319336e-02
3.707310557365417480e-02
3.693975135684013367e-02
3.679934516549110413e-02
3.662110865116119385e-02
3.643291443586349487e-02
3.643291443586349487e-02
3.619681298732757568e-02
3.598533943295478821e-02
3.575948998332023621e-02
3.564993664622306824e-02
3.554284572601318359e-02
3.543309494853019714e-02
3.528413921594619751e-02
3.511340543627738953e-02
3.495078906416893005e-02
3.483174368739128113e-02
3.483174368739128113e-02
3.467210009694099426e-02
3.449339792132377625e-02
3.434364870190620422e-02
3.415507078170776367e-02
3.393329307436943054e-02
3.370304405689239502e-02
3.353181108832359314e-02
3.340294212102890015e-02
3.325296938419342041e-02
3.309873118996620178e-02
3.309873118996620178e-02
3.299742937088012695e-02
3.291215747594833374e-02
3.282346948981285095e-02
3.271186724305152893e-02
3.260244056582450867e-02
3.244131058454513550e-02
3.232096508145332336e-02
3.222585469484329224e-02
3.214734420180320740e-02
3.212793543934822083e-02
3.212793543934822083e-02
3.210721537470817566e-02
3.216165304183959961e-02
3.230142220854759216e-02
3.248519822955131531e-02
3.273468837141990662e-02
3.295113891363143921e-02
3.308753296732902527e-02
3.318477049469947815e-02
3.326259180903434753e-02
3.324430063366889954e-02
3.324430063366889954e-02
3.322681784629821777e-02
3.316564857959747314e-02
3.309969976544380188e-02
3.307568654417991638e-02
3.308348357677459717e-02
3.314521908760070801e-02
3.318895027041435242e-02
3.323563933372497559e-02
3.337486460804939270e-02
3.341684862971305847e-02
3.341684862971305847e-02
3.342846781015396118e-02
3.340770304203033447e-02
3.338178619742393494e-02
3.342266753315925598e-02
3.351993486285209656e-02
3.342128545045852661e-02
3.330521658062934875e-02
3.326079249382019043e-02
3.325556218624114990e-02
3.336793556809425354e-02
3.336793556809425354e-02
3.353833034634590149e-02
3.365537896752357483e-02
3.370517864823341370e-02
3.382080793380737305e-02
3.389934450387954712e-02
3.400304168462753296e-02
3.408366069197654724e-02
3.417918458580970764e-02
3.429484367370605469e-02
3.446983546018600464e-02
3.446983546018600464e-02
3.457116335630416870e-02
3.464315831661224365e-02
3.461211174726486206e-02
3.466212749481201172e-02
3.467230498790740967e-02
3.470223397016525269e-02
3.463598340749740601e-02
3.463897854089736938e-02
3.466105833649635315e-02
3.468146920204162598e-02
3.468146920204162598e-02
3.472585231065750122e-02
3.482220694422721863e-02
3.493717312812805176e-02
3.496210649609565735e-02
3.492487221956253052e-02
3.480694442987442017e-02
3.465867415070533752e-02
3.445282205939292908e-02
3.430055454373359680e-02
3.405101224780082703e-02
