2.109016291797161102e-02
2.109016291797161102e-02
2.264306135475635529e-02
2.396065928041934967e-02
2.515626326203346252e-02
2.645252272486686707e-02
2.754786051809787750e-02
2.859651297330856323e-02
2.929594554007053375e-02
3.013237565755844116e-02
3.105743974447250366e-02
3.196917474269866943e-02
3.196917474269866943e-02
3.299156576395034790e-02
3.398024290800094604e-02
3.490203246474266052e-02
3.572937473654747009e-02
3.654609620571136475e-02
3.724987059831619263e-02
3.787199035286903381e-02
3.835795074701309204e-02
3.878208622336387634e-02
3.903630375862121582e-02
3.903630375862121582e-02
3.940554335713386536e-02
3.976074233651161194e-02
4.013908281922340393e-02
4.046038165688514709e-02
4.077009111642837524e-02
4.112505540251731873e-02
4.174046963453292847e-02
4.228055104613304138e-02
4.272165894508361816e-02
4.303839430212974548e-02
4.303839430212974548e-02
4.332932457327842712e-02
4.357517138123512268e-02
4.388160631060600281e-02
4.419285804033279419e-02
4.449675232172012329e-02
4.481223598122596741e-02
4.518336057662963867e-02
4.559807851910591125e-02
4.606419056653976440e-02
4.641719534993171692e-02
4.641719534993171692e-02
4.682184383273124695e-02
4.728021472692489624e-02
4.774538800120353699e-02
4.812858253717422485e-02
4.844215139746665955e-02
4.876387491822242737e-02
4.901415109634399414e-02
4.941646754741668701e-02
4.976778104901313782e-02
5.023115873336791992e-02
5.023115873336791992e-02
5.067601054906845093e-02
5.112450569868087769e-02
5.149551853537559509e-02
5.184173956513404846e-02
5.214163661003112793e-02
5.242779478430747986e-02
5.269658565521240234e-02
5.297910049557685852e-02
5.325726419687271118e-02
5.366858094930648804e-02
5.366858094930648804e-02
5.412219837307929993e-02
5.461633950471878052e-02
5.496204644441604614e-02
5.517723411321640015e-02
5.542397499084472656e-02
5.578700080513954163e-02
5.636469274759292603e-02
5.684022605419158936e-02
5.722485855221748352e-02
5.758415535092353821e-02
5.758415535092353821e-02
5.799561366438865662e-02
5.849665775895118713e-02
5.910746008157730103e-02
5.969956889748573303e-02
6.014687567949295044e-02
6.058628484606742859e-02
6.085016950964927673e-02
6.105955690145492554e-02
6.142241507768630981e-02
6.195862591266632080e-02
6.195862591266632080e-02
6.231066957116127014e-02
6.269683688879013062e-02
6.311887502670288086e-02
6.352512538433074951e-02
6.386646628379821777e-02
6.435353308916091919e-02
6.476355344057083130e-02
6.531281769275665283e-02
6.602314114570617676e-02
6.665708869695663452e-02
6.665708869695663452e-02
6.739565730094909668e-02
6.815414130687713623e-02
6.890989840030670166e-02
6.970377266407012939e-02
7.069246470928192139e-02
7.130430638790130615e-02
7.183800637722015381e-02
7.241007685661315918e-02
7.310456037521362305e-02
7.337544113397598267e-02
7.337544113397598267e-02
7.364483177661895752e-02
7.368288934230804443e-02
7.371954619884490967e-02
7.369135320186614990e-02
7.371768355369567871e-02
7.380464673042297363e-02
7.389380782842636108e-02
7.401493191719055176e-02
7.426842302083969116e-02
7.443090528249740601e-02
7.443090528249740601e-02
7.454180717468261719e-02
7.465094327926635742e-02
7.455217838287353516e-02
7.446698844432830811e-02
7.445918768644332886e-02
7.450143992900848389e-02
7.442775368690490723e-02
7.434731721878051758e-02
7.423288375139236450e-02
7.406593859195709229e-02
7.406593859195709229e-02
7.372239977121353149e-02
7.334941625595092773e-02
7.303302735090255737e-02
7.276008278131484985e-02
7.266338169574737549e-02
7.256745547056198120e-02
7.241373509168624878e-02
7.231718301773071289e-02
7.216971367597579956e-02
7.194911688566207886e-02
7.194911688566207886e-02
7.176229357719421387e-02
7.167802751064300537e-02
7.168322056531906128e-02
7.170970737934112549e-02
7.172809541225433350e-02
7.181426137685775757e-02
7.189361751079559326e-02
7.216107100248336792e-02
7.259728759527206421e-02
7.325141131877899170e-02
7.325141131877899170e-02
7.381969690322875977e-02
7.433100789785385132e-02
7.501631975173950195e-02
7.561998814344406128e-02
7.599923014640808105e-02
7.642385363578796387e-02
7.660300284624099731e-02
7.669252902269363403e-02
7.672899961471557617e-02
7.648274302482604980e-02
7.648274302482604980e-02
7.617831975221633911e-02
7.574532926082611084e-02
7.533806562423706055e-02
7.495779544115066528e-02
7.478176057338714600e-02
7.452009618282318115e-02
7.437193393707275391e-02
7.424516230821609497e-02
7.427699863910675049e-02
7.436861097812652588e-02
7.436861097812652588e-02
7.425121217966079712e-02
7.405238598585128784e-02
7.409009337425231934e-02
7.401026785373687744e-02
7.401066273450851440e-02
7.399671524763107300e-02
7.401166111230850220e-02
7.410635054111480713e-02
7.406014204025268555e-02
7.400088757276535034e-02
7.400088757276535034e-02
7.393537461757659912e-02
7.354184240102767944e-02
7.313560694456100464e-02
7.269924879074096680e-02
7.223662734031677246e-02
7.161182910203933716e-02
7.122652977705001831e-02
7.091117650270462036e-02
7.042929530143737793e-02
6.993024051189422607e-02
6.993024051189422607e-02
6.951753795146942139e-02
6.915146857500076294e-02
6.879635155200958252e-02
6.844981014728546143e-02
6.831227988004684448e-02
6.837207078933715820e-02
6.846144795417785645e-02
6.869947165250778198e-02
6.907647848129272461e-02
6.961053609848022461e-02
6.961053609848022461e-02
7.016669958829879761e-02
7.066864520311355591e-02
7.106364518404006958e-02
7.133705914020538330e-02
7.114987820386886597e-02
7.105209678411483765e-02
7.045943289995193481e-02
6.974584609270095825e-02
6.919597834348678589e-02
6.862322986125946045e-02
6.862322986125946045e-02
6.819342821836471558e-02
6.763075292110443115e-02
6.712570041418075562e-02
6.660255789756774902e-02
6.609584391117095947e-02
6.590896099805831909e-02
6.556199491024017334e-02
6.526030600070953369e-02
6.494676321744918823e-02
6.457095593214035034e-02
6.457095593214035034e-02
6.389703601598739624e-02
6.317956745624542236e-02
6.264347583055496216e-02
6.235516816377639771e-02
6.204500794410705566e-02
6.186217442154884338e-02
6.186217442154884338e-02
6.184798851609230042e-02
6.171635910868644714e-02
6.149888038635253906e-02
6.149888038635253906e-02
6.117730960249900818e-02
6.074815243482589722e-02
6.023914366960525513e-02
5.966046079993247986e-02
5.918193235993385315e-02
5.870633199810981750e-02
5.827973410487174988e-02
5.827973410487174988e-02
5.827973410487174988e-02
5.808887258172035217e-02
5.808887258172035217e-02
5.814645066857337952e-02
5.839988216757774353e-02
5.859751999378204346e-02
5.863799527287483215e-02
5.844072252511978149e-02
5.811175704002380371e-02
5.773393437266349792e-02
5.711180344223976135e-02
5.711180344223976135e-02
5.711180344223976135e-02
5.711180344223976135e-02
5.628637596964836121e-02
5.550063773989677429e-02
5.481106415390968323e-02
5.418951436877250671e-02
5.371816828846931458e-02
5.328006297349929810e-02
5.293685942888259888e-02
5.257235839962959290e-02
5.205476284027099609e-02
5.150685459375381470e-02
5.150685459375381470e-02
5.094442889094352722e-02
5.042944848537445068e-02
4.989388957619667053e-02
4.937644675374031067e-02
4.897376894950866699e-02
4.876850917935371399e-02
4.871232062578201294e-02
4.879833012819290161e-02
4.910813271999359131e-02
4.936886951327323914e-02
4.936886951327323914e-02
4.962282255291938782e-02
4.977915063500404358e-02
4.974154382944107056e-02
4.956075176596641541e-02
4.938324540853500366e-02
4.928563535213470459e-02
4.936971887946128845e-02
4.945476725697517395e-02
4.953074455261230469e-02
4.953807592391967773e-02
4.953807592391967773e-02
4.946706816554069519e-02
4.937887564301490784e-02
4.927289485931396484e-02
4.911344870924949646e-02
4.877585545182228088e-02
4.856014996767044067e-02
4.848294705152511597e-02
4.844512790441513062e-02
4.842986911535263062e-02
4.821711406111717224e-02
4.821711406111717224e-02
4.808031022548675537e-02
4.785634577274322510e-02
4.792920872569084167e-02
4.786453768610954285e-02
4.767879098653793335e-02
4.752075299620628357e-02
4.710630327463150024e-02
4.660188406705856323e-02
4.614873975515365601e-02
4.583284631371498108e-02
4.583284631371498108e-02
4.585530236363410950e-02
4.589547589421272278e-02
4.608528316020965576e-02
4.624870419502258301e-02
4.650864377617835999e-02
4.675293341279029846e-02
4.705545678734779358e-02
4.712901636958122253e-02
4.693695902824401855e-02
4.665345698595046997e-02
4.665345698595046997e-02
4.647713899612426758e-02
4.655947908759117126e-02
4.680810496211051941e-02
4.612749069929122925e-02
4.565258324146270752e-02
4.533004760742187500e-02
4.518551006913185120e-02
4.530091583728790283e-02
4.558070749044418335e-02
4.602293297648429871e-02
4.602293297648429871e-02
4.655062779784202576e-02
4.706056416034698486e-02
4.780862480401992798e-02
4.856259375810623169e-02
4.908923804759979248e-02
4.952537268400192261e-02
4.987953975796699524e-02
5.020702630281448364e-02
5.051850900053977966e-02
5.078714340925216675e-02
5.078714340925216675e-02
5.127461627125740051e-02
5.198966711759567261e-02
5.259825289249420166e-02
5.327038094401359558e-02
5.400291457772254944e-02
5.473872274160385132e-02
5.545561388134956360e-02
5.612157285213470459e-02
5.645997822284698486e-02
5.677377060055732727e-02
5.677377060055732727e-02
5.691664665937423706e-02
5.699406564235687256e-02
5.701386928558349609e-02
5.694174021482467651e-02
5.688766017556190491e-02
5.679927393794059753e-02
5.673279240727424622e-02
5.671383067965507507e-02
5.668024346232414246e-02
5.672462657094001770e-02
5.672462657094001770e-02
5.675470829010009766e-02
5.645452812314033508e-02
5.603572726249694824e-02
5.562244355678558350e-02
5.494490265846252441e-02
5.435599386692047119e-02
5.399358272552490234e-02
5.366286262869834900e-02
5.342532321810722351e-02
5.337241291999816895e-02
5.337241291999816895e-02
5.333438143134117126e-02
5.327564477920532227e-02
5.310798063874244690e-02
5.283405631780624390e-02
5.246612802147865295e-02
5.219713598489761353e-02
5.194218084216117859e-02
5.185824632644653320e-02
5.186558887362480164e-02
5.190518498420715332e-02
5.190518498420715332e-02
5.208849161863327026e-02
5.223229154944419861e-02
5.229300633072853088e-02
5.224551260471343994e-02
5.200437828898429871e-02
5.167112872004508972e-02
5.137791484594345093e-02
5.120341479778289795e-02
5.124218389391899109e-02
5.133927240967750549e-02
5.133927240967750549e-02
5.151171982288360596e-02
5.152698606252670288e-02
5.150179937481880188e-02
5.140149593353271484e-02
5.120712146162986755e-02
5.097884684801101685e-02
5.058518797159194946e-02
5.023730173707008362e-02
4.984801262617111206e-02
4.944639652967453003e-02
4.944639652967453003e-02
4.910932108759880066e-02
4.882896319031715393e-02
4.851314797997474670e-02
4.815795645117759705e-02
4.779103025794029236e-02
4.752086102962493896e-02
4.734284058213233948e-02
4.772075638175010681e-02
4.811299592256546021e-02
4.852934926748275757e-02
4.852934926748275757e-02
4.885549098253250122e-02
4.918147623538970947e-02
4.929070174694061279e-02
4.937261343002319336e-02
4.938055574893951416e-02
4.926703497767448425e-02
4.906469210982322693e-02
4.873946309089660645e-02
4.842878505587577820e-02
4.811907932162284851e-02
4.811907932162284851e-02
4.787676781415939331e-02
4.769790172576904297e-02
4.786068573594093323e-02
4.797769337892532349e-02
4.809786751866340637e-02
4.819255694746971130e-02
4.820098355412483215e-02
4.820098355412483215e-02
4.810078442096710205e-02
4.791560396552085876e-02
4.791560396552085876e-02
4.772187024354934692e-02
4.749463126063346863e-02
4.735904186964035034e-02
4.724772274494171143e-02
4.712424427270889282e-02
4.691917449235916138e-02
4.676292464137077332e-02
4.667355865240097046e-02
4.660509154200553894e-02
4.663323983550071716e-02
4.663323983550071716e-02
4.667687416076660156e-02
4.685206338763237000e-02
4.708395525813102722e-02
4.722493886947631836e-02
4.744295030832290649e-02
4.757480695843696594e-02
4.775992780923843384e-02
4.792315512895584106e-02
4.812489077448844910e-02
4.823200032114982605e-02
4.823200032114982605e-02
4.834573715925216675e-02
4.845400899648666382e-02
4.860273003578186035e-02
4.876426979899406433e-02
4.896827042102813721e-02
4.926456883549690247e-02
4.943318292498588562e-02
4.959552362561225891e-02
4.985457658767700195e-02
5.004892125725746155e-02
5.004892125725746155e-02
5.008655041456222534e-02
5.006431415677070618e-02
4.997097328305244446e-02
5.001851916313171387e-02
5.017969384789466858e-02
5.027552321553230286e-02
5.031456425786018372e-02
5.042536556720733643e-02
5.045562610030174255e-02
5.041456222534179688e-02
5.041456222534179688e-02
5.019487440586090088e-02
4.992124438285827637e-02
4.960387945175170898e-02
4.931370913982391357e-02
4.910275340080261230e-02
4.886155948042869568e-02
4.872681200504302979e-02
4.872681200504302979e-02
4.872681200504302979e-02
4.865071550011634827e-02
4.865071550011634827e-02
4.860953614115715027e-02
4.859372973442077637e-02
4.861887544393539429e-02
4.851556196808815002e-02
4.832827672362327576e-02
4.818169400095939636e-02
4.815894365310668945e-02
4.805129393935203552e-02
4.800929501652717590e-02
4.797312989830970764e-02
4.797312989830970764e-02
4.818342253565788269e-02
4.849606752395629883e-02
4.881620034575462341e-02
4.907761141657829285e-02
4.925241321325302124e-02
4.941765964031219482e-02
4.940018802881240845e-02
4.932838305830955505e-02
4.925046116113662720e-02
4.908223822712898254e-02
4.908223822712898254e-02
4.898346588015556335e-02
4.895211756229400635e-02
4.885455965995788574e-02
4.882218316197395325e-02
4.881401732563972473e-02
4.880311340093612671e-02
4.867815971374511719e-02
4.848647862672805786e-02
4.799231514334678650e-02
4.753758385777473450e-02
4.753758385777473450e-02
4.710362106561660767e-02
4.670382663607597351e-02
4.640248045325279236e-02
4.603142663836479187e-02
4.565404728055000305e-02
4.523003101348876953e-02
4.479962587356567383e-02
4.440748691558837891e-02
4.400766268372535706e-02
4.358762502670288086e-02
4.358762502670288086e-02
4.322388395667076111e-02
4.293688386678695679e-02
4.273423552513122559e-02
4.268338531255722046e-02
4.269957914948463440e-02
4.281426593661308289e-02
4.288342595100402832e-02
4.299640655517578125e-02
4.307865351438522339e-02
4.309290274977684021e-02
4.309290274977684021e-02
4.298477247357368469e-02
4.288841411471366882e-02
4.280334711074829102e-02
4.290460422635078430e-02
4.304189234972000122e-02
4.305491596460342407e-02
4.320257902145385742e-02
4.346198961138725281e-02
4.373962059617042542e-02
4.407171532511711121e-02
4.407171532511711121e-02
4.435368999838829041e-02
4.447420686483383179e-02
4.435861855745315552e-02
4.407653957605361938e-02
4.378749057650566101e-02
4.341839998960494995e-02
4.314712062478065491e-02
4.284570366144180298e-02
4.265644773840904236e-02
4.249521717429161072e-02
4.249521717429161072e-02
4.236756265163421631e-02
4.230577871203422546e-02
4.231693223118782043e-02
4.238654673099517822e-02
4.241171479225158691e-02
4.241908714175224304e-02
4.235345870256423950e-02
4.217362403869628906e-02
4.197159782052040100e-02
4.180124774575233459e-02
4.180124774575233459e-02
4.178093373775482178e-02
4.186581075191497803e-02
4.207989200949668884e-02
4.239945486187934875e-02
4.279902949929237366e-02
4.311306774616241455e-02
4.342032223939895630e-02
4.366883635520935059e-02
4.379864409565925598e-02
4.382829740643501282e-02
4.382829740643501282e-02
4.375468194484710693e-02
4.368451237678527832e-02
4.367082938551902771e-02
4.376050084829330444e-02
4.381203278899192810e-02
4.377963393926620483e-02
4.362905398011207581e-02
4.354447871446609497e-02
4.343917965888977051e-02
4.335933923721313477e-02
4.335933923721313477e-02
4.330930113792419434e-02
4.326168447732925415e-02
4.317219555377960205e-02
4.299199953675270081e-02
4.284924268722534180e-02
4.260469228029251099e-02
4.233175143599510193e-02
4.204992949962615967e-02
4.177492484450340271e-02
4.146965593099594116e-02
4.146965593099594116e-02
4.125471785664558411e-02
4.106557741761207581e-02
4.102972149848937988e-02
4.104899987578392029e-02
4.105041921138763428e-02
4.109435528516769409e-02
4.115881770849227905e-02
4.099292680621147156e-02
4.092162847518920898e-02
4.091108217835426331e-02
4.091108217835426331e-02
4.084455966949462891e-02
4.070615768432617188e-02
4.049064591526985168e-02
4.029176756739616394e-02
4.014247655868530273e-02
4.012288898229598999e-02
4.017936438322067261e-02
4.029930382966995239e-02
4.051633179187774658e-02
4.091583192348480225e-02
4.091583192348480225e-02
4.123991727828979492e-02
4.149697721004486084e-02
4.171084985136985779e-02
4.190718010067939758e-02
4.214785620570182800e-02
4.240966960787773132e-02
4.267941787838935852e-02
4.296560212969779968e-02
4.335604235529899597e-02
4.369148239493370056e-02
4.369148239493370056e-02
4.403898864984512329e-02
4.437642917037010193e-02
4.494455456733703613e-02
4.556610807776451111e-02
4.614789411425590515e-02
4.669789224863052368e-02
4.711706563830375671e-02
4.749878495931625366e-02
4.777160659432411194e-02
4.793145880103111267e-02
4.793145880103111267e-02
4.801972582936286926e-02
4.807328805327415466e-02
4.815181717276573181e-02
4.817874729633331299e-02
4.824835062026977539e-02
4.831212386488914490e-02
4.840124770998954773e-02
4.850085824728012085e-02
4.858849197626113892e-02
4.859513044357299805e-02
4.859513044357299805e-02
4.855316877365112305e-02
4.852180927991867065e-02
4.846783727407455444e-02
4.848103225231170654e-02
4.859644919633865356e-02
4.864308238029479980e-02
4.869455099105834961e-02
4.878123849630355835e-02
4.895101487636566162e-02
4.911693930625915527e-02
