5.008345469832420349e-03
5.008345469832420349e-03
6.254759151488542557e-03
6.810232996940612793e-03
6.917352322489023209e-03
6.755495443940162659e-03
6.756968796253204346e-03
6.656383629888296127e-03
6.453358568251132965e-03
6.326192524284124374e-03
6.288649048656225204e-03
6.327937357127666473e-03
6.327937357127666473e-03
6.357830017805099487e-03
6.383970379829406738e-03
6.183899939060211182e-03
5.850196816027164459e-03
5.434570834040641785e-03
5.107377655804157257e-03
4.782228730618953705e-03
4.637764301151037216e-03
4.674615338444709778e-03
4.883874673396348953e-03
4.883874673396348953e-03
5.427305120974779129e-03
6.131509784609079361e-03
6.797551643103361130e-03
7.307039573788642883e-03
7.674246095120906830e-03
7.835094816982746124e-03
7.806967943906784058e-03
7.523097563534975052e-03
7.238771300762891769e-03
6.997829303145408630e-03
6.997829303145408630e-03
7.012896239757537842e-03
7.148920092731714249e-03
7.383262272924184799e-03
7.699210196733474731e-03
8.026298135519027710e-03
7.963627576828002930e-03
7.662822026759386063e-03
7.293762173503637314e-03
6.868225522339344025e-03
6.430028472095727921e-03
6.430028472095727921e-03
6.007392890751361847e-03
5.752496421337127686e-03
5.708832759410142899e-03
5.710492376238107681e-03
5.841735750436782837e-03
6.074968725442886353e-03
6.451579742133617401e-03
6.830153986811637878e-03
7.194237317889928818e-03
7.512951269745826721e-03
7.512951269745826721e-03
7.655875757336616516e-03
7.689954247325658798e-03
7.480043452233076096e-03
7.150650024414062500e-03
6.723061669617891312e-03
6.246642209589481354e-03
5.749955307692289352e-03
5.323418416082859039e-03
4.938256461173295975e-03
4.553230479359626770e-03
4.553230479359626770e-03
4.241303075104951859e-03
4.027544986456632614e-03
3.961768001317977905e-03
3.962706308811903000e-03
4.034234676510095596e-03
4.259740468114614487e-03
4.501942079514265060e-03
4.758225753903388977e-03
4.999862983822822571e-03
5.221913103014230728e-03
5.221913103014230728e-03
5.346706602722406387e-03
5.419000517576932907e-03
5.418778862804174423e-03
5.381655413657426834e-03
5.241346079856157303e-03
5.118510685861110687e-03
4.965585656464099884e-03
4.915868397802114487e-03
4.900906234979629517e-03
4.842519294470548630e-03
4.842519294470548630e-03
4.789463710039854050e-03
4.754511639475822449e-03
4.741813521832227707e-03
4.732783418148756027e-03
4.572658333927392960e-03
4.365377593785524368e-03
4.319220315665006638e-03
4.425745923072099686e-03
4.738403018563985825e-03
5.202697124332189560e-03
5.202697124332189560e-03
5.840086843818426132e-03
6.559894885867834091e-03
7.187264505773782730e-03
7.671078667044639587e-03
8.034831844270229340e-03
8.226920850574970245e-03
8.212040178477764130e-03
8.056219667196273804e-03
7.783771958202123642e-03
7.464237976819276810e-03
7.464237976819276810e-03
7.208047900348901749e-03
7.062052376568317413e-03
7.067097350955009460e-03
7.302967831492424011e-03
7.550746668130159378e-03
7.808319758623838425e-03
7.953604683279991150e-03
7.885015569627285004e-03
7.658283226191997528e-03
7.277277298271656036e-03
7.277277298271656036e-03
6.881562992930412292e-03
6.424354854971170425e-03
5.882769823074340820e-03
5.432787816971540451e-03
5.139949731528759003e-03
4.879527725279331207e-03
4.662237595766782761e-03
4.550293087959289551e-03
4.446960519999265671e-03
4.346990492194890976e-03
4.346990492194890976e-03
4.236707929521799088e-03
4.090829752385616302e-03
4.034305457025766373e-03
4.068113863468170166e-03
4.267881624400615692e-03
4.596221726387739182e-03
4.986617714166641235e-03
5.467432551085948944e-03
5.937593523412942886e-03
6.418332923203706741e-03
6.418332923203706741e-03
6.754910573363304138e-03
6.955662276595830917e-03
6.930508650839328766e-03
6.824538111686706543e-03
6.663315929472446442e-03
6.476141046732664108e-03
6.258818786591291428e-03
6.089711096137762070e-03
5.852061323821544647e-03
5.715384148061275482e-03
5.715384148061275482e-03
5.740571767091751099e-03
5.713030695915222168e-03
5.630763713270425797e-03
5.554659292101860046e-03
5.418684333562850952e-03
5.280431360006332397e-03
5.118883680552244186e-03
5.044158082455396652e-03
4.983641207218170166e-03
4.931625444442033768e-03
4.931625444442033768e-03
5.045560654252767563e-03
5.242361221462488174e-03
5.520877428352832794e-03
5.803818814456462860e-03
6.061647087335586548e-03
6.183721125125885010e-03
6.120659876614809036e-03
5.900521762669086456e-03
5.589717067778110504e-03
5.309961736202239990e-03
5.309961736202239990e-03
5.038543604314327240e-03
4.810609389096498489e-03
4.622425884008407593e-03
4.421397577971220016e-03
4.071241244673728943e-03
3.761689178645610809e-03
3.381255315616726875e-03
3.014342393726110458e-03
2.612950513139367104e-03
2.279513515532016754e-03
2.279513515532016754e-03
2.031594747677445412e-03
1.962318317964673042e-03
1.998311141505837440e-03
2.196181099861860275e-03
2.492909552529454231e-03
2.880663145333528519e-03
3.259885823354125023e-03
3.532594069838523865e-03
3.737631952390074730e-03
3.800588892772793770e-03
3.800588892772793770e-03
3.853479167446494102e-03
3.813723567873239517e-03
3.736305050551891327e-03
3.710599849000573158e-03
3.764205612242221832e-03
3.824391169473528862e-03
3.849674016237258911e-03
3.908856771886348724e-03
3.987092990428209305e-03
3.990658558905124664e-03
3.990658558905124664e-03
3.911545500159263611e-03
3.923614509403705597e-03
3.935265354812145233e-03
3.924794029444456100e-03
3.810316091403365135e-03
3.703667316585779190e-03
3.628466278314590454e-03
3.519904101267457008e-03
3.412039019167423248e-03
3.319263923913240433e-03
3.319263923913240433e-03
3.214322263374924660e-03
3.215023083612322807e-03
3.322537522763013840e-03
3.539482131600379944e-03
3.706019138917326927e-03
3.791797440499067307e-03
3.830935573205351830e-03
3.871960798278450966e-03
3.909068647772073746e-03
4.009362310171127319e-03
4.009362310171127319e-03
4.073301330208778381e-03
4.201407078653573990e-03
4.363697022199630737e-03
4.544530063867568970e-03
4.735368769615888596e-03
4.974687006324529648e-03
5.139187444001436234e-03
5.280700977891683578e-03
5.493429489433765411e-03
5.515235010534524918e-03
5.515235010534524918e-03
5.579597782343626022e-03
5.708551499992609024e-03
5.868335720151662827e-03
6.168177351355552673e-03
6.428875494748353958e-03
6.640130653977394104e-03
6.839293055236339569e-03
6.858768872916698456e-03
6.750789005309343338e-03
6.565037183463573456e-03
6.565037183463573456e-03
6.254362408071756363e-03
5.909196101129055023e-03
5.687652155756950378e-03
5.568433552980422974e-03
5.637094378471374512e-03
5.836662370711565018e-03
6.051242817193269730e-03
6.191837601363658905e-03
6.164723075926303864e-03
6.100059486925601959e-03
