4.186441711101629437e-02
4.186441711101629437e-02
4.340734913234189918e-02
4.343647006681106149e-02
4.392681903400674770e-02
4.492743729703985167e-02
4.543956888548184025e-02
4.596848756562632587e-02
4.645557936738331506e-02
4.668675277852596395e-02
4.680855138349127031e-02
4.691581005445044639e-02
4.691581005445044639e-02
4.695307188286435007e-02
4.700325078692468850e-02
4.696336103044984611e-02
4.682406471399147563e-02
4.664764362431750300e-02
4.641090078109666450e-02
4.621041436947681547e-02
4.603649661387532177e-02
4.582428695741480595e-02
4.564738605173790376e-02
