3.612636069812102946e-02
3.612636069812102946e-02
3.483768581278791354e-02
3.538219080479182432e-02
3.595885450810901857e-02
3.637089910100068518e-02
3.703897155687316256e-02
3.763883323788699831e-02
3.832871887690254831e-02
3.889763844153306532e-02
3.923861986388448020e-02
3.961986671437509738e-02
3.961986671437509738e-02
3.997834146831656665e-02
4.017405023481669668e-02
4.011347667909471310e-02
4.015801236997992157e-02
3.999182841669221555e-02
3.991720025343402367e-02
3.991824540133392246e-02
3.975878602935307288e-02
4.000467125075311825e-02
4.016605512188877597e-02
