5.893030390143394470e-02
5.229063704609870911e-02
4.938789084553718567e-02
4.667458683252334595e-02
4.513998702168464661e-02
4.396028071641921997e-02
4.243759438395500183e-02
4.281200841069221497e-02
4.327580705285072327e-02
4.483431950211524963e-02
4.662841930985450745e-02
4.662841930985450745e-02
4.849531874060630798e-02
5.089095234870910645e-02
5.340475961565971375e-02
5.531683936715126038e-02
5.743711441755294800e-02
5.702680349349975586e-02
5.687553808093070984e-02
5.631716549396514893e-02
5.851005017757415771e-02
6.036445870995521545e-02
6.036445870995521545e-02
6.197449564933776855e-02
6.381262093782424927e-02
6.535566598176956177e-02
6.636507809162139893e-02
6.704758107662200928e-02
6.764370948076248169e-02
6.800017505884170532e-02
6.910438835620880127e-02
7.023292779922485352e-02
7.116774469614028931e-02
7.116774469614028931e-02
7.240247726440429688e-02
7.352321594953536987e-02
7.400443404912948608e-02
7.441185414791107178e-02
7.399415224790573120e-02
7.406694442033767700e-02
7.453703135251998901e-02
7.510849833488464355e-02
7.470808178186416626e-02
7.498309761285781860e-02
7.498309761285781860e-02
7.461445778608322144e-02
7.392917573451995850e-02
7.345559448003768921e-02
7.266800105571746826e-02
7.177525758743286133e-02
7.068100571632385254e-02
6.919456273317337036e-02
6.730166822671890259e-02
6.521482020616531372e-02
6.327392160892486572e-02
6.327392160892486572e-02
6.189068779349327087e-02
6.067541614174842834e-02
5.996102839708328247e-02
5.956616625189781189e-02
5.927823483943939209e-02
5.937315523624420166e-02
5.971019342541694641e-02
6.035694107413291931e-02
6.187376752495765686e-02
6.241561099886894226e-02
6.241561099886894226e-02
6.313654780387878418e-02
6.317546963691711426e-02
6.323508173227310181e-02
6.370593607425689697e-02
6.392290443181991577e-02
6.405495107173919678e-02
6.363939493894577026e-02
6.290765851736068726e-02
6.227475032210350037e-02
6.036198139190673828e-02
6.036198139190673828e-02
5.797605216503143311e-02
5.580719560384750366e-02
5.353789031505584717e-02
5.228388309478759766e-02
5.104006454348564148e-02
5.016290768980979919e-02
4.974868521094322205e-02
4.977769777178764343e-02
5.029074102640151978e-02
5.093297734856605530e-02
5.093297734856605530e-02
5.180336162447929382e-02
5.267044156789779663e-02
5.517258122563362122e-02
5.694371089339256287e-02
5.806237086653709412e-02
6.012593954801559448e-02
6.197033077478408813e-02
6.313156336545944214e-02
6.341360509395599365e-02
6.321794539690017700e-02
6.321794539690017700e-02
6.288077682256698608e-02
6.236358359456062317e-02
6.136617809534072876e-02
6.063535809516906738e-02
6.025594845414161682e-02
6.074136495590209961e-02
6.150697916746139526e-02
6.214569509029388428e-02
6.348784267902374268e-02
6.502502411603927612e-02
6.502502411603927612e-02
6.641319394111633301e-02
6.693536043167114258e-02
6.636106967926025391e-02
6.648771464824676514e-02
6.539069116115570068e-02
6.400072574615478516e-02
6.214038655161857605e-02
6.129793077707290649e-02
5.957163870334625244e-02
5.696711689233779907e-02
5.696711689233779907e-02
5.380920693278312683e-02
5.144736170768737793e-02
5.008068308234214783e-02
4.923746734857559204e-02
4.850447922945022583e-02
4.509763792157173157e-02
4.236046224832534790e-02
4.099462926387786865e-02
3.975299373269081116e-02
3.821804746985435486e-02
3.821804746985435486e-02
3.656033799052238464e-02
3.545933961868286133e-02
3.469233587384223938e-02
3.430436924099922180e-02
3.452440351247787476e-02
3.472441062331199646e-02
3.408386185765266418e-02
3.341841325163841248e-02
3.322474658489227295e-02
3.213766962289810181e-02
