6.288612633943557739e-02
6.288612633943557739e-02
6.371446698904037476e-02
6.418675184249877930e-02
6.373076885938644409e-02
6.384256482124328613e-02
6.396608799695968628e-02
6.399863213300704956e-02
6.438214331865310669e-02
6.480018049478530884e-02
6.502002477645874023e-02
6.545586884021759033e-02
6.545586884021759033e-02
6.574307382106781006e-02
6.610679626464843750e-02
6.672501564025878906e-02
6.720717996358871460e-02
6.751035898923873901e-02
6.770868599414825439e-02
6.758759170770645142e-02
6.784594058990478516e-02
6.801325827836990356e-02
6.806909292936325073e-02
