6.106769996880532375e-02
6.106769996880532375e-02
6.031229873291134996e-02
5.952866536059332747e-02
5.849297050470187581e-02
5.748570884776663115e-02
5.647000385734651101e-02
5.552881296521509913e-02
5.459704531431670838e-02
5.368753108551681946e-02
5.300436811285132860e-02
5.224517727688700319e-02
5.224517727688700319e-02
5.167444188196161636e-02
5.097882816989798144e-02
5.033477717135746710e-02
4.969227264843183167e-02
4.906125779724481578e-02
4.846559525970937227e-02
4.798962407981690464e-02
4.756442536714668851e-02
4.712013073188055928e-02
4.665166127916157979e-02
4.665166127916157979e-02
4.618521764919229083e-02
4.573819767639255435e-02
4.528018226037262145e-02
4.480601706999648437e-02
4.440812963474666947e-02
4.408513844871479737e-02
4.375133580565449681e-02
4.341931865004371172e-02
4.310855275595835284e-02
4.272904590539869374e-02
4.272904590539869374e-02
4.241331257449845044e-02
4.211090052682200935e-02
4.178413225242889883e-02
4.144625235270252284e-02
4.106575400649613294e-02
4.067612441712058907e-02
4.026899731212556927e-02
3.989748786807231079e-02
3.950780027383241078e-02
3.918306941374390812e-02
3.918306941374390812e-02
3.893946961435113679e-02
3.878918664612585054e-02
3.862627958990720589e-02
3.845466509925782317e-02
3.832400071788887030e-02
3.811210918539394837e-02
3.784935579378458786e-02
3.755826193270426355e-02
3.732707223900960658e-02
3.715721279753045336e-02
3.715721279753045336e-02
3.686578946190324779e-02
3.665741716007362566e-02
3.647712017969087506e-02
3.626167077666159200e-02
3.602476195071566828e-02
3.577424579960367806e-02
3.556097495840154776e-02
3.545941327376937735e-02
3.541852157486290870e-02
3.527015937070498985e-02
3.527015937070498985e-02
3.505436855134903829e-02
3.479746850787161089e-02
3.453065402263238992e-02
3.433655496404607738e-02
3.411199748301656232e-02
3.383571642213990815e-02
3.358096397205068140e-02
3.332634988773693074e-02
3.310516773408112706e-02
3.280170857267168671e-02
3.280170857267168671e-02
3.256083676169518881e-02
3.229063633826689123e-02
3.207705476356405294e-02
3.187877381880550864e-02
3.171636340454142555e-02
3.153522314930400083e-02
3.141403652437135818e-02
3.125954879011032250e-02
3.120895228042441100e-02
3.109050143318681930e-02
3.109050143318681930e-02
3.097865968251440477e-02
3.080430944686585876e-02
3.064754800062324813e-02
3.050398845529136982e-02
3.030144346073920109e-02
3.003138194248683793e-02
2.979391864463823772e-02
2.950073381953669319e-02
2.937779216295442405e-02
2.917353084350003678e-02
2.917353084350003678e-02
2.887258436306258669e-02
2.863460861014097483e-02
2.842167858978808873e-02
2.815473479244052016e-02
2.798518575289524538e-02
2.794799590772763243e-02
2.796462974796479900e-02
2.848373309334424966e-02
2.898487080324208681e-02
2.948818751895495791e-02
2.948818751895495791e-02
2.999419321051998225e-02
3.045322515662391219e-02
3.086700205354869081e-02
3.114407036398775253e-02
3.135905247273342716e-02
3.155371462957300838e-02
3.172029749851038721e-02
3.188637233709073343e-02
3.205771449493351882e-02
3.221897123379668243e-02
3.221897123379668243e-02
3.235853834360633008e-02
3.239332213092173396e-02
3.240162180390946528e-02
3.239851042843356482e-02
3.232921525446454808e-02
3.230419245465901423e-02
3.231318768646421202e-02
3.226972638359039414e-02
3.219405433632713254e-02
3.208567084905906280e-02
3.208567084905906280e-02
3.198409513564164086e-02
3.182697610483111589e-02
3.168840566842268114e-02
3.152931218769544630e-02
3.136449592865874630e-02
3.117445808955226702e-02
3.099326377176941927e-02
3.087171671423968866e-02
3.076906310355560434e-02
3.060927523417846657e-02
3.060927523417846657e-02
3.035932393189633496e-02
3.009529381210075683e-02
2.986184133857977194e-02
2.968042428316921763e-02
2.954751156675556462e-02
2.942788929685671503e-02
2.931423922607536217e-02
2.924794967310158714e-02
2.915609391461878794e-02
2.900753600523728673e-02
2.900753600523728673e-02
2.887154265553249291e-02
2.872097385120161647e-02
2.858198155132628260e-02
2.843938099850837342e-02
2.829125544470317138e-02
2.812929913570123147e-02
2.798415093547156063e-02
2.789437437448927248e-02
2.780730903107286878e-02
2.766504663149496959e-02
2.766504663149496959e-02
2.752254064722222879e-02
2.735091147243216836e-02
2.718718570166195336e-02
2.711371772208422473e-02
2.698383301649655286e-02
2.683611317509243879e-02
2.660211955569610418e-02
2.641871352327122141e-02
2.623306792641961344e-02
2.606922075818258328e-02
2.606922075818258328e-02
2.591672260452532531e-02
2.569035742298315592e-02
2.552205820472482414e-02
2.537500067960724373e-02
2.529344079417382776e-02
2.520369825953643408e-02
2.512952541781710361e-02
2.503310172553729201e-02
2.492377164590964950e-02
2.477202329386940863e-02
2.477202329386940863e-02
2.459093173618762118e-02
2.442028158273956695e-02
2.423155874600536538e-02
2.406646457667053693e-02
2.393236167044723861e-02
2.377286484230215283e-02
2.359365323800675235e-02
2.342131164397547038e-02
2.327177070912766349e-02
2.315317737602103770e-02
2.315317737602103770e-02
2.302493852162784682e-02
2.294653472563343288e-02
2.284357340703131387e-02
2.271620719829630861e-02
2.258810454080411798e-02
2.245182355187498244e-02
2.234364560040551922e-02
2.218891308684254465e-02
2.201701049089798551e-02
2.188270370576469656e-02
2.188270370576469656e-02
2.175504699587277324e-02
2.157886799650926557e-02
2.141289990787900374e-02
2.130299651940770894e-02
2.121619662009188029e-02
2.112641555772956994e-02
2.102374861693044258e-02
2.091788653457211586e-02
2.083542963592452738e-02
2.090179038142371548e-02
2.090179038142371548e-02
2.098099532536343639e-02
2.107047082672651103e-02
2.114960434100929612e-02
2.118007184409050406e-02
2.118872123510107466e-02
2.114065762487027725e-02
2.111933364258357718e-02
2.107497413222703120e-02
2.103714533381335211e-02
2.094341610721758146e-02
2.094341610721758146e-02
2.090106493952130842e-02
2.087609950252231061e-02
2.085541941976166991e-02
2.085050262678107488e-02
2.080680879439292252e-02
2.077424756102635647e-02
2.076959675519571627e-02
2.081094826744710885e-02
2.075460336898808308e-02
2.066625244148282206e-02
2.066625244148282206e-02
2.054844010640897653e-02
2.042841392430709210e-02
2.034145081868261873e-02
2.022678136722451739e-02
2.010132275084493270e-02
1.997741005215605825e-02
1.987174536716884710e-02
1.973575989756960400e-02
1.962936420724540817e-02
1.952001041916965815e-02
1.952001041916965815e-02
1.933319893526923988e-02
1.909409607492815880e-02
1.882271380583416809e-02
1.858732026688732913e-02
1.837622509923784314e-02
1.814306475243509381e-02
1.794949037425323801e-02
1.766573269958267300e-02
1.732410661376142941e-02
1.699739076947060640e-02
1.699739076947060640e-02
1.673603517199630242e-02
1.649001352887003585e-02
1.623990919418788481e-02
1.600114245084370904e-02
1.578785373028583627e-02
1.558177326815573735e-02
1.544921341127902630e-02
1.534395968530884169e-02
1.520765062232744269e-02
1.505899119501194830e-02
1.505899119501194830e-02
1.496867949063741647e-02
1.488344796037900479e-02
1.476091542505955818e-02
1.458916934052796252e-02
1.441093795966837815e-02
1.431766974610232043e-02
1.424540057055181247e-02
1.417723024395427418e-02
1.409630760112518151e-02
1.400933739611816622e-02
1.400933739611816622e-02
1.381825070951121087e-02
1.376554927329045469e-02
1.370815175094547596e-02
1.370080492118688764e-02
1.367173856419452369e-02
1.359325513567419784e-02
1.348940652328591699e-02
1.338945721205947285e-02
1.333491031034531038e-02
1.330194564264354853e-02
1.330194564264354853e-02
1.327005226491619234e-02
1.323847162177737777e-02
1.322833931957383830e-02
1.325758348547983675e-02
1.327995107113554528e-02
1.329371098369894373e-02
1.332597749265468021e-02
1.332925792153456107e-02
1.328611993283022527e-02
1.328111592398979399e-02
1.328111592398979399e-02
1.324735168139285109e-02
1.312787855385129723e-02
1.298192566779109852e-02
1.289031223286659159e-02
1.277246396603198310e-02
1.265651518804586720e-02
1.256688867832771693e-02
1.247486095557834122e-02
1.240603144761131746e-02
1.232332639224999020e-02
1.232332639224999020e-02
1.226881919756607313e-02
1.215437171832546050e-02
1.200455591593961244e-02
1.186210889275412725e-02
1.162360993395034590e-02
1.149000482069458505e-02
1.135159918433286709e-02
1.121991898689233234e-02
1.116097747678028614e-02
1.112179458943383936e-02
1.112179458943383936e-02
1.119299451323759083e-02
1.128847816573209234e-02
1.138945114452208883e-02
1.142033324827622896e-02
1.133969047639728396e-02
1.119302751989363631e-02
1.107437587648501393e-02
1.095311435826783891e-02
1.082212309868194403e-02
1.068148889167049378e-02
1.068148889167049378e-02
1.049868000441406442e-02
1.031311941065047449e-02
1.012109970695114491e-02
9.916536362902565738e-03
9.709433691812090206e-03
9.543532958797723911e-03
9.390846995622315063e-03
9.291803683723964119e-03
9.155503445741688950e-03
9.111202384242740593e-03
9.111202384242740593e-03
9.129537656391316369e-03
9.179456252943765660e-03
9.251060868916173574e-03
9.298094150350457582e-03
9.317681371593300801e-03
9.262390260937542960e-03
9.243551932768831816e-03
9.206461243029998021e-03
9.181094459814730449e-03
9.075654458245324338e-03
9.075654458245324338e-03
9.017031350741572943e-03
8.955647929600468390e-03
8.860774786934725797e-03
8.741726673785492688e-03
8.547345561535021202e-03
8.307160084928228577e-03
8.067723227718939794e-03
7.841731888622074584e-03
7.636972606956482154e-03
7.216226399452393102e-03
7.216226399452393102e-03
6.702716906106025337e-03
6.340647922968875409e-03
6.172358010851039002e-03
6.071864453374669138e-03
5.993139307003752039e-03
6.029852253457293823e-03
6.129024515497983987e-03
6.239326438098895602e-03
6.317514527734245829e-03
6.457353628459366023e-03
6.457353628459366023e-03
6.653979729611612416e-03
6.804465624119237187e-03
6.979645846950676726e-03
7.112372290583456221e-03
7.248644279144019799e-03
7.461148403045233385e-03
7.643423382441139405e-03
7.782162741367983951e-03
7.894958358256022601e-03
7.948605123061509847e-03
7.948605123061509847e-03
7.952463749870903112e-03
7.943213209127870586e-03
7.900555976782857801e-03
7.871016487093115618e-03
7.803297648573136874e-03
7.730327772993277405e-03
7.606232694088161175e-03
7.510000010273728231e-03
7.449198786521876899e-03
7.317740804613319210e-03
7.317740804613319210e-03
7.161711443023816709e-03
6.624048095238920485e-03
6.168145425576994530e-03
5.885009768710341982e-03
5.712489656570881279e-03
5.623937188488418309e-03
5.447679348122855605e-03
5.322045180696532464e-03
5.312044514074273742e-03
5.320787829070844528e-03
5.320787829070844528e-03
5.370236476476771686e-03
5.478518025260490677e-03
5.609908290537661893e-03
5.756167384841233935e-03
5.820923493296430162e-03
5.832492751541754929e-03
5.855437217712773819e-03
5.822549222299587372e-03
5.763911136741222546e-03
5.614260950533827253e-03
5.614260950533827253e-03
5.439054743425569827e-03
5.314327490464144758e-03
5.203925022515236941e-03
5.073402546082802535e-03
5.013513815513250503e-03
4.859230150454411923e-03
4.462089909559110133e-03
4.126145500720304962e-03
3.848691316429959063e-03
3.632817693061773327e-03
3.632817693061773327e-03
3.472585200427991733e-03
3.393030482019388384e-03
3.321191277600069047e-03
3.330411515143865200e-03
3.317039335107833768e-03
3.368389261638720517e-03
3.513433510790419777e-03
3.627570446287845755e-03
3.747630840238319518e-03
3.904243500373521213e-03
3.904243500373521213e-03
4.019323972432920639e-03
4.105574825809964537e-03
4.185907418068678630e-03
4.261030614827399782e-03
4.259306404006331023e-03
4.228325148431862947e-03
4.174840404506154241e-03
4.090985952578597706e-03
3.977269648278894398e-03
3.809474728877675423e-03
3.809474728877675423e-03
3.607012544632090013e-03
3.435673526933975819e-03
3.338810017754853792e-03
3.157823689084211273e-03
2.919344480087310116e-03
2.640794465818279042e-03
2.336944406700946011e-03
2.083279570658341275e-03
1.503867021722557224e-03
9.925089873466558417e-04
9.925089873466558417e-04
9.222558766264423065e-04
1.160512312462655838e-03
1.429056657372416864e-03
1.573865385282356179e-03
1.606141339864520373e-03
1.505610304025687763e-03
1.459187472428467034e-03
1.470482864911550752e-03
1.613904992869319519e-03
1.884979376034642395e-03
1.884979376034642395e-03
2.264572935536690070e-03
2.627199484107032006e-03
3.020663339109654240e-03
3.314245844087444423e-03
3.595504840858754821e-03
3.804923970038481817e-03
3.951714475751095905e-03
3.982863559631921214e-03
3.991583349554550172e-03
3.987874747869071118e-03
3.987874747869071118e-03
3.918264269078644210e-03
3.799495119495521073e-03
3.626806236064775146e-03
3.408731593646979578e-03
3.113505841964975956e-03
2.817890873329547980e-03
2.568547171507513070e-03
2.369361666396539896e-03
2.220620950495564173e-03
2.078779193345172555e-03
2.078779193345172555e-03
1.980369922964921557e-03
1.896863602867711850e-03
1.820556958965685590e-03
1.783346414825994191e-03
1.844099326124267867e-03
1.888174987088439040e-03
1.967249300040403021e-03
2.262290372165018555e-03
2.529279674004792679e-03
2.721298678136222556e-03
2.721298678136222556e-03
2.827367119979686243e-03
2.929674269445314318e-03
2.989799618886834591e-03
2.978917340246277530e-03
2.846455457451996327e-03
2.687353842652593066e-03
2.538804408681907300e-03
2.340628467074352698e-03
2.234128642479859400e-03
2.147996708085487053e-03
2.147996708085487053e-03
2.002295111269436663e-03
1.925005490576365804e-03
1.886159569827035049e-03
1.861859381350240445e-03
1.862399722011599638e-03
1.884231907190617216e-03
1.860831223452763744e-03
1.925581128624649554e-03
2.018324768513081891e-03
2.097233433753320584e-03
2.097233433753320584e-03
2.106833780980684433e-03
2.017267331030057204e-03
1.971942336766071158e-03
1.881818274252596923e-03
1.820070978410722688e-03
1.777470841238309443e-03
1.702660405643448673e-03
1.639696911097114152e-03
1.481692299715546600e-03
1.190501144025673825e-03
1.190501144025673825e-03
9.298568846482333124e-04
7.756302965327955233e-04
7.288534562982438821e-04
7.281083278897637233e-04
8.080999037510276303e-04
8.183178759768668271e-04
1.010029817795405358e-03
1.250400894003118098e-03
1.499482546282208820e-03
1.724186604768991127e-03
1.724186604768991127e-03
2.027286943475214293e-03
2.259987225876196413e-03
2.375034449914165645e-03
2.426845749878823923e-03
2.411595486652545403e-03
2.280556868679516330e-03
2.081643494336114352e-03
1.849945781743593878e-03
1.574074919316019103e-03
1.348831437008088776e-03
1.348831437008088776e-03
1.138192837327591271e-03
9.164594005881605181e-04
8.110852967297324913e-04
7.749473896313846706e-04
7.993666260923662416e-04
8.797656228326219746e-04
9.809603168625734108e-04
9.641882288976460005e-04
8.623076305530458490e-04
7.421887536162937891e-04
7.421887536162937891e-04
6.559331766451492827e-04
6.515822641795043866e-04
7.237684767759694666e-04
6.081624232880253811e-04
4.615677208248636322e-04
3.924187853208177708e-04
5.795464986388240355e-04
7.655691688106311789e-04
7.912108950138136950e-04
8.183616699237751795e-04
8.183616699237751795e-04
8.592236098317769782e-04
9.283070455467873306e-04
8.878071456929922901e-04
7.663195383183264448e-04
5.922855029003684961e-04
3.837880584962068261e-04
2.677931625592444424e-04
4.172606884728496664e-04
6.818493984139641431e-04
9.528446831032677446e-04
9.528446831032677446e-04
1.102571447349017094e-03
1.153752361175304584e-03
1.243946348163889326e-03
1.342477231475123914e-03
1.493216828083630430e-03
1.660851329878012790e-03
1.695137197268486474e-03
1.562958909286095779e-03
1.442365230342409132e-03
1.341783073707983115e-03
1.341783073707983115e-03
1.312822587735013816e-03
1.389887599463135621e-03
1.387079525748607456e-03
1.328773309919324469e-03
1.317455280038919499e-03
1.345124827230533915e-03
1.417062250456645406e-03
1.472937392006359782e-03
1.543438232349588412e-03
1.610342649298991810e-03
1.610342649298991810e-03
1.659241086065306242e-03
1.711052556034695082e-03
1.740707154949350634e-03
1.758030438183175561e-03
1.579447470012303048e-03
1.440293651847002199e-03
1.327759173388061908e-03
1.324055475524679292e-03
1.239543382035340280e-03
1.105102647815817650e-03
1.105102647815817650e-03
1.052525222735367161e-03
1.133553595935296804e-03
1.114994977785124146e-03
1.053134201801694120e-03
1.076692128981075140e-03
1.153178445596983936e-03
1.296701243274317071e-03
1.373455959482195073e-03
1.299789074164018872e-03
1.175622067176875906e-03
1.175622067176875906e-03
1.076755542405195181e-03
1.076313447865007199e-03
1.196551417813721029e-03
1.343269081573450702e-03
1.376049194230245234e-03
1.292926620061212242e-03
1.193578427754951295e-03
1.166062014392761116e-03
1.282158801210032169e-03
1.380243671542411054e-03
1.380243671542411054e-03
1.506422807422189321e-03
1.550231110510475558e-03
1.558867147154862970e-03
1.528013509158579605e-03
1.604277194888322367e-03
1.690011533419091177e-03
1.746962331623457985e-03
1.772745130262107574e-03
1.744420197936132327e-03
1.768865607779443851e-03
1.768865607779443851e-03
1.688406707719918194e-03
1.564218109788556750e-03
1.488607407209539824e-03
1.433784867106401018e-03
1.343036077668541229e-03
1.253158123861404950e-03
1.223615800188500042e-03
1.247317679178938741e-03
1.282568167066487370e-03
1.355461520141001746e-03
1.355461520141001746e-03
1.387955055026047916e-03
1.402645819680085632e-03
1.399177302229301411e-03
1.449879534216330949e-03
1.501502844284394829e-03
1.543534479700991221e-03
1.588536845716348499e-03
1.587095408989332374e-03
1.615207545972201708e-03
1.633066848208219882e-03
