1.144641451537609100e-02
1.144641451537609100e-02
1.225963607430458069e-02
1.267827115952968597e-02
1.215475704520940781e-02
1.121720578521490097e-02
1.027630455791950226e-02
9.796093218028545380e-03
9.472679346799850464e-03
9.405235759913921356e-03
9.514636360108852386e-03
9.801018983125686646e-03
9.801018983125686646e-03
1.018964219838380814e-02
1.072052586823701859e-02
1.120484340935945511e-02
1.155837345868349075e-02
1.178082544356584549e-02
1.187456771731376648e-02
1.175064407289028168e-02
1.148568186908960342e-02
1.119327824562788010e-02
1.078779529780149460e-02
1.078779529780149460e-02
1.043783593922853470e-02
1.024263631552457809e-02
1.017555873841047287e-02
1.029813475906848907e-02
1.054886449128389359e-02
1.095206383615732193e-02
1.143365167081356049e-02
1.192438695579767227e-02
1.228897180408239365e-02
1.256146281957626343e-02
1.256146281957626343e-02
1.271833106875419617e-02
1.272256392985582352e-02
1.263527665287256241e-02
1.249994616955518723e-02
1.223757490515708923e-02
1.199392136186361313e-02
1.176467910408973694e-02
1.156328152865171432e-02
1.141481753438711166e-02
1.130344532430171967e-02
1.130344532430171967e-02
1.123725343495607376e-02
1.120716799050569534e-02
1.124176569283008575e-02
1.120231859385967255e-02
1.132771093398332596e-02
1.141482125967741013e-02
1.143889408558607101e-02
1.149480510503053665e-02
1.151412166655063629e-02
1.158711221069097519e-02
1.158711221069097519e-02
1.170761231333017349e-02
1.178824435919523239e-02
1.178277563303709030e-02
1.176671218127012253e-02
1.174363773316144943e-02
1.178024336695671082e-02
1.170750055462121964e-02
1.159219257533550262e-02
1.137898396700620651e-02
1.112102158367633820e-02
1.112102158367633820e-02
1.078687701374292374e-02
1.038461923599243164e-02
9.966774843633174896e-03
9.497899562120437622e-03
8.998900651931762695e-03
8.524917066097259521e-03
8.191146887838840485e-03
7.903589867055416107e-03
7.680623326450586319e-03
7.572191301733255386e-03
7.572191301733255386e-03
7.496622391045093536e-03
7.347873877733945847e-03
7.258585654199123383e-03
7.205303758382797241e-03
7.272728718817234039e-03
7.423638831824064255e-03
7.637400180101394653e-03
7.811812218278646469e-03
7.918355986475944519e-03
7.973710075020790100e-03
7.973710075020790100e-03
7.907398045063018799e-03
7.790011353790760040e-03
7.731263060122728348e-03
7.785741239786148071e-03
8.002807386219501495e-03
8.325663395226001740e-03
8.736651390790939331e-03
9.163166396319866180e-03
9.467467665672302246e-03
9.639794006943702698e-03
9.639794006943702698e-03
9.652054868638515472e-03
9.565770626068115234e-03
9.478126652538776398e-03
9.413582272827625275e-03
9.380282834172248840e-03
9.407871402800083160e-03
9.490383788943290710e-03
9.563471190631389618e-03
9.603358805179595947e-03
9.688079357147216797e-03
9.688079357147216797e-03
9.734677150845527649e-03
9.705028496682643890e-03
9.621861390769481659e-03
9.463057853281497955e-03
9.284203872084617615e-03
9.085710160434246063e-03
8.924718946218490601e-03
8.876403793692588806e-03
8.799502626061439514e-03
8.692682720720767975e-03
8.692682720720767975e-03
8.574721403419971466e-03
8.513200096786022186e-03
8.379592560231685638e-03
8.237081579864025116e-03
8.099541068077087402e-03
7.967093959450721741e-03
7.834698073565959930e-03
7.726108189672231674e-03
7.661263458430767059e-03
7.637999020516872406e-03
7.637999020516872406e-03
7.560041733086109161e-03
7.497397251427173615e-03
7.428125943988561630e-03
7.287104148417711258e-03
7.115840446203947067e-03
6.948046386241912842e-03
6.840610876679420471e-03
6.766284815967082977e-03
6.713440641760826111e-03
6.724723149091005325e-03
6.724723149091005325e-03
6.808140780776739120e-03
6.875731516629457474e-03
6.765836849808692932e-03
6.566487718373537064e-03
6.376226432621479034e-03
6.286304444074630737e-03
6.314826197922229767e-03
6.426589097827672958e-03
6.689796224236488342e-03
6.881317123770713806e-03
6.881317123770713806e-03
6.783139891922473907e-03
6.438535172492265701e-03
5.930924322456121445e-03
5.930924322456121445e-03
5.494815763086080551e-03
5.214451812207698822e-03
5.094182211905717850e-03
5.171347409486770630e-03
5.311992950737476349e-03
5.438358057290315628e-03
5.438358057290315628e-03
5.485838744789361954e-03
5.504866130650043488e-03
5.685783457010984421e-03
6.054112222045660019e-03
6.560251116752624512e-03
7.122694514691829681e-03
7.706510834395885468e-03
8.292482234537601471e-03
8.811061270534992218e-03
9.282155893743038177e-03
9.282155893743038177e-03
9.733957238495349884e-03
1.014452055096626282e-02
1.041464786976575851e-02
1.067733205854892731e-02
1.093024574220180511e-02
1.121759414672851562e-02
1.152828056365251541e-02
1.183607894927263260e-02
1.209881994873285294e-02
1.228784304112195969e-02
1.228784304112195969e-02
1.238162349909543991e-02
1.235498301684856415e-02
1.215993892401456833e-02
1.191665790975093842e-02
1.154469046741724014e-02
1.123399287462234497e-02
1.101002376526594162e-02
1.078285463154315948e-02
1.055185776203870773e-02
1.028571929782629013e-02
1.028571929782629013e-02
1.000547409057617188e-02
9.657805785536766052e-03
9.281683713197708130e-03
8.942816406488418579e-03
8.608468808233737946e-03
8.257506415247917175e-03
7.943124510347843170e-03
7.669504731893539429e-03
7.511011790484189987e-03
7.382749114185571671e-03
7.382749114185571671e-03
7.318535819649696350e-03
7.268506102263927460e-03
7.204630877822637558e-03
7.204630877822637558e-03
7.204630877822637558e-03
7.204630877822637558e-03
7.046477869153022766e-03
6.832883227616548538e-03
6.640194449573755264e-03
6.476507987827062607e-03
6.476507987827062607e-03
6.397890392690896988e-03
6.370000541210174561e-03
6.374433171004056931e-03
6.417685188353061676e-03
6.473735906183719635e-03
6.492340937256813049e-03
6.427777465432882309e-03
6.405456922948360443e-03
6.395687814801931381e-03
6.415445357561111450e-03
6.415445357561111450e-03
6.465468090027570724e-03
6.595524959266185760e-03
6.797753740102052689e-03
7.041907869279384613e-03
7.387178950011730194e-03
7.785015739500522614e-03
8.193470537662506104e-03
8.536820299923419952e-03
8.795200847089290619e-03
9.056402370333671570e-03
9.056402370333671570e-03
9.339710697531700134e-03
9.664318524301052094e-03
1.006725430488586426e-02
1.050293259322643280e-02
1.092430390417575836e-02
1.129192952066659927e-02
1.158353686332702637e-02
1.188679598271846771e-02
1.220515370368957520e-02
1.249266322702169418e-02
1.249266322702169418e-02
1.264465041458606720e-02
1.264697872102260590e-02
1.246983837336301804e-02
1.246983837336301804e-02
1.219123788177967072e-02
1.174428779631853104e-02
1.120320521295070648e-02
1.059813518077135086e-02
9.992046281695365906e-03
9.432210586965084076e-03
9.432210586965084076e-03
9.038623422384262085e-03
8.728699758648872375e-03
8.506198413670063019e-03
8.408633060753345490e-03
8.309991098940372467e-03
8.139056153595447540e-03
7.883699610829353333e-03
7.558569777756929398e-03
7.173698395490646362e-03
6.765215191990137100e-03
