1.763571053743362427e-02
1.763571053743362427e-02
1.780163869261741638e-02
1.774644851684570312e-02
1.804598048329353333e-02
1.819996908307075500e-02
1.822173781692981720e-02
1.816636882722377777e-02
1.810702681541442871e-02
1.804477721452713013e-02
1.794469915330410004e-02
1.779547333717346191e-02
1.779547333717346191e-02
1.773684285581111908e-02
1.774303056299686432e-02
1.786676049232482910e-02
1.805482245981693268e-02
1.834281533956527710e-02
1.857633143663406372e-02
1.862700283527374268e-02
1.844060048460960388e-02
1.814297027885913849e-02
1.779596321284770966e-02
1.779596321284770966e-02
1.745140552520751953e-02
1.729877479374408722e-02
1.719276793301105499e-02
1.713501662015914917e-02
1.714980415999889374e-02
1.729378104209899902e-02
1.749995909631252289e-02
1.770936511456966400e-02
1.786228083074092865e-02
1.798148825764656067e-02
1.798148825764656067e-02
1.805044524371623993e-02
1.804293505847454071e-02
1.814330182969570160e-02
1.822016946971416473e-02
1.821959763765335083e-02
1.818952150642871857e-02
1.813536696135997772e-02
1.805732585489749908e-02
1.797727867960929871e-02
1.790390349924564362e-02
1.790390349924564362e-02
1.788849569857120514e-02
1.776240207254886627e-02
1.757191866636276245e-02
1.732146739959716797e-02
1.696504652500152588e-02
1.662549190223217010e-02
1.640685647726058960e-02
1.625727117061614990e-02
1.618603244423866272e-02
1.616489887237548828e-02
1.616489887237548828e-02
1.625354960560798645e-02
1.674829795956611633e-02
1.715018041431903839e-02
1.741592027246952057e-02
1.757335104048252106e-02
1.766644977033138275e-02
1.780619286000728607e-02
1.799143850803375244e-02
1.820287853479385376e-02
1.839137263596057892e-02
1.839137263596057892e-02
1.859352365136146545e-02
1.880623400211334229e-02
1.896723546087741852e-02
1.911260560154914856e-02
1.929766871035099030e-02
1.942040212452411652e-02
1.956600323319435120e-02
1.966319046914577484e-02
1.969822496175765991e-02
1.970379799604415894e-02
1.970379799604415894e-02
1.971665769815444946e-02
1.991031505167484283e-02
2.011800743639469147e-02
2.022423967719078064e-02
2.023218013346195221e-02
2.009095996618270874e-02
1.985183916985988617e-02
1.963856257498264313e-02
1.944769173860549927e-02
1.936177536845207214e-02
1.936177536845207214e-02
1.928818039596080780e-02
1.911541260778903961e-02
1.886733993887901306e-02
1.855365000665187836e-02
1.807747781276702881e-02
1.759777031838893890e-02
1.716599613428115845e-02
1.694797910749912262e-02
1.684482023119926453e-02
1.685201004147529602e-02
1.685201004147529602e-02
1.685549318790435791e-02
1.688649691641330719e-02
1.687226444482803345e-02
1.679383032023906708e-02
1.666925102472305298e-02
1.660803332924842834e-02
1.656878367066383362e-02
1.659872196614742279e-02
1.672441698610782623e-02
1.684761792421340942e-02
1.684761792421340942e-02
1.695303805172443390e-02
1.710858941078186035e-02
1.719178073108196259e-02
1.703589782118797302e-02
1.686870679259300232e-02
1.673928834497928619e-02
1.670500636100769043e-02
1.676545292139053345e-02
1.689797081053256989e-02
1.707362383604049683e-02
1.707362383604049683e-02
1.717743650078773499e-02
1.723949238657951355e-02
1.731696538627147675e-02
1.738442108035087585e-02
1.740268804132938385e-02
1.745278574526309967e-02
1.748684607446193695e-02
1.749663800001144409e-02
1.747372560203075409e-02
1.742391660809516907e-02
1.742391660809516907e-02
1.735600456595420837e-02
1.719759032130241394e-02
1.695741340517997742e-02
1.674133725464344025e-02
1.649401150643825531e-02
1.638986542820930481e-02
1.637157052755355835e-02
1.642021350562572479e-02
1.646643318235874176e-02
1.655762828886508942e-02
1.655762828886508942e-02
1.657072268426418304e-02
1.646257191896438599e-02
1.625510305166244507e-02
1.599141955375671387e-02
1.575654372572898865e-02
1.562142837792634964e-02
1.554568484425544739e-02
1.553323492407798767e-02
1.559895649552345276e-02
1.563613675534725189e-02
1.563613675534725189e-02
1.580899208784103394e-02
1.601465232670307159e-02
1.622697710990905762e-02
1.639573276042938232e-02
1.646027341485023499e-02
1.642386801540851593e-02
1.636505313217639923e-02
1.633287779986858368e-02
1.641875691711902618e-02
1.664323173463344574e-02
1.664323173463344574e-02
1.685564033687114716e-02
1.703554019331932068e-02
1.703532598912715912e-02
1.697843894362449646e-02
1.690740697085857391e-02
1.682203449308872223e-02
1.681024022400379181e-02
1.685041189193725586e-02
1.697475649416446686e-02
1.715808920562267303e-02
1.715808920562267303e-02
1.729539409279823303e-02
1.740130409598350525e-02
1.752117462456226349e-02
1.759836263954639435e-02
1.761540398001670837e-02
1.762136071920394897e-02
1.766086183488368988e-02
1.766305603086948395e-02
1.771643757820129395e-02
1.776063814759254456e-02
1.776063814759254456e-02
1.779301650822162628e-02
1.773260347545146942e-02
1.747339591383934021e-02
1.723942346870899200e-02
1.703389175236225128e-02
1.688864640891551971e-02
1.678618974983692169e-02
1.685872301459312439e-02
1.704129017889499664e-02
1.720450632274150848e-02
1.720450632274150848e-02
1.721257343888282776e-02
1.711311750113964081e-02
1.691483333706855774e-02
1.671483181416988373e-02
1.660896092653274536e-02
1.657070219516754150e-02
1.662808284163475037e-02
1.677351072430610657e-02
1.691506616771221161e-02
1.704152673482894897e-02
1.704152673482894897e-02
1.714061386883258820e-02
1.720141246914863586e-02
1.721955090761184692e-02
1.716510951519012451e-02
1.711972244083881378e-02
1.714198291301727295e-02
1.714807935059070587e-02
1.730529591441154480e-02
1.749795861542224884e-02
1.772022806107997894e-02
1.772022806107997894e-02
1.781911030411720276e-02
1.785762049257755280e-02
1.786814071238040924e-02
1.784441433846950531e-02
1.783758401870727539e-02
1.779164373874664307e-02
1.777758449316024780e-02
1.783523708581924438e-02
1.788664981722831726e-02
1.788709312677383423e-02
1.788709312677383423e-02
1.785104349255561829e-02
1.783140003681182861e-02
1.787514798343181610e-02
1.788975857198238373e-02
1.788748987019062042e-02
1.792374625802040100e-02
1.789228618144989014e-02
1.788868010044097900e-02
1.785591617226600647e-02
1.775478944182395935e-02
1.775478944182395935e-02
1.766229793429374695e-02
1.754860952496528625e-02
1.744080521166324615e-02
1.737659238278865814e-02
1.734479889273643494e-02
1.730772666633129120e-02
1.730997674167156219e-02
1.719644106924533844e-02
1.707235537469387054e-02
1.681706309318542480e-02
1.681706309318542480e-02
1.657513342797756195e-02
1.634739525616168976e-02
1.632582768797874451e-02
1.633142679929733276e-02
1.639592088758945465e-02
1.649604551494121552e-02
1.673169992864131927e-02
1.705520600080490112e-02
1.732257939875125885e-02
1.752099394798278809e-02
1.752099394798278809e-02
1.744183152914047241e-02
1.719561964273452759e-02
1.688051968812942505e-02
1.654916815459728241e-02
1.637883484363555908e-02
1.627922803163528442e-02
1.630714535713195801e-02
1.637130416929721832e-02
1.635930128395557404e-02
1.624961756169795990e-02
