4.943846166133880615e-02
4.943846166133880615e-02
5.009454861283302307e-02
4.961631074547767639e-02
4.881265759468078613e-02
4.781991615891456604e-02
4.696715623140335083e-02
4.634727165102958679e-02
4.590408876538276672e-02
4.536412656307220459e-02
4.471736773848533630e-02
4.399453103542327881e-02
4.399453103542327881e-02
4.330297559499740601e-02
4.250976443290710449e-02
4.207032173871994019e-02
4.172425717115402222e-02
4.127788171172142029e-02
4.089831560850143433e-02
4.040493816137313843e-02
3.999094292521476746e-02
3.958103433251380920e-02
3.918038681149482727e-02
