2.331561404542270566e-02
2.331561404542270566e-02
2.471700190813930220e-02
2.529731166975679457e-02
2.475257274802267204e-02
2.436906705487551505e-02
2.375455890857836039e-02
2.304365804311370169e-02
2.263836782546757576e-02
2.217463926043006239e-02
2.173428120817177955e-02
2.129305948456394759e-02
2.129305948456394759e-02
2.076521559787458671e-02
2.026024334486731249e-02
1.983347669661572610e-02
1.934506697148918875e-02
1.888544391068691652e-02
1.856042076231823046e-02
1.823108912095161571e-02
1.792912073011265761e-02
1.773151585841059585e-02
1.745703310953050647e-02
1.745703310953050647e-02
1.712967896474371088e-02
1.682786578350636830e-02
1.650694154715903750e-02
1.605810995596712587e-02
1.569013295293597565e-02
1.543058470176905672e-02
1.505190569392134137e-02
1.484693987702989659e-02
1.457100891291407407e-02
1.426788692672698033e-02
1.426788692672698033e-02
1.400792506976245022e-02
1.383654041508020072e-02
1.359279976208327412e-02
1.333011948696949389e-02
1.313058214822238057e-02
1.301561713561660838e-02
1.276250174431581286e-02
1.265384242219980138e-02
1.253939624967959077e-02
1.251681372071900000e-02
1.251681372071900000e-02
1.253285971975603985e-02
1.255456720846215291e-02
1.255757030599635726e-02
1.251561446764615226e-02
1.227902923043089345e-02
1.207001172126531685e-02
1.186734633693387053e-02
1.166650024293858223e-02
1.138036691033228465e-02
1.094149678790934388e-02
1.094149678790934388e-02
1.066294079096774539e-02
1.046256560984559769e-02
1.039709138426569979e-02
1.030144440651437066e-02
1.033227127561708869e-02
1.045828129567638598e-02
1.063291932034715614e-02
1.076505224094059798e-02
1.070129537271657938e-02
1.064776767086605958e-02
1.064776767086605958e-02
1.045745164305955655e-02
1.025967564737051418e-02
1.005730495649448386e-02
9.907175770448972685e-03
1.005574304240219874e-02
1.021848727947016755e-02
1.035421939062075580e-02
1.027534842576027785e-02
1.013196209964739580e-02
9.963200899698598789e-03
9.963200899698598789e-03
9.740575348655688970e-03
9.324389288239309792e-03
8.719994978973133470e-03
8.051059919018221933e-03
7.623013775130971226e-03
7.428159732623562661e-03
7.617226154619238798e-03
7.669617781460580375e-03
7.674960079861570250e-03
7.848857567725353590e-03
7.848857567725353590e-03
7.656576811090332058e-03
7.305278950977545094e-03
7.015765807489415806e-03
6.828190767845576659e-03
6.563749030831012021e-03
6.164738856726970084e-03
5.840260695404886349e-03
5.788366519776211305e-03
5.971443723799652048e-03
6.106345909381971637e-03
6.106345909381971637e-03
6.239104823596797189e-03
6.106768794751360474e-03
5.829884186783651501e-03
5.379714688829473346e-03
4.913868981811120307e-03
4.769154826119503809e-03
4.918576899325621810e-03
5.137336642563994360e-03
5.122054878268222922e-03
4.913243010338241845e-03
4.913243010338241845e-03
4.501890058516977433e-03
4.221443453819695435e-03
4.191512744231573606e-03
4.371543854734483148e-03
4.361490115988075900e-03
4.533507691424354391e-03
4.539673778442221419e-03
4.429552021901983494e-03
4.329694141203432878e-03
4.314843464616302526e-03
4.314843464616302526e-03
4.340321667680946405e-03
4.626353997856824662e-03
4.976422521847823077e-03
4.957678413834543107e-03
4.805221763287903514e-03
4.723199567020941458e-03
4.587538637770727235e-03
4.840913641867672368e-03
4.799862231952722880e-03
4.778930863288621822e-03
4.778930863288621822e-03
4.877431561761902401e-03
5.135176983523948024e-03
5.138441299874507706e-03
5.092840653425412256e-03
5.034770613573158471e-03
4.694634147859311213e-03
4.590645383630409526e-03
4.441819072500408083e-03
4.565096595413820069e-03
4.318879400162067839e-03
4.318879400162067839e-03
3.931082666136731518e-03
3.618960888704059187e-03
3.673533334817236096e-03
3.823804634024874360e-03
4.036422236040060341e-03
4.073543298302340077e-03
3.925818257531688005e-03
3.860273538777825308e-03
3.900671380362652485e-03
4.156586474888257499e-03
4.156586474888257499e-03
4.619970122807792734e-03
5.198600420184718018e-03
5.235721348491040317e-03
5.136958233983079936e-03
5.179914045511324616e-03
5.188429313251141650e-03
5.252293924380424528e-03
5.566166754278789597e-03
5.606543557963306057e-03
5.596410163466458698e-03
5.596410163466458698e-03
5.449710623567582957e-03
5.233969616153189008e-03
5.092735122668834435e-03
4.934974837352612553e-03
4.841964831800105173e-03
4.839018923188831423e-03
4.730055059958715447e-03
4.590390288265133734e-03
4.421828180791287366e-03
4.359859452635284072e-03
4.359859452635284072e-03
4.275254485755830558e-03
4.110799040279111694e-03
4.082521034798780590e-03
4.068746706232140298e-03
4.430810491190761979e-03
4.798983044718596602e-03
5.229552731132791621e-03
5.618977317950246686e-03
5.939499778341961189e-03
6.295285471148659440e-03
6.295285471148659440e-03
6.442695307352863665e-03
6.579442990614303710e-03
6.521880921738443249e-03
6.401900738801202806e-03
6.192579711959744770e-03
6.050212971543622587e-03
5.826061349401001621e-03
5.470823854495598937e-03
5.131746731477981882e-03
4.878997045577371239e-03
4.878997045577371239e-03
4.726378876157788511e-03
4.722552162977677881e-03
4.627950357803278791e-03
4.600310258829232168e-03
4.613946927513268292e-03
4.657721489645716417e-03
4.710876721226497921e-03
4.761050119348908538e-03
5.099691110790338655e-03
5.422310676227226622e-03
5.422310676227226622e-03
5.425246680736961480e-03
5.356462399705996802e-03
5.300419701908865022e-03
5.237872621259853645e-03
5.150607073431956451e-03
5.081144262729431205e-03
5.070180567748217015e-03
4.980636271514349289e-03
4.849747844636986827e-03
4.650511341287355549e-03
4.650511341287355549e-03
4.401001387430270029e-03
4.324958888847874050e-03
4.266556935877297008e-03
4.233756925578369135e-03
4.450255537534530959e-03
4.699187245424951698e-03
5.050345590332128154e-03
5.156482471100787279e-03
5.098363408718498135e-03
5.107900396517095487e-03
5.107900396517095487e-03
5.619884638497829599e-03
5.970700807096385176e-03
6.326849489642683011e-03
6.615463528335752130e-03
6.830823493704230032e-03
6.808914263378262888e-03
6.686749499561273069e-03
6.540935017274485119e-03
6.459460953167628361e-03
6.323122986346518815e-03
6.323122986346518815e-03
6.213301394973669289e-03
6.085906333653134936e-03
5.978161289573513670e-03
5.905600626211260362e-03
5.709817354820678759e-03
5.604489833823222966e-03
5.601357608704837787e-03
5.737696504543698950e-03
6.074329306513526205e-03
6.371720461611829478e-03
6.371720461611829478e-03
6.460278062101920682e-03
6.460278062101920682e-03
6.504877852841595143e-03
6.499583405037867578e-03
6.589756035516813881e-03
6.581351690482684091e-03
6.606805362562973016e-03
6.503116998510805047e-03
6.278455569572294337e-03
6.024919154538288524e-03
6.024919154538288524e-03
5.859554673193656527e-03
5.927641981007703009e-03
6.176126769238621250e-03
6.488325609497636037e-03
6.804386229965153632e-03
7.226218740308709698e-03
7.520257652100958978e-03
7.666312046112899736e-03
7.816006772650929690e-03
7.805172657896264354e-03
7.805172657896264354e-03
7.781799012204437815e-03
7.769269651631383056e-03
7.749915938958906736e-03
7.610816527008346100e-03
7.485771939472307679e-03
7.409482704929359898e-03
7.353251707194807807e-03
7.240559296997517436e-03
7.216872385698458459e-03
7.275791063252157187e-03
7.275791063252157187e-03
7.429080197234760874e-03
7.546860970015778491e-03
7.641128378723216485e-03
7.635958490891603390e-03
7.648742794282625823e-03
7.705945736406150104e-03
7.835282946121679970e-03
7.956287279120566325e-03
8.074652305554153031e-03
8.188397711102801679e-03
8.188397711102801679e-03
8.301809652080827107e-03
8.498637839805311955e-03
8.677923027894607344e-03
8.833514844172718483e-03
9.061912465885946233e-03
9.134097501288351850e-03
9.251642311570051902e-03
9.401810704776636385e-03
9.641451380843157892e-03
9.734760799699593292e-03
9.734760799699593292e-03
9.918559090273504353e-03
1.006384872452059653e-02
1.022008569225185681e-02
1.042273173580632317e-02
1.050466103349290137e-02
1.058042438488371317e-02
1.061409326301898659e-02
1.065370937271836738e-02
1.075766606121408842e-02
1.081185807914675223e-02
1.081185807914675223e-02
1.089200145718915991e-02
1.095310156661977175e-02
1.097964244792315469e-02
1.091379717543539130e-02
1.078505303132626381e-02
1.063681576038888466e-02
1.050529941738709283e-02
1.037579072492089693e-02
1.037168897542972701e-02
1.037840642548992776e-02
1.037840642548992776e-02
1.043021331996030199e-02
1.053552008970637388e-02
1.053766735514649611e-02
1.055875197970657098e-02
1.056948609432506458e-02
1.054671729326894791e-02
1.051366062689851333e-02
1.048811162220175675e-02
1.044711076785898030e-02
1.039139430431657019e-02
1.039139430431657019e-02
1.056654294238246194e-02
1.048325927033566529e-02
1.030012404331070996e-02
1.001062658100160263e-02
9.805838134543165552e-03
9.957936478557805060e-03
1.016386771058375160e-02
1.041077448869209832e-02
1.055319150519196114e-02
1.058976823115909127e-02
1.058976823115909127e-02
1.085071617336375027e-02
1.112808965415723605e-02
1.132859512168593596e-02
1.142412133721837364e-02
1.140481012894412061e-02
1.129436885038437310e-02
1.100563744891136508e-02
1.077347838019537818e-02
1.059800029891011519e-02
1.043439531210932358e-02
1.043439531210932358e-02
1.035594365289771446e-02
1.038255458127501640e-02
1.050974189642595036e-02
1.072179888890811839e-02
1.041638516423404326e-02
1.011673727790185495e-02
9.948077445455894008e-03
9.814402655459630864e-03
9.749537095339100290e-03
9.958080893931686717e-03
9.958080893931686717e-03
1.014940949329190545e-02
1.038307066590693495e-02
1.058514072356508962e-02
1.070740045011930874e-02
1.072348312188253772e-02
1.051917064814844593e-02
1.027233850269393400e-02
9.923135551373363228e-03
9.556685045855495275e-03
9.136938190691168415e-03
9.136938190691168415e-03
8.904773642783858634e-03
8.898744777265932271e-03
8.990909949777581289e-03
9.275903897338011461e-03
9.593292100879224904e-03
9.907970790711928544e-03
1.014078148850927619e-02
1.038578254052779926e-02
1.050639543415066157e-02
1.049101578212052743e-02
1.049101578212052743e-02
1.034879333067717511e-02
1.004708003286491902e-02
9.599634701344506027e-03
9.183646813842649692e-03
8.877051099648092247e-03
8.606345381294566721e-03
8.416921469002858203e-03
8.902066275829234598e-03
9.401232857113583918e-03
9.926846864340532761e-03
9.926846864340532761e-03
1.023415404916594440e-02
1.044285724743954091e-02
1.057734982189462158e-02
1.063568692605443289e-02
1.067326001451007755e-02
1.051446558804691733e-02
1.028117870928024757e-02
1.000492083039716817e-02
9.712465080691679020e-03
9.512792861317009852e-03
9.512792861317009852e-03
9.481419901836929398e-03
9.523588061344234745e-03
9.592929689993923148e-03
9.688800537115405120e-03
9.763919271428278535e-03
9.861610541655352336e-03
9.855054296268761505e-03
9.940429078516999084e-03
1.003026094098391496e-02
1.016402003192240500e-02
