3.043013355328211614e-02
3.122557204224881561e-02
3.138821579666523087e-02
3.135049992371847366e-02
3.124823967744085398e-02
3.134819963971748058e-02
3.136235877338490463e-02
3.152582999199586566e-02
3.138149518236004604e-02
3.130392154990808973e-02
3.112838504488893085e-02
3.097733983489711629e-02
3.079010663670607786e-02
3.066873714022184949e-02
3.044183778111090449e-02
3.019630002461483331e-02
2.998086955187273528e-02
2.977276354408938536e-02
2.966638366154379647e-02
2.961907314331169508e-02
2.962634715792766826e-02
2.953775483922887676e-02
2.945829400214407603e-02
2.935928757123349928e-02
2.909353277650752675e-02
2.878925890913679175e-02
2.845973502434204216e-02
2.813895266791625188e-02
2.779602810762922885e-02
2.747284910280995904e-02
2.722928895871756794e-02
