4.841386824146733103e-02
4.841386824146733103e-02
4.887534596345964599e-02
4.888858167616683820e-02
4.990322674135502096e-02
5.047340097263919301e-02
5.100031529318126838e-02
5.155951737669810242e-02
5.181671293607691825e-02
5.189891793047081425e-02
5.205176651110995228e-02
5.235182202838692400e-02
5.235182202838692400e-02
5.266618246861020508e-02
5.294455090874299052e-02
5.308675441387439298e-02
5.336871866351695221e-02
5.347555803701931065e-02
5.382361506708762539e-02
5.414736563738192787e-02
5.428817342769513138e-02
5.453006129793331463e-02
5.475117025615912347e-02
