3.665278716295435057e-02
3.665278716295435057e-02
3.520487532907569384e-02
3.389809668758188982e-02
3.296080782511787849e-02
3.279629392780791103e-02
3.270145587666392628e-02
3.217140495858963889e-02
3.160541834134418526e-02
3.095672610189855248e-02
3.046231991755201512e-02
3.019868631643939788e-02
3.019868631643939788e-02
2.974319461555536767e-02
2.936691373812794562e-02
2.912079362451802655e-02
2.934555655437327826e-02
2.938410714840599194e-02
2.934892843277526683e-02
2.928691626552243354e-02
2.913772853320379178e-02
2.877243827500647680e-02
2.838906149558200268e-02
2.838906149558200268e-02
2.800289669800696407e-02
2.768298943226053452e-02
2.741237001820089406e-02
2.717873104570199885e-02
2.700032066694386251e-02
2.688366928252338903e-02
2.675183289859591959e-02
2.670446665074245954e-02
2.665173651934538840e-02
2.655293903519463650e-02
2.655293903519463650e-02
2.641578070108856549e-02
2.627635972264715306e-02
2.620390958898281483e-02
2.596951453525184542e-02
2.582658888533809552e-02
2.579341854855303137e-02
2.580127333668369785e-02
2.593149346151204723e-02
2.599790206153260522e-02
2.608612319265229962e-02
2.608612319265229962e-02
2.613025089213677141e-02
2.598487777996043649e-02
2.588890110708110329e-02
2.568998574076375094e-02
2.551020524821928301e-02
2.530692753079471363e-02
2.496308422341542502e-02
2.466914371922639126e-02
2.450347177572103838e-02
2.420036692407629905e-02
2.420036692407629905e-02
2.385444689163832357e-02
2.345347946437637346e-02
2.301800824682049065e-02
2.264382072218789135e-02
2.254230902156275848e-02
2.255217700735494962e-02
2.255954160854750992e-02
2.264000144271445178e-02
2.277721704010055720e-02
2.278486799402143839e-02
2.278486799402143839e-02
2.278677163897650099e-02
2.296027137990150346e-02
2.303249866148391126e-02
2.320032974351301028e-02
2.338558237189064873e-02
2.352495575835314781e-02
2.366702938295495162e-02
2.402027531376768957e-02
2.426687547815321519e-02
2.450373327400204304e-02
2.450373327400204304e-02
2.459828890541019067e-02
2.442055247366049439e-02
2.457091090978476972e-02
2.468093353498207465e-02
2.477791032700047552e-02
2.492997271150649077e-02
2.494880065803078625e-02
2.482485261048181582e-02
2.477261480883264505e-02
2.461961797193671156e-02
2.461961797193671156e-02
2.447187006212323684e-02
2.431535482222466418e-02
2.425391239063347942e-02
2.418824842010599413e-02
2.420985638883356439e-02
2.412932913818362224e-02
2.409182411866279613e-02
2.394298493646154075e-02
2.370639472466821301e-02
2.353877155095097581e-02
2.353877155095097581e-02
2.333149652860803600e-02
2.320561538337751611e-02
2.309277078593703278e-02
2.303795413104684289e-02
2.305529794075165603e-02
2.306690665805699245e-02
2.314945800064343445e-02
2.314914023072161056e-02
2.318289191418225481e-02
2.312309184588354563e-02
2.312309184588354563e-02
2.302512783691737508e-02
2.284240924088979177e-02
2.273588723579219456e-02
2.249182860388941607e-02
2.231487594430310237e-02
2.215333710502244077e-02
2.212570249878427486e-02
2.184623153146655894e-02
2.140518319065731756e-02
2.099380532062157523e-02
2.099380532062157523e-02
2.058144548353792527e-02
2.058144548353792527e-02
2.058144548353792527e-02
2.019268196167115989e-02
1.991537976822745776e-02
1.953435704998948350e-02
1.921200478436434558e-02
1.885668979372946696e-02
1.835575142488014150e-02
1.783725169129156407e-02
1.783725169129156407e-02
1.735632621891150529e-02
1.678770390853760730e-02
1.600630247216724283e-02
1.539591411246029294e-02
1.492989806217462183e-02
1.473253400284731292e-02
1.479117317499707360e-02
1.498964269833008914e-02
1.521907017553903244e-02
1.551780862316396066e-02
1.551780862316396066e-02
1.601474931912896110e-02
1.658324429644403297e-02
1.685687220343099618e-02
1.684557913997447934e-02
1.674585987041181390e-02
1.673179857660584205e-02
1.651310945546100376e-02
1.636347698051579189e-02
1.611848994556602105e-02
1.579155527762421407e-02
1.579155527762421407e-02
1.536937463106160910e-02
1.509078120372494246e-02
1.491140323794914319e-02
1.479962892890886519e-02
1.480632451405788051e-02
1.503363504818345728e-02
1.529534517625064788e-02
1.551614920045733294e-02
1.546008468061224085e-02
1.523575564742925964e-02
1.523575564742925964e-02
1.503055823923646860e-02
1.506261275009640466e-02
1.506440512524049626e-02
1.522371530172277054e-02
1.531920512184939409e-02
1.543969116822653011e-02
1.534183705100268177e-02
1.506366003545106698e-02
1.476403590512762216e-02
1.453215346044575695e-02
1.453215346044575695e-02
1.423491803780098028e-02
1.392308188849808274e-02
1.372859516407511256e-02
1.367280008975979913e-02
1.386690482824236292e-02
1.419434092693189556e-02
1.472654236798910665e-02
1.526287051930240272e-02
1.569320286425162150e-02
1.604979380530719563e-02
1.604979380530719563e-02
1.681078663789086283e-02
1.739451672937892060e-02
1.786076268537979683e-02
1.836861163207466688e-02
1.870837062965699168e-02
1.900910176279278080e-02
1.923581131568677730e-02
1.933951583681366507e-02
1.945584870754527018e-02
1.954429804408353358e-02
1.954429804408353358e-02
1.950743542026616914e-02
1.935617479513225894e-02
1.907095213230174807e-02
1.864429283509118351e-02
1.813032503580703364e-02
1.751322276573390874e-02
1.683368060696906893e-02
1.621487328819503151e-02
1.554516963982610286e-02
1.526002579837756890e-02
1.526002579837756890e-02
1.511411330242300524e-02
1.492031464188898343e-02
1.490344766312076685e-02
1.504838119616715326e-02
1.529017056559340594e-02
1.547329131029409263e-02
1.569990739138188082e-02
1.583578440076594679e-02
1.580554918088361571e-02
1.587166523674852017e-02
1.587166523674852017e-02
1.592821141441283853e-02
1.605857811487779174e-02
1.605385208856001042e-02
1.611843439457913071e-02
1.631887790477480615e-02
1.637422539089810822e-02
1.658318222857900134e-02
1.664639760092210055e-02
1.643129352731848361e-02
1.608859807772440587e-02
1.608859807772440587e-02
1.574830040059044603e-02
1.555227593536964714e-02
1.536301642559187962e-02
1.533183852252861454e-02
1.530897114183047032e-02
1.547908513197049710e-02
1.576024829826960447e-02
1.619490072531636765e-02
1.641306393559689714e-02
1.644274047493856153e-02
1.644274047493856153e-02
1.643696549360266351e-02
1.636884822997846170e-02
1.631800284706328916e-02
1.629876243520385348e-02
1.623641458671400487e-02
1.620575965717789210e-02
1.623439842366313293e-02
1.624223064061777397e-02
1.634040540340959968e-02
1.653758468000529613e-02
1.653758468000529613e-02
1.647821762269593288e-02
1.628398095090400483e-02
1.582602842017480360e-02
1.532656309882056249e-02
1.486520095315874146e-02
1.448668829860541053e-02
1.418584781958340604e-02
1.409281757839585085e-02
1.431045811926018665e-02
1.474858489713371835e-02
1.474858489713371835e-02
1.515943485014937392e-02
1.528561209708378249e-02
1.520567006242736288e-02
1.490659286591524378e-02
1.469533589564969538e-02
1.449465536406988400e-02
1.414034278550197789e-02
1.383601218206777748e-02
1.367325996014938545e-02
1.357630600489474933e-02
1.357630600489474933e-02
1.358817101771910354e-02
1.379558868557598586e-02
1.442456052222076783e-02
1.486226607528275817e-02
1.505649305242296419e-02
1.533964464167737393e-02
1.541904701211018434e-02
1.528054491990731012e-02
1.504145739161503147e-02
1.471641057285582102e-02
1.471641057285582102e-02
1.433780076657268157e-02
1.397415962730047534e-02
1.357466033421809472e-02
1.320970756895295008e-02
1.288659675461478055e-02
1.282217991930440296e-02
1.275678255188648566e-02
1.273082277012952193e-02
1.267295044911081157e-02
1.274327028137134735e-02
1.274327028137134735e-02
1.292725315169444313e-02
1.311274341467914828e-02
1.327438613958369963e-02
1.344518134322616673e-02
1.359746586177299973e-02
1.386432948070343875e-02
1.414401088232585674e-02
1.430430078736000601e-02
1.442011401064523246e-02
1.443648362150986610e-02
1.443648362150986610e-02
1.438477180817840199e-02
1.412598792218794884e-02
1.361571782964357373e-02
1.302156495361649589e-02
1.253421585136915012e-02
1.243724401559781652e-02
1.238721659571690933e-02
1.219186135150728163e-02
1.200248028059128572e-02
1.188952767246074377e-02
1.188952767246074377e-02
1.188932589714179408e-02
1.191071492240617855e-02
1.208232500203042584e-02
1.226105683006928175e-02
1.247564626658533363e-02
1.236093988550463624e-02
1.230435415841936615e-02
1.218673127406088089e-02
1.209048993389678049e-02
1.194044468215983354e-02
1.194044468215983354e-02
1.189487109089145192e-02
1.191391904205942563e-02
1.189735774636903852e-02
1.207011430730517421e-02
1.239145576805545518e-02
1.287574614665000158e-02
1.324387311164661532e-02
1.351536724941810631e-02
1.353979561100416076e-02
1.356158047826448200e-02
1.356158047826448200e-02
1.351225219264700662e-02
1.376461367775996293e-02
1.396674963325503921e-02
1.409499914367742107e-02
1.405559718080704422e-02
1.382968925625088601e-02
1.359487166523611762e-02
1.337061099365497059e-02
1.300944166073536752e-02
1.264997320486852851e-02
1.264997320486852851e-02
1.240161158780687771e-02
1.221531951613552026e-02
1.210602612989050350e-02
1.221687603780605320e-02
1.260626985324120493e-02
1.283097552218602846e-02
1.312680821834786085e-02
1.345433303759819774e-02
1.380365071168634938e-02
1.406846738982833050e-02
1.406846738982833050e-02
1.423403458081141590e-02
1.445957379368444790e-02
1.452138085921845893e-02
1.454103412664708300e-02
1.504043153955737788e-02
1.524938735192871327e-02
1.520695417960053752e-02
1.489020288730939605e-02
1.464900083294068921e-02
1.450073317417143078e-02
1.450073317417143078e-02
1.447856093745785236e-02
1.447113850057584611e-02
1.458561765016548432e-02
1.487027819811700263e-02
1.518235475769233456e-02
1.543979594660982793e-02
1.561800538790824797e-02
1.555393627541935310e-02
1.525090577521861709e-02
1.481967176675126965e-02
1.481967176675126965e-02
1.461037283774733499e-02
1.455582998589813153e-02
1.479189348188459166e-02
1.527065730275948933e-02
1.565265409576764230e-02
1.580944842227599567e-02
1.579770919398294435e-02
1.558034557484752787e-02
1.530831551022809010e-02
1.498514114400909501e-02
1.498514114400909501e-02
1.469340615477276318e-02
1.455368143327379418e-02
1.462024278329439667e-02
1.479246024270575340e-02
1.502540998157239453e-02
1.515578115364599708e-02
1.520483975239507630e-02
1.509162570621047986e-02
1.500507146972082477e-02
1.491892373400517148e-02
1.491892373400517148e-02
1.492065197171952955e-02
1.485735409349390329e-02
1.473639358707896745e-02
1.471161322889648869e-02
1.469361272610739122e-02
1.444490207120381793e-02
1.428924193007604683e-02
1.423695560757397977e-02
1.414591186927410468e-02
1.403143243428233052e-02
1.403143243428233052e-02
1.377966110441933636e-02
1.350589029091336067e-02
1.312808603777325389e-02
1.300645271931827329e-02
1.298176785335619990e-02
1.310906203248071202e-02
1.318382548388569858e-02
1.318382548388569858e-02
1.331791801193217203e-02
1.344566876108204551e-02
