3.476412594318389893e-02
3.476412594318389893e-02
3.379531577229499817e-02
3.283391147851943970e-02
3.182331845164299011e-02
3.134934604167938232e-02
3.073042072355747223e-02
3.011550754308700562e-02
2.943524345755577087e-02
2.879018336534500122e-02
2.816728129982948303e-02
2.767461538314819336e-02
2.767461538314819336e-02
2.720852755010128021e-02
2.711863256990909576e-02
2.693701721727848053e-02
2.676146104931831360e-02
2.663035690784454346e-02
2.649882249534130096e-02
2.632464654743671417e-02
2.609862387180328369e-02
2.576594427227973938e-02
2.545322477817535400e-02
2.545322477817535400e-02
2.510524168610572815e-02
2.486313693225383759e-02
2.462667040526866913e-02
2.441078238189220428e-02
2.409458905458450317e-02
2.384096011519432068e-02
2.359690889716148376e-02
2.328367903828620911e-02
2.310232631862163544e-02
2.298503369092941284e-02
2.298503369092941284e-02
2.287531830370426178e-02
2.262260764837265015e-02
2.236433513462543488e-02
2.219893783330917358e-02
2.189418487250804901e-02
2.166434191167354584e-02
2.149135433137416840e-02
2.141943015158176422e-02
2.138058654963970184e-02
2.141634561121463776e-02
2.141634561121463776e-02
2.140599861741065979e-02
2.135251276195049286e-02
2.135870233178138733e-02
2.135113812983036041e-02
2.137340977787971497e-02
2.146937698125839233e-02
2.154670096933841705e-02
2.185221761465072632e-02
2.211900614202022552e-02
2.237495779991149902e-02
2.237495779991149902e-02
2.269233390688896179e-02
2.282515168190002441e-02
2.278180420398712158e-02
2.256286516785621643e-02
2.228674292564392090e-02
2.186111174523830414e-02
2.154691331088542938e-02
2.127257362008094788e-02
2.103429660201072693e-02
2.076798491179943085e-02
2.076798491179943085e-02
1.980390027165412903e-02
1.888377033174037933e-02
1.801050081849098206e-02
1.710932701826095581e-02
1.625697501003742218e-02
1.555652730166912079e-02
1.441359054297208786e-02
1.341748889535665512e-02
1.265344768762588501e-02
1.202105637639760971e-02
1.202105637639760971e-02
1.155687402933835983e-02
1.124592591077089310e-02
1.104634720832109451e-02
1.088908873498439789e-02
1.077187154442071915e-02
1.074952911585569382e-02
1.064924243837594986e-02
1.073380094021558762e-02
1.067603565752506256e-02
1.051594037562608719e-02
1.051594037562608719e-02
1.033181603997945786e-02
1.018042489886283875e-02
1.018769387155771255e-02
1.033344957977533340e-02
1.011347491294145584e-02
9.771897457540035248e-03
9.505161084234714508e-03
9.267075918614864349e-03
9.124304167926311493e-03
9.005486965179443359e-03
9.005486965179443359e-03
8.905919268727302551e-03
8.816460147500038147e-03
8.755710907280445099e-03
8.933943696320056915e-03
9.316571988165378571e-03
9.649114683270454407e-03
9.913690388202667236e-03
1.023771241307258606e-02
1.060707960277795792e-02
1.067723426967859268e-02
1.067723426967859268e-02
1.092495396733283997e-02
1.116723008453845978e-02
1.136460341513156891e-02
1.153767667710781097e-02
1.172398868948221207e-02
1.214756816625595093e-02
1.267962437123060226e-02
1.311956159770488739e-02
1.354218460619449615e-02
1.394966896623373032e-02
1.394966896623373032e-02
1.428306940943002701e-02
1.459313463419675827e-02
1.483800075948238373e-02
1.511056628078222275e-02
1.521368045359849930e-02
1.537762302905321121e-02
1.539522130042314529e-02
1.524653285741806030e-02
1.512569375336170197e-02
1.508214883506298065e-02
1.508214883506298065e-02
1.495136879384517670e-02
1.495977025479078293e-02
1.499070692807435989e-02
1.505668554455041885e-02
1.514764968305826187e-02
1.521428860723972321e-02
1.535238791257143021e-02
1.542107481509447098e-02
1.548395399004220963e-02
1.551554072648286819e-02
1.551554072648286819e-02
1.531905867159366608e-02
1.513082627207040787e-02
1.486841775476932526e-02
1.465612184256315231e-02
1.432793028652667999e-02
1.389829162508249283e-02
1.354240346699953079e-02
1.317401695996522903e-02
1.277424953877925873e-02
1.232893951237201691e-02
1.232893951237201691e-02
1.198614574968814850e-02
1.164844632148742676e-02
1.148420106619596481e-02
1.141435466706752777e-02
1.125532388687133789e-02
1.103977952152490616e-02
1.089460961520671844e-02
1.079588849097490311e-02
1.072386093437671661e-02
1.058874092996120453e-02
1.058874092996120453e-02
1.046849414706230164e-02
1.053319685161113739e-02
1.054680719971656799e-02
1.068771071732044220e-02
1.083372905850410461e-02
1.096180453896522522e-02
1.112349983304738998e-02
1.133382227271795273e-02
1.161191612482070923e-02
1.193178165704011917e-02
1.193178165704011917e-02
1.219871453940868378e-02
1.222236454486846924e-02
1.214708853513002396e-02
1.215897034853696823e-02
1.217154972255229950e-02
1.218877173960208893e-02
1.207399368286132812e-02
1.190391741693019867e-02
1.177131012082099915e-02
1.155203767120838165e-02
1.155203767120838165e-02
1.143267843872308731e-02
1.139375846832990646e-02
1.131634600460529327e-02
1.129407063126564026e-02
1.119642239063978195e-02
1.111313700675964355e-02
1.114440243691205978e-02
1.115891244262456894e-02
1.118110772222280502e-02
1.119192503392696381e-02
1.119192503392696381e-02
1.120952703058719635e-02
1.113970670849084854e-02
1.194892264902591705e-02
1.290781889110803604e-02
1.391648687422275543e-02
1.528291497379541397e-02
1.663649454712867737e-02
1.791462302207946777e-02
1.911129429936408997e-02
2.021064981818199158e-02
2.021064981818199158e-02
2.121485956013202667e-02
2.212162315845489502e-02
2.294007316231727600e-02
2.367201820015907288e-02
2.433166839182376862e-02
2.492086030542850494e-02
2.544013410806655884e-02
2.590413577854633331e-02
2.632266655564308167e-02
2.669101022183895111e-02
2.669101022183895111e-02
2.702283300459384918e-02
2.732356451451778412e-02
2.759453281760215759e-02
2.783732488751411438e-02
2.806069888174533844e-02
2.826167456805706024e-02
2.843729965388774872e-02
2.859119698405265808e-02
2.872858569025993347e-02
2.885051257908344269e-02
2.885051257908344269e-02
2.896087430417537689e-02
2.907281555235385895e-02
2.916128374636173248e-02
2.924130298197269440e-02
2.931017056107521057e-02
2.936813235282897949e-02
2.941598743200302124e-02
2.941598743200302124e-02
2.941598743200302124e-02
2.941598743200302124e-02
2.941598743200302124e-02
2.945222705602645874e-02
2.948126196861267090e-02
2.950076945126056671e-02
2.951858937740325928e-02
2.952263690531253815e-02
2.952205762267112732e-02
2.951586991548538208e-02
2.949397265911102295e-02
2.947303466498851776e-02
2.944548986852169037e-02
2.944548986852169037e-02
2.941820770502090454e-02
2.939376793801784515e-02
2.936004288494586945e-02
2.932782843708992004e-02
2.928693965077400208e-02
2.924897707998752594e-02
2.922640927135944366e-02
2.922640927135944366e-02
2.922640927135944366e-02
2.922640927135944366e-02
2.922640927135944366e-02
2.919862791895866394e-02
2.917076274752616882e-02
2.913354523479938507e-02
2.909642644226551056e-02
2.905997075140476227e-02
2.902352809906005859e-02
2.898674644529819489e-02
2.898674644529819489e-02
2.898674644529819489e-02
2.894304879009723663e-02
2.894304879009723663e-02
2.890130877494812012e-02
2.886306308209896088e-02
2.882790192961692810e-02
2.879887446761131287e-02
2.876934409141540527e-02
2.873904630541801453e-02
2.870671637356281281e-02
2.867451868951320648e-02
2.864020317792892456e-02
2.860486879944801331e-02
2.860486879944801331e-02
2.856883779168128967e-02
2.852876298129558563e-02
2.848290652036666870e-02
2.843931503593921661e-02
2.839579246938228607e-02
2.835869416594505310e-02
2.832502685487270355e-02
2.832502685487270355e-02
2.829880453646183014e-02
2.826653234660625458e-02
2.826653234660625458e-02
2.823884598910808563e-02
2.821387350559234619e-02
2.819077670574188232e-02
2.816563472151756287e-02
2.813287079334259033e-02
2.810019999742507935e-02
2.806340903043746948e-02
2.802876196801662445e-02
2.799714542925357819e-02
2.796937525272369385e-02
2.796937525272369385e-02
2.794202230870723724e-02
2.791460044682025909e-02
2.788615040481090546e-02
2.785901352763175964e-02
2.783596515655517578e-02
2.776351384818553925e-02
2.769031375646591187e-02
2.762660011649131775e-02
2.757091447710990906e-02
2.751865424215793610e-02
2.751865424215793610e-02
2.747325412929058075e-02
2.743257768452167511e-02
2.739965170621871948e-02
2.735968120396137238e-02
2.731421589851379395e-02
2.727343514561653137e-02
2.723525464534759521e-02
2.719783782958984375e-02
2.716501429677009583e-02
2.713350765407085419e-02
2.713350765407085419e-02
2.711011469364166260e-02
2.709384821355342865e-02
2.706545405089855194e-02
2.703328616917133331e-02
2.699778042733669281e-02
2.696105465292930603e-02
2.692484110593795776e-02
2.688532881438732147e-02
2.684611827135086060e-02
2.680504508316516876e-02
2.680504508316516876e-02
2.677540294826030731e-02
2.672230638563632965e-02
2.666852436959743500e-02
2.662804909050464630e-02
2.658770792186260223e-02
2.655155770480632782e-02
2.651818655431270599e-02
2.649209275841712952e-02
2.648022584617137909e-02
2.647134661674499512e-02
2.647134661674499512e-02
2.645597420632839203e-02
2.644442766904830933e-02
2.643394656479358673e-02
2.642101794481277466e-02
2.640780620276927948e-02
2.639956958591938019e-02
2.638975158333778381e-02
2.638166770339012146e-02
2.636707387864589691e-02
2.635122276842594147e-02
2.635122276842594147e-02
2.633164823055267334e-02
2.631782367825508118e-02
2.628931403160095215e-02
2.625574171543121338e-02
2.621807716786861420e-02
2.617895603179931641e-02
2.613944746553897858e-02
2.610263600945472717e-02
2.607124671339988708e-02
2.604082971811294556e-02
2.604082971811294556e-02
2.601135708391666412e-02
2.598351053893566132e-02
2.595442347228527069e-02
2.590873464941978455e-02
2.586450986564159393e-02
2.582593634724617004e-02
2.578786015510559082e-02
2.575797215104103088e-02
2.572761103510856628e-02
2.569896355271339417e-02
2.569896355271339417e-02
2.566555514931678772e-02
2.562882937490940094e-02
2.559038437902927399e-02
2.555440552532672882e-02
2.551513537764549255e-02
2.547558769583702087e-02
2.543435804545879364e-02
2.539610676467418671e-02
2.535560354590415955e-02
2.531352080404758453e-02
2.531352080404758453e-02
2.527268975973129272e-02
2.522454783320426941e-02
2.517329528927803040e-02
2.513155899941921234e-02
2.509258687496185303e-02
2.505155093967914581e-02
2.501755394041538239e-02
2.498095110058784485e-02
2.495975792407989502e-02
2.494119480252265930e-02
2.494119480252265930e-02
2.492102980613708496e-02
2.489827200770378113e-02
2.487095631659030914e-02
2.484096027910709381e-02
2.481265366077423096e-02
2.478512562811374664e-02
2.475934475660324097e-02
2.473036758601665497e-02
2.469343878328800201e-02
2.465397678315639496e-02
2.465397678315639496e-02
2.461101859807968140e-02
2.457095310091972351e-02
2.453387714922428131e-02
2.449043840169906616e-02
2.445774152874946594e-02
2.442312985658645630e-02
2.438559196889400482e-02
2.434300258755683899e-02
2.429834939539432526e-02
2.425445057451725006e-02
2.425445057451725006e-02
2.420964837074279785e-02
2.417193166911602020e-02
2.414179407060146332e-02
2.411038056015968323e-02
2.408362925052642822e-02
2.405650727450847626e-02
2.403523214161396027e-02
2.401098050177097321e-02
2.398072183132171631e-02
2.394741587340831757e-02
2.394741587340831757e-02
2.391352318227291107e-02
2.391352318227291107e-02
2.387044765055179596e-02
2.383207529783248901e-02
2.378589287400245667e-02
2.374030649662017822e-02
2.369278296828269958e-02
2.369278296828269958e-02
2.364994212985038757e-02
2.360498346388339996e-02
2.360498346388339996e-02
2.358086220920085907e-02
2.356450073421001434e-02
2.354762703180313110e-02
2.352736331522464752e-02
2.350864373147487640e-02
2.348619699478149414e-02
2.346241101622581482e-02
2.343126200139522552e-02
2.340046875178813934e-02
2.336671762168407440e-02
2.336671762168407440e-02
2.332923561334609985e-02
2.328321151435375214e-02
2.323474921286106110e-02
2.318680472671985626e-02
2.313636429607868195e-02
2.308908663690090179e-02
2.304275520145893097e-02
2.300078421831130981e-02
2.295993454754352570e-02
2.292045950889587402e-02
2.292045950889587402e-02
2.288898825645446777e-02
2.286372520029544830e-02
2.284512296319007874e-02
2.283204160630702972e-02
2.281720563769340515e-02
2.279727719724178314e-02
2.277875505387783051e-02
2.277875505387783051e-02
2.276236563920974731e-02
2.274438738822937012e-02
2.274438738822937012e-02
2.271824702620506287e-02
2.269065752625465393e-02
2.265791594982147217e-02
2.262341603636741638e-02
2.258517593145370483e-02
2.255099266767501831e-02
2.251273021101951599e-02
2.247514389455318451e-02
2.243462018668651581e-02
2.238518372178077698e-02
2.238518372178077698e-02
2.233853191137313843e-02
2.229651063680648804e-02
2.225283347070217133e-02
2.219831012189388275e-02
2.214410528540611267e-02
2.208997495472431183e-02
2.204220555722713470e-02
2.199256233870983124e-02
2.193927578628063202e-02
2.187753841280937195e-02
2.187753841280937195e-02
2.182439900934696198e-02
2.177839167416095734e-02
2.173306420445442200e-02
2.168679796159267426e-02
2.163261920213699341e-02
2.158068120479583740e-02
2.151254937052726746e-02
2.144173905253410339e-02
2.137563005089759827e-02
2.131594903767108917e-02
2.131594903767108917e-02
2.126475051045417786e-02
2.122118882834911346e-02
2.117494679987430573e-02
2.113720960915088654e-02
2.109262160956859589e-02
2.104145474731922150e-02
2.098349854350090027e-02
2.092619985342025757e-02
2.086350135505199432e-02
2.079972811043262482e-02
2.079972811043262482e-02
2.074425667524337769e-02
2.070137113332748413e-02
2.066808193922042847e-02
2.062246389687061310e-02
2.058420702815055847e-02
2.054704725742340088e-02
2.050493843853473663e-02
2.046269923448562622e-02
2.041578292846679688e-02
2.036960795521736145e-02
2.036960795521736145e-02
2.031931839883327484e-02
2.027404680848121643e-02
2.026533335447311401e-02
2.025236561894416809e-02
2.021881192922592163e-02
2.017095126211643219e-02
2.011744305491447449e-02
2.005367726087570190e-02
1.999259926378726959e-02
1.993354782462120056e-02
1.993354782462120056e-02
1.988304220139980316e-02
1.984201371669769287e-02
1.980449073016643524e-02
1.978497579693794250e-02
1.977655477821826935e-02
1.977317780256271362e-02
1.977774873375892639e-02
1.977774873375892639e-02
1.977564767003059387e-02
1.976779848337173462e-02
1.976779848337173462e-02
1.975156180560588837e-02
1.972542889416217804e-02
1.968805491924285889e-02
1.964690722525119781e-02
1.960064284503459930e-02
1.956019736826419830e-02
1.952944509685039520e-02
1.951216906309127808e-02
1.950099132955074310e-02
1.949954777956008911e-02
1.949954777956008911e-02
1.949826814234256744e-02
1.949538104236125946e-02
1.948264054954051971e-02
1.946439035236835480e-02
1.944192685186862946e-02
1.941401883959770203e-02
1.939265057444572449e-02
1.937767677009105682e-02
1.936042495071887970e-02
1.934301108121871948e-02
1.934301108121871948e-02
1.931750029325485229e-02
1.928880251944065094e-02
1.925910077989101410e-02
1.922774687409400940e-02
1.919557526707649231e-02
1.916129700839519501e-02
1.912967488169670105e-02
1.909930072724819183e-02
1.906725205481052399e-02
1.903347671031951904e-02
1.903347671031951904e-02
1.900113932788372040e-02
1.897677220404148102e-02
1.895497925579547882e-02
1.892915926873683929e-02
1.890157163143157959e-02
1.888000406324863434e-02
1.886003836989402771e-02
1.884516514837741852e-02
1.883703283965587616e-02
1.882873661816120148e-02
1.882873661816120148e-02
1.881829649209976196e-02
1.880111731588840485e-02
1.878148503601551056e-02
1.876487955451011658e-02
1.874350197613239288e-02
1.871555671095848083e-02
1.867737248539924622e-02
1.864006742835044861e-02
1.859824731945991516e-02
1.856316439807415009e-02
1.856316439807415009e-02
1.853041723370552063e-02
1.849870197474956512e-02
1.846966519951820374e-02
1.844662986695766449e-02
1.842381618916988373e-02
1.840495690703392029e-02
1.838396862149238586e-02
1.835990510880947113e-02
1.832844689488410950e-02
1.829113624989986420e-02
1.829113624989986420e-02
1.824497804045677185e-02
1.818901672959327698e-02
1.813655719161033630e-02
1.808928698301315308e-02
1.804525405168533325e-02
1.800937764346599579e-02
1.797507517039775848e-02
1.793575659394264221e-02
1.789713837206363678e-02
1.786384172737598419e-02
1.786384172737598419e-02
1.783103309571743011e-02
1.779668591916561127e-02
1.776018552482128143e-02
1.772171817719936371e-02
1.768670417368412018e-02
1.765307039022445679e-02
1.762597076594829559e-02
1.760945469141006470e-02
1.760048232972621918e-02
1.759009063243865967e-02
1.759009063243865967e-02
1.757611893117427826e-02
1.755949109792709351e-02
1.753591559827327728e-02
1.750968396663665771e-02
1.748826727271080017e-02
1.745848730206489563e-02
1.743810623884201050e-02
1.741791889071464539e-02
1.738883927464485168e-02
1.736729964613914490e-02
1.736729964613914490e-02
1.734170876443386078e-02
1.731177046895027161e-02
1.727853342890739441e-02
1.724301464855670929e-02
1.724301464855670929e-02
1.724301464855670929e-02
1.724301464855670929e-02
1.724301464855670929e-02
1.724301464855670929e-02
1.720079965889453888e-02
1.720079965889453888e-02
1.715959981083869934e-02
1.712380163371562958e-02
1.709481887519359589e-02
1.707270555198192596e-02
1.704428531229496002e-02
1.701773144304752350e-02
1.698786765336990356e-02
1.696231774985790253e-02
1.693702675402164459e-02
1.692056655883789062e-02
1.692056655883789062e-02
1.690432988107204437e-02
1.688775047659873962e-02
1.687666215002536774e-02
1.686214096844196320e-02
1.683830656111240387e-02
1.681729778647422791e-02
1.679560728371143341e-02
1.677412912249565125e-02
1.675163023173809052e-02
1.673237420618534088e-02
