2.122543379664421082e-02
2.122543379664421082e-02
2.059592306613922119e-02
2.030854113399982452e-02
2.055114135146141052e-02
2.078830078244209290e-02
2.141559869050979614e-02
2.190501429140567780e-02
2.232537418603897095e-02
2.260985411703586578e-02
2.305406704545021057e-02
2.358827181160449982e-02
2.358827181160449982e-02
2.405845746397972107e-02
2.467156015336513519e-02
2.529173158109188080e-02
2.591057494282722473e-02
2.649358101189136505e-02
2.699815668165683746e-02
2.746490389108657837e-02
2.794902212917804718e-02
2.840254083275794983e-02
2.875282801687717438e-02
2.875282801687717438e-02
2.909666299819946289e-02
2.937237359583377838e-02
2.961098961532115936e-02
2.979707345366477966e-02
2.992244251072406769e-02
3.003068640828132629e-02
3.008874878287315369e-02
3.019652143120765686e-02
3.036089427769184113e-02
3.055652230978012085e-02
3.055652230978012085e-02
3.080121986567974091e-02
3.105062246322631836e-02
3.125046193599700928e-02
3.146983310580253601e-02
3.166732564568519592e-02
3.189645335078239441e-02
3.214666992425918579e-02
3.240052610635757446e-02
3.269594907760620117e-02
3.291533142328262329e-02
3.291533142328262329e-02
3.314328938722610474e-02
3.344634547829627991e-02
3.381147608160972595e-02
3.412026911973953247e-02
3.437064215540885925e-02
3.449262678623199463e-02
3.469751402735710144e-02
3.489812090992927551e-02
3.500477969646453857e-02
3.484701737761497498e-02
3.484701737761497498e-02
3.465859219431877136e-02
3.442379459738731384e-02
3.426375985145568848e-02
3.412856161594390869e-02
3.398093208670616150e-02
3.391873091459274292e-02
3.385245427489280701e-02
3.369813412427902222e-02
3.356938809156417847e-02
3.347313404083251953e-02
3.347313404083251953e-02
3.329518064856529236e-02
3.298552334308624268e-02
3.268839418888092041e-02
3.235480934381484985e-02
3.279284015297889709e-02
3.354338929057121277e-02
3.419081121683120728e-02
3.476232662796974182e-02
3.526920080184936523e-02
3.566823527216911316e-02
3.566823527216911316e-02
3.600102663040161133e-02
3.617583587765693665e-02
3.632098436355590820e-02
3.640747070312500000e-02
3.608765080571174622e-02
3.580356761813163757e-02
3.550626337528228760e-02
3.528763353824615479e-02
3.503545746207237244e-02
3.481306135654449463e-02
3.481306135654449463e-02
3.456499800086021423e-02
3.433219343423843384e-02
3.422595933079719543e-02
3.412736579775810242e-02
3.402889147400856018e-02
3.393035382032394409e-02
3.385215997695922852e-02
3.383111953735351562e-02
3.386699035763740540e-02
3.392409533262252808e-02
3.392409533262252808e-02
3.386864066123962402e-02
3.378747403621673584e-02
3.363309055566787720e-02
3.340283036231994629e-02
3.315239772200584412e-02
3.289761021733283997e-02
3.271778300404548645e-02
3.260233998298645020e-02
3.245607390999794006e-02
3.227659687399864197e-02
3.227659687399864197e-02
3.214241191744804382e-02
3.191673383116722107e-02
3.177688643336296082e-02
3.162432089447975159e-02
3.154880926012992859e-02
3.132712841033935547e-02
3.112334199249744415e-02
3.086086735129356384e-02
3.076847083866596222e-02
3.062577545642852783e-02
3.062577545642852783e-02
3.042718954384326935e-02
3.023759461939334869e-02
3.002515807747840881e-02
2.983064204454421997e-02
2.961671166121959686e-02
2.939429692924022675e-02
2.924631722271442413e-02
2.895703725516796112e-02
2.864590287208557129e-02
2.837029844522476196e-02
2.837029844522476196e-02
2.812619693577289581e-02
2.801831811666488647e-02
2.789593301713466644e-02
2.768135443329811096e-02
2.776744775474071503e-02
2.788344211876392365e-02
2.811984717845916748e-02
2.828353084623813629e-02
2.841573953628540039e-02
2.858556434512138367e-02
2.858556434512138367e-02
2.855385839939117432e-02
2.855935692787170410e-02
2.851497940719127655e-02
2.842011861503124237e-02
2.835317701101303101e-02
2.830791287124156952e-02
2.825523912906646729e-02
2.826860919594764709e-02
2.822390012443065643e-02
2.818657644093036652e-02
2.818657644093036652e-02
2.812328375875949860e-02
2.805096842348575592e-02
2.793666347861289978e-02
2.782061323523521423e-02
2.770286053419113159e-02
2.763270959258079529e-02
2.749187871813774109e-02
2.724888734519481659e-02
2.704647369682788849e-02
2.684045583009719849e-02
2.684045583009719849e-02
2.642768248915672302e-02
2.595296874642372131e-02
2.605567499995231628e-02
2.617776393890380859e-02
2.635647542774677277e-02
2.652596496045589447e-02
2.658588811755180359e-02
2.674765326082706451e-02
2.686049416661262512e-02
2.699577808380126953e-02
2.699577808380126953e-02
2.710268087685108185e-02
2.718945406377315521e-02
2.706913650035858154e-02
2.693309634923934937e-02
2.687452547252178192e-02
2.683119475841522217e-02
2.675709500908851624e-02
2.669700421392917633e-02
2.664493583142757416e-02
2.664421312510967255e-02
2.664421312510967255e-02
2.660235017538070679e-02
2.651675045490264893e-02
2.642378397285938263e-02
2.643239311873912811e-02
2.644850686192512512e-02
2.640365064144134521e-02
2.631594799458980560e-02
2.620932646095752716e-02
2.600684389472007751e-02
2.582349255681037903e-02
2.582349255681037903e-02
2.569288574159145355e-02
2.552982605993747711e-02
2.534460462629795074e-02
2.517689950764179230e-02
2.504921518266201019e-02
2.491372264921665192e-02
2.489840984344482422e-02
2.489186450839042664e-02
2.488161809742450714e-02
2.489328943192958832e-02
2.489328943192958832e-02
2.491918019950389862e-02
2.492081373929977417e-02
2.496497519314289093e-02
2.496027946472167969e-02
2.494914084672927856e-02
2.499138191342353821e-02
2.508607134222984314e-02
2.524820156395435333e-02
2.542384155094623566e-02
2.562974393367767334e-02
2.562974393367767334e-02
2.581112086772918701e-02
2.599645778536796570e-02
2.615543454885482788e-02
2.634903229773044586e-02
2.645730040967464447e-02
2.654350548982620239e-02
2.667252719402313232e-02
2.684528566896915436e-02
2.725449576973915100e-02
2.759796380996704102e-02
2.759796380996704102e-02
2.800729125738143921e-02
2.840862981975078583e-02
2.876737527549266815e-02
2.914015203714370728e-02
2.941085956990718842e-02
2.971489913761615753e-02
2.988397516310214996e-02
3.002941980957984924e-02
3.023217432200908661e-02
3.039512969553470612e-02
3.039512969553470612e-02
3.048241883516311646e-02
3.052530623972415924e-02
3.066974319517612457e-02
3.085786849260330200e-02
3.101305291056632996e-02
3.128612786531448364e-02
3.152920678257942200e-02
3.168763220310211182e-02
3.181126713752746582e-02
3.171060979366302490e-02
3.171060979366302490e-02
3.157927840948104858e-02
3.143860399723052979e-02
3.124589286744594574e-02
3.108693659305572510e-02
3.089390508830547333e-02
3.060835041105747223e-02
3.043309599161148071e-02
3.028403036296367645e-02
3.024121932685375214e-02
3.029017336666584015e-02
3.029017336666584015e-02
3.039324656128883362e-02
3.058941662311553955e-02
3.066429495811462402e-02
3.059024363756179810e-02
3.040510602295398712e-02
3.038878738880157471e-02
3.044411912560462952e-02
3.071890585124492645e-02
3.095165640115737915e-02
3.120530582964420319e-02
3.120530582964420319e-02
3.138172626495361328e-02
3.155404701828956604e-02
3.175976127386093140e-02
3.198149055242538452e-02
3.214049339294433594e-02
3.224603459239006042e-02
3.228672221302986145e-02
3.233372047543525696e-02
3.233651444315910339e-02
3.235469385981559753e-02
3.235469385981559753e-02
3.242246806621551514e-02
3.256824240088462830e-02
3.282540291547775269e-02
3.304860740900039673e-02
3.321503847837448120e-02
3.351559862494468689e-02
3.385702148079872131e-02
3.414801135659217834e-02
3.430987894535064697e-02
3.440586104989051819e-02
3.440586104989051819e-02
3.448987379670143127e-02
3.458514437079429626e-02
3.462207317352294922e-02
3.469821810722351074e-02
3.478381037712097168e-02
3.493846207857131958e-02
3.511090949177742004e-02
3.522075712680816650e-02
3.520235419273376465e-02
3.522174060344696045e-02
3.522174060344696045e-02
3.524962812662124634e-02
3.521471470594406128e-02
3.519293293356895447e-02
3.498777002096176147e-02
3.458691760897636414e-02
3.429519385099411011e-02
3.403784707188606262e-02
3.384768590331077576e-02
3.330406546592712402e-02
3.284167498350143433e-02
3.284167498350143433e-02
3.251229226589202881e-02
3.227326273918151855e-02
3.208337724208831787e-02
3.198402747511863708e-02
3.179198503494262695e-02
3.158444538712501526e-02
3.124116174876689911e-02
3.095346130430698395e-02
3.074330277740955353e-02
3.061853162944316864e-02
3.061853162944316864e-02
3.067726269364356995e-02
3.079585917294025421e-02
3.094424679875373840e-02
3.124024905264377594e-02
3.156011179089546204e-02
3.197130188345909119e-02
3.247489407658576965e-02
3.301131725311279297e-02
3.351335972547531128e-02
3.397713974118232727e-02
3.397713974118232727e-02
3.429061919450759888e-02
3.449764102697372437e-02
3.470052406191825867e-02
3.480744361877441406e-02
3.488381952047348022e-02
3.487312793731689453e-02
3.484757989645004272e-02
3.489514440298080444e-02
3.493249788880348206e-02
3.503087535500526428e-02
3.503087535500526428e-02
3.509542718529701233e-02
3.515391796827316284e-02
3.530079871416091919e-02
3.535801544785499573e-02
3.531567379832267761e-02
3.523043170571327209e-02
3.512812033295631409e-02
3.518895059823989868e-02
3.524026647210121155e-02
3.531439602375030518e-02
3.531439602375030518e-02
3.538136184215545654e-02
3.544868156313896179e-02
3.549195826053619385e-02
3.559606522321701050e-02
3.565797209739685059e-02
3.580154106020927429e-02
3.595359250903129578e-02
3.605945780873298645e-02
3.599402680993080139e-02
3.587801381945610046e-02
3.587801381945610046e-02
3.571265190839767456e-02
3.549283742904663086e-02
3.534322977066040039e-02
3.527051582932472229e-02
3.523112460970878601e-02
3.516732901334762573e-02
3.508628904819488525e-02
3.495938330888748169e-02
3.490794450044631958e-02
3.480920940637588501e-02
3.480920940637588501e-02
3.483808785676956177e-02
3.493166342377662659e-02
3.499953448772430420e-02
3.508321568369865417e-02
3.518074378371238708e-02
3.522398322820663452e-02
3.523742407560348511e-02
3.526772558689117432e-02
3.529340773820877075e-02
3.525436669588088989e-02
3.525436669588088989e-02
3.526636585593223572e-02
3.516201302409172058e-02
3.509182110428810120e-02
3.505312278866767883e-02
3.503162041306495667e-02
3.501365333795547485e-02
3.497155383229255676e-02
3.492093831300735474e-02
3.494881093502044678e-02
3.511043265461921692e-02
3.511043265461921692e-02
3.529864922165870667e-02
3.554781526327133179e-02
3.573986515402793884e-02
3.594383224844932556e-02
3.608683124184608459e-02
3.615405037999153137e-02
3.629643097519874573e-02
3.632832691073417664e-02
3.648647293448448181e-02
3.663497418165206909e-02
3.663497418165206909e-02
3.673441708087921143e-02
3.694916144013404846e-02
3.723138570785522461e-02
3.753732144832611084e-02
3.776054829359054565e-02
3.785379230976104736e-02
3.809805214405059814e-02
3.850417211651802063e-02
3.890139237046241760e-02
3.930137306451797485e-02
3.930137306451797485e-02
3.964989632368087769e-02
4.002160578966140747e-02
4.039380326867103577e-02
4.072013124823570251e-02
4.091315343976020813e-02
4.112678766250610352e-02
4.128091409802436829e-02
4.148332402110099792e-02
4.167143255472183228e-02
4.185996949672698975e-02
4.185996949672698975e-02
4.202452674508094788e-02
4.222337901592254639e-02
4.246359318494796753e-02
4.261842370033264160e-02
4.273188114166259766e-02
4.265131056308746338e-02
4.260514676570892334e-02
4.260601848363876343e-02
4.264051839709281921e-02
4.266634583473205566e-02
4.266634583473205566e-02
4.270891100168228149e-02
4.275248572230339050e-02
4.274037107825279236e-02
4.274868220090866089e-02
4.268793761730194092e-02
4.261339828372001648e-02
4.259191453456878662e-02
4.265603795647621155e-02
4.274649173021316528e-02
4.275550693273544312e-02
4.275550693273544312e-02
4.274995252490043640e-02
4.274282976984977722e-02
4.264803975820541382e-02
4.251134768128395081e-02
4.230749607086181641e-02
4.212288185954093933e-02
4.196556657552719116e-02
4.190951585769653320e-02
4.192095994949340820e-02
4.191977903246879578e-02
4.191977903246879578e-02
4.188091307878494263e-02
4.187459871172904968e-02
4.177485406398773193e-02
4.179717972874641418e-02
4.187281429767608643e-02
4.199418425559997559e-02
4.216321557760238647e-02
4.227776825428009033e-02
4.230882599949836731e-02
4.229212924838066101e-02
4.229212924838066101e-02
4.218369722366333008e-02
4.203190281987190247e-02
4.188797622919082642e-02
4.176745563745498657e-02
4.158354923129081726e-02
4.154613241553306580e-02
4.157954454421997070e-02
4.163775220513343811e-02
4.160146042704582214e-02
4.150632768869400024e-02
4.150632768869400024e-02
4.142445698380470276e-02
4.131630063056945801e-02
4.122410342097282410e-02
4.121165350079536438e-02
4.111134633421897888e-02
4.098951816558837891e-02
4.070559516549110413e-02
4.041746258735656738e-02
4.009273275732994080e-02
3.976656869053840637e-02
3.976656869053840637e-02
3.952845185995101929e-02
3.934654593467712402e-02
3.917599841952323914e-02
3.911323845386505127e-02
3.923130407929420471e-02
3.945128992199897766e-02
3.964816406369209290e-02
3.974756971001625061e-02
3.987419232726097107e-02
3.985655307769775391e-02
3.985655307769775391e-02
3.978075459599494934e-02
3.963235765695571899e-02
3.944900259375572205e-02
3.935439139604568481e-02
3.916445374488830566e-02
3.903224691748619080e-02
3.894679620862007141e-02
3.886040300130844116e-02
3.871516138315200806e-02
3.866924718022346497e-02
3.866924718022346497e-02
3.864590823650360107e-02
3.860378637909889221e-02
3.855856135487556458e-02
3.853418305516242981e-02
3.859049081802368164e-02
3.863842040300369263e-02
3.861060738563537598e-02
3.861803188920021057e-02
3.875850886106491089e-02
3.877252712845802307e-02
3.877252712845802307e-02
3.880303725600242615e-02
3.879640996456146240e-02
3.883036598563194275e-02
3.881656751036643982e-02
3.878841176629066467e-02
3.872652351856231689e-02
3.862035647034645081e-02
3.847925737500190735e-02
3.831592202186584473e-02
3.812149539589881897e-02
3.812149539589881897e-02
3.796937316656112671e-02
3.779832646250724792e-02
3.763283416628837585e-02
3.752163797616958618e-02
3.754718974232673645e-02
3.757694363594055176e-02
3.758244588971138000e-02
3.769821673631668091e-02
3.775932639837265015e-02
3.781370073556900024e-02
3.781370073556900024e-02
3.794467821717262268e-02
3.799861297011375427e-02
3.799267858266830444e-02
3.802040591835975647e-02
3.803022205829620361e-02
3.803150728344917297e-02
3.809512406587600708e-02
3.822050988674163818e-02
3.828492760658264160e-02
3.832364454865455627e-02
3.832364454865455627e-02
3.828673437237739563e-02
3.817451000213623047e-02
3.812437504529953003e-02
3.791732713580131531e-02
3.761943057179450989e-02
3.725131973624229431e-02
3.696649894118309021e-02
3.679148107767105103e-02
3.669987618923187256e-02
3.654518350958824158e-02
3.654518350958824158e-02
3.641821444034576416e-02
3.641073778271675110e-02
3.641625866293907166e-02
3.649730607867240906e-02
3.659361228346824646e-02
3.670282289385795593e-02
3.680777922272682190e-02
3.683194145560264587e-02
3.695473074913024902e-02
3.706949576735496521e-02
3.706949576735496521e-02
3.725229948759078979e-02
3.737340122461318970e-02
3.744385391473770142e-02
3.752332925796508789e-02
3.748660162091255188e-02
3.735893219709396362e-02
3.724373504519462585e-02
3.701317682862281799e-02
3.678672760725021362e-02
3.658235818147659302e-02
3.658235818147659302e-02
3.639145568013191223e-02
3.632959723472595215e-02
3.636831790208816528e-02
3.649032488465309143e-02
3.662622347474098206e-02
3.685662895441055298e-02
3.718545287847518921e-02
3.751116991043090820e-02
3.791876509785652161e-02
3.822338953614234924e-02
3.822338953614234924e-02
3.859278932213783264e-02
3.893625736236572266e-02
3.921749815344810486e-02
3.947876766324043274e-02
3.977569565176963806e-02
3.994296491146087646e-02
4.002796858549118042e-02
4.013411700725555420e-02
4.012937471270561218e-02
4.010431095957756042e-02
4.010431095957756042e-02
4.005548357963562012e-02
3.997197374701499939e-02
3.987287729978561401e-02
3.982345759868621826e-02
3.980334103107452393e-02
3.985347226262092590e-02
3.992605954408645630e-02
3.997771814465522766e-02
4.002104699611663818e-02
4.001592472195625305e-02
4.001592472195625305e-02
4.005881026387214661e-02
4.011993110179901123e-02
4.031562060117721558e-02
4.055835306644439697e-02
4.088640585541725159e-02
4.125002399086952209e-02
4.162552952766418457e-02
4.195111989974975586e-02
4.217245429754257202e-02
4.247616603970527649e-02
4.247616603970527649e-02
4.269118607044219971e-02
4.291587695479393005e-02
4.307991638779640198e-02
4.329587519168853760e-02
4.345734789967536926e-02
4.359114915132522583e-02
4.366063699126243591e-02
4.369388520717620850e-02
4.369118437170982361e-02
4.375314339995384216e-02
4.375314339995384216e-02
4.383366554975509644e-02
4.388419911265373230e-02
4.387561604380607605e-02
4.385006427764892578e-02
4.380256310105323792e-02
4.355918616056442261e-02
4.336690157651901245e-02
4.303828999400138855e-02
4.274068400263786316e-02
4.248271882534027100e-02
4.248271882534027100e-02
4.216165840625762939e-02
4.172194376587867737e-02
4.141284525394439697e-02
4.119737446308135986e-02
4.110928624868392944e-02
4.101976007223129272e-02
4.097025841474533081e-02
4.097099974751472473e-02
4.101300984621047974e-02
4.112964868545532227e-02
4.112964868545532227e-02
4.141442477703094482e-02
4.173361510038375854e-02
4.201565310359001160e-02
4.228937625885009766e-02
4.264673590660095215e-02
4.297119006514549255e-02
4.318130761384963989e-02
4.335867241024971008e-02
4.356727749109268188e-02
4.379411786794662476e-02
