4.889802674549034028e-02
4.889802674549034028e-02
4.824652977589449082e-02
4.770514382732327779e-02
4.707378837659133980e-02
4.655548729370773131e-02
4.669536596067178080e-02
4.657238528439721498e-02
4.640329790020913947e-02
4.620486897941106230e-02
4.584789828605302653e-02
4.556222616115501028e-02
4.556222616115501028e-02
4.536491916645484651e-02
4.508849943412412270e-02
4.484226029479064513e-02
4.444105075544375894e-02
4.402851498315109302e-02
4.358759638639790601e-02
4.308862770283077015e-02
4.282940206419678930e-02
4.261219588864635643e-02
4.241067691316258853e-02
