1.409051660448312759e-02
1.409051660448312759e-02
1.416465453803539276e-02
1.297461800277233124e-02
1.217860449105501175e-02
1.142344996333122253e-02
1.102206949144601822e-02
1.080129109323024750e-02
1.075278874486684799e-02
1.095820032060146332e-02
1.122448407113552094e-02
1.150206476449966431e-02
1.150206476449966431e-02
1.185177359730005264e-02
1.231876295059919357e-02
1.278751809149980545e-02
1.329147722572088242e-02
1.386044546961784363e-02
1.456279773265123367e-02
1.528739929199218750e-02
1.588701643049716949e-02
1.630685105919837952e-02
1.660287380218505859e-02
1.660287380218505859e-02
1.684796437621116638e-02
1.696104928851127625e-02
1.694522053003311157e-02
1.681388728320598602e-02
1.667831465601921082e-02
1.651965267956256866e-02
1.642057299613952637e-02
1.633622124791145325e-02
1.612153463065624237e-02
1.587567478418350220e-02
1.587567478418350220e-02
1.558099407702684402e-02
1.540834549814462662e-02
1.541433483362197876e-02
1.566718518733978271e-02
1.595464162528514862e-02
1.629004813730716705e-02
1.642231084406375885e-02
1.633037813007831573e-02
1.611586846411228180e-02
1.585760340094566345e-02
1.585760340094566345e-02
1.574495993554592133e-02
1.574320904910564423e-02
1.583220064640045166e-02
1.590703427791595459e-02
1.596375741064548492e-02
1.594121754169464111e-02
1.582909561693668365e-02
1.572576351463794708e-02
1.566584222018718719e-02
1.569529622793197632e-02
1.569529622793197632e-02
1.577991060912609100e-02
1.586705818772315979e-02
1.588835939764976501e-02
1.588276214897632599e-02
1.589016057550907135e-02
1.598527096211910248e-02
1.613783463835716248e-02
1.625788211822509766e-02
1.638474501669406891e-02
1.646506600081920624e-02
1.646506600081920624e-02
1.657476834952831268e-02
1.673913747072219849e-02
1.691525988280773163e-02
1.706221513450145721e-02
1.724457554519176483e-02
1.736987195909023285e-02
1.750561036169528961e-02
1.762333139777183533e-02
1.773122884333133698e-02
1.778641529381275177e-02
1.778641529381275177e-02
1.772268302738666534e-02
1.761310547590255737e-02
1.749434880912303925e-02
1.750507764518260956e-02
1.757112145423889160e-02
1.765494607388973236e-02
1.774873584508895874e-02
1.775226369500160217e-02
1.768810860812664032e-02
1.759315840899944305e-02
1.759315840899944305e-02
1.760968379676342010e-02
1.766261272132396698e-02
1.774929650127887726e-02
1.787040010094642639e-02
1.788403466343879700e-02
1.782646402716636658e-02
1.761091314256191254e-02
1.734140142798423767e-02
1.715745031833648682e-02
1.705827936530113220e-02
1.705827936530113220e-02
1.703766360878944397e-02
1.701776683330535889e-02
1.699198037385940552e-02
1.687740162014961243e-02
1.659229211509227753e-02
1.633866876363754272e-02
1.614712923765182495e-02
1.614712923765182495e-02
1.610237732529640198e-02
1.612643525004386902e-02
1.612643525004386902e-02
1.629166863858699799e-02
1.651778630912303925e-02
1.674059219658374786e-02
1.679076813161373138e-02
1.672165095806121826e-02
1.657150313258171082e-02
1.643621549010276794e-02
1.637747325003147125e-02
1.637895032763481140e-02
1.653262600302696228e-02
1.653262600302696228e-02
1.682589203119277954e-02
1.708224043250083923e-02
1.723785698413848877e-02
1.734111830592155457e-02
1.728560402989387512e-02
1.721450127661228180e-02
1.716587133705615997e-02
1.712579280138015747e-02
1.711922325193881989e-02
1.710091158747673035e-02
1.710091158747673035e-02
1.706399023532867432e-02
1.680160872638225555e-02
1.647203788161277771e-02
1.618659310042858124e-02
1.596073620021343231e-02
1.579036749899387360e-02
1.576435193419456482e-02
1.582174375653266907e-02
1.594202779233455658e-02
1.611701585352420807e-02
1.611701585352420807e-02
1.624694839119911194e-02
1.633917354047298431e-02
1.645997911691665649e-02
1.663365587592124939e-02
1.689793169498443604e-02
1.723199523985385895e-02
1.756755262613296509e-02
1.784648001194000244e-02
1.800043694674968719e-02
1.798622123897075653e-02
1.798622123897075653e-02
1.786574535071849823e-02
1.774587295949459076e-02
1.767736487090587616e-02
1.761085540056228638e-02
1.747590117156505585e-02
1.722579263150691986e-02
1.689673401415348053e-02
1.653459109365940094e-02
1.624602824449539185e-02
1.598540134727954865e-02
1.598540134727954865e-02
1.590868458151817322e-02
1.594535633921623230e-02
1.601379550993442535e-02
1.597223803400993347e-02
1.589164696633815765e-02
1.578630879521369934e-02
1.571061648428440094e-02
1.573595404624938965e-02
1.587856188416481018e-02
1.608474366366863251e-02
1.608474366366863251e-02
1.630385965108871460e-02
1.642723754048347473e-02
1.651704870164394379e-02
1.651875115931034088e-02
1.646964438259601593e-02
1.650766655802726746e-02
1.654491201043128967e-02
1.655134744942188263e-02
1.651192270219326019e-02
1.639422029256820679e-02
1.639422029256820679e-02
1.628843136131763458e-02
1.617298275232315063e-02
1.612746901810169220e-02
1.619854383170604706e-02
1.631100103259086609e-02
1.637435331940650940e-02
1.638581790030002594e-02
1.635247655212879181e-02
1.630886085331439972e-02
1.623644307255744934e-02
1.623644307255744934e-02
1.617304608225822449e-02
1.613806001842021942e-02
1.618452742695808411e-02
1.620593108236789703e-02
1.630938984453678131e-02
1.641725189983844757e-02
1.653704605996608734e-02
1.663505099713802338e-02
1.678176596760749817e-02
1.695756614208221436e-02
1.695756614208221436e-02
1.718919537961483002e-02
1.740192994475364685e-02
1.759227737784385681e-02
1.776117086410522461e-02
1.776117086410522461e-02
1.776117086410522461e-02
1.786614954471588135e-02
1.787674427032470703e-02
1.789087429642677307e-02
1.792111992835998535e-02
1.792111992835998535e-02
1.789350807666778564e-02
1.784583926200866699e-02
1.770389452576637268e-02
1.755948737263679504e-02
1.729266718029975891e-02
1.702444627881050110e-02
1.683736406266689301e-02
1.671786606311798096e-02
1.659796014428138733e-02
1.652918569743633270e-02
1.652918569743633270e-02
1.650653779506683350e-02
1.654561050236225128e-02
1.658671163022518158e-02
1.654621027410030365e-02
1.652998849749565125e-02
1.649232581257820129e-02
1.643730513751506805e-02
1.643730513751506805e-02
1.643730513751506805e-02
1.642782241106033325e-02
1.642782241106033325e-02
1.648020744323730469e-02
1.652662642300128937e-02
1.658893935382366180e-02
1.663257926702499390e-02
1.652726158499717712e-02
1.627574861049652100e-02
1.596070453524589539e-02
1.574063301086425781e-02
1.578133180737495422e-02
1.578133180737495422e-02
1.578133180737495422e-02
1.590017229318618774e-02
1.615566015243530273e-02
1.647567003965377808e-02
1.675811782479286194e-02
1.689282990992069244e-02
1.706473156809806824e-02
1.726062595844268799e-02
1.744473166763782501e-02
1.765837520360946655e-02
1.784925907850265503e-02
1.784925907850265503e-02
1.787919364869594574e-02
1.780241914093494415e-02
1.762775518000125885e-02
1.740599423646926880e-02
1.727367006242275238e-02
1.721369102597236633e-02
1.717278547585010529e-02
1.715405844151973724e-02
1.707974821329116821e-02
1.699156872928142548e-02
