1.286780461668968201e-02
1.286780461668968201e-02
1.246185135096311569e-02
1.288754958659410477e-02
1.345716509968042374e-02
1.386366691440343857e-02
1.382361538708209991e-02
1.368962600827217102e-02
1.350498665124177933e-02
1.343692000955343246e-02
1.364888809621334076e-02
1.389580033719539642e-02
1.389580033719539642e-02
1.425738818943500519e-02
1.465070992708206177e-02
1.502171531319618225e-02
1.534432917833328247e-02
1.564964093267917633e-02
1.607198081910610199e-02
1.626527681946754456e-02
1.636704802513122559e-02
1.653321832418441772e-02
1.671252213418483734e-02
1.671252213418483734e-02
1.688853465020656586e-02
1.705443859100341797e-02
1.724649220705032349e-02
1.743397489190101624e-02
1.758452132344245911e-02
1.769115030765533447e-02
1.779739744961261749e-02
1.775532402098178864e-02
1.780589856207370758e-02
1.787427812814712524e-02
1.787427812814712524e-02
1.785271428525447845e-02
1.792429201304912567e-02
1.800452359020709991e-02
1.806186698377132416e-02
1.814605109393596649e-02
1.829946413636207581e-02
1.830924488604068756e-02
1.845560222864151001e-02
1.859051175415515900e-02
1.870892383158206940e-02
1.870892383158206940e-02
1.865601725876331329e-02
1.856029033660888672e-02
1.840713992714881897e-02
1.822932995855808258e-02
1.809604279696941376e-02
1.798944734036922455e-02
1.791602373123168945e-02
1.781168021261692047e-02
1.767598092555999756e-02
1.751250773668289185e-02
1.751250773668289185e-02
1.724034920334815979e-02
1.704995892941951752e-02
1.688857562839984894e-02
1.672214642167091370e-02
1.656149700284004211e-02
1.641870848834514618e-02
1.618063263595104218e-02
1.590480096638202667e-02
1.563742198050022125e-02
1.543564721941947937e-02
1.543564721941947937e-02
1.534844003617763519e-02
1.533503364771604538e-02
1.534655783325433731e-02
1.538845151662826538e-02
1.539376657456159592e-02
1.543056871742010117e-02
1.551661733537912369e-02
1.565103791654109955e-02
1.579125039279460907e-02
1.593732833862304688e-02
1.593732833862304688e-02
1.596860401332378387e-02
1.603628322482109070e-02
1.595320738852024078e-02
1.586749032139778137e-02
1.581087149679660797e-02
1.584426686167716980e-02
1.593944057822227478e-02
1.601833105087280273e-02
1.617833413183689117e-02
1.622663252055644989e-02
1.622663252055644989e-02
1.622252725064754486e-02
1.641934178769588470e-02
1.672917045652866364e-02
1.702343486249446869e-02
1.740076392889022827e-02
1.770250871777534485e-02
1.784154772758483887e-02
1.790895126760005951e-02
1.800380460917949677e-02
1.811033114790916443e-02
1.811033114790916443e-02
1.832126453518867493e-02
1.858163438737392426e-02
1.881545595824718475e-02
1.890484988689422607e-02
1.885539479553699493e-02
1.869869045913219452e-02
1.847597584128379822e-02
1.837845705449581146e-02
1.833586581051349640e-02
1.832642406225204468e-02
1.832642406225204468e-02
1.826579682528972626e-02
1.814885623753070831e-02
1.796840876340866089e-02
1.776841469109058380e-02
1.759117282927036285e-02
1.742940954864025116e-02
1.731496676802635193e-02
1.720831543207168579e-02
1.715763285756111145e-02
1.709593459963798523e-02
1.709593459963798523e-02
1.705265417695045471e-02
1.699669100344181061e-02
1.684097200632095337e-02
1.668936572968959808e-02
1.649555936455726624e-02
1.634032465517520905e-02
1.626086607575416565e-02
1.616587489843368530e-02
1.605142652988433838e-02
1.588845998048782349e-02
1.588845998048782349e-02
1.583791896700859070e-02
1.593812182545661926e-02
1.603761501610279083e-02
1.624612882733345032e-02
1.642300188541412354e-02
1.670792326331138611e-02
1.703661121428012848e-02
1.730093732476234436e-02
1.737834699451923370e-02
1.743938587605953217e-02
1.743938587605953217e-02
1.740551181137561798e-02
1.748389750719070435e-02
1.773506216704845428e-02
1.793394051492214203e-02
1.805620454251766205e-02
1.815086230635643005e-02
1.820135861635208130e-02
1.827149093151092529e-02
1.834539324045181274e-02
1.835563220083713531e-02
1.835563220083713531e-02
1.835015416145324707e-02
1.835909485816955566e-02
1.828090474009513855e-02
1.820276863873004913e-02
1.812386699020862579e-02
1.790316030383110046e-02
1.765381358563899994e-02
1.727420091629028320e-02
1.702450588345527649e-02
1.693030260503292084e-02
1.693030260503292084e-02
1.704051531851291656e-02
1.722056604921817780e-02
1.755710318684577942e-02
1.790573447942733765e-02
1.815209351480007172e-02
1.839453913271427155e-02
1.862652972340583801e-02
1.891689002513885498e-02
1.927633583545684814e-02
1.954791881144046783e-02
1.954791881144046783e-02
1.977112144231796265e-02
2.008188888430595398e-02
2.040673606097698212e-02
2.084979787468910217e-02
2.141415886580944061e-02
2.185791917145252228e-02
2.224597521126270294e-02
2.261184528470039368e-02
2.261184528470039368e-02
2.261184528470039368e-02
2.261184528470039368e-02
2.286755852401256561e-02
2.310111187398433685e-02
2.328865416347980499e-02
2.328865416347980499e-02
2.328865416347980499e-02
2.328865416347980499e-02
2.328865416347980499e-02
2.346571907401084900e-02
2.357348054647445679e-02
2.378985285758972168e-02
2.378985285758972168e-02
2.402886189520359039e-02
2.415689453482627869e-02
2.407383546233177185e-02
2.380682528018951416e-02
2.342378906905651093e-02
2.300936542451381683e-02
2.259121648967266083e-02
2.228282764554023743e-02
2.192911505699157715e-02
2.151866815984249115e-02
2.151866815984249115e-02
2.103904262185096741e-02
2.054529823362827301e-02
2.003267407417297363e-02
1.957462914288043976e-02
1.906904205679893494e-02
1.848913915455341339e-02
1.777964644134044647e-02
1.701671630144119263e-02
1.634645275771617889e-02
1.576702296733856201e-02
1.576702296733856201e-02
1.526550110429525375e-02
1.493363082408905029e-02
1.466156914830207825e-02
1.436408516019582748e-02
1.405231282114982605e-02
1.372548379004001617e-02
1.346948835998773575e-02
1.340074278414249420e-02
1.349479332566261292e-02
1.373548805713653564e-02
1.373548805713653564e-02
1.403939165174961090e-02
1.440284587442874908e-02
1.469690166413784027e-02
1.500490028411149979e-02
1.535787992179393768e-02
1.574575714766979218e-02
1.615086197853088379e-02
1.653606817126274109e-02
1.696712151169776917e-02
1.734295859932899475e-02
1.734295859932899475e-02
1.768670417368412018e-02
1.792195998132228851e-02
1.809663884341716766e-02
1.826152764260768890e-02
1.843268610537052155e-02
1.855169609189033508e-02
1.861386373639106750e-02
1.857543177902698517e-02
1.849415898323059082e-02
1.838141679763793945e-02
1.838141679763793945e-02
1.819598674774169922e-02
1.805504225194454193e-02
1.797524094581604004e-02
1.792237162590026855e-02
1.786106266081333160e-02
1.783411391079425812e-02
1.777310855686664581e-02
1.776283234357833862e-02
1.779077574610710144e-02
1.778641529381275177e-02
1.778641529381275177e-02
1.779157109558582306e-02
1.781720109283924103e-02
1.783862896263599396e-02
1.782091520726680756e-02
1.789541170001029968e-02
1.801575347781181335e-02
1.807090267539024353e-02
1.800828054547309875e-02
1.789533533155918121e-02
1.770817674696445465e-02
