1.936080810287323789e-02
1.936080810287323789e-02
2.052815145548655615e-02
1.975296875387027445e-02
1.904435014395976580e-02
1.837776726196077917e-02
1.782853133340539520e-02
1.712217774431942785e-02
1.649244641295256886e-02
1.598138439118396495e-02
1.556462570332616153e-02
1.508850959361808172e-02
1.508850959361808172e-02
1.484127884040624228e-02
1.448989222167444170e-02
1.413035815011706546e-02
1.372334199184967359e-02
1.315208654527281681e-02
1.253434620770629143e-02
1.197961660358262161e-02
1.157683752458705216e-02
1.127686666690371972e-02
1.095930623099704466e-02
1.095930623099704466e-02
1.060728961021883791e-02
1.008254987641039359e-02
9.615388991670113100e-03
9.088915796491752255e-03
8.554153367651319215e-03
7.973137292901655987e-03
7.440314756895056135e-03
6.925772466555904332e-03
6.388131671710162336e-03
5.885660842874632093e-03
5.885660842874632093e-03
5.527163507500861515e-03
5.399543289770349780e-03
5.606542363711363927e-03
5.932776493899647591e-03
6.444073883365892402e-03
6.928462769019008011e-03
7.646538045372564679e-03
8.474190422057761504e-03
9.406525102491561027e-03
1.026291183217064792e-02
1.026291183217064792e-02
1.094120436507011081e-02
1.183347590021191324e-02
1.257684409719177568e-02
1.317178683176166085e-02
1.354189338014827847e-02
1.380467109043387493e-02
1.382685766660714244e-02
1.396984198492119689e-02
1.401759889712967354e-02
1.424472032687077935e-02
1.424472032687077935e-02
1.442737727425061518e-02
1.447130534367058359e-02
1.470222628198262181e-02
1.482198346193135292e-02
1.485331870444956889e-02
1.469881078379833492e-02
1.433592510839013130e-02
1.404261210616401280e-02
1.371324546298111069e-02
1.336086219887082198e-02
1.336086219887082198e-02
1.294417402868774762e-02
1.284099828012780393e-02
1.281453749011140890e-02
1.270432589087584427e-02
1.281740410283666205e-02
1.306880035982764532e-02
1.340331286665179082e-02
1.348994035201584937e-02
1.342077864090398913e-02
1.313572934726356736e-02
1.313572934726356736e-02
1.302872198599349524e-02
1.316594693394483595e-02
1.351901603309442305e-02
1.397415057985527259e-02
1.446989469865901309e-02
1.470459829135007356e-02
1.471424195422927836e-02
1.461257858164572397e-02
1.443252093746670746e-02
1.415937321455514389e-02
1.415937321455514389e-02
1.417589058691281004e-02
1.404062699786613570e-02
1.365297325829572389e-02
1.338386070955446122e-02
1.328747405394852497e-02
1.328849006496097586e-02
1.349276497553204834e-02
1.367270338362124547e-02
1.433016263210374307e-02
1.473875237765623174e-02
1.473875237765623174e-02
1.481437606424629294e-02
1.462761887107651322e-02
1.430430422327542278e-02
1.408295240680911865e-02
1.382629894460700101e-02
1.363188937985406954e-02
1.347726444719864192e-02
1.358010875152193021e-02
1.367661592228305162e-02
1.376363494005106679e-02
1.376363494005106679e-02
1.382889723004034933e-02
1.361176345034595912e-02
1.356713823550978644e-02
1.357894365150022140e-02
1.398570320631972903e-02
1.451607648531938119e-02
1.484761770283051820e-02
1.491124993679350703e-02
1.489942267092717217e-02
1.483171050369435674e-02
1.483171050369435674e-02
1.474460643063928676e-02
1.506875866605632795e-02
1.535025202467914934e-02
1.556630021310293106e-02
1.519888279919423719e-02
1.452297459434298381e-02
1.381553255724115616e-02
1.322422541508114224e-02
1.288855543297947985e-02
1.252032022330356459e-02
1.252032022330356459e-02
1.231659803184405495e-02
1.220151929336470847e-02
1.225308990565201345e-02
1.241710440224980637e-02
1.242889877062883404e-02
1.241125332573545133e-02
1.277091874275329379e-02
1.317860422083351295e-02
1.360583779852374449e-02
1.391687771484653377e-02
1.391687771484653377e-02
1.411555210146224482e-02
1.451200611209585260e-02
1.475112572782619202e-02
1.483515300515097016e-02
1.495454293639106660e-02
1.493096188311157299e-02
1.472379609994486742e-02
1.425230938193232898e-02
1.366989453829766873e-02
1.315609980340721324e-02
1.315609980340721324e-02
1.275916766628983241e-02
1.247911685116776491e-02
1.229016243820701959e-02
1.217044489261819191e-02
1.219546214131419885e-02
1.238184464325808691e-02
1.251758557574807022e-02
1.274438229572933193e-02
1.281872573727482756e-02
1.294771032614755110e-02
1.294771032614755110e-02
1.294528210611219088e-02
1.289135491008895802e-02
1.282712356226478785e-02
1.277380268696664406e-02
1.280774426399459293e-02
1.265450088844508394e-02
1.255632205785232013e-02
1.232270020518264411e-02
1.210466052194585432e-02
1.196370908073110875e-02
1.196370908073110875e-02
1.195097155739664567e-02
1.202244869095836673e-02
1.216933992065691826e-02
1.237592950529710183e-02
1.244546055033996998e-02
1.261071813082216726e-02
1.261071813082216726e-02
1.272842501330186289e-02
1.284164474858187806e-02
1.282613897596419049e-02
1.282613897596419049e-02
1.281836448782201418e-02
1.292044779110783186e-02
1.292358063909651404e-02
1.284665291029652746e-02
1.269433086742628031e-02
1.243003214190428231e-02
1.222366914481086766e-02
1.212263377988304427e-02
1.209320412378935700e-02
1.177992947557120022e-02
1.177992947557120022e-02
1.169067809218786447e-02
1.169009922182469297e-02
1.157797078693590179e-02
1.148358916380725313e-02
1.134028439215390392e-02
1.140862777205332163e-02
1.143818195739049713e-02
1.138012610422121235e-02
1.133375836889749348e-02
1.132282918258331432e-02
1.132282918258331432e-02
1.106901046460836806e-02
1.064056149151338358e-02
1.034156994950889349e-02
1.025095352734706720e-02
1.029926303828185979e-02
1.052145621812691084e-02
1.052733428661075700e-02
1.046087147354689793e-02
1.044785140745689740e-02
1.050464258366256426e-02
1.050464258366256426e-02
1.067234590832268418e-02
1.070967284617508827e-02
1.067335829066992821e-02
1.053631431489873010e-02
1.030606993761200643e-02
1.008086778386795002e-02
9.811874276169944495e-03
9.620696323462431948e-03
9.403665789783870535e-03
9.356241791004924271e-03
9.356241791004924271e-03
9.249865225799291935e-03
9.356100006787571380e-03
9.597777655500645128e-03
9.851146978563962361e-03
1.017724017566045552e-02
1.050770244591792829e-02
1.072949751572678870e-02
1.069048374874250265e-02
1.069649869102803560e-02
1.053846630165091759e-02
1.053846630165091759e-02
1.016750557174017980e-02
9.815467813811925429e-03
9.649467624310879149e-03
9.618108487468869303e-03
9.650763767945491622e-03
9.740370927398248405e-03
9.907176415735277977e-03
1.007168552686021901e-02
1.008560257957630095e-02
1.001457470944616852e-02
1.001457470944616852e-02
9.853945394727316176e-03
9.651953044225506512e-03
9.499206986120008189e-03
9.251455368798580658e-03
8.939761559460194379e-03
8.789512318534876620e-03
8.837731621851474539e-03
8.849209400687528537e-03
8.809242444692633525e-03
8.825581763629585658e-03
8.825581763629585658e-03
8.934309540441671971e-03
9.193181153085577123e-03
9.429054027900014845e-03
9.557086201499342612e-03
9.574462349127219052e-03
9.559722918094775215e-03
9.561813524262047573e-03
9.762816991223669666e-03
1.003221039805809837e-02
1.019089379653496247e-02
1.019089379653496247e-02
1.019885113003337306e-02
1.017445999029050613e-02
1.016135513450076334e-02
1.015692882088919599e-02
1.018170602130925514e-02
1.023432579413045308e-02
1.034021051911939749e-02
1.037157389883533454e-02
9.949057531872316021e-03
9.503225921237140952e-03
9.503225921237140952e-03
9.179052336908379711e-03
8.943972794742521479e-03
8.890008837330451094e-03
9.008236758432418625e-03
9.140927547336016867e-03
9.199101792356185331e-03
9.220079050529631642e-03
9.324960543084570563e-03
9.363960943956953567e-03
9.413462544025242434e-03
9.413462544025242434e-03
9.367712510453988367e-03
9.299140369046735022e-03
9.281450835415079245e-03
9.195831037686065870e-03
9.169981359654542918e-03
9.156911094844961962e-03
9.150264168399289272e-03
9.280253863808315268e-03
9.580268999724644505e-03
9.864838222776279100e-03
9.864838222776279100e-03
1.012014263464050198e-02
1.031655054418956045e-02
1.040892768769259222e-02
1.033991475205181532e-02
1.026396957313773992e-02
1.028496508600783635e-02
1.031845663326689221e-02
1.048818872322700504e-02
1.060718143076342344e-02
1.063031213201351931e-02
1.063031213201351931e-02
1.038820565374147520e-02
1.002265873628932318e-02
9.644911358686281133e-03
9.448390688841628790e-03
9.400221320693749605e-03
9.441212153767405968e-03
9.600557725664001993e-03
9.673511066459481236e-03
9.669576402860763017e-03
9.615900073272983309e-03
9.615900073272983309e-03
9.566742057409446595e-03
9.632866233029077283e-03
9.680906352739835144e-03
9.683550090475973038e-03
9.555479407189919339e-03
9.327497669030326496e-03
9.618102742549046458e-03
9.741123983748371795e-03
9.788780726333858040e-03
9.868396753614398081e-03
9.868396753614398081e-03
9.802486612893398371e-03
9.669640468195319499e-03
9.351131596250493797e-03
9.201621334712499142e-03
9.092096574856987565e-03
9.004015040352071272e-03
8.817928828426789892e-03
8.600180643558169233e-03
8.344202757621703437e-03
8.240250996954523455e-03
8.240250996954523455e-03
8.265035505248995856e-03
8.582563654066892311e-03
8.912659306487488026e-03
9.149866667014325272e-03
9.038315384945776534e-03
8.875274100319718515e-03
8.663551512683512201e-03
8.480668020663929135e-03
8.567047465141209781e-03
8.734978606074599375e-03
8.734978606074599375e-03
8.985608762584957818e-03
9.260004979068705080e-03
9.556012758700053317e-03
9.689682395483810440e-03
9.733249311315634103e-03
9.769112584437833133e-03
9.719539711080986757e-03
9.697295810706394251e-03
9.614986110139125963e-03
9.428136333555471593e-03
9.428136333555471593e-03
9.163750123294282790e-03
8.879101448149136211e-03
8.766932292945034400e-03
8.870231946372727702e-03
9.145193085994769711e-03
9.415538748589033849e-03
9.684044437358754406e-03
9.904019255273975586e-03
1.003121946550926055e-02
1.000206495917393273e-02
1.000206495917393273e-02
9.927606190056764007e-03
9.924802027370043661e-03
9.818123783278270150e-03
9.568428360646226774e-03
9.363323776193751419e-03
9.221739529299987151e-03
9.043983653303293638e-03
8.998344107407862252e-03
9.030607709157293175e-03
9.077494737110050269e-03
9.077494737110050269e-03
9.192733034723820848e-03
9.478587314976121697e-03
9.723307072294604808e-03
9.834218891116503977e-03
9.903171599190163307e-03
9.905448691997519040e-03
9.746709623154525479e-03
9.531601362470595862e-03
9.306168777029734038e-03
9.154967364489756051e-03
9.154967364489756051e-03
9.153350840939596805e-03
9.240062167999217244e-03
9.317804421253465114e-03
9.454903875233764549e-03
9.661929229694998789e-03
9.815976845990784933e-03
1.001680942421156149e-02
1.017260293309728801e-02
1.025474065976698414e-02
1.035375234551993637e-02
1.035375234551993637e-02
1.037783638727570075e-02
1.033177908313245505e-02
1.027991724976320964e-02
1.027991724976320964e-02
1.014446845889312339e-02
1.004273935165324663e-02
9.899903317041805831e-03
9.758892933189895064e-03
9.749101096680670014e-03
9.789107925201989691e-03
