2.177107221224338154e-02
2.236549349834448391e-02
2.272734233978795232e-02
2.304568736948294644e-02
2.308403407362278129e-02
2.276439706814534225e-02
2.260791302857529869e-02
2.221039464718661816e-02
2.198006459001716068e-02
2.188178815876117358e-02
2.145349983463760990e-02
2.113354526712983572e-02
2.089383070873308476e-02
2.068784095636329312e-02
2.063375227626524505e-02
2.055809802472082989e-02
2.063142515492226090e-02
2.084743021558006434e-02
2.100229643248870820e-02
2.128935271283047270e-02
2.170602973378017372e-02
2.226823653982550055e-02
2.281940094852908524e-02
2.337442219107104674e-02
2.372132672601798969e-02
2.390946243666997040e-02
2.390355334799375633e-02
2.386299968606863178e-02
2.383637485346766505e-02
2.383977283955858104e-02
2.410213391326493024e-02
