2.033700113077100552e-02
2.033700113077100552e-02
2.148876474271695786e-02
2.263961582672576259e-02
2.314626237728672348e-02
2.372614405470644186e-02
2.382265446482538171e-02
2.375503365857755539e-02
2.349368714080173406e-02
2.354433735479881037e-02
2.359167949360368999e-02
2.352321047654502145e-02
2.352321047654502145e-02
2.321974375739156368e-02
2.285157128591305820e-02
2.223191968017921433e-02
2.147335422005946376e-02
2.068543940609082060e-02
1.981470178359971690e-02
1.924897163752618823e-02
1.859351185385229449e-02
1.797293765701292456e-02
1.736920978787989331e-02
1.736920978787989331e-02
1.672237905209709996e-02
1.613021412798673268e-02
1.566917685000146152e-02
1.538357500195500563e-02
1.484239538748385531e-02
1.441462779499507948e-02
1.395416341270289302e-02
1.337248658308432675e-02
1.280706432602358828e-02
1.233249172147322242e-02
1.233249172147322242e-02
1.178789472527767140e-02
1.107666201525597111e-02
1.041767077108152889e-02
9.851910476940601777e-03
9.495567094119120380e-03
9.099435831185069892e-03
8.735436442938641563e-03
8.353499326432948721e-03
8.002436833853782822e-03
8.115445412093101607e-03
8.115445412093101607e-03
8.087857718654993533e-03
7.944656765233796061e-03
7.686949377483092739e-03
7.581713958152512534e-03
7.603557099900789401e-03
7.801757073651462843e-03
7.994778944098506965e-03
7.861480015693025555e-03
7.859362383821125869e-03
8.026486711718775272e-03
8.026486711718775272e-03
8.401470265722275205e-03
8.867048994416060551e-03
9.324427377572165956e-03
9.655805162746089118e-03
1.028778633584300807e-02
1.050738967953036840e-02
1.050010237806207718e-02
1.032065329472194731e-02
1.033066661308011669e-02
1.054382195906154729e-02
1.054382195906154729e-02
1.077389317762175204e-02
1.084867408324009276e-02
1.088068189773017114e-02
1.081068487206921641e-02
1.067152023414055968e-02
1.050694600960134541e-02
1.007158493324602881e-02
9.532901616362903299e-03
8.905061085508118521e-03
8.443007949728931552e-03
8.443007949728931552e-03
8.082990405003799561e-03
7.894161815612109334e-03
7.691114188544971933e-03
7.716592114055984691e-03
7.421007659804975710e-03
7.021718253689059053e-03
6.317813208847977355e-03
5.650194956237431128e-03
5.165953334262094604e-03
5.066836421519687987e-03
5.066836421519687987e-03
5.072150105115209168e-03
5.451467818102583712e-03
6.110687225074859855e-03
6.555827048424493764e-03
6.955733866237159661e-03
7.306111107223270743e-03
7.570695765584968366e-03
7.798778522580742702e-03
8.190387195888805538e-03
8.469320218501864839e-03
8.469320218501864839e-03
8.826402768601981225e-03
9.265551882869533032e-03
9.637517832049320027e-03
9.789279527172768669e-03
9.929686583470773500e-03
1.000001425850838462e-02
9.915433761980138247e-03
1.001859630229725781e-02
1.001023286297002268e-02
9.896559101569986014e-03
9.896559101569986014e-03
8.904554201170648137e-03
8.003972167139803556e-03
7.423936055111653859e-03
6.889176482594436962e-03
6.450338480275758304e-03
6.422476322535067110e-03
6.521638652803381404e-03
6.589493012714497944e-03
6.676430718258445467e-03
6.831480299221222470e-03
6.831480299221222470e-03
7.014253285366630307e-03
7.246419108564161604e-03
7.542549326050943144e-03
7.542549326050943144e-03
7.542549326050943144e-03
7.852487055448475681e-03
8.150854519888089955e-03
8.428255303089717335e-03
8.667615592550614520e-03
8.808232233226723565e-03
8.808232233226723565e-03
8.957828695692837684e-03
9.066141144067570157e-03
9.135354866518202721e-03
9.141136853532893028e-03
9.016472435808964639e-03
8.855223095213016898e-03
8.681011307184847633e-03
8.435105967290541101e-03
8.246257250404856465e-03
8.079551052969435182e-03
8.079551052969435182e-03
7.943698518781223614e-03
7.788964627159877634e-03
7.717635736899581753e-03
7.715815646848993639e-03
7.701666384826592708e-03
7.701865247888989296e-03
7.688537612910329756e-03
7.717260520184141513e-03
7.759552700597209876e-03
7.766929259092775553e-03
7.766929259092775553e-03
7.807438837771854372e-03
7.883161337692066659e-03
7.942679774160046197e-03
7.989784079858796434e-03
7.944895860752795858e-03
7.864690774226228837e-03
7.832511266408546599e-03
7.781021735066838071e-03
7.787926173437846253e-03
7.824651961193633543e-03
7.824651961193633543e-03
7.806542881357909046e-03
7.787208216034196065e-03
7.714510313539037559e-03
7.718318417710858144e-03
7.755560270532793968e-03
7.747895743978977685e-03
7.747895743978977685e-03
7.747895743978977685e-03
7.772262385225240863e-03
7.657574017317929534e-03
7.657574017317929534e-03
7.463929009521344006e-03
7.201164501981147104e-03
6.975463996134529353e-03
6.842628538525869636e-03
6.709249757364487560e-03
6.505569286083266560e-03
6.396271680197732588e-03
6.329578545965385515e-03
6.352787777174889912e-03
6.415035262387611126e-03
6.415035262387611126e-03
6.551980213235571344e-03
6.668288301907117875e-03
6.210765698403727247e-03
5.422072837387037318e-03
4.723963579723077996e-03
4.181733405949256827e-03
3.752412120112593591e-03
3.552459531091395686e-03
3.620511138420467231e-03
3.805935776976842547e-03
3.805935776976842547e-03
4.051774938091213391e-03
4.417552928545611865e-03
4.840039965746095914e-03
5.308369401062999933e-03
5.814035823668540874e-03
6.406282736194633155e-03
7.068288587431211141e-03
7.635343152972006754e-03
8.240087917987141269e-03
8.808013655288699992e-03
8.808013655288699992e-03
9.273475931947239639e-03
9.656058972716314096e-03
9.919150319046665665e-03
1.004382271870112725e-02
1.009023048488462589e-02
1.016486259865492792e-02
1.019367507757949591e-02
1.017298187785843459e-02
1.014726875476355296e-02
1.018735139276048980e-02
1.018735139276048980e-02
1.022361458322743923e-02
1.022756017204335885e-02
1.015495370617570600e-02
1.003680738244507216e-02
9.916943108169880283e-03
9.792297125412552025e-03
9.719436481338557254e-03
9.783150137228151591e-03
9.860974070791244175e-03
9.886452132240495030e-03
9.886452132240495030e-03
1.000791055386468682e-02
1.019593501241587014e-02
1.042164364248850637e-02
1.065406782385113979e-02
1.078187861461210595e-02
1.076962395549572148e-02
1.076649036161820769e-02
1.082151798560029507e-02
1.089875885061675903e-02
1.106743937984211446e-02
1.106743937984211446e-02
1.115972221040244065e-02
1.124343484521932168e-02
1.132218613185192492e-02
1.135444455319589707e-02
1.132407260091726313e-02
1.121982469383985166e-02
1.110005751100562842e-02
1.097554039205054024e-02
1.089395270267463217e-02
1.086553741043350119e-02
1.086553741043350119e-02
1.087095437499176719e-02
1.087838655194332989e-02
1.078773970367964165e-02
1.059487572223461772e-02
1.038219009245468574e-02
1.011182466477090515e-02
9.924534774959638608e-03
9.646875437880474136e-03
9.363204314516510030e-03
8.931571597107218832e-03
8.931571597107218832e-03
8.677274667735801125e-03
8.495964796912268760e-03
8.478500495261553915e-03
8.555100654388537659e-03
8.629108361662149798e-03
8.670970124643278404e-03
8.784118405753554501e-03
8.921957461804868109e-03
9.046583681159837270e-03
9.173741115647934818e-03
9.173741115647934818e-03
9.168110531419026987e-03
9.042375874373126052e-03
8.813793463419443766e-03
8.532438704696391346e-03
8.290061520145407259e-03
7.997568595217203688e-03
7.748568200231599479e-03
7.543110934668366581e-03
7.395663709297037140e-03
7.293987324963259467e-03
7.293987324963259467e-03
7.176101121118552521e-03
7.313377555075521383e-03
7.509499328514678343e-03
7.707066059538293830e-03
7.828343621231911159e-03
7.831840734868165954e-03
7.767313641653747144e-03
7.682114919603804000e-03
7.489783858192576756e-03
7.274531731948957920e-03
7.274531731948957920e-03
7.026073942697151110e-03
6.779882999092159794e-03
6.483490081774337908e-03
6.279414498832352684e-03
6.066444991381579090e-03
5.859322739289327814e-03
5.756751934810912762e-03
5.617035039161258694e-03
5.617035039161258694e-03
5.617035039161258694e-03
5.617035039161258694e-03
5.526197285279806776e-03
5.450033195856507189e-03
5.344503398668365261e-03
5.358868350751000431e-03
5.454412245543919027e-03
5.629468658370371560e-03
5.810283539847336393e-03
5.912950197339759267e-03
5.979977185449461378e-03
6.019070723885177991e-03
6.019070723885177991e-03
5.931372888905739674e-03
5.839039362217694068e-03
5.807958151198915585e-03
5.712622632977415807e-03
5.657540900646449746e-03
5.590739155551390296e-03
5.524780188737385932e-03
5.445891176259921168e-03
5.364956949420271286e-03
5.305727753984704198e-03
5.305727753984704198e-03
5.322526910995584691e-03
5.314719912071414788e-03
5.300176319162625341e-03
5.214541123609217968e-03
5.181169232256250048e-03
5.167033207522522299e-03
5.201494876801240203e-03
5.325610529404785354e-03
5.442282274348968565e-03
5.539155788893312254e-03
5.539155788893312254e-03
5.719752928234562821e-03
5.862814912960133754e-03
5.972042253162769716e-03
6.010833194967156283e-03
6.095143136919368987e-03
6.151869328595628052e-03
6.122748413327354020e-03
5.914882462198378307e-03
5.748021155972250600e-03
5.619367339281239500e-03
5.619367339281239500e-03
5.651776112811375541e-03
5.760793510983280158e-03
6.000003889586590436e-03
6.295459181504682589e-03
6.859797341060361320e-03
7.352650154431678020e-03
7.716216331714422123e-03
7.879862604893260111e-03
7.945365766635383020e-03
7.907800786699354517e-03
7.907800786699354517e-03
7.754915003510249628e-03
7.632985186798242790e-03
7.455646349684259648e-03
7.209017877612202384e-03
6.978303838136209677e-03
6.672207354377858099e-03
6.489730317018680382e-03
6.347179044539916562e-03
6.300924201621228675e-03
6.358131296936361289e-03
6.358131296936361289e-03
6.545597761274957356e-03
6.730073447293619289e-03
6.948028064578663787e-03
7.089598081701619335e-03
7.246391280634875177e-03
7.348381332793704236e-03
7.425164794802825707e-03
7.481750589598766196e-03
7.522567848120585883e-03
7.545254967556589906e-03
7.545254967556589906e-03
7.618772675403166772e-03
7.712374381992631242e-03
7.713360416882631548e-03
7.640025175760344588e-03
7.540761949258304765e-03
7.428944739740659178e-03
7.425510781808532593e-03
7.489959233902529316e-03
7.580672252639502305e-03
7.650534776383896042e-03
7.650534776383896042e-03
7.638436777336543408e-03
7.627284437414013664e-03
7.673799996575195008e-03
7.677715408049387569e-03
7.668478686096330196e-03
7.637761425782265204e-03
7.628064091479713066e-03
7.575013819437181536e-03
7.538825774697661790e-03
7.500661170538414600e-03
7.500661170538414600e-03
7.576789477006918780e-03
7.671342856277651480e-03
7.759955623898568897e-03
7.868553410326582093e-03
7.951200076765203850e-03
8.006736990636295626e-03
7.953484950890876704e-03
7.892946368211310043e-03
7.843469235895990724e-03
7.787509333694159729e-03
7.787509333694159729e-03
7.840707317023160039e-03
7.904707059575273934e-03
8.018636134644251470e-03
8.103505816548685001e-03
8.197921582262636050e-03
8.145733291582982205e-03
8.160831084929627902e-03
8.219986044720420382e-03
8.267679693118461931e-03
8.264692469763381538e-03
