8.847799152135848999e-03
8.847799152135848999e-03
1.050077471882104874e-02
9.870701469480991364e-03
9.024790488183498383e-03
8.106087334454059601e-03
7.194850593805313110e-03
6.529434118419885635e-03
6.182775367051362991e-03
5.998715758323669434e-03
6.227624602615833282e-03
6.600907538086175919e-03
6.600907538086175919e-03
7.266423664987087250e-03
8.066432550549507141e-03
8.716770447790622711e-03
9.203288704156875610e-03
9.608225896954536438e-03
1.002172846347093582e-02
1.035768724977970123e-02
1.057925354689359665e-02
1.060434617102146149e-02
1.045980583876371384e-02
1.045980583876371384e-02
1.017823163419961929e-02
1.009943895041942596e-02
1.032992266118526459e-02
1.074183825403451920e-02
1.126285456120967865e-02
1.159381121397018433e-02
1.172223780304193497e-02
1.175286341458559036e-02
1.167452428489923477e-02
1.162625569850206375e-02
1.162625569850206375e-02
1.153908297419548035e-02
1.140153780579566956e-02
1.123537681996822357e-02
1.097067352384328842e-02
1.061268988996744156e-02
1.031927671283483505e-02
1.016780640929937363e-02
1.009582914412021637e-02
1.004125177860260010e-02
1.004561688750982285e-02
1.004561688750982285e-02
1.007208321243524551e-02
1.002530194818973541e-02
9.769735857844352722e-03
9.479179047048091888e-03
9.245318360626697540e-03
8.797185495495796204e-03
8.420458994805812836e-03
8.053294382989406586e-03
7.714970037341117859e-03
7.462101057171821594e-03
7.462101057171821594e-03
7.291683461517095566e-03
7.274260744452476501e-03
7.297234144061803818e-03
7.466275244951248169e-03
7.750594988465309143e-03
8.052691817283630371e-03
8.367659524083137512e-03
8.582408539950847626e-03
8.742290548980236053e-03
8.884337730705738068e-03
8.884337730705738068e-03
8.946199901401996613e-03
8.953174576163291931e-03
8.832086808979511261e-03
8.709278889000415802e-03
8.672591298818588257e-03
8.702163584530353546e-03
8.835730142891407013e-03
8.953267708420753479e-03
8.944643661379814148e-03
8.820606395602226257e-03
8.820606395602226257e-03
8.699639700353145599e-03
8.526445366442203522e-03
8.531787432730197906e-03
8.530237711966037750e-03
8.537966758012771606e-03
8.662219159305095673e-03
8.803371340036392212e-03
8.977549150586128235e-03
9.261175058782100677e-03
9.610150940716266632e-03
9.610150940716266632e-03
9.937277063727378845e-03
1.027560513466596603e-02
1.050699967890977859e-02
1.058765221387147903e-02
1.064903847873210907e-02
1.051895134150981903e-02
1.032307185232639313e-02
1.018102839589118958e-02
1.010295376181602478e-02
1.011640299111604691e-02
1.011640299111604691e-02
1.024613715708255768e-02
1.035028044134378433e-02
1.031632162630558014e-02
1.022408623248338699e-02
1.004977803677320480e-02
9.803105145692825317e-03
9.600330144166946411e-03
9.463449008762836456e-03
9.386110119521617889e-03
8.762267418205738068e-03
8.762267418205738068e-03
8.338340558111667633e-03
8.069802075624465942e-03
7.977093569934368134e-03
7.982606999576091766e-03
8.054922334849834442e-03
8.192342706024646759e-03
8.276055566966533661e-03
8.423229679465293884e-03
8.591922000050544739e-03
8.738616481423377991e-03
8.738616481423377991e-03
8.878974243998527527e-03
9.008001536130905151e-03
9.144527837634086609e-03
9.340391494333744049e-03
9.575625881552696228e-03
9.834767319262027740e-03
1.012909412384033203e-02
1.039005629718303680e-02
1.063618436455726624e-02
1.085128169506788254e-02
1.085128169506788254e-02
1.103366166353225708e-02
1.117843668907880783e-02
1.128856465220451355e-02
1.135999895632266998e-02
1.141001936048269272e-02
1.143256947398185730e-02
1.137774623930454254e-02
1.134589314460754395e-02
1.136081572622060776e-02
1.137829944491386414e-02
1.137829944491386414e-02
1.133915595710277557e-02
1.128284726291894913e-02
1.119326241314411163e-02
1.106282509863376617e-02
1.094315573573112488e-02
1.073600817471742630e-02
1.054748333990573883e-02
1.023425813764333725e-02
9.933878667652606964e-03
9.699180722236633301e-03
9.699180722236633301e-03
9.482312016189098358e-03
9.300786070525646210e-03
9.135086089372634888e-03
8.992896415293216705e-03
8.833426050841808319e-03
8.523178286850452423e-03
8.172852918505668640e-03
7.771728094667196274e-03
7.359340321272611618e-03
6.977094337344169617e-03
6.977094337344169617e-03
6.792787462472915649e-03
6.712969392538070679e-03
6.824693642556667328e-03
6.942158099263906479e-03
7.084945682436227798e-03
7.271831855177879333e-03
7.475828286260366440e-03
7.657950278371572495e-03
7.783756125718355179e-03
7.818016223609447479e-03
7.818016223609447479e-03
7.818964309990406036e-03
7.776800077408552170e-03
7.776202168315649033e-03
7.760967593640089035e-03
7.768410257995128632e-03
7.743224035948514938e-03
7.828601635992527008e-03
7.968821562826633453e-03
8.168298751115798950e-03
8.409754373133182526e-03
8.409754373133182526e-03
8.672098629176616669e-03
8.904673159122467041e-03
9.085684083402156830e-03
9.263292886316776276e-03
9.359982796013355255e-03
9.400907903909683228e-03
9.396820329129695892e-03
9.343004785478115082e-03
9.323315694928169250e-03
9.318574331700801849e-03
9.318574331700801849e-03
9.378537535667419434e-03
9.538087993860244751e-03
9.723925031721591949e-03
1.000373903661966324e-02
1.029248163104057312e-02
1.057860162109136581e-02
1.080872397869825363e-02
1.102945487946271896e-02
1.109050773084163666e-02
1.113684754818677902e-02
1.113684754818677902e-02
1.105804927647113800e-02
1.095410063862800598e-02
1.071002241224050522e-02
1.046644430607557297e-02
1.021496579051017761e-02
9.981783106923103333e-03
9.793135337531566620e-03
9.692313149571418762e-03
9.655358269810676575e-03
9.634145535528659821e-03
9.634145535528659821e-03
9.644129313528537750e-03
9.621653705835342407e-03
9.523157961666584015e-03
9.325390681624412537e-03
9.101103991270065308e-03
8.832951076328754425e-03
8.578623645007610321e-03
8.408054709434509277e-03
8.320922963321208954e-03
8.267738856375217438e-03
8.267738856375217438e-03
8.243131451308727264e-03
8.292003534734249115e-03
8.343327790498733521e-03
8.351686410605907440e-03
8.302796632051467896e-03
8.208554238080978394e-03
8.093210868537425995e-03
8.007119409739971161e-03
7.995638065040111542e-03
8.044737391173839569e-03
8.044737391173839569e-03
8.154350332915782928e-03
8.311421610414981842e-03
8.531952276825904846e-03
8.744578808546066284e-03
8.956157602369785309e-03
9.216109290719032288e-03
9.478003717958927155e-03
9.762248955667018890e-03
1.009018067270517349e-02
1.033603399991989136e-02
1.033603399991989136e-02
1.048830617219209671e-02
1.052533462643623352e-02
1.043210085481405258e-02
1.043210085481405258e-02
1.025049295276403427e-02
1.007357519119977951e-02
9.842083789408206940e-03
9.572368115186691284e-03
9.312217123806476593e-03
9.089448489248752594e-03
9.089448489248752594e-03
8.954125456511974335e-03
8.787529543042182922e-03
8.588373661041259766e-03
8.306258358061313629e-03
8.012440986931324005e-03
7.732847239822149277e-03
7.523620035499334335e-03
7.353348657488822937e-03
7.196051068603992462e-03
7.114883512258529663e-03
