8.654822595417499542e-03
8.654822595417499542e-03
8.886243216693401337e-03
8.390169590711593628e-03
7.875346578657627106e-03
8.107814006507396698e-03
8.603518828749656677e-03
9.180788882076740265e-03
9.714770130813121796e-03
1.000307966023683548e-02
1.007049158215522766e-02
9.976355358958244324e-03
9.976355358958244324e-03
9.951230138540267944e-03
1.021483540534973145e-02
1.048782560974359512e-02
1.079317182302474976e-02
1.098545640707015991e-02
1.112548168748617172e-02
1.104910578578710556e-02
1.083969976752996445e-02
1.052757259458303452e-02
1.025991141796112061e-02
1.025991141796112061e-02
9.971928782761096954e-03
9.740605019032955170e-03
9.631625376641750336e-03
9.660412557423114777e-03
9.798387996852397919e-03
9.958581998944282532e-03
1.008138246834278107e-02
1.006003934890031815e-02
9.921405464410781860e-03
9.689551778137683868e-03
9.689551778137683868e-03
9.465649724006652832e-03
9.244565851986408234e-03
9.217668324708938599e-03
9.383655153214931488e-03
9.675742127001285553e-03
9.925229474902153015e-03
1.006750762462615967e-02
1.010159961879253387e-02
9.976452216506004333e-03
9.738493710756301880e-03
9.738493710756301880e-03
9.622848592698574066e-03
9.634386748075485229e-03
9.823640808463096619e-03
1.005312986671924591e-02
1.020853873342275620e-02
1.019560638815164566e-02
1.005957648158073425e-02
9.892955422401428223e-03
9.760489687323570251e-03
9.706765413284301758e-03
9.706765413284301758e-03
9.746681898832321167e-03
9.700955823063850403e-03
9.602064266800880432e-03
9.494907222688198090e-03
9.463920257985591888e-03
9.574626572430133820e-03
9.743298403918743134e-03
9.953183121979236603e-03
9.983488358557224274e-03
9.986067190766334534e-03
9.986067190766334534e-03
9.935145266354084015e-03
9.835717268288135529e-03
9.814087301492691040e-03
9.810360148549079895e-03
9.802773594856262207e-03
9.731071069836616516e-03
9.482926689088344574e-03
9.187336079776287079e-03
9.004829451441764832e-03
8.880093693733215332e-03
8.880093693733215332e-03
8.865568786859512329e-03
8.859778754413127899e-03
8.840769529342651367e-03
8.807911537587642670e-03
8.747191168367862701e-03
8.705245330929756165e-03
8.750458247959613800e-03
8.738243021070957184e-03
8.718523196876049042e-03
8.585278876125812531e-03
8.585278876125812531e-03
8.342001587152481079e-03
8.069448173046112061e-03
7.821020670235157013e-03
7.700782734900712967e-03
7.757444400340318680e-03
7.841314189136028290e-03
7.893116213381290436e-03
7.874939590692520142e-03
7.664346601814031601e-03
7.479888852685689926e-03
7.479888852685689926e-03
7.438521832227706909e-03
7.544408552348613739e-03
7.744381204247474670e-03
7.828867994248867035e-03
7.692209444940090179e-03
7.437274325639009476e-03
7.098066154867410660e-03
6.803318392485380173e-03
6.564321927726268768e-03
6.496853195130825043e-03
6.496853195130825043e-03
6.534649524837732315e-03
6.528757978230714798e-03
6.426095962524414062e-03
6.270108744502067566e-03
6.132249254733324051e-03
6.244010757654905319e-03
6.497325841337442398e-03
6.805837620049715042e-03
7.108437828719615936e-03
7.318946532905101776e-03
7.318946532905101776e-03
7.427130825817584991e-03
7.462075445801019669e-03
7.477559149265289307e-03
7.467263843864202499e-03
7.462832611054182053e-03
7.435686886310577393e-03
7.310036569833755493e-03
7.138713728636503220e-03
6.900817155838012695e-03
6.674923002719879150e-03
6.674923002719879150e-03
6.746437400579452515e-03
6.939318031072616577e-03
6.993812974542379379e-03
6.863112561404705048e-03
6.576973479241132736e-03
6.416600663214921951e-03
6.407788489013910294e-03
6.546532269567251205e-03
6.806629244238138199e-03
7.030569482594728470e-03
7.030569482594728470e-03
7.258411496877670288e-03
7.494523189961910248e-03
7.678916677832603455e-03
7.848522625863552094e-03
8.030701428651809692e-03
8.224725723266601562e-03
8.254311047494411469e-03
8.046184666454792023e-03
7.653385400772094727e-03
7.220557890832424164e-03
7.220557890832424164e-03
6.615854334086179733e-03
6.054225377738475800e-03
5.854580551385879517e-03
5.884455982595682144e-03
6.068801973015069962e-03
5.991350859403610229e-03
5.618320778012275696e-03
5.036969203501939774e-03
4.521797411143779755e-03
4.254867322742938995e-03
4.254867322742938995e-03
4.350625444203615189e-03
4.624859895557165146e-03
4.930450581014156342e-03
5.201717372983694077e-03
5.437339190393686295e-03
5.680299829691648483e-03
5.908214487135410309e-03
6.098509300500154495e-03
6.225044373422861099e-03
6.280608009546995163e-03
6.280608009546995163e-03
6.340367719531059265e-03
6.381618324667215347e-03
6.427081301808357239e-03
6.502679549157619476e-03
6.642771419137716293e-03
6.890108343213796616e-03
7.090984843671321869e-03
7.248662877827882767e-03
7.317967247217893600e-03
7.337484043091535568e-03
7.337484043091535568e-03
7.200752384960651398e-03
7.038799114525318146e-03
6.864147260785102844e-03
6.715290714055299759e-03
6.522912997752428055e-03
6.299453787505626678e-03
5.953297019004821777e-03
5.625109188258647919e-03
5.281556397676467896e-03
4.995554685592651367e-03
4.995554685592651367e-03
4.642014857381582260e-03
4.300090484321117401e-03
3.964993637055158615e-03
3.745663911104202271e-03
3.680245485156774521e-03
3.699005115777254105e-03
3.752883756533265114e-03
3.784825094044208527e-03
3.780544502660632133e-03
3.787269117310643196e-03
3.787269117310643196e-03
3.800903214141726494e-03
3.874937538057565689e-03
3.990718163549900055e-03
4.219873342663049698e-03
4.225031472742557526e-03
4.071193281561136246e-03
3.840080695226788521e-03
3.710740711539983749e-03
3.761627944186329842e-03
3.893208224326372147e-03
3.893208224326372147e-03
4.076920449733734131e-03
4.334673285484313965e-03
4.702791571617126465e-03
4.947127308696508408e-03
5.147226154804229736e-03
5.282163154333829880e-03
5.467109382152557373e-03
5.677647422999143600e-03
5.904852878302335739e-03
6.081149913370609283e-03
6.081149913370609283e-03
6.283720489591360092e-03
6.578144151717424393e-03
6.956086959689855576e-03
7.328827399760484695e-03
7.654827553778886795e-03
7.843005470931529999e-03
7.937105372548103333e-03
7.961596362292766571e-03
7.969157770276069641e-03
7.835813798010349274e-03
7.835813798010349274e-03
7.632919587194919586e-03
7.494211196899414062e-03
7.328432984650135040e-03
7.234700024127960205e-03
7.209028583019971848e-03
7.204826921224594116e-03
7.205316331237554550e-03
7.199399638921022415e-03
7.268830668181180954e-03
7.268830668181180954e-03
7.268830668181180954e-03
7.370872423052787781e-03
7.477641571313142776e-03
7.527668029069900513e-03
7.486252579838037491e-03
7.364290766417980194e-03
7.168111857026815414e-03
6.961936596781015396e-03
6.766804493963718414e-03
6.651218049228191376e-03
6.565869320183992386e-03
6.565869320183992386e-03
6.511836778372526169e-03
6.514368113130331039e-03
6.538053043186664581e-03
6.641530431807041168e-03
6.731308531016111374e-03
6.809193175286054611e-03
6.869395263493061066e-03
6.855673156678676605e-03
6.817072629928588867e-03
6.694099400192499161e-03
