1.551851712322679412e-02
1.551851712322679412e-02
1.417169701499094991e-02
1.337758432054775119e-02
1.301301312102903611e-02
1.290036789032346885e-02
1.282367491431386092e-02
1.262282236609880287e-02
1.253724477215908961e-02
1.250691212460270686e-02
1.272222457242521733e-02
1.277719786367778956e-02
1.277719786367778956e-02
1.307420740787165574e-02
1.310859256222716290e-02
1.301808819231169666e-02
1.293780211205535456e-02
1.280870834931837308e-02
1.265115399561209976e-02
1.255159840039808510e-02
1.243692174765888801e-02
1.226159760442510106e-02
1.224454320395739100e-02
1.224454320395739100e-02
1.225142394780578091e-02
1.223154398780872641e-02
1.228541721240985693e-02
1.245651138736674109e-02
1.252488094954869007e-02
1.262913084949745038e-02
1.274919630108307771e-02
1.290625092357123964e-02
1.321962817755794987e-02
1.369036402034534521e-02
1.369036402034534521e-02
1.418622441103565765e-02
1.452949780060197246e-02
1.485199175442552567e-02
1.503853192934917829e-02
1.517780977324935908e-02
1.523775237760073911e-02
1.513598773629413509e-02
1.518216688154076614e-02
1.528874141772740107e-02
1.532356082704870899e-02
1.532356082704870899e-02
1.541403189277959496e-02
1.551372470563100112e-02
1.560533641688072529e-02
1.568989645411637476e-02
1.574394686680912966e-02
1.582957350166219052e-02
1.597072377773304033e-02
1.607039744041411505e-02
1.614513346367375465e-02
1.626176176046539509e-02
1.626176176046539509e-02
1.632650571538070070e-02
1.633771173934813956e-02
1.623398044936252144e-02
1.588674991593636357e-02
1.561325333859572492e-02
1.531457850311606847e-02
1.499165481673674083e-02
1.477500388165086005e-02
1.449333622852694292e-02
1.405858326836715265e-02
1.405858326836715265e-02
1.360373532215174153e-02
1.350034909199829790e-02
1.337955152349652559e-02
1.331859016598655257e-02
1.331615313575885973e-02
1.333401906497405122e-02
1.337376484301595891e-02
1.346866955314979415e-02
1.354080921111642556e-02
1.356821061490590986e-02
1.356821061490590986e-02
1.362933698649470247e-02
1.364326875559317663e-02
1.355969891168627532e-02
1.345012411681061754e-02
1.333570717258900952e-02
1.328622492656754937e-02
1.321848282655678844e-02
1.324521042194189667e-02
1.339749529732108327e-02
1.357958681674283248e-02
1.357958681674283248e-02
1.347854052320724208e-02
1.314899530788370130e-02
1.272105818801352699e-02
1.207601591781853716e-02
1.152460308387828064e-02
1.097465233723311090e-02
1.055644375933758282e-02
1.043610798523294560e-02
1.047154669612252766e-02
1.066612692096445547e-02
1.066612692096445547e-02
1.089671360204521808e-02
1.131812080417141445e-02
1.168514677120179729e-02
1.194215877640147569e-02
1.209583159289729162e-02
1.217730902548978811e-02
1.220600142014328579e-02
1.227696989092553342e-02
1.239953113521167875e-02
1.249337065936489272e-02
1.249337065936489272e-02
1.250419353248047837e-02
1.253336144433037785e-02
1.254192886525103828e-02
1.249532891402106195e-02
1.238985167767209065e-02
1.227327090747640237e-02
1.218480999229175701e-02
1.223682436845605938e-02
1.232557944560673698e-02
1.237638645984173204e-02
1.237638645984173204e-02
1.238574701813407661e-02
1.230842367880711705e-02
1.225506539293999553e-02
1.220429225167545505e-02
1.215218820849348069e-02
1.210749101979317725e-02
1.206487466097460465e-02
1.194792240389906321e-02
1.190441733911374624e-02
1.184261439379993147e-02
1.184261439379993147e-02
1.172803813299594898e-02
1.159361753515367362e-02
1.156058145977059866e-02
1.155960608284844170e-02
1.165017928247095817e-02
1.179610137969986164e-02
1.087932961763133158e-02
1.016563352800464205e-02
9.671361545218821326e-03
9.322001247939014704e-03
9.322001247939014704e-03
9.161488313791935761e-03
9.117223270551897546e-03
9.086775583683599777e-03
9.137462354954231647e-03
9.191613258784099572e-03
9.278042520369405785e-03
9.348893159242598755e-03
9.338946376927134349e-03
9.356658092692357598e-03
9.429473098208830673e-03
9.429473098208830673e-03
9.679008184832610384e-03
9.957001390868570195e-03
1.034604064357511934e-02
1.078802021338646014e-02
1.110613976737922712e-02
1.132340360353599473e-02
1.145495013687039022e-02
1.148786911613020045e-02
1.155672896152698526e-02
1.156458928357202015e-02
1.156458928357202015e-02
1.160108395272409568e-02
1.153831931179675509e-02
1.136960607724610099e-02
1.116835657847991409e-02
1.103423199623701327e-02
1.094339318975471632e-02
1.088180569237678919e-02
1.089676870028058638e-02
1.096102979069218247e-02
1.097970491699977631e-02
1.097970491699977631e-02
1.099190122510429815e-02
1.096408294350098567e-02
1.093486907237272918e-02
1.084964907539355712e-02
1.077240947518900462e-02
1.071954367056329564e-02
1.068440922758921025e-02
1.063537994271589529e-02
1.059418442956927553e-02
1.057663485095307679e-02
1.057663485095307679e-02
1.064616792850556909e-02
1.073637462712400369e-02
1.085828096184788920e-02
1.096693982584982102e-02
1.097217319620457515e-02
1.093864000787159001e-02
1.090050115366705645e-02
1.084836657088824458e-02
1.072683884782370950e-02
1.066097047757049755e-02
1.066097047757049755e-02
1.050397563281780730e-02
1.035361069751100996e-02
1.009800004229581723e-02
9.816136787969690844e-03
9.516353011924815267e-03
9.247603168561246631e-03
9.093103380120610285e-03
9.050674201763225790e-03
9.124246078387059783e-03
9.259615372670742042e-03
9.259615372670742042e-03
9.433756038510042116e-03
9.611859703475209016e-03
9.775162315614514125e-03
9.991073488732769153e-03
1.018827279188986093e-02
1.031912707212836143e-02
1.035383042995509373e-02
1.035119916396819162e-02
1.034957825765015285e-02
1.033595448436040558e-02
1.033595448436040558e-02
1.028251371122632617e-02
1.020909348248509943e-02
1.013988315920638823e-02
1.009099725156666245e-02
1.007068603603322211e-02
1.025059865511705921e-02
1.035947802189367273e-02
1.044556414402876381e-02
1.054189129493098703e-02
1.060864081184294087e-02
1.060864081184294087e-02
1.063607296128349367e-02
1.059991184133733493e-02
1.042503290420555839e-02
1.015667415792169403e-02
9.806746119560165453e-03
9.452742816819847960e-03
9.127864445373581187e-03
8.910939080875510815e-03
8.806276565596701453e-03
8.703636266131796126e-03
8.703636266131796126e-03
8.611133846493828140e-03
8.520011758639936539e-03
8.467310853306922111e-03
8.362442137730553837e-03
8.331815021150830447e-03
8.223166939496163660e-03
8.107847721247243844e-03
7.996315328774684927e-03
7.900486096936743322e-03
7.624387229855336852e-03
7.624387229855336852e-03
7.418605413598465363e-03
7.363024042037157740e-03
7.454449358724973482e-03
7.621862621928498366e-03
7.803225092807024657e-03
8.054238029492240269e-03
8.321022289023047649e-03
8.481169924012346012e-03
8.524050928773584113e-03
8.496542593989875672e-03
8.496542593989875672e-03
8.417627811269904128e-03
8.337022567356340216e-03
8.248298098171140749e-03
8.154093555015406308e-03
8.110403032321359534e-03
8.031948230342934522e-03
7.965484811132602164e-03
7.939293675748070392e-03
7.979800991521582287e-03
8.041117110928570552e-03
8.041117110928570552e-03
8.282450838200330553e-03
8.499460189756037620e-03
8.591945838785520345e-03
8.673774737087034184e-03
8.704554151633353207e-03
8.669855252814011662e-03
8.575132435947025941e-03
8.384965647442774173e-03
8.260003804673095654e-03
8.421952360548863245e-03
8.421952360548863245e-03
8.742327637173518198e-03
9.104509588996813341e-03
9.465312214366179352e-03
9.786767998591855075e-03
1.004591174302671766e-02
1.025763295973084084e-02
1.048663881816378797e-02
1.060728778420715578e-02
1.066247697175407884e-02
1.069147329007751231e-02
1.069147329007751231e-02
1.066460217661300419e-02
1.066460217661300419e-02
1.062310211502457379e-02
1.056974825363041562e-02
1.052056029731522971e-02
1.076883209992222576e-02
1.118834490104650588e-02
1.151248925053374034e-02
1.169237697912932882e-02
1.172920090304197839e-02
1.172920090304197839e-02
1.185000488107108320e-02
1.174177265691273876e-02
1.146063873974348390e-02
1.098602506429204907e-02
1.044531534617651122e-02
9.898563093168642052e-03
9.420589645613968582e-03
9.042639179979652594e-03
8.771402595545440412e-03
8.544514305743182089e-03
8.544514305743182089e-03
8.421666626772315867e-03
8.370904656825210732e-03
8.384794214216418143e-03
8.467493946262380500e-03
8.555458457748427864e-03
8.651685383488632447e-03
8.759800762520827608e-03
8.901815989993292627e-03
9.022411549326767380e-03
9.148256422567726046e-03
9.148256422567726046e-03
9.154033826465133097e-03
9.120671972973828576e-03
9.042576055163719165e-03
8.879315160690043340e-03
8.707837102977787277e-03
8.538529102572984392e-03
8.369297342514247368e-03
8.304528698848194848e-03
8.202152550913359083e-03
8.263083729661465857e-03
8.263083729661465857e-03
8.254078726904130400e-03
8.284922004664473788e-03
8.293380810830423139e-03
8.292376809722548300e-03
8.261403372984144067e-03
8.150828299550751110e-03
8.004089528016488861e-03
8.348312890766849265e-03
8.652892250225266424e-03
8.843983989334254850e-03
8.843983989334254850e-03
8.925342438836084830e-03
8.896598349343042694e-03
8.794832856494749079e-03
8.600382230586296750e-03
8.331740666012790730e-03
8.020330714175068904e-03
7.712629723734754777e-03
7.480394878696241222e-03
7.377180379011314196e-03
7.389424623528557251e-03
7.389424623528557251e-03
7.418802631031434953e-03
7.549815075498632171e-03
7.769233730484576862e-03
8.052343416028029735e-03
8.298826298962565240e-03
8.479594831336029551e-03
8.548977485910973922e-03
8.543193673025657048e-03
8.485466503732210994e-03
8.317342419431826214e-03
8.317342419431826214e-03
8.106611422879068246e-03
7.945257747701772733e-03
7.847943293606223988e-03
7.738341042095646556e-03
7.728811885858393078e-03
7.632328318879861608e-03
7.512761378735700532e-03
7.498588000532380171e-03
7.538028106846722878e-03
7.657317972648583493e-03
7.657317972648583493e-03
7.772784820582751518e-03
7.867734642449109028e-03
7.883147889119392765e-03
7.838925738430179910e-03
7.755470693588001688e-03
7.672338744398277295e-03
7.550398058060629920e-03
7.437487417461264780e-03
7.355342346993081794e-03
7.318501971898845951e-03
7.318501971898845951e-03
7.321387294157825215e-03
7.398244810800717365e-03
7.583783406476679763e-03
7.786169490583365500e-03
7.984753702027778607e-03
8.130082212468714778e-03
8.147235260512314045e-03
8.194220672499809635e-03
8.114607994617726097e-03
8.001150347421796469e-03
8.001150347421796469e-03
7.869639672546889161e-03
7.680319824559118588e-03
7.533488851177418989e-03
7.420910666271194646e-03
7.349851955237014615e-03
7.395711850341503933e-03
7.493754325892327921e-03
7.591971051012568611e-03
7.657791026539877664e-03
7.643665013009140648e-03
7.643665013009140648e-03
7.670133804422525105e-03
7.650353386073659515e-03
7.672911944968669427e-03
7.673757613261055453e-03
7.566582020509906789e-03
7.475255044617704590e-03
7.397369624623657478e-03
7.386430216206927614e-03
7.460599034528466941e-03
7.638763010477468522e-03
7.638763010477468522e-03
7.800617215982492449e-03
7.885669657726496196e-03
7.909584571718157944e-03
7.795549028362243685e-03
7.621875846980142449e-03
7.382069887978006013e-03
7.178085161192056078e-03
7.035369411201814437e-03
6.897180385364307456e-03
6.735759560981030743e-03
6.735759560981030743e-03
6.612340452880782760e-03
6.499276760466406004e-03
6.382014623020952626e-03
6.326586612801535572e-03
6.295538888547605981e-03
6.317404660249112749e-03
6.413276832125582722e-03
6.536027448555560559e-03
6.608948435319317825e-03
6.736980489852084295e-03
6.736980489852084295e-03
6.813881061711830021e-03
6.827455626947386003e-03
6.793835807704364134e-03
6.723825499306525927e-03
6.644808486230250819e-03
6.470547388873829076e-03
6.403864073695105137e-03
6.402916984112258514e-03
6.408261702172534692e-03
6.465183459266716885e-03
6.465183459266716885e-03
6.498630405436852525e-03
6.508543225317736138e-03
6.551824549921277281e-03
6.566274388491738327e-03
6.604621377961173399e-03
6.641891264107684968e-03
6.672421675732310813e-03
6.691902129192162617e-03
6.704206808991254943e-03
6.753412992575260135e-03
6.753412992575260135e-03
6.748693609707855437e-03
6.739692124422807379e-03
6.690305101068421550e-03
6.611798169340521100e-03
6.414417130938652664e-03
6.253070725407157415e-03
6.108272046651367325e-03
6.045948407784674725e-03
5.943109688531514161e-03
5.833299136106402313e-03
5.833299136106402313e-03
5.730980636317852678e-03
5.704674366189194275e-03
5.700907674714946957e-03
5.750601168673851078e-03
5.841613289351732519e-03
5.962642474697590900e-03
6.106805663543888978e-03
6.248710836777907583e-03
6.132159330605516795e-03
6.034842891766900239e-03
6.034842891766900239e-03
6.000437444086463741e-03
6.016940997917630610e-03
6.122631685003526031e-03
6.307630808147363967e-03
6.488719203760011031e-03
6.631508867346196968e-03
6.753772807270678157e-03
6.845229548595826302e-03
6.942811508908298436e-03
7.039095630166981518e-03
7.039095630166981518e-03
7.008408333053219377e-03
6.983610891503786930e-03
7.010837703591603180e-03
7.035012154387621820e-03
7.008502656714510684e-03
6.976545602937778492e-03
6.947734190091080578e-03
6.910549665851780168e-03
6.814306483164615097e-03
6.814306483164615097e-03
6.814306483164615097e-03
6.710910736499606580e-03
6.605741878593216453e-03
6.552637286080256751e-03
6.604773912237818685e-03
6.775818998747175533e-03
7.012059963145840166e-03
7.239486525231019105e-03
7.343508913361887318e-03
7.353791032755370612e-03
7.304482038767017536e-03
7.304482038767017536e-03
7.239569362754261043e-03
7.150376903044880147e-03
6.984525231914290831e-03
6.862479161426390806e-03
6.691486356198921882e-03
6.530373017093023952e-03
6.363016477212556782e-03
6.240427950812681840e-03
6.205440331023525866e-03
6.202505715532961525e-03
6.202505715532961525e-03
6.203921097089651684e-03
6.238546282554155616e-03
6.292291614599792270e-03
6.326953445296680349e-03
6.329562946548771170e-03
6.286478476972752819e-03
6.206939679872399557e-03
6.121005040632763322e-03
6.119463861950146140e-03
6.122612657042470277e-03
6.122612657042470277e-03
6.147568672668249183e-03
6.229175648414542535e-03
6.359807696353286105e-03
6.450495238327611652e-03
6.554442587377732124e-03
6.658465388447553333e-03
6.863096936844598379e-03
7.017561809934014239e-03
7.142047996558741237e-03
7.155592933674841116e-03
7.155592933674841116e-03
7.084482904583790271e-03
6.987412319289036319e-03
6.926089836956464928e-03
6.907813791762836345e-03
6.877283135460490575e-03
6.918140035777457959e-03
6.960166539946646691e-03
7.024450363026278100e-03
7.065033694030133787e-03
7.162886443027132594e-03
7.162886443027132594e-03
7.251662877751415687e-03
6.651809086640293744e-03
6.196948954726057626e-03
5.805481177165258515e-03
5.523176272077167520e-03
5.308902495633789978e-03
5.168705311833638773e-03
5.037838984763414255e-03
4.991208063190448116e-03
4.978499823562887970e-03
4.978499823562887970e-03
4.914777946982698369e-03
4.864204647963108093e-03
4.728690831970200001e-03
4.625671899078477936e-03
4.506042234540490361e-03
4.463231465792442607e-03
4.435455966386141723e-03
4.392897288525252943e-03
4.458385302648585485e-03
4.542509010194134729e-03
4.542509010194134729e-03
4.662748430155860997e-03
4.790864843138110257e-03
4.944372333813435057e-03
5.173519138119707199e-03
5.443808292337592135e-03
5.752951511289717233e-03
5.352963928038284754e-03
5.185584386410335180e-03
5.185361555062542246e-03
5.278829778881610757e-03
5.278829778881610757e-03
5.381490044465876352e-03
5.448748295337177243e-03
5.486707245960498885e-03
5.497986396788154262e-03
5.540290421977906409e-03
5.619502955822678995e-03
5.783361252399253291e-03
6.047573157243351684e-03
6.355716943911725661e-03
6.644424454677142627e-03
6.644424454677142627e-03
6.942171666017463855e-03
7.174777695367833864e-03
7.302939898396534728e-03
7.271232718854710869e-03
7.120363252407699989e-03
6.866573608940954900e-03
6.584885773264097242e-03
6.332241454824231834e-03
6.177224499914089548e-03
6.020468060124526191e-03
6.020468060124526191e-03
5.869688466500219172e-03
5.777022328307677632e-03
5.722404870745868150e-03
5.741903906094756975e-03
5.824190375443497394e-03
5.917827503809642078e-03
6.024744546608067249e-03
6.096819505519231359e-03
6.253219569279604324e-03
6.405197317581123352e-03
6.405197317581123352e-03
6.545231004274002472e-03
6.713580862343473780e-03
6.838542679322913431e-03
6.922465391608723789e-03
6.981036405587911706e-03
6.976767625317459309e-03
6.860581724024144602e-03
6.751135300905199317e-03
6.658324326106238554e-03
6.595680774602957763e-03
6.595680774602957763e-03
6.584555562227823941e-03
6.627597218085580673e-03
6.713885644493372030e-03
6.792374345647610688e-03
6.841503298147444748e-03
6.910955296547379410e-03
6.977315811579047448e-03
7.028128406968803081e-03
7.057421357813109357e-03
7.066745547300432549e-03
7.066745547300432549e-03
7.087006634803754562e-03
7.079985449821054114e-03
7.137354737506349661e-03
7.359541735738410993e-03
7.508907272706619868e-03
7.588833321597387299e-03
7.638150206659579007e-03
7.742728303352809822e-03
7.842374755485189211e-03
7.922281023772775183e-03
7.922281023772775183e-03
7.996413724085708885e-03
8.003659373635865076e-03
7.971304132360513411e-03
7.922069838812625595e-03
7.852091535499735112e-03
7.832355813205259254e-03
7.811766708014246559e-03
7.875476506777291316e-03
7.898286965625687939e-03
7.948514602338073790e-03
7.948514602338073790e-03
7.962903343809790008e-03
7.982012221755789214e-03
7.990340500663986253e-03
7.987551000423274983e-03
7.975956718312079280e-03
7.915341354186023609e-03
7.787272867459324455e-03
7.679246264003740559e-03
7.552338293305073391e-03
7.438451195700175253e-03
7.438451195700175253e-03
7.337778616333640036e-03
7.314957523027654576e-03
7.291751458952433311e-03
7.271514012425659215e-03
7.230593128978101206e-03
7.216132889614991150e-03
7.226549965683394007e-03
7.259933121755044079e-03
7.301908395201231299e-03
7.327835764219896991e-03
