4.245735239237546921e-03
4.245735239237546921e-03
4.186315461993217468e-03
4.466805141419172287e-03
5.534505937248468399e-03
6.038535386323928833e-03
6.251496728509664536e-03
6.724548991769552231e-03
7.258358411490917206e-03
7.773658726364374161e-03
8.099985308945178986e-03
8.713927119970321655e-03
8.713927119970321655e-03
9.292391128838062286e-03
9.800484403967857361e-03
1.040645316243171692e-02
1.096417196094989777e-02
1.147014554589986801e-02
1.201486121863126755e-02
1.251000352203845978e-02
1.299485098570585251e-02
1.336203422397375107e-02
1.388048753142356873e-02
1.388048753142356873e-02
1.424189563840627670e-02
1.454613171517848969e-02
1.468731090426445007e-02
1.483111642301082611e-02
1.511075813323259354e-02
1.537861768156290054e-02
1.542345434427261353e-02
1.546144485473632812e-02
1.532862335443496704e-02
1.514853537082672119e-02
1.514853537082672119e-02
1.486787479370832443e-02
1.465983130037784576e-02
1.450815238058567047e-02
1.445096265524625778e-02
1.440806128084659576e-02
1.437547150999307632e-02
1.443362142890691757e-02
1.422869227826595306e-02
1.397239230573177338e-02
1.385403238236904144e-02
1.385403238236904144e-02
1.380727905780076981e-02
1.382374670356512070e-02
1.381414197385311127e-02
1.391505729407072067e-02
1.411842368543148041e-02
1.426406763494014740e-02
1.457061525434255600e-02
1.469727978110313416e-02
1.492521073669195175e-02
1.514039747416973114e-02
1.514039747416973114e-02
1.534751988947391510e-02
1.560625992715358734e-02
1.567380502820014954e-02
1.584786735475063324e-02
1.601873710751533508e-02
1.623333990573883057e-02
1.627844385802745819e-02
1.631814427673816681e-02
1.639289036393165588e-02
1.645387522876262665e-02
1.645387522876262665e-02
1.668174937367439270e-02
1.691115833818912506e-02
1.712648756802082062e-02
1.729707978665828705e-02
1.741458103060722351e-02
1.738985441625118256e-02
1.730095595121383667e-02
1.711307466030120850e-02
1.694730669260025024e-02
1.695434376597404480e-02
1.695434376597404480e-02
1.696995645761489868e-02
1.703938283026218414e-02
1.721198484301567078e-02
1.713806204497814178e-02
1.711435243487358093e-02
1.694327592849731445e-02
1.666066981852054596e-02
1.632388681173324585e-02
1.597664132714271545e-02
1.562623493373394012e-02
1.562623493373394012e-02
1.529261656105518341e-02
1.492089033126831055e-02
1.474806200712919235e-02
1.459311321377754211e-02
1.452854927629232407e-02
1.446785684674978256e-02
1.428811717778444290e-02
1.407054718583822250e-02
1.388866920024156570e-02
1.377424318343400955e-02
1.377424318343400955e-02
1.356711704283952713e-02
1.333320979028940201e-02
1.295585185289382935e-02
1.250168960541486740e-02
1.205868646502494812e-02
1.174092665314674377e-02
1.140236295759677887e-02
1.114236470311880112e-02
1.103676296770572662e-02
1.094013452529907227e-02
1.094013452529907227e-02
1.089641731232404709e-02
1.086707040667533875e-02
1.076402701437473297e-02
1.062519568949937820e-02
1.024983357638120651e-02
9.886616840958595276e-03
9.701655246317386627e-03
9.629871696233749390e-03
9.715870022773742676e-03
9.819603525102138519e-03
9.819603525102138519e-03
1.007050462067127228e-02
1.059469766914844513e-02
1.117442082613706589e-02
1.179732102900743484e-02
1.250030007213354111e-02
1.318535394966602325e-02
1.370644103735685349e-02
1.392316073179244995e-02
1.392264757305383682e-02
1.380514446645975113e-02
1.380514446645975113e-02
1.371386740356683731e-02
1.355374697595834732e-02
1.350718736648559570e-02
1.344448886811733246e-02
1.438146084547042847e-02
1.502441614866256714e-02
1.560603734105825424e-02
1.609499193727970123e-02
1.647504791617393494e-02
1.678726077079772949e-02
1.678726077079772949e-02
1.704454235732555389e-02
1.732705160975456238e-02
1.762655749917030334e-02
1.823643036186695099e-02
1.877423189580440521e-02
1.925701275467872620e-02
1.964033581316471100e-02
1.996316760778427124e-02
2.021290361881256104e-02
2.052173018455505371e-02
2.052173018455505371e-02
2.082549780607223511e-02
2.109404653310775757e-02
2.133641764521598816e-02
2.157044596970081329e-02
2.179462276399135590e-02
2.200248837471008301e-02
2.215195447206497192e-02
2.235575951635837555e-02
2.253820560872554779e-02
2.270410209894180298e-02
2.270410209894180298e-02
2.271361276507377625e-02
2.274834550917148590e-02
2.276026457548141479e-02
2.270555496215820312e-02
2.260090224444866180e-02
2.239033766090869904e-02
2.209693565964698792e-02
2.183171734213829041e-02
2.154609002172946930e-02
2.134028077125549316e-02
2.134028077125549316e-02
2.114319056272506714e-02
2.100956812500953674e-02
2.083023637533187866e-02
2.074215374886989594e-02
2.075996808707714081e-02
2.083267271518707275e-02
2.096736058592796326e-02
2.111455239355564117e-02
2.111455239355564117e-02
2.111455239355564117e-02
2.111455239355564117e-02
2.129141055047512054e-02
2.146775834262371063e-02
2.150329761207103729e-02
2.150331251323223114e-02
2.137160487473011017e-02
2.114883996546268463e-02
2.086298912763595581e-02
2.063183113932609558e-02
2.041125483810901642e-02
2.017202973365783691e-02
2.017202973365783691e-02
1.994171179831027985e-02
1.964073441922664642e-02
1.930196955800056458e-02
1.903022080659866333e-02
1.872730627655982971e-02
1.842711307108402252e-02
1.813717745244503021e-02
1.780191063880920410e-02
1.756271347403526306e-02
1.748395152390003204e-02
1.748395152390003204e-02
1.742170192301273346e-02
1.736296340823173523e-02
1.743242703378200531e-02
1.743629202246665955e-02
1.749329455196857452e-02
1.747093535959720612e-02
1.745312847197055817e-02
1.749260909855365753e-02
1.747202314436435699e-02
1.742152683436870575e-02
1.742152683436870575e-02
1.742082461714744568e-02
1.737530715763568878e-02
1.739922910928726196e-02
1.749286986887454987e-02
1.757782697677612305e-02
1.773426868021488190e-02
1.781545579433441162e-02
1.793706975877285004e-02
1.799597032368183136e-02
1.806447841227054596e-02
1.806447841227054596e-02
1.798455230891704559e-02
1.771649718284606934e-02
1.731331087648868561e-02
1.687172986567020416e-02
1.642153225839138031e-02
1.612792536616325378e-02
1.611284539103507996e-02
1.618589274585247040e-02
1.629046164453029633e-02
1.654875278472900391e-02
1.654875278472900391e-02
1.681107841432094574e-02
1.709763333201408386e-02
1.734878867864608765e-02
1.751710288226604462e-02
1.751531474292278290e-02
1.748112030327320099e-02
1.745920814573764801e-02
1.737606711685657501e-02
1.725363358855247498e-02
1.688531041145324707e-02
1.688531041145324707e-02
1.669058576226234436e-02
1.664246618747711182e-02
1.677769050002098083e-02
1.718893833458423615e-02
1.773254387080669403e-02
1.842953637242317200e-02
1.910469867289066315e-02
1.971692219376564026e-02
2.015190012753009796e-02
2.042132988572120667e-02
2.042132988572120667e-02
2.062735892832279205e-02
2.060370147228240967e-02
2.046317793428897858e-02
2.026810497045516968e-02
2.018661238253116608e-02
2.013270184397697449e-02
2.020706981420516968e-02
2.038162574172019958e-02
2.064721100032329559e-02
2.095244266092777252e-02
2.095244266092777252e-02
2.117682434618473053e-02
2.133227325975894928e-02
2.138804458081722260e-02
2.135251276195049286e-02
2.129198238253593445e-02
2.127746492624282837e-02
2.129961736500263214e-02
2.129961736500263214e-02
2.127635851502418518e-02
2.128994278609752655e-02
2.128994278609752655e-02
2.131204679608345032e-02
2.149962261319160461e-02
2.176682837307453156e-02
2.220273017883300781e-02
2.274440787732601166e-02
2.329752594232559204e-02
2.329752594232559204e-02
2.383556962013244629e-02
2.427865192294120789e-02
2.458798699080944061e-02
2.458798699080944061e-02
2.466820925474166870e-02
2.459488809108734131e-02
2.446878701448440552e-02
2.454108744859695435e-02
2.460745535790920258e-02
2.471356093883514404e-02
2.481311187148094177e-02
2.491738833487033844e-02
2.502021193504333496e-02
2.511927299201488495e-02
2.511927299201488495e-02
2.520239911973476410e-02
2.525071799755096436e-02
2.534337341785430908e-02
2.535501122474670410e-02
2.569255046546459198e-02
2.601112797856330872e-02
2.628723159432411194e-02
2.649572305381298065e-02
2.653888426721096039e-02
2.651189081370830536e-02
2.651189081370830536e-02
2.646507509052753448e-02
2.645585499703884125e-02
2.645058557391166687e-02
2.648660168051719666e-02
2.649500407278537750e-02
2.642461657524108887e-02
2.629027329385280609e-02
2.623621933162212372e-02
2.619536034762859344e-02
2.620388567447662354e-02
2.620388567447662354e-02
2.635438740253448486e-02
2.662640437483787537e-02
2.693895809352397919e-02
2.723425254225730896e-02
2.759691700339317322e-02
2.788960374891757965e-02
2.803736366331577301e-02
2.807346917688846588e-02
2.777337096631526947e-02
2.739848382771015167e-02
2.739848382771015167e-02
2.717692777514457703e-02
2.687749825417995453e-02
2.659223228693008423e-02
2.643036097288131714e-02
2.629023231565952301e-02
2.619706280529499054e-02
2.622812986373901367e-02
2.621174789965152740e-02
2.617783285677433014e-02
2.621710486710071564e-02
2.621710486710071564e-02
2.640704065561294556e-02
2.665928006172180176e-02
2.692914940416812897e-02
2.713135816156864166e-02
2.734610438346862793e-02
2.766211703419685364e-02
2.790870517492294312e-02
2.821441926062107086e-02
2.850292809307575226e-02
2.878203056752681732e-02
2.878203056752681732e-02
2.912291325628757477e-02
2.944846265017986298e-02
3.027270361781120300e-02
3.102284111082553864e-02
3.173681348562240601e-02
3.213417530059814453e-02
3.251698613166809082e-02
3.286585211753845215e-02
3.321198746562004089e-02
3.357471153140068054e-02
3.357471153140068054e-02
3.393822163343429565e-02
3.421051055192947388e-02
3.443470597267150879e-02
3.437655419111251831e-02
3.425031900405883789e-02
3.417621552944183350e-02
3.399873897433280945e-02
3.387375921010971069e-02
3.368877619504928589e-02
3.354786708950996399e-02
3.354786708950996399e-02
3.333604335784912109e-02
3.313529491424560547e-02
3.293791413307189941e-02
3.285573422908782959e-02
3.279748558998107910e-02
3.284510970115661621e-02
3.281668201088905334e-02
3.279616683721542358e-02
3.277022764086723328e-02
3.264363110065460205e-02
3.264363110065460205e-02
3.251964598894119263e-02
3.243109956383705139e-02
3.244839981198310852e-02
3.238400444388389587e-02
3.233625367283821106e-02
3.213644772768020630e-02
3.292361646890640259e-02
3.357326239347457886e-02
3.401511907577514648e-02
3.425090759992599487e-02
3.425090759992599487e-02
3.435875102877616882e-02
3.434555605053901672e-02
3.420537337660789490e-02
3.393170610070228577e-02
3.375698253512382507e-02
3.341223299503326416e-02
3.303961828351020813e-02
3.263169527053833008e-02
3.222751617431640625e-02
3.187568113207817078e-02
3.187568113207817078e-02
3.162347525358200073e-02
3.151314705610275269e-02
3.184485062956809998e-02
3.224416449666023254e-02
3.264488279819488525e-02
3.308668732643127441e-02
3.351411595940589905e-02
3.395755961537361145e-02
3.431691229343414307e-02
3.467522189021110535e-02
