1.878372911518788602e-02
1.878372911518788602e-02
1.777564000539982869e-02
1.738561656398374122e-02
1.685067815945366643e-02
1.636872535646149984e-02
1.607667170193904579e-02
1.565023779491676870e-02
1.518112354567214065e-02
1.483849530562583556e-02
1.457844871154781105e-02
1.443483032034868774e-02
1.443483032034868774e-02
1.428034401094670051e-02
1.406484706850283199e-02
1.373773881687457947e-02
1.345218720894726487e-02
1.315062198512871768e-02
1.277726212510298630e-02
1.243628144238819420e-02
1.216182928433162495e-02
1.198877936784056158e-02
1.183631936326142407e-02
1.183631936326142407e-02
1.181732143901321509e-02
1.182601239517627745e-02
1.172681118119151163e-02
1.161558761129706345e-02
1.155091284320255984e-02
1.151996395177888773e-02
1.137856954913659367e-02
1.139333038655897246e-02
1.136492007359329696e-02
1.134209353437893968e-02
1.134209353437893968e-02
1.127342249557129750e-02
1.135802148875645484e-02
1.151835705402204368e-02
1.160415193910559195e-02
1.159654775616532699e-02
1.155814277127704959e-02
1.165983873644537219e-02
1.171863919656269439e-02
1.162800407868817658e-02
1.142415216096573198e-02
1.142415216096573198e-02
1.115062825265098791e-02
1.095365624650221706e-02
1.073752557905591383e-02
1.070990495957484419e-02
1.065981292847618771e-02
1.062464595461834471e-02
1.077836854918939533e-02
1.081691153314751422e-02
1.100825346758247357e-02
1.112808983008688017e-02
1.112808983008688017e-02
1.116993731959523353e-02
1.124353904443775934e-02
1.135170418020615968e-02
1.151745676069769984e-02
1.174166556341157616e-02
1.190890669520456961e-02
1.200094214479766053e-02
1.195171717791118464e-02
1.187213861759512865e-02
1.183589507240341912e-02
1.183589507240341912e-02
1.176360566691394410e-02
1.168562007367413176e-02
1.158830237013622200e-02
1.141198597118264595e-02
1.129282035154840352e-02
1.111554556574276438e-02
1.107118753378326902e-02
1.101946668847171400e-02
1.093333475569028233e-02
1.080521816329852759e-02
1.080521816329852759e-02
1.076302125969549189e-02
1.075229000769656502e-02
1.081734850112209094e-02
1.084207142123089392e-02
1.086010045451445832e-02
1.085230769248564202e-02
1.078796560276617036e-02
1.071643889557722523e-02
1.061461944609426965e-02
1.049452268054508301e-02
1.049452268054508301e-02
1.032835127184829858e-02
1.011794248820649736e-02
9.965222546352644692e-03
9.896099293777160799e-03
9.736044195724252032e-03
9.663058709944237490e-03
9.727965197435038680e-03
9.619273995733654617e-03
9.527739775349965134e-03
9.443410374665672791e-03
9.443410374665672791e-03
9.394908362813184435e-03
9.339890210395931577e-03
9.315129525612976871e-03
9.296284275968019414e-03
9.220664454967629486e-03
9.228040245979361733e-03
9.248283560053730326e-03
9.266383789132715335e-03
9.176607458232319964e-03
9.003653226513851429e-03
9.003653226513851429e-03
8.776810399235323093e-03
8.616312877547160909e-03
8.380560315869410928e-03
8.041322535829701842e-03
7.809040544485008027e-03
7.679115722199346579e-03
7.579925218091229482e-03
7.170929837907022777e-03
6.869771480093698514e-03
6.601688345408826195e-03
6.601688345408826195e-03
6.478906005521723258e-03
6.390272145485816763e-03
6.396663892824779735e-03
6.074733047905833509e-03
5.779220292766125422e-03
5.478695767646094700e-03
5.193061069702760608e-03
4.902880826703139190e-03
4.691038440456184351e-03
4.563782802519509782e-03
4.563782802519509782e-03
4.555223773430365497e-03
4.677921844936914521e-03
4.781844653392195756e-03
5.011373519976987205e-03
5.127473357607102364e-03
5.204165913328092155e-03
5.322215842813038042e-03
5.422463676743850824e-03
5.472932979949043583e-03
5.629615661580225638e-03
5.629615661580225638e-03
5.790574804934016731e-03
5.955248032237747853e-03
6.199220517838319178e-03
6.461560482414801555e-03
6.633652014492330377e-03
6.847928259025225402e-03
7.132006510569137078e-03
7.315635278865364848e-03
7.270958149990671034e-03
7.248436737162231025e-03
7.248436737162231025e-03
7.190112450684293943e-03
7.155038947563416470e-03
7.072561209136540329e-03
6.892705371370414294e-03
6.688032924788651044e-03
6.612667304443484335e-03
6.433803310911115521e-03
6.325836040368999422e-03
6.264758177814820639e-03
6.107381170578889823e-03
6.107381170578889823e-03
6.030935798863695102e-03
6.017422079505920646e-03
5.942262112879829854e-03
6.021417705865548566e-03
6.069492104331156677e-03
6.058914123424327496e-03
6.228124572591471446e-03
6.641599068097690448e-03
7.031708901718940197e-03
7.460107994158452285e-03
7.460107994158452285e-03
7.889693829100433847e-03
8.447473634239312593e-03
8.844997121142545923e-03
9.072887484781095441e-03
9.262582486716559524e-03
9.321624348269693175e-03
9.117453621215729220e-03
8.826585582284890083e-03
8.491999792859070140e-03
8.284779718130099585e-03
8.284779718130099585e-03
8.201333629425452618e-03
8.184334008006071207e-03
8.240478385978506834e-03
8.297875192844691300e-03
8.417046139786712663e-03
8.784773369321385167e-03
9.160724915933273968e-03
9.714449405022028070e-03
1.039292740159337113e-02
1.097005505817624273e-02
1.097005505817624273e-02
1.144973110064998259e-02
1.193921111983944038e-02
1.221092785528830882e-02
1.247068610680943448e-02
1.257287618587753751e-02
1.249001887662496736e-02
1.232884782233501994e-02
1.206347577280553543e-02
1.201935171571487729e-02
1.175720243688976006e-02
1.175720243688976006e-02
1.146480002553105018e-02
1.110396007677388365e-02
1.085157324167018017e-02
1.053265318697233638e-02
1.008439342409433483e-02
9.795717097818958455e-03
9.537177800748815326e-03
9.487810066079864837e-03
9.555586557451688570e-03
9.678034262989704956e-03
9.678034262989704956e-03
9.721600006039899863e-03
9.745281805144136861e-03
9.905122520459904920e-03
1.002462231386731448e-02
1.021333127988081901e-02
1.035375005408100020e-02
1.053281423917942772e-02
1.060417908961478958e-02
1.073631462084635203e-02
1.082203521385303492e-02
1.082203521385303492e-02
1.080222611012408677e-02
1.070975253254067595e-02
1.211735277360483781e-02
1.334044039117785602e-02
1.437489667739740538e-02
1.518487797915999554e-02
1.585416172758913333e-02
1.637862203100563449e-02
1.673949406342050555e-02
1.703631959734908455e-02
1.703631959734908455e-02
1.729634729644794963e-02
1.742893988879596484e-02
1.743158314476919366e-02
1.748960340711615616e-02
1.750583525795043616e-02
1.746295485141558315e-02
1.740134079229890482e-02
1.726338574403287265e-02
1.705981682784991557e-02
1.692220827707869787e-02
1.692220827707869787e-02
1.679481864610535627e-02
1.669404826231097108e-02
1.662110351752429591e-02
1.658563583365529892e-02
1.655681786157045879e-02
1.663141624663563162e-02
1.677469634666640605e-02
1.688855282938951652e-02
1.699005985018656878e-02
1.696387255695933072e-02
1.696387255695933072e-02
1.701812104858758598e-02
1.721055263856311260e-02
1.734515044241550022e-02
1.750929384380890685e-02
1.764080658747564992e-02
1.773648514796274250e-02
1.775120878528295421e-02
1.774242158518567550e-02
1.765325315567015801e-02
1.762816438644223063e-02
1.762816438644223063e-02
1.760087231797231866e-02
1.745728484431102734e-02
1.728321769157247639e-02
1.708309210061911831e-02
1.687816131505380859e-02
1.692862187029281484e-02
1.693846385035049223e-02
1.691158293847448701e-02
1.678128686428809191e-02
1.655226655258980675e-02
1.655226655258980675e-02
1.646565499100492019e-02
1.646674309256881616e-02
1.650743939010229297e-02
1.633979158022601935e-02
1.615330124370541534e-02
1.597730264145875295e-02
1.580848509619548967e-02
1.564446007766530367e-02
1.551646860769311138e-02
1.537186567224554413e-02
1.537186567224554413e-02
1.527918302790101136e-02
1.516452557122893730e-02
1.494642045387761797e-02
1.474032515961485289e-02
1.445278233474517164e-02
1.400795101814063769e-02
1.349266889625115248e-02
1.300120163886715231e-02
1.245903866019513161e-02
1.200542094911105466e-02
1.200542094911105466e-02
1.163484725214438027e-02
1.132227502430638993e-02
1.038892910745122661e-02
9.551734037644241115e-03
8.867859439435354929e-03
8.349940947404385985e-03
8.071444422653150860e-03
7.876972682541989387e-03
7.753361687515706972e-03
7.432691502332017079e-03
7.432691502332017079e-03
7.328637363829449899e-03
7.293666620117054793e-03
7.415205562942987598e-03
7.602906623447224822e-03
7.847366572905628904e-03
8.155780580073032637e-03
8.403724987783302638e-03
8.620402451052970247e-03
8.857031050145222628e-03
9.048612289628304994e-03
9.048612289628304994e-03
9.193941211639501676e-03
9.189745739512531972e-03
9.192934953306827403e-03
9.110221925661058165e-03
8.838784264430585638e-03
8.565321817778489763e-03
8.206376106234591905e-03
7.883807099403635985e-03
7.626694809798894442e-03
7.597132553367161485e-03
7.597132553367161485e-03
7.669759778356963903e-03
7.844199396613297376e-03
8.065329599193428803e-03
8.319966777931829885e-03
8.566515339474166033e-03
8.815924958962481628e-03
9.053752530546022026e-03
9.271529665357448532e-03
9.512034681832617217e-03
9.686893731862298434e-03
9.686893731862298434e-03
9.843423711541352331e-03
9.904498246586344520e-03
9.989087652395360617e-03
9.917067894048300566e-03
9.818999601769006283e-03
9.715396847938368233e-03
9.477564892471914901e-03
9.302268732404370480e-03
9.235087927970250452e-03
9.200925403576396683e-03
9.200925403576396683e-03
9.111471001485130922e-03
9.010955527183058672e-03
9.110246780959568511e-03
9.505441496132993953e-03
9.909661489522761033e-03
1.017518432556401876e-02
1.047708879055405523e-02
1.078616158748948138e-02
1.107281093203045866e-02
1.129332474759464806e-02
1.129332474759464806e-02
1.142405212840219564e-02
1.149495851151480404e-02
1.148607364677481368e-02
1.138410575753577569e-02
1.120454361057282924e-02
1.100580372261964271e-02
1.076199006974826525e-02
1.053338376336988499e-02
1.032819895456779137e-02
1.016592950719840717e-02
1.016592950719840717e-02
1.004476521964947286e-02
9.991738713569162100e-03
9.996048549545347162e-03
1.000801565427691942e-02
1.000596005023779780e-02
9.951835942433593860e-03
9.901815756003953459e-03
9.895170349009605945e-03
9.965964007380194445e-03
9.973753113990626099e-03
9.973753113990626099e-03
9.940805488353198632e-03
9.968084152775018650e-03
1.010575192286401747e-02
1.021661251660204751e-02
1.033304665517125950e-02
1.037282988109717620e-02
1.043158799826928232e-02
1.050239099031050234e-02
1.052164670991586996e-02
1.049028149743976880e-02
1.049028149743976880e-02
1.046962254936160096e-02
1.042765022091265113e-02
1.037043104200966945e-02
1.033735381333023180e-02
1.024497259791287175e-02
1.018044560324329710e-02
1.013042182781720077e-02
1.028160624397616955e-02
1.049941357064352980e-02
1.063912816885117900e-02
1.063912816885117900e-02
1.077027415045021287e-02
1.099967794643896997e-02
1.112719730660920864e-02
1.123509727006532198e-02
1.276998976476566468e-02
1.402550391211998537e-02
1.507088338590288623e-02
1.586319228907330167e-02
1.635627848446353713e-02
1.675720094271140534e-02
