2.186427265405654907e-02
2.186427265405654907e-02
2.217101305723190308e-02
2.147285453975200653e-02
2.073981054127216339e-02
2.020586840808391571e-02
1.993376202881336212e-02
1.984840817749500275e-02
2.018034085631370544e-02
2.073423005640506744e-02
2.135316468775272369e-02
2.222143299877643585e-02
2.222143299877643585e-02
2.298132143914699554e-02
2.366201393306255341e-02
2.442332729697227478e-02
2.513478882610797882e-02
2.589435130357742310e-02
2.661461941897869110e-02
2.745084092020988464e-02
2.833926118910312653e-02
2.913914434611797333e-02
2.984255552291870117e-02
2.984255552291870117e-02
3.059342503547668457e-02
3.114463761448860168e-02
3.160911053419113159e-02
3.202982246875762939e-02
3.252222388982772827e-02
3.264531493186950684e-02
3.286020457744598389e-02
3.313473612070083618e-02
3.364478796720504761e-02
3.431079164147377014e-02
3.431079164147377014e-02
3.490099310874938965e-02
3.548566251993179321e-02
3.602689132094383240e-02
3.642296418547630310e-02
3.670291602611541748e-02
3.699961677193641663e-02
3.727130591869354248e-02
3.763007372617721558e-02
3.819451108574867249e-02
3.890238702297210693e-02
3.890238702297210693e-02
3.961936011910438538e-02
4.033700749278068542e-02
4.108712449669837952e-02
4.198298603296279907e-02
4.291692748665809631e-02
4.377007856965065002e-02
4.454248398542404175e-02
4.520078375935554504e-02
4.580131545662879944e-02
4.637056961655616760e-02
4.637056961655616760e-02
4.691975191235542297e-02
4.738935828208923340e-02
4.792367666959762573e-02
4.836777970194816589e-02
4.889792576432228088e-02
4.934318736195564270e-02
4.973625019192695618e-02
5.009888857603073120e-02
5.050098896026611328e-02
5.087735131382942200e-02
5.087735131382942200e-02
5.134447291493415833e-02
5.175099521875381470e-02
5.212541669607162476e-02
5.246471241116523743e-02
5.265345051884651184e-02
5.265768244862556458e-02
5.256207287311553955e-02
5.258054658770561218e-02
5.284811183810234070e-02
5.311657488346099854e-02
5.311657488346099854e-02
5.337214842438697815e-02
5.343425646424293518e-02
5.319549888372421265e-02
5.277496576309204102e-02
5.195219814777374268e-02
5.101730301976203918e-02
5.035681650042533875e-02
4.995144158601760864e-02
4.965697973966598511e-02
4.930051043629646301e-02
4.930051043629646301e-02
4.868578910827636719e-02
4.798031225800514221e-02
4.712355136871337891e-02
4.625673219561576843e-02
4.546117037534713745e-02
4.488102346658706665e-02
4.441659897565841675e-02
4.389014095067977905e-02
4.345867782831192017e-02
4.321486502885818481e-02
4.321486502885818481e-02
4.315623641014099121e-02
4.318520426750183105e-02
4.325509443879127502e-02
4.322563856840133667e-02
4.319680109620094299e-02
4.315268248319625854e-02
4.317210242152214050e-02
4.337184876203536987e-02
4.378208518028259277e-02
4.428258538246154785e-02
4.428258538246154785e-02
4.482045769691467285e-02
4.531181976199150085e-02
4.560083523392677307e-02
4.570339247584342957e-02
4.559243470430374146e-02
4.539415240287780762e-02
4.527688398957252502e-02
4.509582370519638062e-02
4.501327499747276306e-02
4.488646611571311951e-02
4.488646611571311951e-02
4.480934143066406250e-02
4.473875835537910461e-02
4.468717798590660095e-02
4.467656835913658142e-02
4.443755745887756348e-02
4.405590519309043884e-02
4.365415871143341064e-02
4.328960552811622620e-02
4.312719404697418213e-02
4.307039827108383179e-02
4.307039827108383179e-02
4.305438324809074402e-02
4.306619986891746521e-02
4.293335229158401489e-02
4.267424717545509338e-02
4.240835085511207581e-02
4.220781847834587097e-02
4.201921448111534119e-02
4.190413281321525574e-02
4.175141081213951111e-02
4.157279431819915771e-02
4.157279431819915771e-02
4.120241478085517883e-02
4.083359986543655396e-02
4.037509486079216003e-02
3.977879881858825684e-02
3.913982585072517395e-02
3.854433447122573853e-02
3.798890113830566406e-02
3.741534426808357239e-02
3.672881796956062317e-02
3.598891198635101318e-02
3.598891198635101318e-02
3.530663624405860901e-02
3.469932451844215393e-02
3.416188061237335205e-02
3.366804122924804688e-02
3.330560028553009033e-02
3.298724070191383362e-02
3.275595232844352722e-02
3.243399411439895630e-02
3.209176659584045410e-02
3.184361010789871216e-02
3.184361010789871216e-02
3.160540387034416199e-02
3.150068223476409912e-02
3.127510473132133484e-02
3.104688599705696106e-02
3.080905601382255554e-02
3.057831525802612305e-02
3.034707158803939819e-02
3.015990182757377625e-02
2.998411655426025391e-02
2.982392162084579468e-02
2.982392162084579468e-02
2.971482835710048676e-02
2.952223084867000580e-02
2.952223084867000580e-02
2.952223084867000580e-02
2.952223084867000580e-02
2.911585755646228790e-02
2.863546460866928101e-02
2.804906666278839111e-02
2.753665857017040253e-02
2.707607671618461609e-02
2.707607671618461609e-02
2.675965800881385803e-02
2.653849683701992035e-02
2.629781328141689301e-02
2.613091841340065002e-02
2.582615055143833160e-02
2.549925073981285095e-02
2.521093562245368958e-02
2.501569874584674835e-02
2.471015788614749908e-02
2.436139434576034546e-02
2.436139434576034546e-02
2.402497641742229462e-02
2.397093176841735840e-02
2.407763525843620300e-02
2.426559291779994965e-02
2.441971562802791595e-02
2.460981160402297974e-02
2.461664378643035889e-02
2.476338110864162445e-02
2.487155795097351074e-02
2.475210465490818024e-02
2.475210465490818024e-02
2.455736696720123291e-02
2.428715862333774567e-02
2.416442893445491791e-02
2.421521209180355072e-02
2.413414046168327332e-02
2.389803715050220490e-02
2.370318025350570679e-02
2.351881936192512512e-02
2.334756217896938324e-02
2.321376465260982513e-02
2.321376465260982513e-02
2.310939505696296692e-02
2.306799404323101044e-02
2.310418710112571716e-02
2.307983860373497009e-02
2.300589717924594879e-02
2.299292385578155518e-02
2.296046912670135498e-02
2.290601469576358795e-02
2.297600358724594116e-02
2.306158468127250671e-02
2.306158468127250671e-02
2.311587892472743988e-02
2.322869561612606049e-02
2.332345768809318542e-02
2.339373715221881866e-02
2.340532280504703522e-02
2.342359349131584167e-02
2.358840219676494598e-02
2.384509705007076263e-02
2.427620999515056610e-02
2.447350323200225830e-02
2.447350323200225830e-02
2.454220131039619446e-02
2.451927959918975830e-02
2.432001940906047821e-02
2.396438084542751312e-02
2.374527417123317719e-02
2.360218577086925507e-02
2.351045608520507812e-02
2.336353622376918793e-02
2.308345399796962738e-02
2.272127009928226471e-02
2.272127009928226471e-02
2.222758531570434570e-02
2.169982530176639557e-02
2.127521485090255737e-02
2.097525075078010559e-02
2.083048596978187561e-02
2.083342708647251129e-02
2.088851295411586761e-02
2.087804302573204041e-02
2.086265943944454193e-02
2.075105533003807068e-02
2.075105533003807068e-02
2.074542827904224396e-02
2.079682797193527222e-02
2.102021314203739166e-02
2.134152129292488098e-02
2.168358303606510162e-02
2.182929590344429016e-02
2.183475717902183533e-02
2.139864116907119751e-02
2.092731930315494537e-02
2.053022943437099457e-02
2.053022943437099457e-02
2.007923088967800140e-02
1.957204379141330719e-02
1.919148862361907959e-02
1.892360299825668335e-02
1.871682517230510712e-02
1.848275586962699890e-02
1.847345754504203796e-02
1.863238960504531860e-02
1.885447464883327484e-02
1.932335644960403442e-02
1.932335644960403442e-02
1.975502632558345795e-02
2.021883614361286163e-02
2.076229080557823181e-02
2.117754332721233368e-02
2.120128273963928223e-02
2.110615931451320648e-02
2.079520188271999359e-02
2.045532874763011932e-02
2.008126676082611084e-02
1.974934153258800507e-02
1.974934153258800507e-02
1.945080421864986420e-02
1.925028674304485321e-02
1.917276531457901001e-02
1.918201148509979248e-02
1.930940151214599609e-02
1.952384226024150848e-02
1.975158974528312683e-02
2.001963555812835693e-02
2.030060626566410065e-02
2.066051028668880463e-02
2.066051028668880463e-02
2.102822996675968170e-02
2.132217772305011749e-02
2.153917215764522552e-02
2.184425108134746552e-02
2.188169024884700775e-02
2.167212218046188354e-02
2.130447886884212494e-02
2.084835618734359741e-02
2.030260860919952393e-02
1.987609639763832092e-02
1.987609639763832092e-02
1.948881521821022034e-02
1.932646334171295166e-02
1.911900937557220459e-02
1.890110597014427185e-02
1.890681870281696320e-02
1.900929026305675507e-02
1.918396726250648499e-02
1.935839839279651642e-02
1.961111836135387421e-02
1.983591169118881226e-02
1.983591169118881226e-02
1.995365507900714874e-02
1.989256404340267181e-02
1.963255368173122406e-02
1.929624192416667938e-02
1.891231164336204529e-02
1.846254244446754456e-02
1.822839118540287018e-02
1.813213899731636047e-02
1.804338395595550537e-02
1.800166442990303040e-02
1.800166442990303040e-02
1.804077811539173126e-02
1.817648112773895264e-02
1.823536865413188934e-02
1.826663129031658173e-02
1.839255355298519135e-02
1.851090416312217712e-02
1.854467950761318207e-02
1.847393997013568878e-02
1.838527992367744446e-02
1.822346262633800507e-02
1.822346262633800507e-02
1.803351938724517822e-02
1.789767295122146606e-02
1.777092181146144867e-02
1.769560761749744415e-02
1.770528219640254974e-02
1.769526489078998566e-02
1.768535561859607697e-02
1.768086105585098267e-02
1.781018823385238647e-02
1.795096509158611298e-02
1.795096509158611298e-02
1.803478226065635681e-02
1.815513893961906433e-02
1.829370670020580292e-02
1.822767220437526703e-02
1.817928813397884369e-02
1.818176358938217163e-02
1.831468380987644196e-02
1.843668147921562195e-02
1.862057112157344818e-02
1.876491867005825043e-02
1.876491867005825043e-02
1.896612904965877533e-02
1.907238364219665527e-02
1.913552917540073395e-02
1.918292045593261719e-02
1.922213658690452576e-02
1.940298639237880707e-02
1.942086592316627502e-02
2.012372389435768127e-02
2.061841823160648346e-02
2.100684680044651031e-02
2.100684680044651031e-02
2.127278968691825867e-02
2.141519263386726379e-02
2.137225121259689331e-02
2.122527174651622772e-02
2.090523578226566315e-02
2.047418057918548584e-02
2.011601440608501434e-02
1.983831822872161865e-02
1.965776085853576660e-02
1.955493167042732239e-02
1.955493167042732239e-02
1.956447586417198181e-02
1.982542499899864197e-02
2.014221064746379852e-02
2.046451717615127563e-02
2.077137678861618042e-02
2.117539569735527039e-02
2.155419439077377319e-02
2.184682153165340424e-02
2.201381884515285492e-02
2.214467525482177734e-02
2.214467525482177734e-02
2.221634984016418457e-02
2.221558056771755219e-02
2.208589017391204834e-02
2.183037064969539642e-02
2.156267873942852020e-02
2.125476859509944916e-02
2.088422328233718872e-02
2.048570662736892700e-02
2.012265846133232117e-02
1.983737200498580933e-02
1.983737200498580933e-02
1.957193017005920410e-02
1.945282891392707825e-02
1.926521770656108856e-02
1.913720928132534027e-02
1.912180893123149872e-02
1.912578567862510681e-02
1.908265799283981323e-02
1.903878897428512573e-02
1.894031092524528503e-02
1.883699744939804077e-02
1.883699744939804077e-02
1.865470781922340393e-02
1.846224628388881683e-02
1.827351376414299011e-02
1.807531528174877167e-02
1.784245856106281281e-02
1.758827641606330872e-02
1.727942749857902527e-02
1.699777692556381226e-02
1.671609468758106232e-02
1.649005897343158722e-02
1.649005897343158722e-02
1.630358584225177765e-02
1.610912010073661804e-02
1.570306532084941864e-02
1.535823568701744080e-02
1.508930139243602753e-02
1.488228980451822281e-02
1.473993621766567230e-02
1.471815444529056549e-02
1.472953334450721741e-02
1.475911773741245270e-02
1.475911773741245270e-02
1.466950587928295135e-02
1.455741282552480698e-02
1.443762425333261490e-02
1.431733276695013046e-02
1.415581442415714264e-02
1.395999360829591751e-02
1.382531039416790009e-02
1.359668280929327011e-02
1.359668280929327011e-02
1.333563495427370071e-02
1.333563495427370071e-02
1.310915779322385788e-02
1.293765008449554443e-02
1.287345215678215027e-02
1.285705436021089554e-02
1.291205734014511108e-02
1.303426083177328110e-02
1.320261694490909576e-02
1.336360536515712738e-02
1.347683463245630264e-02
1.355224009603261948e-02
1.355224009603261948e-02
1.369370426982641220e-02
1.369014196097850800e-02
1.367446314543485641e-02
1.327883917838335037e-02
1.286065578460693359e-02
1.240685023367404938e-02
1.204703655093908310e-02
1.168971601873636246e-02
1.139187999069690704e-02
1.117142196744680405e-02
1.117142196744680405e-02
1.103091333061456680e-02
1.086433883756399155e-02
1.083559449762105942e-02
1.080144848674535751e-02
1.072445884346961975e-02
1.057861652225255966e-02
1.042166352272033691e-02
1.020267792046070099e-02
9.908899664878845215e-03
9.645745158195495605e-03
9.645745158195495605e-03
9.423146024346351624e-03
9.243339300155639648e-03
9.112600237131118774e-03
9.029459208250045776e-03
9.120699018239974976e-03
9.259290993213653564e-03
9.511707350611686707e-03
9.773951023817062378e-03
1.008479390293359756e-02
1.034700777381658554e-02
1.034700777381658554e-02
1.060891430824995041e-02
1.092947274446487427e-02
1.124322414398193359e-02
1.147457398474216461e-02
1.171513553708791733e-02
1.185926795005798340e-02
1.201476436108350754e-02
1.201840303838253021e-02
1.200313121080398560e-02
1.192566938698291779e-02
1.192566938698291779e-02
1.200453843921422958e-02
1.207328215241432190e-02
1.220914628356695175e-02
1.236077863723039627e-02
1.251721289008855820e-02
1.260848063975572586e-02
1.265538204461336136e-02
1.267666276544332504e-02
1.269890647381544113e-02
1.270670816302299500e-02
1.270670816302299500e-02
1.267149858176708221e-02
1.256178040057420731e-02
1.242211367934942245e-02
1.232524216175079346e-02
1.235491316765546799e-02
1.238421071320772171e-02
1.250722538679838181e-02
1.273134443908929825e-02
1.292890030890703201e-02
1.305418647825717926e-02
1.305418647825717926e-02
1.307644601911306381e-02
1.306212320923805237e-02
1.296036131680011749e-02
1.276645530015230179e-02
1.248960290104150772e-02
1.222969777882099152e-02
1.203864533454179764e-02
1.179851032793521881e-02
1.153940893709659576e-02
1.113904826343059540e-02
1.113904826343059540e-02
1.076387334614992142e-02
1.041152235120534897e-02
1.017299760133028030e-02
1.021531876176595688e-02
1.029149815440177917e-02
1.040600985288619995e-02
1.049731392413377762e-02
1.062941085547208786e-02
1.076296903192996979e-02
1.088963355869054794e-02
1.088963355869054794e-02
1.109924633055925369e-02
1.139694917947053909e-02
1.176008861511945724e-02
1.208571810275316238e-02
1.244725007563829422e-02
1.267283316701650620e-02
1.248164195567369461e-02
1.231355778872966766e-02
1.207078807055950165e-02
1.181764341890811920e-02
1.181764341890811920e-02
1.150053460150957108e-02
1.113803591579198837e-02
1.072346605360507965e-02
1.029865723103284836e-02
9.984591044485569000e-03
9.884567931294441223e-03
9.875402785837650299e-03
1.004356704652309418e-02
1.026548817753791809e-02
1.051159296184778214e-02
1.051159296184778214e-02
1.063291542232036591e-02
1.065309997648000717e-02
1.065988186746835709e-02
1.068151555955410004e-02
1.068151555955410004e-02
1.065145991742610931e-02
1.054433733224868774e-02
1.035282388329505920e-02
1.005508191883563995e-02
9.817275218665599823e-03
9.817275218665599823e-03
9.638537652790546417e-03
9.584489278495311737e-03
9.653869085013866425e-03
9.797006845474243164e-03
9.960005059838294983e-03
1.014550309628248215e-02
1.036072429269552231e-02
1.062741968780755997e-02
1.089876051992177963e-02
1.108401082456111908e-02
1.108401082456111908e-02
1.118378527462482452e-02
1.131186168640851974e-02
1.137038972228765488e-02
1.142974197864532471e-02
1.147217210382223129e-02
1.150774862617254257e-02
1.154104247689247131e-02
1.142599433660507202e-02
1.124029513448476791e-02
1.101854816079139709e-02
1.101854816079139709e-02
1.083469577133655548e-02
1.068615261465311050e-02
1.070064585655927658e-02
1.079595927149057388e-02
1.087602693587541580e-02
1.097348704934120178e-02
1.099933870136737823e-02
1.101274881511926651e-02
1.086315978318452835e-02
1.086315978318452835e-02
1.086315978318452835e-02
1.066319551318883896e-02
1.048512943089008331e-02
1.042642071843147278e-02
1.036254409700632095e-02
1.039261929690837860e-02
1.038825232535600662e-02
1.047002896666526794e-02
1.064170897006988525e-02
1.086981873959302902e-02
1.118584815412759781e-02
1.118584815412759781e-02
1.150234043598175049e-02
1.169359963387250900e-02
1.194189582020044327e-02
1.225505582988262177e-02
1.251308619976043701e-02
1.275286823511123657e-02
1.304724253714084625e-02
1.332146767526865005e-02
1.355829741805791855e-02
1.370300259441137314e-02
1.370300259441137314e-02
1.385781727731227875e-02
1.389573514461517334e-02
1.382044795900583267e-02
1.364186964929103851e-02
1.343142520636320114e-02
1.324879471212625504e-02
1.313445903360843658e-02
1.302923727780580521e-02
1.289715431630611420e-02
1.289715431630611420e-02
1.289715431630611420e-02
1.203224062919616699e-02
1.124894246459007263e-02
1.060136314481496811e-02
1.020013447850942612e-02
9.989249520003795624e-03
9.913866408169269562e-03
9.986786171793937683e-03
1.013059634715318680e-02
1.035476755350828171e-02
1.063283625990152359e-02
1.063283625990152359e-02
1.098378188908100128e-02
1.136839482933282852e-02
1.172742154449224472e-02
1.207726541906595230e-02
1.241755578666925430e-02
1.273670326918363571e-02
1.297987066209316254e-02
1.315760333091020584e-02
1.330234482884407043e-02
1.335368864238262177e-02
1.335368864238262177e-02
1.335621904581785202e-02
1.330529619008302689e-02
1.317687891423702240e-02
1.306369993835687637e-02
1.298784650862216949e-02
1.291895471513271332e-02
1.291895471513271332e-02
1.283105835318565369e-02
1.275768224149942398e-02
1.272442098706960678e-02
