3.394827619194984436e-02
3.093586489558219910e-02
3.231046348810195923e-02
3.295815363526344299e-02
3.687198832631111145e-02
4.083294421434402466e-02
4.555917158722877502e-02
4.954432696104049683e-02
5.372691899538040161e-02
5.736576765775680542e-02
5.994881317019462585e-02
5.994881317019462585e-02
6.295342743396759033e-02
6.597527861595153809e-02
6.764964014291763306e-02
6.789175420999526978e-02
6.879368424415588379e-02
6.720704585313796997e-02
6.634794920682907104e-02
6.563082337379455566e-02
6.490216404199600220e-02
6.381406635046005249e-02
6.381406635046005249e-02
6.280976533889770508e-02
6.214485689997673035e-02
6.141664087772369385e-02
6.077653542160987854e-02
5.933624878525733948e-02
5.835468694567680359e-02
5.733268707990646362e-02
5.629724636673927307e-02
5.572467669844627380e-02
5.492103844881057739e-02
5.492103844881057739e-02
5.421744659543037415e-02
5.377927422523498535e-02
5.332606285810470581e-02
5.301495268940925598e-02
5.248651653528213501e-02
5.221721157431602478e-02
5.182187259197235107e-02
5.131652206182479858e-02
5.084750056266784668e-02
5.035655573010444641e-02
5.035655573010444641e-02
4.971209540963172913e-02
4.937032610177993774e-02
4.904376715421676636e-02
4.888904467225074768e-02
4.883516207337379456e-02
4.913187772035598755e-02
4.935478046536445618e-02
4.919799044728279114e-02
4.898881539702415466e-02
4.874915629625320435e-02
4.874915629625320435e-02
4.862761124968528748e-02
4.810903966426849365e-02
4.745122045278549194e-02
4.690155386924743652e-02
4.652894288301467896e-02
4.661098122596740723e-02
4.729722812771797180e-02
4.793419316411018372e-02
4.818708822131156921e-02
4.867421835660934448e-02
4.867421835660934448e-02
4.923588410019874573e-02
4.930034652352333069e-02
4.905799776315689087e-02
4.890952631831169128e-02
4.845352098345756531e-02
4.783755168318748474e-02
4.717063903808593750e-02
4.616826027631759644e-02
4.479408264160156250e-02
4.395963996648788452e-02
4.395963996648788452e-02
4.274357482790946960e-02
4.092779383063316345e-02
3.915693238377571106e-02
3.658083453774452209e-02
3.405293822288513184e-02
3.224635869264602661e-02
3.133169561624526978e-02
3.042338415980339050e-02
2.963447384536266327e-02
2.963656187057495117e-02
2.963656187057495117e-02
2.991140820086002350e-02
2.978496253490447998e-02
2.990755438804626465e-02
2.935143746435642242e-02
2.907509915530681610e-02
2.871858328580856323e-02
2.937029488384723663e-02
2.997620962560176849e-02
3.057389333844184875e-02
3.107086196541786194e-02
3.107086196541786194e-02
3.171106427907943726e-02
3.149659186601638794e-02
3.127872571349143982e-02
3.096477314829826355e-02
3.054192662239074707e-02
2.983035705983638763e-02
2.940052188932895660e-02
2.984334714710712433e-02
3.073545731604099274e-02
3.121492080390453339e-02
3.121492080390453339e-02
3.122668154537677765e-02
3.155362233519554138e-02
3.234323859214782715e-02
3.320779278874397278e-02
3.418405354022979736e-02
3.458423912525177002e-02
3.422480821609497070e-02
3.317664191126823425e-02
3.171323239803314209e-02
2.966672740876674652e-02
2.966672740876674652e-02
2.815384417772293091e-02
2.697601728141307831e-02
2.642979100346565247e-02
2.628583461046218872e-02
2.645147778093814850e-02
2.680746465921401978e-02
2.801333181560039520e-02
2.965669147670269012e-02
3.095672838389873505e-02
3.155001252889633179e-02
3.155001252889633179e-02
3.291744738817214966e-02
3.411913663148880005e-02
3.537867963314056396e-02
3.668507561087608337e-02
3.782114759087562561e-02
3.807848319411277771e-02
3.782090917229652405e-02
3.578653186559677124e-02
3.335812687873840332e-02
3.066371008753776550e-02
