1.702957053038667984e-02
1.819275759939060350e-02
1.935763189955566968e-02
2.019934564628600437e-02
2.022239647257739054e-02
2.019386073422831107e-02
1.973431390552273998e-02
1.921590019351982273e-02
1.882738273241884447e-02
1.871142794913687943e-02
1.865970202676580855e-02
1.865970202676580855e-02
1.863406220568013943e-02
1.860727118253403117e-02
1.872622292823218279e-02
1.885478164944889151e-02
1.902431116307582576e-02
1.899370153013543380e-02
1.905918655771560166e-02
1.909292965686501531e-02
1.915721735904104064e-02
1.915489677622831885e-02
1.915489677622831885e-02
1.910780231663652962e-02
1.922742337830549847e-02
1.940007202594956626e-02
1.974865940149160212e-02
2.004169244051335480e-02
2.021066201942475424e-02
2.049909331570872947e-02
2.069959796593377407e-02
2.096351149947849046e-02
2.120829197980419675e-02
2.120829197980419675e-02
2.133298831486269212e-02
2.136594981204960678e-02
2.158375649506530033e-02
2.184854819581451627e-02
2.207087138743143995e-02
2.223816106526642702e-02
2.233578462402506862e-02
2.247450147237821383e-02
2.248612168010032109e-02
2.265453146142209703e-02
2.265453146142209703e-02
2.275989046094214346e-02
2.269202144226198717e-02
2.256354658308526440e-02
2.231776688597396016e-02
2.199586286591183673e-02
2.161460372305647887e-02
2.129662588933822071e-02
2.101992264618123690e-02
2.081513456940452256e-02
2.064309338734608354e-02
2.064309338734608354e-02
2.049317687303104860e-02
2.030154821408265003e-02
2.010880927091887246e-02
1.988292361351782014e-02
1.968894494480659049e-02
1.952568457328618390e-02
1.937813771079207811e-02
1.926154305162206329e-02
1.908897277252541089e-02
1.885994845688689428e-02
1.885994845688689428e-02
1.869015251335853084e-02
1.850719557817796790e-02
1.830236595759444918e-02
1.808924787932668712e-02
1.782467425369965372e-02
1.768783790405617506e-02
1.752998807506620654e-02
1.735006998004260531e-02
1.716241701143755849e-02
1.699806585653981447e-02
1.699806585653981447e-02
1.699806585653981447e-02
1.680270349699072158e-02
1.664507710142761054e-02
1.644747668701173129e-02
1.623207114806743054e-02
1.602863803463907416e-02
1.590132609399706395e-02
1.568265359413774720e-02
1.555206340098203369e-02
1.541792460712545880e-02
1.541792460712545880e-02
1.519274698245300786e-02
1.494106226813638437e-02
1.461473288189920651e-02
1.430491687174733489e-02
1.402182067767122550e-02
1.407408227132674744e-02
1.419990665886307173e-02
1.434181907649169363e-02
1.457312049610628817e-02
1.481379500250926649e-02
1.481379500250926649e-02
1.497474837657823687e-02
1.496861367239492660e-02
1.497165640959867081e-02
1.499780851550741589e-02
1.500649321870872049e-02
1.502778027342435534e-02
1.505921486230993485e-02
1.514662840993896004e-02
1.516283432200677718e-02
1.516690706503654243e-02
1.516690706503654243e-02
1.519548908160557252e-02
1.522436128371262160e-02
1.523082148594224160e-02
1.520030948857079185e-02
1.516267327340688371e-02
1.509088283051399429e-02
1.496197206796174607e-02
1.483139034329967500e-02
1.469876156068026032e-02
1.456013065939086408e-02
1.456013065939086408e-02
1.440466189447059051e-02
1.430527004429710779e-02
1.393358002121587898e-02
1.360051034108188985e-02
1.329661959609432925e-02
1.322213108827700184e-02
1.315079083404986984e-02
1.309922031142107812e-02
1.302384263166297788e-02
1.296905259344959156e-02
1.296905259344959156e-02
1.290293475946118276e-02
1.287899906091474235e-02
1.282360373826068635e-02
1.273697520876749742e-02
1.262353084358340712e-02
1.248827148572299352e-02
1.231545392190579874e-02
1.217041793266438951e-02
1.204526850623959325e-02
1.195319763012468034e-02
1.195319763012468034e-02
1.181427041672132409e-02
1.174692402505320317e-02
1.161157388441616360e-02
1.141799440773483276e-02
1.119799896603707740e-02
1.092411864549864935e-02
1.060081605172956756e-02
1.036135463236849581e-02
1.014287747064598552e-02
9.968107301894407399e-03
9.968107301894407399e-03
9.749917660462209534e-03
9.555866861059780434e-03
9.419794311872771095e-03
9.359283694915907295e-03
9.326190804079696750e-03
9.326454944936892269e-03
9.294393693353669370e-03
9.285694543191684927e-03
9.306307712950018241e-03
9.349407925992264320e-03
9.349407925992264320e-03
9.325112390170859147e-03
9.341629929465057602e-03
9.316702215402835816e-03
9.356494923612951667e-03
9.384334408306634415e-03
9.362961448911766640e-03
9.318875378678682930e-03
9.128109576337197287e-03
8.993113617364498560e-03
8.641059748526396661e-03
8.641059748526396661e-03
8.411533109011564216e-03
8.197668896544989259e-03
7.987297845707298435e-03
7.811597453129046423e-03
7.558103436604759334e-03
7.296479667924129879e-03
7.075093173902102101e-03
6.907156499227268265e-03
6.867071101355197438e-03
6.839628334861026435e-03
6.839628334861026435e-03
6.801670697116189539e-03
6.757852674108076607e-03
7.206963437987033184e-03
7.530670248828428073e-03
7.866652245351050260e-03
8.179722956744787943e-03
8.269383191762525939e-03
8.300706492110019111e-03
8.121068147116218897e-03
7.990125753245355678e-03
7.990125753245355678e-03
7.880099438546681392e-03
7.634808482874399192e-03
7.269520553565512674e-03
6.947391222537150843e-03
6.649960549872739254e-03
6.483358415241818190e-03
6.366141841856930161e-03
6.343255508110787720e-03
6.233630000470050635e-03
6.184110333099651635e-03
6.184110333099651635e-03
6.295284489887824700e-03
6.552612688350509598e-03
6.695290475203606942e-03
6.848106014383969348e-03
6.981117644193185132e-03
7.120716007998440476e-03
7.259033445964241035e-03
7.324835456103199506e-03
7.455878386345076575e-03
7.676699777020385036e-03
7.676699777020385036e-03
7.916016587106416980e-03
8.086319398422288016e-03
8.098665621397830444e-03
8.172954779419802640e-03
8.192280851540570397e-03
8.077483910197996719e-03
7.996071885797841755e-03
7.902945768229023560e-03
7.736118079986120319e-03
7.551601867369678485e-03
7.551601867369678485e-03
7.328500131131432914e-03
7.015334597481251780e-03
6.777524602416484800e-03
6.518239533971636329e-03
6.388409561248981593e-03
6.274776996337599368e-03
6.226838042013898601e-03
6.151389808752283188e-03
6.157112611025326865e-03
5.988663377859711374e-03
5.988663377859711374e-03
5.760190955605400467e-03
5.623263584864844795e-03
5.502797622855157451e-03
5.434000093472458534e-03
5.644914751380260970e-03
5.854768417674759140e-03
5.940616961745880109e-03
5.946575382107630210e-03
5.890525182547016320e-03
5.735135436742520333e-03
5.735135436742520333e-03
5.614343515101947145e-03
5.488616211155559164e-03
5.427161065209854668e-03
5.446253466527496180e-03
5.992651802528762076e-03
6.656950643223562107e-03
7.218602892837343299e-03
7.702144754115037954e-03
7.941069600514678167e-03
8.071632576608898241e-03
8.071632576608898241e-03
8.008568906825920541e-03
7.769320417645507286e-03
7.553588141452166789e-03
7.355099402818988594e-03
7.096101178674230417e-03
6.761476195008257577e-03
6.567244580322004720e-03
6.329627818870333517e-03
6.119115233393419666e-03
5.940353346148491594e-03
5.940353346148491594e-03
5.712645227099480416e-03
5.599396139396904150e-03
5.517883147987803771e-03
5.493963207001103903e-03
5.525646209795432272e-03
5.632656415133549706e-03
5.687697581428233923e-03
5.740544203628871779e-03
5.956585742291935735e-03
6.122516965731200460e-03
6.122516965731200460e-03
6.336521054682891368e-03
6.363365803301958105e-03
6.299899448448067173e-03
6.189172340414598149e-03
6.087934018607302905e-03
5.966434155855985730e-03
5.664357419519589279e-03
5.443604403632775965e-03
5.228274357993859152e-03
5.084356969801622633e-03
5.084356969801622633e-03
5.153759775582393392e-03
5.265869766943930518e-03
5.462110345706750608e-03
5.703816460071987893e-03
5.934078192798911133e-03
6.053262275123114620e-03
6.187775365239885604e-03
6.287945787071915968e-03
6.366355886130335533e-03
6.257503029928898966e-03
6.257503029928898966e-03
6.219519353965762692e-03
6.271511768423447715e-03
6.212549322258962940e-03
6.186726418100659160e-03
6.114373908666792187e-03
6.116437443856912771e-03
6.080704438159732599e-03
5.894559100197277295e-03
5.639821788956577743e-03
5.729222972773681880e-03
5.729222972773681880e-03
5.689649060195969485e-03
5.649834475616615816e-03
5.559251104863398643e-03
5.387631722003960455e-03
5.212634057683362271e-03
4.906167087283041378e-03
4.607564040930733386e-03
4.321676211731838649e-03
4.121126083631582691e-03
3.977115734291425224e-03
3.977115734291425224e-03
3.797536413274790051e-03
3.746069036303217251e-03
3.750269260948184153e-03
3.785472283684009238e-03
3.905148037565554179e-03
4.037969594577138152e-03
4.014499448040613656e-03
4.146217609762766106e-03
4.276611866395323147e-03
4.333443192503528933e-03
4.333443192503528933e-03
4.350250816926634796e-03
4.104396991971931419e-03
3.811563016651731226e-03
3.697907367359143816e-03
3.563949819759993677e-03
3.358895276062776134e-03
3.193234718084002940e-03
3.183740360323300284e-03
3.192852205868511404e-03
3.234176880025986175e-03
3.234176880025986175e-03
3.460682376255708095e-03
3.896668728060295912e-03
4.343901458178990246e-03
4.809458433942552860e-03
5.235854894708109539e-03
5.594436888508059168e-03
5.703266362292559039e-03
5.745399323327025735e-03
5.648203518068987093e-03
5.620614382852124474e-03
5.620614382852124474e-03
5.525818552583994236e-03
5.310593165523974472e-03
5.128892710611578608e-03
4.863606918333192829e-03
4.866126517199229756e-03
4.903080868645799152e-03
4.773905656300643334e-03
4.593125280125918107e-03
4.338349393906330322e-03
4.056547192681659447e-03
4.056547192681659447e-03
3.752416869120442020e-03
3.476398895298209602e-03
3.305944899719512765e-03
3.208021319429847727e-03
3.260047016091512529e-03
3.375483610428372649e-03
3.508458842934395784e-03
3.758618328180981984e-03
3.962184642187850311e-03
4.265891585548706698e-03
4.265891585548706698e-03
4.514281694245861516e-03
4.826195398811801429e-03
5.014984768671479007e-03
5.047988454379339490e-03
4.996734600157612914e-03
4.967828180567884951e-03
4.904152380128427163e-03
4.890199072990134357e-03
4.868737476017890621e-03
4.879142031386144926e-03
4.879142031386144926e-03
4.919129013979868861e-03
4.887048799111714040e-03
4.970664244065379524e-03
5.056570554121418704e-03
5.118105570704281973e-03
5.020740512866642483e-03
4.869742354312259908e-03
4.734547337428948906e-03
4.571781691900153946e-03
4.507621296161239480e-03
4.507621296161239480e-03
4.507636298760708642e-03
4.539214285900622370e-03
4.686357591441918380e-03
4.842933603103194776e-03
5.029674157444222193e-03
5.146487983336458204e-03
5.265280247702697550e-03
5.359750060874218791e-03
5.524655629973986883e-03
5.655887649827525190e-03
5.655887649827525190e-03
5.797950582338168637e-03
5.941083762103981265e-03
6.078745889218451458e-03
6.219911154982772986e-03
6.269242605900431781e-03
6.303242656892958130e-03
6.346135560064014407e-03
6.465677100351639728e-03
6.724504845245600146e-03
7.065357901148002981e-03
7.065357901148002981e-03
7.269389703096653180e-03
7.442396286601074031e-03
7.518287383763799618e-03
7.573237388951869868e-03
7.609863291630145944e-03
7.592218024032920155e-03
7.565796268866798249e-03
7.533302079968468012e-03
7.494829951312846801e-03
7.483194504502689061e-03
7.483194504502689061e-03
7.353461668522362840e-03
7.288933823117081483e-03
7.366707156229944896e-03
7.337965003006032168e-03
7.330700300606427661e-03
7.324333140685923560e-03
7.201987125771962261e-03
7.030654276301211841e-03
6.786165078270232562e-03
6.473681991228443303e-03
6.473681991228443303e-03
6.166093021663123647e-03
5.927091886825180782e-03
5.782406158118482201e-03
5.767474570010825731e-03
5.872958309643890561e-03
6.114411649039292081e-03
6.382401793202329560e-03
6.738851958261913959e-03
7.023277282105845273e-03
7.239507068197962962e-03
7.239507068197962962e-03
7.388282947875079130e-03
7.766829924975132346e-03
8.086686838329321808e-03
8.363335323557513634e-03
8.725400505387477870e-03
9.056434550058072366e-03
9.376794658507029215e-03
9.629462078809401804e-03
9.785341511559424513e-03
9.829505438909376391e-03
9.829505438909376391e-03
9.796627459250173073e-03
9.767873972258889551e-03
9.671530254918882241e-03
9.676819937320590634e-03
9.546277334859316205e-03
9.348513511944822607e-03
9.149737995272610655e-03
8.883505007624777419e-03
8.623777815413182293e-03
8.377894898676930061e-03
8.377894898676930061e-03
8.078505912341183218e-03
7.805301613338496043e-03
7.567797392975331335e-03
7.381693344342439914e-03
7.248955052377415408e-03
7.225130981449403265e-03
7.268781242175929684e-03
7.355477207728180165e-03
7.579317093867284083e-03
7.840305453673805658e-03
7.840305453673805658e-03
8.123297447389252190e-03
8.248709103929413589e-03
8.264314035982283160e-03
8.241619766072069003e-03
8.146008717868193430e-03
7.997173998468163833e-03
8.322660604165909096e-03
9.252128278742013934e-03
1.047396592210921365e-02
1.179163900209408145e-02
1.179163900209408145e-02
1.310240786069084319e-02
1.434953861532148323e-02
1.551784655493781452e-02
1.659910717372453659e-02
1.759229053210257035e-02
1.850024102130383083e-02
1.932740370207828781e-02
2.007917617482072800e-02
2.076133126616000121e-02
2.137938255112562663e-02
2.137938255112562663e-02
2.193891537116926874e-02
2.244507552749812687e-02
2.290262828684586083e-02
2.331609671571172396e-02
2.368953090923447968e-02
2.402669346139783488e-02
2.433106301494813301e-02
2.460575390500668522e-02
2.485362770435409555e-02
2.507723466942041873e-02
2.507723466942041873e-02
2.527790872028879907e-02
2.545882390790879871e-02
2.562206825992737261e-02
2.576925780095214863e-02
2.590191119725158975e-02
2.602155040729516380e-02
2.612942308994891522e-02
2.622666798919897832e-02
2.631440569810654384e-02
2.639299307566471062e-02
2.639299307566471062e-02
2.646383729846295968e-02
2.652772976887930734e-02
2.658529753541894261e-02
2.663718384037222844e-02
2.668396491066840279e-02
2.672612606851479736e-02
2.676413499587210199e-02
2.679835375520455906e-02
2.682910266964939200e-02
2.685671407437418418e-02
2.685671407437418418e-02
2.688168722421275039e-02
2.690411608921574813e-02
2.692440942893398539e-02
2.694262338770463117e-02
2.695909510548442217e-02
2.697391138231881869e-02
2.698730323185961552e-02
2.699927044735282375e-02
2.700999457737016454e-02
2.701977904600107866e-02
2.701977904600107866e-02
2.702852883822866314e-02
2.703641830738637980e-02
2.704350418405599907e-02
2.704996853316635891e-02
2.705574296085763025e-02
2.706093351333127214e-02
2.706562759886674968e-02
2.706980224904792509e-02
2.707361669704206816e-02
2.707701774971186734e-02
