1.532319001853466034e-02
1.532319001853466034e-02
1.550708711147308350e-02
1.606872119009494781e-02
1.623197458684444427e-02
1.634804159402847290e-02
1.684515736997127533e-02
1.731612160801887512e-02
1.801486499607563019e-02
1.870191656053066254e-02
1.916501671075820923e-02
1.957836374640464783e-02
1.957836374640464783e-02
1.998813450336456299e-02
2.040967717766761780e-02
2.092881314456462860e-02
2.144836634397506714e-02
2.180727012455463409e-02
2.224320545792579651e-02
2.265017107129096985e-02
2.312976308166980743e-02
2.353693358600139618e-02
2.393827959895133972e-02
