2.237178012728691101e-02
1.938938908278942108e-02
2.043675445020198822e-02
2.157791703939437866e-02
2.498965896666049957e-02
2.689614333212375641e-02
2.940053306519985199e-02
3.019958175718784332e-02
3.183423727750778198e-02
3.114296868443489075e-02
2.858226187527179718e-02
2.858226187527179718e-02
2.662956714630126953e-02
2.524483948945999146e-02
2.425664290785789490e-02
2.376182936131954193e-02
2.371612191200256348e-02
2.366660535335540771e-02
2.419823408126831055e-02
2.548456192016601562e-02
2.689027972519397736e-02
2.846332080662250519e-02
2.846332080662250519e-02
3.050374425947666168e-02
3.296609595417976379e-02
3.502526134252548218e-02
3.693707659840583801e-02
3.844936937093734741e-02
3.988510370254516602e-02
4.188047349452972412e-02
4.350708797574043274e-02
4.541584104299545288e-02
4.704911261796951294e-02
4.704911261796951294e-02
4.837440326809883118e-02
4.888988658785820007e-02
4.957933351397514343e-02
4.945746809244155884e-02
4.844814166426658630e-02
4.767318069934844971e-02
4.592117294669151306e-02
4.384186863899230957e-02
4.203110560774803162e-02
4.131477698683738708e-02
4.131477698683738708e-02
4.090947657823562622e-02
4.007761925458908081e-02
3.964120522141456604e-02
3.892656043171882629e-02
3.798093646764755249e-02
3.770303353667259216e-02
3.764529526233673096e-02
3.760596364736557007e-02
3.761143237352371216e-02
3.829920664429664612e-02
3.829920664429664612e-02
3.919372335076332092e-02
3.987675532698631287e-02
4.067032411694526672e-02
4.138635471463203430e-02
4.170497506856918335e-02
4.209381714463233948e-02
4.253857582807540894e-02
4.290511459112167358e-02
4.320840537548065186e-02
4.371029511094093323e-02
4.371029511094093323e-02
4.318622499704360962e-02
4.293434321880340576e-02
4.286073520779609680e-02
4.257637262344360352e-02
4.212279617786407471e-02
4.185672849416732788e-02
4.186572879552841187e-02
4.254777729511260986e-02
4.305538535118103027e-02
4.384770616888999939e-02
4.384770616888999939e-02
4.472697153687477112e-02
4.527658969163894653e-02
4.650635272264480591e-02
4.768001288175582886e-02
4.914780333638191223e-02
5.075513198971748352e-02
5.191985145211219788e-02
5.313933268189430237e-02
5.363777652382850647e-02
5.349690467119216919e-02
5.349690467119216919e-02
5.370353162288665771e-02
5.421049520373344421e-02
5.505448952317237854e-02
5.578542128205299377e-02
5.657143145799636841e-02
5.724275112152099609e-02
5.797975882887840271e-02
5.810444429516792297e-02
5.778516083955764771e-02
5.785988643765449524e-02
5.785988643765449524e-02
5.807871744036674500e-02
5.797524005174636841e-02
5.785069614648818970e-02
5.641036480665206909e-02
5.479604378342628479e-02
5.281138420104980469e-02
5.074826255440711975e-02
4.857291281223297119e-02
4.709248244762420654e-02
4.590904712677001953e-02
4.590904712677001953e-02
4.502375423908233643e-02
4.448775947093963623e-02
4.375467449426651001e-02
4.318476840853691101e-02
4.370383918285369873e-02
4.442300647497177124e-02
4.511795938014984131e-02
4.560600966215133667e-02
4.618162661790847778e-02
4.675419628620147705e-02
4.675419628620147705e-02
4.867982119321823120e-02
5.090321600437164307e-02
5.297126248478889465e-02
5.463078618049621582e-02
5.531717836856842041e-02
5.638917908072471619e-02
5.787622928619384766e-02
5.729569494724273682e-02
5.700860917568206787e-02
5.672135576605796814e-02
5.672135576605796814e-02
5.405591055750846863e-02
5.118811875581741333e-02
4.825720191001892090e-02
4.564775153994560242e-02
4.271866753697395325e-02
3.980845212936401367e-02
3.718643635511398315e-02
3.533628955483436584e-02
3.377858921885490417e-02
3.292771428823471069e-02
