3.849398542737395706e-02
3.849398542737395706e-02
3.771528991599094188e-02
3.707061602142101842e-02
3.719818837873184458e-02
3.681978725897016441e-02
3.650482147771845487e-02
3.629525759826741221e-02
3.592988770807763188e-02
3.550798404365309441e-02
3.515600832206956794e-02
3.472319076978042790e-02
3.472319076978042790e-02
3.438635335641119367e-02
3.397247978528417089e-02
3.358965653927872136e-02
3.320519366517506871e-02
3.287948903846800441e-02
3.266284722213080860e-02
3.263656768124913871e-02
3.258454995242196506e-02
3.265151763754724906e-02
3.258539943859088683e-02
