4.185415059328079224e-02
3.608644753694534302e-02
3.564748913049697876e-02
3.503711894154548645e-02
3.395419195294380188e-02
3.327291831374168396e-02
3.267729654908180237e-02
3.081600181758403778e-02
2.919711545109748840e-02
2.754498645663261414e-02
3.034391812980175018e-02
3.034391812980175018e-02
3.319325670599937439e-02
3.607540577650070190e-02
3.887934610247612000e-02
4.216646775603294373e-02
4.434136301279067993e-02
4.510764405131340027e-02
4.567711055278778076e-02
4.599023237824440002e-02
4.643686860799789429e-02
4.679767042398452759e-02
4.679767042398452759e-02
4.735026136040687561e-02
4.740933701395988464e-02
4.735498502850532532e-02
4.748509079217910767e-02
4.739849641919136047e-02
4.747238755226135254e-02
4.794895648956298828e-02
4.819124937057495117e-02
4.849462583661079407e-02
4.848286882042884827e-02
4.848286882042884827e-02
4.858396574854850769e-02
4.840783402323722839e-02
4.799037799239158630e-02
4.763707518577575684e-02
4.659165069460868835e-02
4.575327038764953613e-02
4.578916355967521667e-02
4.568026959896087646e-02
4.598211869597434998e-02
4.661777243018150330e-02
4.661777243018150330e-02
4.720718786120414734e-02
4.754660278558731079e-02
4.834713414311408997e-02
4.901349917054176331e-02
4.949965327978134155e-02
5.009818077087402344e-02
5.029469355940818787e-02
4.998419433832168579e-02
4.939939454197883606e-02
4.897505417466163635e-02
4.897505417466163635e-02
4.868447780609130859e-02
4.867438226938247681e-02
4.876946657896041870e-02
4.816944897174835205e-02
4.995829612016677856e-02
5.188935995101928711e-02
5.380743369460105896e-02
5.525076761841773987e-02
5.602720752358436584e-02
5.667206272482872009e-02
5.667206272482872009e-02
5.739031732082366943e-02
5.887357518076896667e-02
6.000174209475517273e-02
6.088980659842491150e-02
6.178386881947517395e-02
6.235100328922271729e-02
6.270920485258102417e-02
6.356919556856155396e-02
6.478449702262878418e-02
6.582111865282058716e-02
6.582111865282058716e-02
6.628975272178649902e-02
6.645016372203826904e-02
6.654500961303710938e-02
6.700849533081054688e-02
6.741749495267868042e-02
6.803929805755615234e-02
6.824653595685958862e-02
6.818495690822601318e-02
6.789769232273101807e-02
6.716479361057281494e-02
6.716479361057281494e-02
6.624652445316314697e-02
6.523828953504562378e-02
6.376740336418151855e-02
6.149657815694808960e-02
5.968401953577995300e-02
5.917572230100631714e-02
5.920189619064331055e-02
5.914572626352310181e-02
5.839451029896736145e-02
5.741234123706817627e-02
5.741234123706817627e-02
5.662254616618156433e-02
5.589604005217552185e-02
5.531803891062736511e-02
5.482877045869827271e-02
5.439442768692970276e-02
5.372979491949081421e-02
5.302536487579345703e-02
5.236124619841575623e-02
5.189811438322067261e-02
5.167018622159957886e-02
5.167018622159957886e-02
5.113824456930160522e-02
5.063274130225181580e-02
5.059533938765525818e-02
5.107353627681732178e-02
5.148525163531303406e-02
5.176759883761405945e-02
5.294945836067199707e-02
5.396432802081108093e-02
5.425520241260528564e-02
5.402901768684387207e-02
5.402901768684387207e-02
5.372181907296180725e-02
5.337602645158767700e-02
5.285738408565521240e-02
5.197935923933982849e-02
5.120488256216049194e-02
5.008545890450477600e-02
4.892476648092269897e-02
4.794476181268692017e-02
4.582480341196060181e-02
4.414186254143714905e-02
4.414186254143714905e-02
4.263895750045776367e-02
4.132608696818351746e-02
4.064274951815605164e-02
3.999671339988708496e-02
3.971864283084869385e-02
3.964896872639656067e-02
3.963196277618408203e-02
4.014139622449874878e-02
4.066166281700134277e-02
4.126755520701408386e-02
