6.913442959060565884e-03
6.913442959060565884e-03
7.003988332508850369e-03
7.518389538669661282e-03
6.996942307057377707e-03
7.296486731539261056e-03
7.579089310149224670e-03
7.565872233113441273e-03
7.938792391621230307e-03
8.322084452987633940e-03
8.684963484542793447e-03
8.942334756115355790e-03
8.942334756115355790e-03
9.310563307497687902e-03
9.599414282955277822e-03
9.829965170808110247e-03
1.024226637695148032e-02
1.077223339208897845e-02
1.097713508788318235e-02
1.104787946084331493e-02
1.116502916449385943e-02
1.113776120078059303e-02
1.121884803215064501e-02
1.121884803215064501e-02
1.126116618320881745e-02
1.146505743494722653e-02
1.196560192950199206e-02
1.232558986081274191e-02
1.264427344401936569e-02
1.289278124917706339e-02
1.309794013838447464e-02
1.334811910083211380e-02
1.352607894378780179e-02
1.376687310801001825e-02
1.376687310801001825e-02
1.380772166366858213e-02
1.380662449611380800e-02
1.367857820232070906e-02
1.325432381838667628e-02
1.293972333366190906e-02
1.257001377648682763e-02
1.228109462281125677e-02
1.190272507733172898e-02
1.142412457308994780e-02
1.156768848748906085e-02
1.156768848748906085e-02
1.160129444022596663e-02
1.160874637410405641e-02
1.168940511641889876e-02
1.159294651557612847e-02
1.143268109836234267e-02
1.118569209619986633e-02
1.092821226569074163e-02
1.076654472675687632e-02
1.053945979840125065e-02
1.030421317674593516e-02
1.030421317674593516e-02
1.006012807742529339e-02
1.051565277646297931e-02
1.097910055745539119e-02
1.145196606799598130e-02
1.193397228813793121e-02
1.244878438207600198e-02
1.291127818802582754e-02
1.330974775016863405e-02
1.354944302920456194e-02
1.370002528127334078e-02
1.370002528127334078e-02
1.377385059315491649e-02
1.377834375550914155e-02
1.363819002462748030e-02
1.357862787854567828e-02
1.352383465290081521e-02
1.342315162802375228e-02
1.333547956036121654e-02
1.328132044999116509e-02
1.321703929664599930e-02
1.316530967465563175e-02
1.316530967465563175e-02
1.312754469375775231e-02
1.310329036454661693e-02
1.316442520103631650e-02
1.328762760333559653e-02
1.337414217527646380e-02
1.349216923891304563e-02
1.355024148600279289e-02
1.362875827635237798e-02
1.375109412973156246e-02
1.384606612155120375e-02
1.384606612155120375e-02
1.402252467951631623e-02
1.409753407642809660e-02
1.419482153024870935e-02
1.435620595750012989e-02
1.453600477411658848e-02
1.466662266474273724e-02
1.480020648879796195e-02
1.492174016010695652e-02
1.499619318013817315e-02
1.509963243198156856e-02
1.509963243198156856e-02
1.519849009227585389e-02
1.523495277617502655e-02
1.526124577503210761e-02
1.524817907635096954e-02
1.523303716364214980e-02
1.525777114205661804e-02
1.520427531156613894e-02
1.515196305332391913e-02
1.512258819977182513e-02
1.495750656226302842e-02
1.495750656226302842e-02
1.467018042385966406e-02
1.437046428309753793e-02
1.410434411553956879e-02
1.379148620778736928e-02
1.346382831340097071e-02
1.303768752764003676e-02
1.262983514158283992e-02
1.212753601197435853e-02
1.161936779983683762e-02
1.127389697481129618e-02
1.127389697481129618e-02
1.104293531504859510e-02
1.098375415998645646e-02
1.090936810812108589e-02
1.087548950682762881e-02
1.098497054977657858e-02
1.111303328677390803e-02
1.129990261296239841e-02
1.156830131580681605e-02
1.171030938302746079e-02
1.193958318019123360e-02
1.193958318019123360e-02
1.222438104962343848e-02
1.251556794815069339e-02
1.265910663236431005e-02
1.285075058922893233e-02
1.297656474762216676e-02
1.303155379585478092e-02
1.306579508814310724e-02
1.310377763840500469e-02
1.303714440647598012e-02
1.289929447782981603e-02
1.289929447782981603e-02
1.285550717735826909e-02
1.286557743428014960e-02
1.300276676445865157e-02
1.320922069754385669e-02
1.356552715798505122e-02
1.391113810714118652e-02
1.414331519201946982e-02
1.435857254907911031e-02
1.445583648767211592e-02
1.456773512443090141e-02
1.456773512443090141e-02
1.466889151438481934e-02
1.459652864200749328e-02
1.471413881465777687e-02
1.482862883639970986e-02
1.496244687801951724e-02
1.498017649818069764e-02
1.493079027452308243e-02
1.489425928754086782e-02
1.467215855435565972e-02
1.445218446799767173e-02
1.445218446799767173e-02
1.426406296210803830e-02
1.409849127225307024e-02
1.387535577543579611e-02
1.372441172823604325e-02
1.363786906840109767e-02
1.353134620804312578e-02
1.352238828322229955e-02
1.354515378048095318e-02
1.361442013302395504e-02
1.378103783607869531e-02
1.378103783607869531e-02
1.376906603444119637e-02
1.362578035645576821e-02
1.356729232117307761e-02
1.347216084775822512e-02
1.328965980333295625e-02
1.299268677658910881e-02
1.271649447283853228e-02
1.222187198627481576e-02
1.164162375578034481e-02
1.108397405908715522e-02
1.108397405908715522e-02
1.072396521912146947e-02
1.047058055181929702e-02
1.031346692991680185e-02
1.030269550448347469e-02
1.036991994846695950e-02
1.034170602353393087e-02
1.026636138869130126e-02
1.011356213439077063e-02
9.991635249020506052e-03
9.779815835728553064e-03
9.779815835728553064e-03
9.422109195490432562e-03
9.031635699836977962e-03
8.533574384128495005e-03
8.053095887123877528e-03
7.652068529084490346e-03
7.437462989485615558e-03
7.257578526770706688e-03
7.096882170457045717e-03
7.005353932276997542e-03
6.999269343827055172e-03
6.999269343827055172e-03
6.958123958519750636e-03
6.911649642278663158e-03
6.999589683187563451e-03
7.181753191820803087e-03
7.190124416980582869e-03
7.218512275099877619e-03
7.205924984530789196e-03
7.347485183836916130e-03
7.376934149279586878e-03
7.383528387041317712e-03
7.383528387041317712e-03
7.433023819385207662e-03
7.294371425661142633e-03
7.073858549921541172e-03
6.922741927781421618e-03
6.893018729823838404e-03
6.849699068585837422e-03
6.769752991536839154e-03
6.667937965063788081e-03
6.581608457089649193e-03
6.553644065316753704e-03
6.553644065316753704e-03
6.409977596205689715e-03
6.371366720240631727e-03
6.429302652316783509e-03
6.578832224814236407e-03
6.738045987178763012e-03
6.907150550975842129e-03
7.073591299106870081e-03
7.269474465029602227e-03
7.457122761509379048e-03
7.534927650278162338e-03
7.534927650278162338e-03
7.485624318606127342e-03
7.032553008253648180e-03
6.761710478456648202e-03
6.587624040016660382e-03
6.355891070580092783e-03
6.152218138107501226e-03
6.013159897357242892e-03
5.861637405704171050e-03
5.649831581535364258e-03
5.467126844238837796e-03
5.467126844238837796e-03
5.167938171368157037e-03
4.766480983744831278e-03
4.370271303380006238e-03
4.027079825494842870e-03
3.710054520480942589e-03
3.384476846356643601e-03
3.098717909204198439e-03
2.907737853570931466e-03
2.675226064760662277e-03
2.405910722508662961e-03
2.405910722508662961e-03
2.252214552595225433e-03
2.132685006912367429e-03
2.174674489587205984e-03
2.241814713070941663e-03
2.246215003515893496e-03
2.354993903678048294e-03
2.594396402840530580e-03
2.839494957681127675e-03
3.100450537311395718e-03
3.301425182105851425e-03
3.301425182105851425e-03
3.439969379332495289e-03
3.525437001061806647e-03
3.593389724893906404e-03
3.394496762416503513e-03
3.137391382689920342e-03
2.979450133225436132e-03
2.949748960118112051e-03
2.910371259604611818e-03
2.892464044393352682e-03
2.958581917999836362e-03
2.958581917999836362e-03
3.024007472531954101e-03
3.091733678938207892e-03
3.093806901213393568e-03
3.165334476512362237e-03
3.208543791986280275e-03
3.230357045681655614e-03
3.255500612521665480e-03
3.242147259066721979e-03
3.196482095309083598e-03
3.075772233534018133e-03
3.075772233534018133e-03
3.083640827157483038e-03
3.106177866536792304e-03
3.105243582398596949e-03
3.175493067032648248e-03
3.233460941094227353e-03
3.329525699265344259e-03
3.334870077957194714e-03
3.363258367295243745e-03
3.352549303979050939e-03
3.527553316239630081e-03
3.527553316239630081e-03
3.603902380366843464e-03
3.658995550591126900e-03
3.757286970037893633e-03
3.841981425483198542e-03
3.921158328777240784e-03
3.949877698456263388e-03
3.966745733385238643e-03
4.013501392635141461e-03
4.009610838904365503e-03
3.958490707768360685e-03
3.958490707768360685e-03
3.970257353912555118e-03
3.959179249115783727e-03
3.974088543718634105e-03
4.009121438570053576e-03
4.032384417169614793e-03
4.063212658081263168e-03
4.080868807330850258e-03
4.147267736432654062e-03
4.209949396006011993e-03
4.211675704327199656e-03
4.211675704327199656e-03
4.212356048354830990e-03
4.173750894202621180e-03
4.085975012586487778e-03
3.986572970551160999e-03
3.746298383666735871e-03
3.525341549264844089e-03
3.238813892450701989e-03
3.080730115399251193e-03
2.999091917671297194e-03
3.043986214105826212e-03
3.043986214105826212e-03
3.169065431444279164e-03
3.412794451938669024e-03
3.724459887026783031e-03
3.916358915814129385e-03
4.104294144888058667e-03
4.211268058919450698e-03
4.302866150776458835e-03
4.363067729869943116e-03
4.273613921809322341e-03
4.114028654673263993e-03
4.114028654673263993e-03
4.051930795042484566e-03
4.003075312725563363e-03
3.976098879423428135e-03
4.116377617279071664e-03
4.290710408700690141e-03
4.421345773143224057e-03
4.503387821839881927e-03
4.547259449642015137e-03
4.592006012978714496e-03
4.677188631371701974e-03
4.677188631371701974e-03
4.715831083202138944e-03
4.691930693570033409e-03
4.699476970028136115e-03
4.756551133991205639e-03
4.842275425449538498e-03
5.073674069193135835e-03
5.368535456247286279e-03
5.593191454971310587e-03
5.705123779726011500e-03
5.750531143205101121e-03
5.750531143205101121e-03
5.825027745587733896e-03
5.919508689947321038e-03
5.986163691601253771e-03
6.038141618830614697e-03
5.932720917666334248e-03
5.830893806904384642e-03
5.751931852551780099e-03
5.662043175170852066e-03
5.477095372084499030e-03
5.371447529559051672e-03
5.371447529559051672e-03
5.677656393336660660e-03
5.844741676055061411e-03
5.955032752053798437e-03
6.084137345180205478e-03
6.092182750347526106e-03
6.065310922171044360e-03
6.017534032313994093e-03
5.925232947897803547e-03
5.857102574955141971e-03
5.789498481390847016e-03
5.789498481390847016e-03
5.737343921860948472e-03
5.747677556697556624e-03
5.752479371198048440e-03
5.877987753011404415e-03
6.220485542714235087e-03
6.429979629926618409e-03
6.554042049473977373e-03
6.424075291140624207e-03
6.212572262031247801e-03
5.903592946566103318e-03
5.903592946566103318e-03
5.609765648988879194e-03
5.481619862806558913e-03
5.426132156731371114e-03
5.379499798671862412e-03
5.407291646000365014e-03
5.564797170711160285e-03
5.802042472984313484e-03
6.104296843030795720e-03
6.430054589111181863e-03
6.739122463675433286e-03
6.739122463675433286e-03
7.338945868000729816e-03
7.889446146668699367e-03
8.369550386874445580e-03
8.695306759957152631e-03
8.587115500460025183e-03
8.096935377463180053e-03
7.643217384314050095e-03
7.251837727820744338e-03
6.998483136015771350e-03
6.761116537129071430e-03
