1.291187211208590958e-02
1.291187211208590958e-02
1.462615456635677977e-02
1.575322706512471971e-02
1.621321879353016318e-02
1.640117949799507063e-02
1.660047603838735522e-02
1.658391375476246307e-02
1.675879940456091732e-02
1.731846319442671353e-02
1.769778291389625252e-02
1.801670728420607520e-02
1.801670728420607520e-02
1.841810720747038763e-02
1.891127372363804460e-02
1.887796349003636326e-02
1.894047417672195879e-02
1.898872548588101394e-02
1.959963887538363272e-02
2.007880441657738588e-02
2.053380186659192752e-02
2.096329872898806609e-02
2.141429663491620228e-02
