3.364713505659881754e-02
3.364713505659881754e-02
3.259171379272724628e-02
3.314854520969340995e-02
3.322463562702075712e-02
3.315284285943749520e-02
3.360005040023966716e-02
3.427314388238758558e-02
3.427314388238758558e-02
3.484640350709691109e-02
3.542478529563698741e-02
3.594496165397761955e-02
3.594496165397761955e-02
3.657626385101108574e-02
3.718269538321717499e-02
3.785834649784761835e-02
3.817760203381359574e-02
3.832894520634552715e-02
3.831415931901314964e-02
3.840535214885460596e-02
3.856230742343036422e-02
3.854387809823736633e-02
3.850017043734109412e-02
