1.598782691963471572e-02
1.598782691963471572e-02
1.583501856631260030e-02
1.528857406318812756e-02
1.514697224097538535e-02
1.475161751076132198e-02
1.401858985743353360e-02
1.339347490619471372e-02
1.291716102974324425e-02
1.255616460563030966e-02
1.197394090382606149e-02
1.121358681193074247e-02
1.121358681193074247e-02
1.031129103033247806e-02
9.524973279029140885e-03
8.916757442365409042e-03
8.331116284355344348e-03
7.840858945061748506e-03
7.467692150790028634e-03
7.133100081906710438e-03
6.931726819002224579e-03
6.904751788242023507e-03
6.835389318146025024e-03
6.835389318146025024e-03
6.943576236539825836e-03
7.173129581781097566e-03
7.435234717188824588e-03
7.652795030525389938e-03
7.824976996503099635e-03
7.898248145456299857e-03
8.065781998891387305e-03
8.228158540423292228e-03
8.470631874787797055e-03
8.873181747786946030e-03
8.873181747786946030e-03
9.061577944488554553e-03
9.288084522776742305e-03
9.800850459876098847e-03
1.027561018946093231e-02
1.056281660080307314e-02
1.094917031889546324e-02
1.116137979754948731e-02
1.099849583220932799e-02
1.084430441848365304e-02
1.050104695504501529e-02
1.050104695504501529e-02
1.031498513203961062e-02
1.000484946323928863e-02
9.828345052435847815e-03
9.801832133330251259e-03
9.765276220045254404e-03
9.583675988002643073e-03
9.821453873112326316e-03
1.021106019137398013e-02
1.024246534094003756e-02
1.011980504465220983e-02
1.011980504465220983e-02
1.006838763030308732e-02
1.002966662025270989e-02
1.000745039532499776e-02
9.983005651864877705e-03
1.000455291775677324e-02
1.008995633179379445e-02
1.019075881451215505e-02
1.033777548756237112e-02
1.044558665378272043e-02
1.046201644944898777e-02
1.046201644944898777e-02
1.042658837802629482e-02
1.037352279861908019e-02
1.029680322721798942e-02
1.027044140864754804e-02
1.024734574029401851e-02
1.021538704168599952e-02
1.019645241928889695e-02
1.016981671844268548e-02
1.010453590697166573e-02
1.004597619991362892e-02
1.004597619991362892e-02
1.008596727696231543e-02
1.005017338952201265e-02
9.977063231116748560e-03
9.801609719261803952e-03
9.663703190829457321e-03
9.380426183848315780e-03
9.068930003711726459e-03
8.782734176621554562e-03
8.533236793187336591e-03
8.372898254130645493e-03
8.372898254130645493e-03
8.274508765479738487e-03
8.195397735977705961e-03
8.016002452511591936e-03
7.896700244867629198e-03
7.741144375990564354e-03
7.560302543176423626e-03
7.377241102611079016e-03
7.128719121278210072e-03
6.911818600326070233e-03
6.690607448602919893e-03
6.690607448602919893e-03
6.480731541378425588e-03
6.310486947953475832e-03
6.180958543386160138e-03
6.013706065610194967e-03
5.896624784545835031e-03
5.821241586259776404e-03
5.771025105597986891e-03
5.783722275958065248e-03
5.801087573014357228e-03
5.861007322798592219e-03
5.861007322798592219e-03
5.958334753275684910e-03
6.067212759228519242e-03
6.160717540062031136e-03
6.130836823387367587e-03
6.075500481342375851e-03
5.972361765791486463e-03
5.575451507356894709e-03
5.619402113711850603e-03
5.978661801272724952e-03
6.490438062261394241e-03
6.490438062261394241e-03
7.053085610213329255e-03
7.593138722853040590e-03
8.111523335941969379e-03
8.601277994471192082e-03
9.043821009040615977e-03
9.419261722340243129e-03
9.783894102343888149e-03
1.009676645119585853e-02
1.038498025746718498e-02
1.067927536578195877e-02
1.067927536578195877e-02
1.089686746854722117e-02
1.108461414206811727e-02
1.123545594173641464e-02
1.134883034560959895e-02
1.141106420434254143e-02
1.147207952393215595e-02
1.156039728088681384e-02
1.162210940302201359e-02
1.164794119106232415e-02
1.167683706814093975e-02
1.167683706814093975e-02
1.169288993910237544e-02
1.172925176429549451e-02
1.175155318722430689e-02
1.177159274892974894e-02
1.180166261722986193e-02
1.182110496218786652e-02
1.182661252042397325e-02
1.184247231388472869e-02
1.184234576440025902e-02
1.184933792046639379e-02
1.184933792046639379e-02
1.186506912771974169e-02
1.188418407391460090e-02
1.187960890568292779e-02
1.188304583132127230e-02
1.187887304771431327e-02
1.187039201675351222e-02
1.186087780846178073e-02
1.184057190558820798e-02
1.185561450308141376e-02
1.186851721402567943e-02
1.186851721402567943e-02
1.188183837736816149e-02
1.190597949296165470e-02
1.190641797401138444e-02
1.189361569403783736e-02
1.187730145092551551e-02
1.189876475742290655e-02
1.193927955272662544e-02
1.198208733146655797e-02
1.202815949455447557e-02
1.204094800588288543e-02
1.204094800588288543e-02
1.201158146404172553e-02
1.199918165769707848e-02
1.201702627203417133e-02
1.200602207101233651e-02
1.197975995714213940e-02
1.197660889301838116e-02
1.195505338187345667e-02
1.189364624106200100e-02
1.184455855264692110e-02
1.181261658036150339e-02
1.181261658036150339e-02
1.178945713734140012e-02
1.180072506615559118e-02
1.179372675926586116e-02
1.177140255757062708e-02
1.172774825883035610e-02
1.161151087618714564e-02
1.148315444044882734e-02
1.135553907987317881e-02
1.117972083952135758e-02
1.093420436197602326e-02
1.093420436197602326e-02
1.069096448145581517e-02
1.049257392960444533e-02
1.030620544926671989e-02
1.013621275347217736e-02
9.951344486870364325e-03
9.789081539268506410e-03
9.677665656680366560e-03
9.614016114892773648e-03
9.581536783116793507e-03
9.560431634607433754e-03
9.560431634607433754e-03
9.530108678399313096e-03
9.510503603978100184e-03
9.469341624381772890e-03
9.424956998474209521e-03
9.358607061459163837e-03
9.294705400395925077e-03
9.223039231017245848e-03
9.090945486709356427e-03
8.898882761383720280e-03
8.712455829307986024e-03
8.712455829307986024e-03
8.516102797838329477e-03
8.340825980810423826e-03
8.264619096577894078e-03
8.181803353929173808e-03
8.144732580728822682e-03
8.076687135863958034e-03
8.053467774189106837e-03
8.034663587110531247e-03
7.979826787199779947e-03
7.893855681884286851e-03
7.893855681884286851e-03
7.801920877337913639e-03
7.732742442174683935e-03
7.651602622080925370e-03
7.562394607279417785e-03
7.441289334206058897e-03
7.293800364747256293e-03
7.105250644495877260e-03
6.974875257944677942e-03
6.875388535786612632e-03
6.781008499262225139e-03
6.781008499262225139e-03
6.705365472297874878e-03
6.671962433084025271e-03
6.635967379258761976e-03
6.625252915946189432e-03
6.658095884071207893e-03
6.645537079802502252e-03
6.644712876242926843e-03
6.641290318497344164e-03
6.627128555678791534e-03
6.617062839603064101e-03
6.617062839603064101e-03
7.098952355335637170e-03
7.490961593028783172e-03
7.785562701285319090e-03
7.934279301570389131e-03
7.986477089521638872e-03
7.908725125907647285e-03
7.782751774260125710e-03
7.571460484373512996e-03
7.332673511477726114e-03
7.081510244191202043e-03
7.081510244191202043e-03
6.848306617513931667e-03
6.617716525305597682e-03
6.453270680481641187e-03
6.286474446895140046e-03
6.252304206972826225e-03
6.230169027187231444e-03
6.178372455856489393e-03
6.171277444858674389e-03
6.206615351938731158e-03
6.261320713324984057e-03
6.261320713324984057e-03
6.277552674948581879e-03
6.288571127314331564e-03
6.260518630767646087e-03
6.216296798541039344e-03
6.156087008982671568e-03
6.082610084412723786e-03
5.993246254555193581e-03
5.894011127628918933e-03
5.769956531761407173e-03
5.648367554500288192e-03
5.648367554500288192e-03
5.512682613572248216e-03
5.350534971163506924e-03
5.222970386257246196e-03
4.915027320965409396e-03
4.733737174602397658e-03
4.701891741371437040e-03
4.825304035257563240e-03
4.997599107675042632e-03
5.203088477038608078e-03
5.419279730701840984e-03
5.419279730701840984e-03
5.573345580306325944e-03
5.664178481698175886e-03
5.686927839423107020e-03
5.605063588639182942e-03
5.483009078397941410e-03
5.269781474132718621e-03
5.091023535543255651e-03
4.920924254098545288e-03
4.771916305430864806e-03
4.634665924545798045e-03
4.634665924545798045e-03
4.517724715585587185e-03
4.436197298452323849e-03
4.420075910964970864e-03
4.411057052850194185e-03
4.456351129311691452e-03
4.491624234989122395e-03
4.486942079190768366e-03
4.450147035063815350e-03
4.377925365290082430e-03
4.322891225914020710e-03
4.322891225914020710e-03
4.231518273507907379e-03
4.136678262854955219e-03
4.003060272501260397e-03
3.785445460248548603e-03
3.583387755777583256e-03
3.459474709243114468e-03
3.390399705476483325e-03
3.384082782544311097e-03
3.422192106276154659e-03
3.460659372499940226e-03
3.460659372499940226e-03
3.481690890755063852e-03
3.485246166719333655e-03
3.455750221623408915e-03
3.422730224040554034e-03
3.379869249175287797e-03
3.290769601610852961e-03
3.187390576886416256e-03
3.070266208874488333e-03
2.973655311780708417e-03
2.898848664128928377e-03
2.898848664128928377e-03
2.846945601706924334e-03
2.798576598696268011e-03
2.736945358958833320e-03
2.782186428321769406e-03
2.808358448686331527e-03
2.788635469752022682e-03
2.696123173740238698e-03
2.590035308587214456e-03
2.485197649834085167e-03
2.394901825035273234e-03
2.394901825035273234e-03
2.342607461550570789e-03
2.321282703612318182e-03
2.329929309935575583e-03
2.384579185346455150e-03
2.436075712493040047e-03
2.504575909022833339e-03
2.545938323754765378e-03
2.586766935620391384e-03
2.597439467606335595e-03
2.604371850286908447e-03
2.604371850286908447e-03
2.581431463844491379e-03
2.569083398448029996e-03
2.523855131865558165e-03
2.456839918527377580e-03
2.428339876712098163e-03
2.417897212154176620e-03
2.430728275739198457e-03
2.435445684805296728e-03
2.439620252781288939e-03
2.396826746705500288e-03
2.396826746705500288e-03
2.340390601888555841e-03
2.267997439156056033e-03
2.227489936465388339e-03
2.195386217419872596e-03
2.175419286924826830e-03
2.202602236097413874e-03
2.219815758818887482e-03
2.228796580753528937e-03
2.195308690775433797e-03
2.121081033046329483e-03
2.121081033046329483e-03
2.040264137171499820e-03
1.952783146818863743e-03
1.818674726341349638e-03
1.753730693804602314e-03
1.775871526331357451e-03
1.804237662526451437e-03
1.808869188039434776e-03
1.808230766020190719e-03
1.787032881904196402e-03
1.748125180528987488e-03
1.748125180528987488e-03
1.709089796858340605e-03
1.680262630645341362e-03
1.666731685799981546e-03
1.652992993763189190e-03
1.620679538897331576e-03
1.528524222961035774e-03
1.423927246598894044e-03
1.396065026075624452e-03
1.402008920357185155e-03
1.390551458126350511e-03
1.390551458126350511e-03
1.407991662419893607e-03
1.451449573064260814e-03
1.506817090188475750e-03
1.615910446639441927e-03
1.669793372305400196e-03
1.648050590409996579e-03
1.592862994105704666e-03
1.490887775209462796e-03
1.414120111323914327e-03
1.348549268092443529e-03
1.348549268092443529e-03
1.364937942188049463e-03
1.447274411306904898e-03
1.595807136906925985e-03
1.832404780075128775e-03
2.012376998490586402e-03
2.143069549761497661e-03
2.195241837692358741e-03
2.172821448500486877e-03
2.032706708363182790e-03
1.894095824573543713e-03
1.894095824573543713e-03
1.878353311352122176e-03
1.972869304282123294e-03
2.074214568747699116e-03
2.197396534212524375e-03
2.325950933019246738e-03
2.390960659180517596e-03
2.452594288564208767e-03
2.517335645330534988e-03
2.511878716578598483e-03
2.522332876605721998e-03
2.522332876605721998e-03
2.501472719331309606e-03
2.446132684557077858e-03
2.376965012379430794e-03
2.371265503169163891e-03
2.433304251491939969e-03
2.509394569267997619e-03
2.587167116631541256e-03
2.612090908578814687e-03
2.585560057115023850e-03
2.493385374591558165e-03
2.493385374591558165e-03
2.314402552435379685e-03
2.114518496720250561e-03
2.018047293182238279e-03
1.914921646738220688e-03
1.880872339275306429e-03
1.749265813002648124e-03
1.652124031663533381e-03
1.562210135405220964e-03
1.506252131194821308e-03
1.450239484929438920e-03
1.450239484929438920e-03
1.433131223168580218e-03
1.414748307525929812e-03
1.448145503479439855e-03
1.519447663575428055e-03
1.607167295248974632e-03
1.712646561519543063e-03
1.798324344033580286e-03
1.886900909087624572e-03
1.887207728829709379e-03
1.906585501414509659e-03
1.906585501414509659e-03
1.868112041949655019e-03
1.838966896010847153e-03
1.837901507515311535e-03
1.887640675483691442e-03
1.944181857524280438e-03
1.960722867461167380e-03
1.967563066619025264e-03
1.978336217788847530e-03
2.042440222715229039e-03
2.103155860958979238e-03
2.103155860958979238e-03
2.216332965778640331e-03
2.313606868581170265e-03
2.336965246568567956e-03
2.278942501638767364e-03
2.225361025569381600e-03
2.194096766523594578e-03
2.094417753974654739e-03
2.044083759418258237e-03
2.004146665504414650e-03
1.984114574826104614e-03
1.984114574826104614e-03
1.972583031212333041e-03
1.995671141545558771e-03
2.023689606422802555e-03
2.105422417282390955e-03
2.161662436043136452e-03
2.165601171257303548e-03
2.065547941656934762e-03
2.004332309585549633e-03
1.975950526986017079e-03
1.970427624103832272e-03
1.970427624103832272e-03
1.925869225610191528e-03
1.892344871809282115e-03
1.910911960682743372e-03
1.904448464134162952e-03
1.920489516471793334e-03
1.890495067978129268e-03
1.846994058552788292e-03
1.789668651992989447e-03
1.781488229853607193e-03
1.812322691425154869e-03
1.812322691425154869e-03
1.859119287567458350e-03
1.908601809784776998e-03
1.888593849824398612e-03
1.816363782356025542e-03
1.869897341270892977e-03
1.961108537127234652e-03
2.096540604749237702e-03
2.277461081581492585e-03
2.407339751210734770e-03
2.524122657886257361e-03
2.524122657886257361e-03
2.566606507566786266e-03
2.556381002100304670e-03
2.443909653125698675e-03
2.311794788463314432e-03
2.127233751359833801e-03
1.964584977575553615e-03
1.852913867672473670e-03
1.793418084769251046e-03
1.808017135392380554e-03
1.855769737195627411e-03
1.855769737195627411e-03
1.913063512908379834e-03
1.946148395809859689e-03
1.908245662981292732e-03
1.820858664158695774e-03
1.725658904013059429e-03
1.653871383808449549e-03
1.605193630275563712e-03
1.125227897578201346e-03
1.145068703647500680e-03
1.296797255174626795e-03
1.296797255174626795e-03
1.463050441333775542e-03
1.473421791469443302e-03
1.340195080000998636e-03
1.187949250158025147e-03
1.045930125658602050e-03
9.133774943002357727e-04
8.111886793332006001e-04
7.315937321282288104e-04
6.369010595350784116e-04
5.944961081378222862e-04
5.944961081378222862e-04
5.388753847183904658e-04
5.673297412637402651e-04
7.368397044044948949e-04
9.869429808474147747e-04
1.169805503216191263e-03
1.391175504186327374e-03
1.627319888349664564e-03
1.921795308823251707e-03
2.157352479347350409e-03
2.348429952201193729e-03
2.348429952201193729e-03
2.505831974559763215e-03
2.557177153945359386e-03
2.577074934746122464e-03
2.631473251034834905e-03
2.662159611367913639e-03
2.640294723621139199e-03
2.645914235685547546e-03
2.640224943788987109e-03
2.641617646594488639e-03
2.601703563457787721e-03
2.601703563457787721e-03
2.558044148906215252e-03
2.497961608196184319e-03
2.454224561572652605e-03
2.349128062988189991e-03
2.274960922654175634e-03
2.240705152720296866e-03
2.197298442870191347e-03
2.186427999757508886e-03
2.178464091249264836e-03
2.175618137543863708e-03
2.175618137543863708e-03
2.176418197969257583e-03
2.141978342368262324e-03
2.091417985895723929e-03
2.017356905075019368e-03
1.935001052850728780e-03
1.886137502985366218e-03
1.865366863642852575e-03
1.880648521061839031e-03
1.899216852475755796e-03
1.853361818324311509e-03
1.853361818324311509e-03
1.822666477825658294e-03
1.811529273677333924e-03
1.815096158023609589e-03
1.790683914625768513e-03
1.729930072533143520e-03
1.753302307453091617e-03
1.740489762610610090e-03
1.744934978625873982e-03
1.778945430616955380e-03
1.798679676920033558e-03
1.798679676920033558e-03
1.846519549389311196e-03
1.896754476691842961e-03
1.955685582154722407e-03
2.012615607591911829e-03
2.067088571413939948e-03
2.126106807246431595e-03
2.193940839017064284e-03
2.281195145758656197e-03
2.315071106679931958e-03
2.404638282523123127e-03
2.404638282523123127e-03
2.503187253274108317e-03
2.603101345461562161e-03
2.638074475348429690e-03
2.623515507761145071e-03
2.581611966766197627e-03
2.648323396117550823e-03
2.692832563410412546e-03
2.668729959670430689e-03
2.619660819963422899e-03
2.533083048762267437e-03
2.533083048762267437e-03
2.406601391645976033e-03
2.273920243216720222e-03
2.166210630965745374e-03
2.120389551101733994e-03
2.043978100999023929e-03
2.040937394897392610e-03
2.040937394897392610e-03
1.999619721147434092e-03
1.913712286449597687e-03
1.780554909620547886e-03
1.780554909620547886e-03
1.670731312174381349e-03
1.605868045198801395e-03
1.587175789810430730e-03
1.584006803449632345e-03
1.605154326732755130e-03
1.632793439172476819e-03
1.668736969027683056e-03
1.689890398280842216e-03
1.716302170652237412e-03
1.688436258881816998e-03
1.688436258881816998e-03
1.700655279110173477e-03
1.706450137397083275e-03
1.727270242345739113e-03
1.738488844614557386e-03
1.764036216443049974e-03
1.842238569127278673e-03
1.958631142025873007e-03
2.018509586138789776e-03
2.048261467126139424e-03
1.992251026381655545e-03
1.992251026381655545e-03
1.860683388407214506e-03
1.686338142128211010e-03
1.537760798718252990e-03
1.437328737455996746e-03
1.401837817124400873e-03
1.427236701567322161e-03
1.508246257919694912e-03
1.583463544460610942e-03
1.632458162090592293e-03
1.641279955805522882e-03
1.641279955805522882e-03
1.657248605800510071e-03
1.592338455520310708e-03
1.515122409198772779e-03
1.431833402613227890e-03
1.428137773097597554e-03
1.492532175176852381e-03
1.569774074738383143e-03
1.671223337302262402e-03
1.798064075866119636e-03
1.907735484771034759e-03
