1.051562000066041946e-02
1.051562000066041946e-02
1.036614831537008286e-02
9.173220954835414886e-03
8.159544318914413452e-03
7.907604798674583435e-03
8.194943889975547791e-03
8.552821353077888489e-03
8.932804688811302185e-03
9.334191679954528809e-03
9.630036540329456329e-03
9.884730912744998932e-03
9.884730912744998932e-03
1.030908431857824326e-02
1.050026994198560715e-02
1.067207101732492447e-02
1.070951763540506363e-02
1.059683971107006073e-02
1.061510667204856873e-02
1.075879391282796860e-02
1.099657267332077026e-02
1.145756524056196213e-02
1.180589105933904648e-02
1.180589105933904648e-02
1.211243122816085815e-02
1.221232581883668900e-02
1.235199626535177231e-02
1.241138577461242676e-02
1.242583710700273514e-02
1.232387498021125793e-02
1.211896166205406189e-02
1.188261900097131729e-02
1.157918479293584824e-02
1.133823487907648087e-02
1.133823487907648087e-02
1.113095134496688843e-02
1.099732425063848495e-02
1.106160134077072144e-02
1.132969930768013000e-02
1.157172862440347672e-02
1.169628929346799850e-02
1.165010500699281693e-02
1.149703003466129303e-02
1.121282577514648438e-02
1.084035541862249374e-02
1.084035541862249374e-02
1.064321771264076233e-02
1.052950974553823471e-02
1.049294043332338333e-02
1.054969336837530136e-02
1.064342912286520004e-02
1.073554437607526779e-02
1.081612985581159592e-02
1.095491647720336914e-02
1.112889032810926437e-02
1.133641228079795837e-02
1.133641228079795837e-02
1.134992390871047974e-02
1.121845468878746033e-02
1.089488249272108078e-02
1.051555480808019638e-02
1.005993969738483429e-02
9.593863971531391144e-03
9.278332814574241638e-03
9.147469885647296906e-03
9.076653048396110535e-03
9.064552374184131622e-03
9.064552374184131622e-03
9.121546521782875061e-03
9.329867549240589142e-03
9.587573818862438202e-03
9.789095260202884674e-03
1.007251907140016556e-02
1.031620148569345474e-02
1.048259716480970383e-02
1.048208214342594147e-02
1.037777401506900787e-02
1.011944375932216644e-02
1.011944375932216644e-02
9.918894618749618530e-03
9.850709699094295502e-03
9.953756816685199738e-03
1.016429346054792404e-02
1.046986319124698639e-02
1.070709899067878723e-02
1.083043683320283890e-02
1.077159773558378220e-02
1.069297082722187042e-02
1.058241166174411774e-02
1.058241166174411774e-02
1.059462316334247589e-02
1.059645414352416992e-02
1.051095128059387207e-02
1.035969238728284836e-02
1.013437658548355103e-02
9.869706816971302032e-03
9.590576402842998505e-03
9.501202031970024109e-03
9.645667858421802521e-03
9.934125468134880066e-03
9.934125468134880066e-03
1.023859623819589615e-02
1.052519679069519043e-02
1.062063127756118774e-02
1.069510914385318756e-02
1.076364517211914062e-02
1.080887205898761749e-02
1.074559427797794342e-02
1.066144090145826340e-02
1.063292101025581360e-02
1.057230867445468903e-02
1.057230867445468903e-02
1.049853581935167313e-02
1.036239415407180786e-02
1.015735045075416565e-02
1.005720440298318863e-02
9.952855296432971954e-03
9.834329597651958466e-03
9.709377773106098175e-03
9.617825038731098175e-03
9.604486636817455292e-03
9.814690798521041870e-03
9.814690798521041870e-03
9.953100234270095825e-03
9.954720735549926758e-03
9.749815799295902252e-03
9.500948712229728699e-03
9.218988008797168732e-03
9.003191255033016205e-03
8.935489691793918610e-03
9.017170406877994537e-03
9.261380881071090698e-03
9.582873433828353882e-03
9.582873433828353882e-03
9.866972453892230988e-03
9.987358003854751587e-03
1.000885665416717529e-02
9.738466702401638031e-03
9.188414551317691803e-03
8.576907217502593994e-03
8.210035972297191620e-03
8.085377514362335205e-03
8.193562738597393036e-03
8.320785127580165863e-03
8.320785127580165863e-03
8.405915461480617523e-03
8.368496783077716827e-03
8.295249193906784058e-03
8.125314489006996155e-03
7.944253273308277130e-03
7.803456857800483704e-03
7.756458129733800888e-03
7.772551383823156357e-03
7.868231274187564850e-03
7.972931489348411560e-03
7.972931489348411560e-03
7.990703918039798737e-03
7.901755161583423615e-03
7.892457768321037292e-03
7.825972512364387512e-03
7.767066359519958496e-03
7.771492935717105865e-03
7.866178639233112335e-03
7.945673540234565735e-03
7.992528378963470459e-03
7.931622676551342010e-03
7.931622676551342010e-03
7.856427691876888275e-03
7.784916087985038757e-03
7.826290093362331390e-03
8.080743253231048584e-03
8.489531464874744415e-03
8.896591141819953918e-03
9.134837426245212555e-03
9.273107163608074188e-03
9.266603738069534302e-03
9.224829263985157013e-03
9.224829263985157013e-03
9.212668053805828094e-03
9.277878329157829285e-03
9.539214894175529480e-03
9.846324101090431213e-03
9.979926049709320068e-03
1.004532352089881897e-02
1.000101026147603989e-02
9.871520102024078369e-03
9.534908458590507507e-03
9.251409210264682770e-03
9.251409210264682770e-03
9.082506410777568817e-03
9.059621021151542664e-03
9.052637033164501190e-03
9.094706736505031586e-03
9.077897295355796814e-03
9.018436074256896973e-03
8.866896852850914001e-03
8.733403868973255157e-03
8.670897223055362701e-03
8.592938072979450226e-03
8.592938072979450226e-03
8.417672477662563324e-03
8.256244473159313202e-03
8.116975426673889160e-03
8.120249025523662567e-03
8.193654939532279968e-03
8.352070115506649017e-03
8.486902341246604919e-03
8.545767515897750854e-03
8.520859293639659882e-03
8.487768471240997314e-03
8.487768471240997314e-03
8.427009917795658112e-03
8.416869677603244781e-03
8.506336249411106110e-03
8.613199926912784576e-03
8.675547316670417786e-03
8.682128041982650757e-03
8.664738386869430542e-03
8.684918284416198730e-03
8.748244494199752808e-03
8.854607120156288147e-03
8.854607120156288147e-03
8.901682682335376740e-03
8.878370746970176697e-03
8.837663568556308746e-03
8.722319267690181732e-03
8.639358915388584137e-03
8.659833110868930817e-03
8.735854178667068481e-03
8.828075602650642395e-03
8.834354579448699951e-03
8.845828473567962646e-03
8.845828473567962646e-03
8.839416317641735077e-03
8.913135156035423279e-03
9.073639288544654846e-03
9.342678822576999664e-03
9.712005034089088440e-03
9.989931248128414154e-03
1.016584690660238266e-02
1.022765692323446274e-02
1.007187645882368088e-02
9.839775040745735168e-03
9.839775040745735168e-03
9.607629850506782532e-03
9.496539831161499023e-03
9.388739243149757385e-03
9.320500306785106659e-03
9.304113686084747314e-03
9.344034828245639801e-03
9.418158791959285736e-03
9.435317479074001312e-03
9.275586344301700592e-03
9.082046337425708771e-03
9.082046337425708771e-03
8.846195414662361145e-03
8.699887432157993317e-03
8.593530394136905670e-03
8.557900786399841309e-03
8.576832711696624756e-03
8.574835024774074554e-03
8.595538325607776642e-03
8.661552332341670990e-03
8.748391643166542053e-03
8.831677027046680450e-03
