1.630773670427617533e-02
1.630773670427617533e-02
1.597595186594468614e-02
1.562791850890090511e-02
1.486712884903327453e-02
1.420494563248062871e-02
1.357052245572117760e-02
1.298594889046152112e-02
1.236450969414421182e-02
1.166944292871039714e-02
1.098403642330003649e-02
1.028184274527601215e-02
1.028184274527601215e-02
9.529166173471071213e-03
8.879140818941453489e-03
8.218820189776515628e-03
7.604609367785925000e-03
7.005620865322582415e-03
6.344928170014629658e-03
5.784690571409553672e-03
5.262954235157385127e-03
4.633749961949412861e-03
4.114679226080250433e-03
4.114679226080250433e-03
3.699740901460965310e-03
3.237280288055087961e-03
2.897333274761202272e-03
2.608961728278807839e-03
2.312509961953297753e-03
2.089526373276039822e-03
2.030310032423975845e-03
2.004903927383929352e-03
2.137339594193144159e-03
2.210000064029652399e-03
2.210000064029652399e-03
2.170271311712244217e-03
2.160654318845869979e-03
2.231395783397303358e-03
2.300163688577198332e-03
2.438263343031634323e-03
2.632892627242808866e-03
2.764810645299326484e-03
2.946381353500365351e-03
3.171905111466385204e-03
3.444910770047688621e-03
3.444910770047688621e-03
3.631346206553738229e-03
3.794494149778860573e-03
3.876845953099325882e-03
3.924064606191415318e-03
4.012491629635604046e-03
4.042211436981126178e-03
4.202099981192956683e-03
4.330647559556812312e-03
4.505419931057730136e-03
4.750858263533225788e-03
4.750858263533225788e-03
4.984412936177780827e-03
5.070406917361928133e-03
5.061024104437916553e-03
4.882485891612307199e-03
4.708611199556199389e-03
4.457928246079677359e-03
4.222173597591428670e-03
4.033863313881697055e-03
3.863435003869618301e-03
3.545728861865168804e-03
3.545728861865168804e-03
3.215987409978920183e-03
2.883469651834293188e-03
2.523223332451346185e-03
2.309801108245402874e-03
2.278456435724064352e-03
2.386183809578788177e-03
2.342618206145560128e-03
2.144082787039097802e-03
1.893024124282028341e-03
1.719361392068075034e-03
1.719361392068075034e-03
1.653486202079586156e-03
1.884991896875972501e-03
2.269419679637278264e-03
2.633359124435761655e-03
3.493507607117966440e-03
4.136861214058847394e-03
4.643433334318471974e-03
4.799142666835774264e-03
4.601171435386558657e-03
4.329914766492181169e-03
4.329914766492181169e-03
3.779560638406095300e-03
3.184344227542325236e-03
2.656530469248484516e-03
2.316112710081152676e-03
1.975407524327729442e-03
1.688504982002515505e-03
1.757273063725923795e-03
2.184852008820082833e-03
2.773570343070828632e-03
3.327446997818959366e-03
3.327446997818959366e-03
3.892342572290082101e-03
4.384367507941035712e-03
4.853697271376054140e-03
5.329803889480288180e-03
5.807989143939035551e-03
6.164922666010156510e-03
6.293646080050037742e-03
6.248590977046374409e-03
6.263967979795091040e-03
6.060121364401076065e-03
6.060121364401076065e-03
5.837406518981717689e-03
5.552977855852680132e-03
5.287877041688233450e-03
5.192669162259406883e-03
5.100648805543149707e-03
5.112795083306194248e-03
5.131985667489409597e-03
5.201611894649351212e-03
5.344382456015283646e-03
5.483367370224138081e-03
5.483367370224138081e-03
5.701804852794993030e-03
6.129371904546185128e-03
6.551518226326877477e-03
6.968389448436416653e-03
7.373535136268157854e-03
7.658479487192447130e-03
7.785014292931271077e-03
7.571050772917946835e-03
7.394164634071494040e-03
7.361363242321420849e-03
7.361363242321420849e-03
7.373985284839613269e-03
7.458173444002512073e-03
7.472256519048981784e-03
7.446189636211924048e-03
7.424520724613551878e-03
7.278765183992142243e-03
7.130233493268783168e-03
7.068443936071557715e-03
7.131614273394732730e-03
7.380509936009787414e-03
7.380509936009787414e-03
7.624881831329921589e-03
7.406172572063890978e-03
7.333293782827742142e-03
6.806818448948503443e-03
6.394124814581123202e-03
6.100884407836138119e-03
5.992116998046643182e-03
5.942719726955101103e-03
5.925979104724352076e-03
5.908970997831996218e-03
5.908970997831996218e-03
5.923715406021981197e-03
5.954069797084790734e-03
6.020058591046748009e-03
6.146006991783936092e-03
6.210340651957742091e-03
6.197805882122274339e-03
6.094914179781140383e-03
6.002242951649404759e-03
5.964367263796128103e-03
6.029951102697560066e-03
6.029951102697560066e-03
6.282053404533062546e-03
6.591885817528992872e-03
7.124403736977142146e-03
7.503611690842548407e-03
8.030237375513605419e-03
8.347578181316255008e-03
8.514898941301616425e-03
8.494984664146634085e-03
8.224913603563699382e-03
7.778192882972023367e-03
7.778192882972023367e-03
7.221223903467979821e-03
6.713055429798684380e-03
6.269912875003409020e-03
6.002575139384617141e-03
5.855504818417559508e-03
5.771406511610756122e-03
5.939317661493063831e-03
6.133777203930692624e-03
6.352032566744969175e-03
6.527670753512785327e-03
6.527670753512785327e-03
6.709491271940125519e-03
6.872447174162175411e-03
6.964088629533410867e-03
7.087834219378979714e-03
7.262567188620698208e-03
7.188420432989529700e-03
7.061702628232304282e-03
6.815434148789204470e-03
6.610443766910744680e-03
6.610443766910744680e-03
6.610443766910744680e-03
6.307134353234594183e-03
6.058128678744732591e-03
5.550310727519137087e-03
5.248965915593861546e-03
5.064126203116046075e-03
5.055126753024849137e-03
5.176372938359073000e-03
5.277897375771414129e-03
5.445387277072801652e-03
5.659347625835925086e-03
5.659347625835925086e-03
5.914770944085029521e-03
6.276293066468085873e-03
6.589579903414193203e-03
6.818262158617729475e-03
6.972021174283024765e-03
7.088007491194280897e-03
7.078925513666914360e-03
6.843621612869790760e-03
6.489483172034505448e-03
6.155711532703762520e-03
6.155711532703762520e-03
5.870923327661819666e-03
5.755180697912586595e-03
5.721428534049126727e-03
5.834423799375354144e-03
5.904217940250466694e-03
6.073055938052073464e-03
6.228732391205481916e-03
6.400500019734328694e-03
6.576218375824646571e-03
6.780814272564274561e-03
6.780814272564274561e-03
6.965221434392361230e-03
6.789094867627808866e-03
6.616020207261718439e-03
6.428688172184100422e-03
6.242327857348195681e-03
6.092364029714522795e-03
5.906920514113931514e-03
5.790142109158943028e-03
5.790142109158943028e-03
5.712237663344316325e-03
5.712237663344316325e-03
5.655827192670798143e-03
5.634706080119978103e-03
5.571892784774858977e-03
5.473394603525699384e-03
5.393788327140123205e-03
4.836370213466602459e-03
4.638742386817528048e-03
4.642334689064731186e-03
4.695234199362655243e-03
4.729590515916176630e-03
4.729590515916176630e-03
4.712729061131092946e-03
4.811249204111515965e-03
5.034836925851191719e-03
5.437059901096780688e-03
6.013393198341689984e-03
6.681126201273382414e-03
7.425391972683659247e-03
8.006738191313195543e-03
8.020667926724057289e-03
8.027394837522365892e-03
8.027394837522365892e-03
8.016580818638903774e-03
7.984384932020726841e-03
7.990578231192408884e-03
8.041990295403433214e-03
8.212881731757696105e-03
8.402233785299617272e-03
8.620100481458933817e-03
8.875047775504707817e-03
9.053633616279754825e-03
9.179436342485402037e-03
9.179436342485402037e-03
9.442267883508607268e-03
9.654842762859251748e-03
9.818266798310276364e-03
9.886773523447859452e-03
9.888980047419022174e-03
9.837903996162460085e-03
1.004549211342229548e-02
1.019186850160640201e-02
1.026250663500847399e-02
1.025623859122828420e-02
1.025623859122828420e-02
1.020089847740075772e-02
1.012898480009050139e-02
1.007075713181345214e-02
9.982876899358986492e-03
9.910414125213443115e-03
9.792502501067227444e-03
9.702849794857845711e-03
9.702849794857845711e-03
9.624607836542974082e-03
9.649621414014561069e-03
9.649621414014561069e-03
9.761555549763652889e-03
9.882088975383271356e-03
9.956046822885894487e-03
9.956046822885894487e-03
1.009645232711204113e-02
1.021352722417781175e-02
1.021352722417781175e-02
1.021352722417781175e-02
1.021352722417781175e-02
1.032172526333444314e-02
1.032172526333444314e-02
1.038741660869949707e-02
1.042069588359479521e-02
1.033162968601159144e-02
1.021334667709259715e-02
1.011863536956442676e-02
9.611213023262329957e-03
9.276835923585578444e-03
9.147882776084729009e-03
9.105694883248888205e-03
9.105694883248888205e-03
9.105694883248888205e-03
9.178344013019663211e-03
9.424709488065062188e-03
9.723177079569276030e-03
9.992737332249174154e-03
1.014582821906911611e-02
1.025090898370357474e-02
1.014579212296513704e-02
9.962587931764957036e-03
9.752457715088405990e-03
9.478103771058881549e-03
9.478103771058881549e-03
9.144121168731051547e-03
9.064120987864037263e-03
9.039905713896179140e-03
9.012507172854719584e-03
8.921016330366984132e-03
8.721400459513020328e-03
8.517629379114080926e-03
8.371818081151624971e-03
8.240589639827862120e-03
8.187355886507553457e-03
8.187355886507553457e-03
8.172041529082399100e-03
8.081437251543206746e-03
8.001652391365058140e-03
7.965464243472535760e-03
7.990116800198964614e-03
8.053985163892779173e-03
7.999767577242107922e-03
7.904957309856299255e-03
7.848381877593063952e-03
7.761973435035775769e-03
7.761973435035775769e-03
7.728378630074495340e-03
7.749270262061003049e-03
7.753119633870366942e-03
7.827384869765740064e-03
7.917744858131393199e-03
7.937778080489402838e-03
7.964714052904683581e-03
7.946322353888649742e-03
7.949620815471292179e-03
7.995929950338704142e-03
7.995929950338704142e-03
7.993808389555026941e-03
8.009706540585906018e-03
8.003913048760472743e-03
8.013191879922906477e-03
8.028453819360533913e-03
8.139192032503820770e-03
8.286455221857835785e-03
8.479150270107992798e-03
8.629391278531144474e-03
8.751435379430311939e-03
8.751435379430311939e-03
8.751435379430311939e-03
8.731711201360646546e-03
8.659091512589435144e-03
8.640271798281621077e-03
8.610973446829386924e-03
8.600082402361295536e-03
8.608156099563358046e-03
8.642064130093676799e-03
8.703967935131571090e-03
8.744706606870168361e-03
8.744706606870168361e-03
8.792861843821622725e-03
8.818232326895394935e-03
8.826824363059397258e-03
8.732403767746329745e-03
8.620426476637653435e-03
8.490276806413234525e-03
8.392076011290975149e-03
8.310489255215242066e-03
8.259236885538145945e-03
8.242082069782542125e-03
8.242082069782542125e-03
8.243762699339057115e-03
8.351092965720577355e-03
8.363507695726871138e-03
8.409806717144460708e-03
8.507644819055215982e-03
8.606769122482796699e-03
8.720453666743050933e-03
8.775116846410758661e-03
8.825002110645002035e-03
8.803237690927490783e-03
8.803237690927490783e-03
8.729523952200272940e-03
8.634011732849120394e-03
8.559495503061325533e-03
8.466340476235465276e-03
8.189659449906804695e-03
7.992349593107564085e-03
7.859765982328976303e-03
7.720563816292399725e-03
7.656192311774157738e-03
7.597829968686326853e-03
7.597829968686326853e-03
7.641315677540331218e-03
7.764657095185147420e-03
7.966263510681118390e-03
8.636718529674429143e-03
9.154087964243247735e-03
9.622174038202023841e-03
9.846770558147484309e-03
1.004099286673713551e-02
9.965183909603651802e-03
9.835704657618297292e-03
9.835704657618297292e-03
9.734559761142156514e-03
9.610751309642102599e-03
9.502852336793503676e-03
9.438196566769228163e-03
9.389740040998323378e-03
9.358869116692406301e-03
9.348921088550388864e-03
9.398440090638539302e-03
9.522237619951502696e-03
9.676203384851717743e-03
9.676203384851717743e-03
9.740521469275190136e-03
9.735218625020566896e-03
9.664693987159619915e-03
9.399108075301348258e-03
9.178157041495601381e-03
9.027071212295715089e-03
8.996017835925344819e-03
8.924454016939633791e-03
8.862921577717669877e-03
8.885645473297379762e-03
8.885645473297379762e-03
8.721905036609954934e-03
8.677785116185146932e-03
8.704038604450129585e-03
8.789265346702462844e-03
8.856976331343018038e-03
8.959102939848539310e-03
9.081379368022094237e-03
9.168287815737710678e-03
9.259652341385626526e-03
9.239389188530502603e-03
9.239389188530502603e-03
9.194061165159632398e-03
9.101728575927569426e-03
8.955628906190664373e-03
8.829003916922081863e-03
8.768942385638840362e-03
8.684667167684194736e-03
8.613954556446623209e-03
8.467525732809150218e-03
8.308257672583800602e-03
8.221827983544986035e-03
8.221827983544986035e-03
8.229069405461818948e-03
8.282666084789398753e-03
8.331748291759312822e-03
8.443495580095021144e-03
8.427831881420808080e-03
8.411412226750451804e-03
8.416536713541190179e-03
8.391266279357600943e-03
8.316565855857199069e-03
8.130680702868684634e-03
8.130680702868684634e-03
7.926316463771588064e-03
7.782584272851887294e-03
7.681690298429666094e-03
7.631116810438563769e-03
7.582528337179455201e-03
7.536257147248918986e-03
7.514699448730476940e-03
7.564812074560626522e-03
7.593665071310496881e-03
7.711000574643300798e-03
7.711000574643300798e-03
7.818422145135747389e-03
7.919351071441692660e-03
7.965716747000863365e-03
8.011976397393934246e-03
8.148008748123198794e-03
8.269392220067900076e-03
8.327767840870203137e-03
8.336084961229008397e-03
8.265132247279007721e-03
8.238610113676153937e-03
8.238610113676153937e-03
8.106034064130965971e-03
8.224846494896015728e-03
8.303049129127135913e-03
8.345851915403330878e-03
8.318892462650660444e-03
8.210284031719692829e-03
8.044329868527780314e-03
7.843330036922670570e-03
7.732710294122816658e-03
7.784946149942215815e-03
7.784946149942215815e-03
7.842094748996874046e-03
7.718892485675747650e-03
7.614405858006878525e-03
7.566145409283115894e-03
7.545046229934172094e-03
7.495711589079257116e-03
7.454534670616434419e-03
7.449134923778229743e-03
7.438824191823193745e-03
7.493211783932263344e-03
7.493211783932263344e-03
7.557974886786466596e-03
7.659178030272924785e-03
7.795440262878861742e-03
7.938927821105144084e-03
7.994848852347313101e-03
7.985418637460613145e-03
7.874637414267016827e-03
7.726601670718546283e-03
7.611237043879586460e-03
7.562835876713862489e-03
7.562835876713862489e-03
7.434605781703993582e-03
7.278340833809123639e-03
7.168673617277397138e-03
7.144338853246045076e-03
7.211982560798692668e-03
7.317503300077080747e-03
7.438945984541822827e-03
7.456857116068866219e-03
7.418874502115605819e-03
7.366690792673099425e-03
7.366690792673099425e-03
7.332386807958930428e-03
7.529391241965180392e-03
7.512882246818970884e-03
7.487462990856992226e-03
7.463376870556594558e-03
7.423901251862052159e-03
7.404955295244645963e-03
7.445262347511547550e-03
7.517758188978818090e-03
7.581855355578094070e-03
7.581855355578094070e-03
7.667084618658695679e-03
7.760234465270956714e-03
7.715943179626748652e-03
7.763290668227877493e-03
7.800825290689551370e-03
7.747123443115329876e-03
7.714765190987319006e-03
7.717561362466806088e-03
7.686295028253999073e-03
7.635701085761935694e-03
7.635701085761935694e-03
7.562240143861673029e-03
7.478544414480648751e-03
7.378160376794049014e-03
7.317935659383617390e-03
7.235411915563963806e-03
7.188687231137982046e-03
7.147950496156171840e-03
7.152316379810660062e-03
7.428742945301733056e-03
7.656194330166552799e-03
7.656194330166552799e-03
7.855269494448532258e-03
7.901689448023932125e-03
7.932015773805168105e-03
7.981347213650090422e-03
8.013682065597934473e-03
8.074412206587163604e-03
8.181381646831601892e-03
8.252519576575075705e-03
8.252519576575075705e-03
8.252519576575075705e-03
8.252519576575075705e-03
8.321170973236341473e-03
8.364646954989786790e-03
8.280991344432667850e-03
8.197454299593360388e-03
8.086720055686448874e-03
8.056238490498864036e-03
8.114379776956299334e-03
8.120552952857525153e-03
8.051436879545844499e-03
7.917897264931608031e-03
7.917897264931608031e-03
7.917781173064786931e-03
8.026061041467521390e-03
8.191521480379951314e-03
8.333746254293696726e-03
8.481294764381976450e-03
8.921137926992110667e-03
9.313409383896775404e-03
9.574777589811617542e-03
9.729933384644081848e-03
9.712422301727655083e-03
9.712422301727655083e-03
9.641981803972786771e-03
9.548922025876911343e-03
9.403114588345284561e-03
9.301217785530927276e-03
9.245215716416822771e-03
9.251716844933881648e-03
9.306160559612348601e-03
9.299178200434599431e-03
9.271645741363699830e-03
9.295755703546937018e-03
9.295755703546937018e-03
9.311823212038968303e-03
9.307436077156032092e-03
9.259214008888962469e-03
9.152217799255700503e-03
8.955673368373273657e-03
8.851762135536215062e-03
8.748890516071578319e-03
8.652355749449884559e-03
8.578532448660414200e-03
8.456135775512145861e-03
8.456135775512145861e-03
8.255630341290136689e-03
8.066514606401484905e-03
7.956591617288630638e-03
7.876018582369378671e-03
7.877355865715899089e-03
7.911142177663728695e-03
7.943438332074106642e-03
7.940823003013929016e-03
7.893113120401248212e-03
7.849839815597980594e-03
7.849839815597980594e-03
7.822257982784450170e-03
7.850553640781009548e-03
7.950261996801027270e-03
8.010962291063067689e-03
8.030600220660249339e-03
7.919154089265348015e-03
7.770054190652566847e-03
7.608581405642873136e-03
7.437569834628018385e-03
7.296079843889028554e-03
7.296079843889028554e-03
7.194057085416341764e-03
7.130045827675605789e-03
7.112322572476324073e-03
7.091214388568468398e-03
7.119015542191648588e-03
7.239794628430922668e-03
7.502197223475601251e-03
7.752436694119601776e-03
7.957071888803920676e-03
8.450467803896549723e-03
8.450467803896549723e-03
8.832147617812837609e-03
9.026104072003172593e-03
9.079155130069916854e-03
8.969197299003374077e-03
8.770797175079825952e-03
8.460404924382686209e-03
8.169933969545413455e-03
7.883860662508478112e-03
7.592850045893074877e-03
7.392133809213043312e-03
7.392133809213043312e-03
7.254493343363845048e-03
7.208912084074648764e-03
7.267893753957439980e-03
7.255512840825117417e-03
7.326063739484606208e-03
7.329929851821708441e-03
7.289256012956923762e-03
7.289052204610900997e-03
7.323234234504155324e-03
7.443303985030918883e-03
