4.722055420279502869e-02
4.722468927502632141e-02
4.732149466872215271e-02
4.751355946063995361e-02
4.777598753571510315e-02
4.794931784272193909e-02
4.821245744824409485e-02
4.834857210516929626e-02
4.847791045904159546e-02
4.821088165044784546e-02
4.804105311632156372e-02
4.804105311632156372e-02
4.753801971673965454e-02
4.713000357151031494e-02
4.664905369281768799e-02
4.608863964676856995e-02
4.567483440041542053e-02
4.532066360116004944e-02
4.506082832813262939e-02
4.494698718190193176e-02
4.492658004164695740e-02
4.468106478452682495e-02
4.468106478452682495e-02
4.459563270211219788e-02
4.442086070775985718e-02
4.433493316173553467e-02
4.443783685564994812e-02
4.433665797114372253e-02
4.434962943196296692e-02
4.432515799999237061e-02
4.428688436746597290e-02
4.419757425785064697e-02
4.397127404808998108e-02
4.397127404808998108e-02
4.377967119216918945e-02
4.362184181809425354e-02
4.337365180253982544e-02
4.319478943943977356e-02
4.301336407661437988e-02
4.281531274318695068e-02
4.249954968690872192e-02
4.215894266963005066e-02
4.185756668448448181e-02
4.164021089673042297e-02
4.164021089673042297e-02
4.144405201077461243e-02
4.116313904523849487e-02
4.092143476009368896e-02
4.077624902129173279e-02
4.069990664720535278e-02
4.064456745982170105e-02
4.085078090429306030e-02
4.105185717344284058e-02
4.126188904047012329e-02
4.142855480313301086e-02
4.142855480313301086e-02
4.161254689097404480e-02
4.179186001420021057e-02
4.190874099731445312e-02
4.206708073616027832e-02
4.219383746385574341e-02
4.237677156925201416e-02
4.253060743212699890e-02
4.268076643347740173e-02
4.282366111874580383e-02
4.295418784022331238e-02
4.295418784022331238e-02
4.308377578854560852e-02
4.316933825612068176e-02
4.330227524042129517e-02
4.340546578168869019e-02
4.345046356320381165e-02
4.347435012459754944e-02
4.343322664499282837e-02
4.338369145989418030e-02
4.331201314926147461e-02
4.323922097682952881e-02
4.323922097682952881e-02
4.318900406360626221e-02
4.316934570670127869e-02
4.319674521684646606e-02
4.296300187706947327e-02
4.277516901493072510e-02
4.256701841950416565e-02
4.232752695679664612e-02
4.204947873950004578e-02
4.177448898553848267e-02
4.146141931414604187e-02
4.146141931414604187e-02
4.119168967008590698e-02
4.096170514822006226e-02
4.074030742049217224e-02
4.057345539331436157e-02
4.040202498435974121e-02
4.023974388837814331e-02
4.011368378996849060e-02
4.000925645232200623e-02
3.987031802535057068e-02
3.973629698157310486e-02
3.973629698157310486e-02
3.961937502026557922e-02
3.946446254849433899e-02
3.930800035595893860e-02
3.926623985171318054e-02
3.921353444457054138e-02
3.914429992437362671e-02
3.918207809329032898e-02
3.921538591384887695e-02
3.930817544460296631e-02
3.939500078558921814e-02
3.939500078558921814e-02
3.939678892493247986e-02
3.942673653364181519e-02
3.943468630313873291e-02
3.937857598066329956e-02
3.932711854577064514e-02
3.927930444478988647e-02
3.918391466140747070e-02
3.903212398290634155e-02
3.887641057372093201e-02
3.871822729706764221e-02
3.871822729706764221e-02
3.858521580696105957e-02
3.847455978393554688e-02
3.838394209742546082e-02
3.833995014429092407e-02
3.825998306274414062e-02
3.812452033162117004e-02
3.802962601184844971e-02
3.792840987443923950e-02
3.780085220932960510e-02
3.770904615521430969e-02
3.770904615521430969e-02
3.759557753801345825e-02
3.752687573432922363e-02
3.745100274682044983e-02
3.777873888611793518e-02
3.807946667075157166e-02
3.833072632551193237e-02
3.861724212765693665e-02
3.889367729425430298e-02
3.916874527931213379e-02
3.943815082311630249e-02
3.943815082311630249e-02
3.963465616106987000e-02
3.979567065834999084e-02
3.992998600006103516e-02
3.999190032482147217e-02
4.001878574490547180e-02
4.000106081366539001e-02
4.005821421742439270e-02
4.005622118711471558e-02
3.996899351477622986e-02
3.984045237302780151e-02
3.984045237302780151e-02
3.977588936686515808e-02
3.971335291862487793e-02
3.968625515699386597e-02
3.965042158961296082e-02
3.964726626873016357e-02
3.979649394750595093e-02
3.993927687406539917e-02
4.002181068062782288e-02
4.004648700356483459e-02
4.013305157423019409e-02
4.013305157423019409e-02
4.015863686800003052e-02
4.015912860631942749e-02
4.011944681406021118e-02
4.008534923195838928e-02
4.001002013683319092e-02
3.986325860023498535e-02
3.974154591560363770e-02
3.959101811051368713e-02
3.943376988172531128e-02
3.921328485012054443e-02
3.921328485012054443e-02
3.901644051074981689e-02
3.880593180656433105e-02
3.863845020532608032e-02
3.844721987843513489e-02
3.823721408843994141e-02
3.801095858216285706e-02
3.776491433382034302e-02
3.750622272491455078e-02
3.732929751276969910e-02
3.710434585809707642e-02
3.710434585809707642e-02
3.698633238673210144e-02
3.681060299277305603e-02
3.658060729503631592e-02
3.634353727102279663e-02
3.607002645730972290e-02
3.577937930822372437e-02
3.554587811231613159e-02
3.535898029804229736e-02
3.505592048168182373e-02
3.481519222259521484e-02
3.481519222259521484e-02
3.445208445191383362e-02
3.403208404779434204e-02
3.363102674484252930e-02
3.316411375999450684e-02
3.265401721000671387e-02
3.221482038497924805e-02
3.174150735139846802e-02
3.131924197077751160e-02
3.083763271570205688e-02
3.040797822177410126e-02
3.040797822177410126e-02
3.010329604148864746e-02
2.974874898791313171e-02
2.948091179132461548e-02
2.922715246677398682e-02
2.899332717061042786e-02
2.884984388947486877e-02
2.866881154477596283e-02
2.852283790707588196e-02
2.839695289731025696e-02
2.828458324074745178e-02
2.828458324074745178e-02
2.824079990386962891e-02
2.821210399270057678e-02
2.815860137343406677e-02
2.805805765092372894e-02
2.797943353652954102e-02
2.795095741748809814e-02
2.792792208492755890e-02
2.782888337969779968e-02
2.770577929913997650e-02
2.747428789734840393e-02
2.747428789734840393e-02
2.706066519021987915e-02
2.658052742481231689e-02
2.609911561012268066e-02
2.555809542536735535e-02
2.512037754058837891e-02
2.476580068469047546e-02
2.445713244378566742e-02
2.405796758830547333e-02
2.364091947674751282e-02
2.327022515237331390e-02
2.327022515237331390e-02
2.279748767614364624e-02
2.239193022251129150e-02
2.215393260121345520e-02
2.188193425536155701e-02
2.171432599425315857e-02
2.145438641309738159e-02
2.118743956089019775e-02
2.101201936602592468e-02
2.074976079165935516e-02
2.048211172223091125e-02
2.048211172223091125e-02
2.023588120937347412e-02
1.996616087853908539e-02
1.965954340994358063e-02
1.928813755512237549e-02
1.901153102517127991e-02
1.879399456083774567e-02
1.855023950338363647e-02
1.828001253306865692e-02
1.806595735251903534e-02
1.777783408761024475e-02
1.777783408761024475e-02
1.740612462162971497e-02
1.700219511985778809e-02
1.646566577255725861e-02
1.596675813198089600e-02
1.558602601289749146e-02
1.532711461186408997e-02
1.507226657122373581e-02
1.484728604555130005e-02
1.465865410864353180e-02
1.462091784924268723e-02
1.462091784924268723e-02
1.451220177114009857e-02
1.442379970103502274e-02
1.425935328006744385e-02
1.405372377485036850e-02
1.376897748559713364e-02
1.341322995722293854e-02
1.314603164792060852e-02
1.312266103923320770e-02
1.306431926786899567e-02
1.305624935775995255e-02
1.305624935775995255e-02
1.303186826407909393e-02
1.305914856493473053e-02
1.305297017097473145e-02
1.309301145374774933e-02
1.306110434234142303e-02
1.305269356817007065e-02
1.307521108537912369e-02
1.301587652415037155e-02
1.305688824504613876e-02
1.305753178894519806e-02
1.305753178894519806e-02
1.304173935204744339e-02
1.311647240072488785e-02
1.307458896189928055e-02
1.318059116601943970e-02
1.324399188160896301e-02
1.319770514965057373e-02
1.313663739711046219e-02
1.295970194041728973e-02
1.284030266106128693e-02
1.264476776123046875e-02
1.264476776123046875e-02
1.257156487554311752e-02
1.249372214078903198e-02
1.242775376886129379e-02
1.247518789023160934e-02
1.257570739835500717e-02
1.265301089733839035e-02
1.283496152609586716e-02
1.299560349434614182e-02
1.307151094079017639e-02
1.303008198738098145e-02
1.303008198738098145e-02
1.318841241300106049e-02
1.325976196676492691e-02
1.430372521281242371e-02
1.526247616857290268e-02
1.612739451229572296e-02
1.696745678782463074e-02
1.772046089172363281e-02
1.835026592016220093e-02
1.884974911808967590e-02
1.914953812956809998e-02
1.914953812956809998e-02
1.992380060255527496e-02
2.062471210956573486e-02
2.131754532456398010e-02
2.189037203788757324e-02
2.234627120196819305e-02
2.257312647998332977e-02
2.270704507827758789e-02
2.282794751226902008e-02
2.284375578165054321e-02
2.276234515011310577e-02
2.276234515011310577e-02
2.262422256171703339e-02
2.249692566692829132e-02
2.226305380463600159e-02
2.209780365228652954e-02
2.197195403277873993e-02
2.185490727424621582e-02
2.175593003630638123e-02
2.176279947161674500e-02
2.178708836436271667e-02
2.180196903645992279e-02
2.180196903645992279e-02
2.176726795732975006e-02
2.170406468212604523e-02
2.163922972977161407e-02
2.151196636259555817e-02
2.136451192200183868e-02
2.130725421011447906e-02
2.125203423202037811e-02
2.118161134421825409e-02
2.105257473886013031e-02
2.097523584961891174e-02
2.097523584961891174e-02
2.080838941037654877e-02
2.064882963895797729e-02
2.039216831326484680e-02
2.018593996763229370e-02
1.997554861009120941e-02
1.977233961224555969e-02
1.962236687541007996e-02
1.955795288085937500e-02
1.941529102623462677e-02
1.927676238119602203e-02
1.927676238119602203e-02
1.910640858113765717e-02
1.894641108810901642e-02
1.873535849153995514e-02
1.865383610129356384e-02
1.848464459180831909e-02
1.839095912873744965e-02
1.822545006871223450e-02
1.806698180735111237e-02
1.795939356088638306e-02
1.770355179905891418e-02
1.770355179905891418e-02
1.751735061407089233e-02
1.729173585772514343e-02
1.708089560270309448e-02
1.690794341266155243e-02
1.684278994798660278e-02
1.680564135313034058e-02
1.675518415868282318e-02
1.664670556783676147e-02
1.654411293566226959e-02
1.639730855822563171e-02
1.639730855822563171e-02
1.627890765666961670e-02
1.627299748361110687e-02
1.633713394403457642e-02
1.645460724830627441e-02
1.654757186770439148e-02
1.663923822343349457e-02
1.672350987792015076e-02
1.685677655041217804e-02
1.695807836949825287e-02
1.702592894434928894e-02
1.702592894434928894e-02
1.715454645454883575e-02
1.736001856625080109e-02
1.752234995365142822e-02
1.778114400804042816e-02
1.787360198795795441e-02
1.804123260080814362e-02
1.825872249901294708e-02
1.848912984132766724e-02
1.856522634625434875e-02
1.856497861444950104e-02
1.856497861444950104e-02
1.854926906526088715e-02
1.847837306559085846e-02
1.839425042271614075e-02
1.835045590996742249e-02
1.821885444223880768e-02
1.808153465390205383e-02
1.796562597155570984e-02
1.786924898624420166e-02
1.788181252777576447e-02
1.809256896376609802e-02
1.809256896376609802e-02
1.823407039046287537e-02
1.834409311413764954e-02
1.847505941987037659e-02
1.855856366455554962e-02
1.861034147441387177e-02
1.871020719408988953e-02
1.888429373502731323e-02
1.898842491209506989e-02
1.911773905158042908e-02
1.917083188891410828e-02
1.917083188891410828e-02
1.920033246278762817e-02
1.928442530333995819e-02
1.947680488228797913e-02
1.956605166196823120e-02
1.964545063674449921e-02
1.966241002082824707e-02
1.969087682664394379e-02
1.970397680997848511e-02
1.964122429490089417e-02
1.950685493648052216e-02
1.950685493648052216e-02
1.940291747450828552e-02
1.937114074826240540e-02
1.919884607195854187e-02
1.900076307356357574e-02
1.881297118961811066e-02
1.856244914233684540e-02
1.839762367308139801e-02
1.827544718980789185e-02
1.818690635263919830e-02
1.806433685123920441e-02
1.806433685123920441e-02
1.788758672773838043e-02
1.770351640880107880e-02
1.753466576337814331e-02
1.744662784039974213e-02
1.734715700149536133e-02
1.718348637223243713e-02
1.701440848410129547e-02
1.690252497792243958e-02
1.675754785537719727e-02
1.660561561584472656e-02
1.660561561584472656e-02
1.648125052452087402e-02
1.637564413249492645e-02
1.626009866595268250e-02
1.617336831986904144e-02
1.622138917446136475e-02
1.621548086404800415e-02
1.621603406965732574e-02
1.624348014593124390e-02
1.622768864035606384e-02
1.620360277593135834e-02
1.620360277593135834e-02
1.620990037918090820e-02
1.628267019987106323e-02
1.636505126953125000e-02
1.648446731269359589e-02
1.653972826898097992e-02
1.662960089743137360e-02
1.666289381682872772e-02
1.667278073728084564e-02
1.658715121448040009e-02
1.661927811801433563e-02
1.661927811801433563e-02
1.667061820626258850e-02
1.669736392796039581e-02
1.680547557771205902e-02
1.685266196727752686e-02
1.691009663045406342e-02
1.689251512289047241e-02
1.684200763702392578e-02
1.670876517891883850e-02
1.656276918947696686e-02
1.628638617694377899e-02
1.628638617694377899e-02
1.599924452602863312e-02
1.573648303747177124e-02
1.547913439571857452e-02
1.522196084260940552e-02
1.498503331094980240e-02
1.469258032739162445e-02
1.430729776620864868e-02
1.387465372681617737e-02
1.343768648803234100e-02
1.306299027055501938e-02
1.306299027055501938e-02
1.271862909197807312e-02
1.230911072343587875e-02
1.184911560267210007e-02
1.143198739737272263e-02
1.085477788001298904e-02
1.041678991168737411e-02
9.935002774000167847e-03
9.383372962474822998e-03
8.912964724004268646e-03
8.444618433713912964e-03
8.444618433713912964e-03
7.983093149960041046e-03
7.520356215536594391e-03
7.024217396974563599e-03
6.461676675826311111e-03
5.925326142460107803e-03
5.377409514039754868e-03
4.869030322879552841e-03
4.473525565117597580e-03
4.096866585314273834e-03
3.790929680690169334e-03
3.790929680690169334e-03
3.476017154753208160e-03
3.158482024446129799e-03
2.849640091881155968e-03
2.613317454233765602e-03
2.521178219467401505e-03
2.545665018260478973e-03
2.652366878464818001e-03
2.869291696697473526e-03
3.111087018623948097e-03
3.426905255764722824e-03
3.426905255764722824e-03
3.864211030304431915e-03
4.126686602830886841e-03
4.279789049178361893e-03
4.243922419846057892e-03
4.209689795970916748e-03
4.087572451680898666e-03
3.952092956751585007e-03
3.704308997839689255e-03
3.457915969192981720e-03
3.427611663937568665e-03
3.427611663937568665e-03
3.347229911014437675e-03
3.219958394765853882e-03
3.185595618560910225e-03
3.112436970695853233e-03
3.060106886550784111e-03
2.930909628048539162e-03
2.836648607626557350e-03
3.001730889081954956e-03
3.232741495594382286e-03
3.484432818368077278e-03
