1.341088302433490753e-02
1.937168836593627930e-02
2.069011889398097992e-02
2.086057513952255249e-02
2.056436613202095032e-02
2.056371979415416718e-02
1.889802329242229462e-02
1.712984964251518250e-02
1.561823207885026932e-02
1.502672303467988968e-02
1.614966616034507751e-02
1.614966616034507751e-02
1.610464602708816528e-02
1.535104960203170776e-02
1.497883070260286331e-02
1.457362435758113861e-02
1.482349913567304611e-02
1.557424943894147873e-02
1.670280471444129944e-02
1.815274357795715332e-02
1.892738230526447296e-02
1.959997601807117462e-02
1.959997601807117462e-02
1.990415528416633606e-02
2.014013752341270447e-02
2.018537558615207672e-02
2.073539420962333679e-02
2.149723097681999207e-02
2.156122401356697083e-02
2.202421426773071289e-02
2.269551157951354980e-02
2.250942215323448181e-02
2.251216024160385132e-02
2.251216024160385132e-02
2.271519228816032410e-02
2.453245222568511963e-02
2.592089213430881500e-02
2.805304527282714844e-02
3.007353655993938446e-02
3.144793212413787842e-02
3.223611041903495789e-02
3.268648684024810791e-02
3.289448469877243042e-02
3.340164944529533386e-02
3.340164944529533386e-02
3.394852206110954285e-02
3.449221327900886536e-02
3.462473303079605103e-02
3.509297966957092285e-02
3.400656208395957947e-02
3.302980214357376099e-02
3.192997723817825317e-02
3.141584992408752441e-02
3.083814121782779694e-02
3.070462495088577271e-02
3.070462495088577271e-02
3.035679273307323456e-02
2.983943559229373932e-02
2.870724909007549286e-02
2.792972698807716370e-02
2.693441696465015411e-02
2.588081173598766327e-02
2.436692081391811371e-02
2.270247973501682281e-02
2.108614891767501831e-02
1.997722312808036804e-02
1.997722312808036804e-02
1.968824118375778198e-02
1.998019590973854065e-02
2.176413498818874359e-02
2.325353212654590607e-02
2.524101920425891876e-02
2.612703479826450348e-02
2.681609056890010834e-02
2.720406465232372284e-02
2.648150548338890076e-02
2.612188458442687988e-02
2.612188458442687988e-02
2.448140829801559448e-02
2.272968553006649017e-02
2.184161543846130371e-02
2.035494148731231689e-02
1.910140179097652435e-02
1.751909404993057251e-02
1.690426096320152283e-02
1.574555598199367523e-02
1.530419569462537766e-02
1.718221604824066162e-02
1.718221604824066162e-02
1.938200928270816803e-02
2.177298814058303833e-02
2.298540063202381134e-02
2.408754266798496246e-02
2.580160275101661682e-02
2.726220712065696716e-02
2.806532941758632660e-02
2.834257110953330994e-02
2.788058295845985413e-02
2.735036425292491913e-02
2.735036425292491913e-02
2.659052796661853790e-02
2.645810693502426147e-02
2.570082619786262512e-02
2.478835545480251312e-02
2.379495836794376373e-02
2.194884605705738068e-02
2.025677822530269623e-02
1.944272592663764954e-02
1.802349276840686798e-02
1.639329642057418823e-02
1.639329642057418823e-02
1.475915126502513885e-02
1.392525807023048401e-02
1.321295741945505142e-02
1.240548025816679001e-02
1.187319494783878326e-02
1.072909962385892868e-02
1.019600313156843185e-02
1.000056322664022446e-02
9.678944945335388184e-03
9.301029145717620850e-03
9.301029145717620850e-03
9.768339805305004120e-03
1.174485497176647186e-02
1.458811853080987930e-02
1.620942354202270508e-02
1.712108217179775238e-02
1.656361855566501617e-02
1.617460325360298157e-02
1.681592501699924469e-02
1.696791127324104309e-02
1.738642342388629913e-02
1.738642342388629913e-02
1.829763315618038177e-02
1.907506398856639862e-02
2.021389827132225037e-02
2.062016539275646210e-02
2.150618098676204681e-02
2.171727269887924194e-02
2.171231061220169067e-02
2.232512645423412323e-02
2.177499048411846161e-02
2.067647688090801239e-02
2.067647688090801239e-02
1.903971284627914429e-02
1.783992908895015717e-02
1.574585773050785065e-02
1.290021277964115143e-02
1.156729087233543396e-02
1.145133096724748611e-02
1.296577882021665573e-02
1.539875939488410950e-02
1.671188138425350189e-02
1.661915332078933716e-02
