2.487861178815364838e-02
2.487861178815364838e-02
2.445235662162303925e-02
2.356185391545295715e-02
2.274720557034015656e-02
2.190165966749191284e-02
2.080691978335380554e-02
1.969937235116958618e-02
1.888906955718994141e-02
1.827462017536163330e-02
1.753025129437446594e-02
1.717765443027019501e-02
1.717765443027019501e-02
1.675293222069740295e-02
1.633431576192378998e-02
1.635881327092647552e-02
1.601759716868400574e-02
1.573908887803554535e-02
1.647363230586051941e-02
1.714034005999565125e-02
1.770449243485927582e-02
1.822437345981597900e-02
1.866947300732135773e-02
