2.627103993636571710e-02
2.575193289143698841e-02
2.471546091530032324e-02
2.371912576073622464e-02
2.273917853070663714e-02
2.215567298907808111e-02
2.191793894766572853e-02
2.183507185391489816e-02
2.165440080065635445e-02
2.127510150726911672e-02
2.087235112986293370e-02
2.087235112986293370e-02
2.051466448254359379e-02
2.009378849843073550e-02
1.943928370739289938e-02
1.883580140370383349e-02
1.825436946017163636e-02
1.774824294613494904e-02
1.725150567906889518e-02
1.677941445998264516e-02
1.637591223325738851e-02
1.601120290538826998e-02
1.601120290538826998e-02
1.569172676136535577e-02
1.554854379118044555e-02
1.535471943686434436e-02
1.514651149605886551e-02
1.497060385700465721e-02
1.490552083048576719e-02
1.483864552210587169e-02
1.481263522453847223e-02
1.475664877977948472e-02
1.460219550511416761e-02
1.460219550511416761e-02
1.444565860459199810e-02
1.438851531241113271e-02
1.434689250133262470e-02
1.430664752033315029e-02
1.425927877716946443e-02
1.424577605896714533e-02
1.428055124535618052e-02
1.430368237882994643e-02
1.437443503601612375e-02
1.448416831516559367e-02
1.448416831516559367e-02
1.462217388996006617e-02
1.488153893880158826e-02
1.507069658259258850e-02
1.526601228332499782e-02
1.547837651954293327e-02
1.563848370006301267e-02
1.574173380712591899e-02
1.583274880018237935e-02
1.600351699270531267e-02
1.620792336790118776e-02
1.620792336790118776e-02
1.636923304468203277e-02
1.658014796290902329e-02
1.676278547797774299e-02
1.696842007112430578e-02
1.709247310309771825e-02
1.722673138619598004e-02
1.751540616680426557e-02
1.783398350415046213e-02
1.810661255604180397e-02
1.827790554123131725e-02
1.827790554123131725e-02
1.842900673295608249e-02
1.847523818897124290e-02
1.800197174446829113e-02
1.766180755320671814e-02
1.730048173408963233e-02
1.685080007693543630e-02
1.648327179261348252e-02
1.635822155272302278e-02
1.627933362157176628e-02
1.622026763897149379e-02
1.622026763897149379e-02
1.604666102780966455e-02
1.593999935468094417e-02
1.586660988110947731e-02
1.588198184006698460e-02
1.597416008446961647e-02
1.611438860640354923e-02
1.625414175802621444e-02
1.636267175790892189e-02
1.650867052281453431e-02
1.645942418903632853e-02
1.645942418903632853e-02
1.638066958782340501e-02
1.625235846861574837e-02
1.613942083914868611e-02
1.595625481043996124e-02
1.577062953382991212e-02
1.556320707228990921e-02
1.539314150691915330e-02
1.512639564368588492e-02
1.511244047359695981e-02
1.482187726966417533e-02
1.482187726966417533e-02
1.465235252761738945e-02
1.437595896317843229e-02
1.409366270393204099e-02
1.376020430454110571e-02
1.350252792589209071e-02
1.335638266820448825e-02
1.325720815593268813e-02
1.309796406034792644e-02
1.309796406034792644e-02
1.322364615300499445e-02
1.322364615300499445e-02
1.328107313735212014e-02
1.334050532449656233e-02
1.326106081787944112e-02
1.301564467781461329e-02
1.279494957763328833e-02
1.271734530186142791e-02
1.284050545263035019e-02
1.308754909264680903e-02
1.334912522901185970e-02
1.358296551242203255e-02
1.358296551242203255e-02
1.370434516814823811e-02
1.377322046131128699e-02
1.382199807108416487e-02
1.393784000545639917e-02
1.409296050805827934e-02
1.419449810323509739e-02
1.419975415043742833e-02
1.427317399740933926e-02
1.422957942019361516e-02
1.430352856762915834e-02
1.430352856762915834e-02
1.425570228327668713e-02
1.441698363322208368e-02
1.443622497444044077e-02
1.432781859302824541e-02
1.416133321162520685e-02
1.400739303077005657e-02
1.376006598314588429e-02
1.348771942877772384e-02
1.311410333229583169e-02
1.292964657605867942e-02
