2.435257472097873688e-02
2.319389581680297852e-02
2.323127910494804382e-02
2.284458652138710022e-02
2.276489697396755219e-02
2.259126119315624237e-02
2.294991724193096161e-02
2.321964502334594727e-02
2.373953163623809814e-02
2.439144998788833618e-02
2.501912973821163177e-02
2.501912973821163177e-02
2.583713829517364502e-02
2.652099169790744781e-02
2.717600204050540924e-02
2.789561077952384949e-02
2.839315496385097504e-02
2.868328616023063660e-02
2.899972535669803619e-02
2.922219596803188324e-02
2.941717766225337982e-02
2.945845946669578552e-02
2.945845946669578552e-02
2.944947592914104462e-02
2.946073748171329498e-02
2.945651486515998840e-02
2.950336970388889313e-02
2.956832945346832275e-02
2.970848977565765381e-02
2.981241419911384583e-02
2.991849184036254883e-02
3.005715459585189819e-02
3.021624125540256500e-02
3.021624125540256500e-02
3.057611919939517975e-02
3.084228187799453735e-02
3.081902116537094116e-02
3.084545210003852844e-02
3.084073960781097412e-02
3.067645989358425140e-02
3.063841350376605988e-02
3.057529963552951813e-02
3.035185299813747406e-02
2.994397655129432678e-02
2.994397655129432678e-02
2.947575785219669342e-02
2.914765290915966034e-02
2.874764055013656616e-02
2.828626148402690887e-02
2.796216867864131927e-02
2.763312496244907379e-02
2.735715731978416443e-02
2.712806686758995056e-02
2.631441690027713776e-02
2.554120868444442749e-02
2.554120868444442749e-02
2.475166693329811096e-02
2.407783083617687225e-02
2.350055053830146790e-02
2.306929230690002441e-02
2.275181934237480164e-02
2.237316779792308807e-02
2.191760390996932983e-02
2.144965529441833496e-02
2.103181928396224976e-02
2.066658064723014832e-02
2.066658064723014832e-02
2.030712179839611053e-02
1.991154812276363373e-02
1.950033009052276611e-02
1.895567215979099274e-02
1.832145638763904572e-02
1.764689013361930847e-02
1.695562899112701416e-02
1.626684702932834625e-02
1.565178297460079193e-02
1.508634816855192184e-02
1.508634816855192184e-02
1.454464811831712723e-02
1.397289149463176727e-02
1.343017350882291794e-02
1.305834576487541199e-02
1.270477473735809326e-02
1.245427224785089493e-02
1.210291124880313873e-02
1.169598009437322617e-02
1.120815053582191467e-02
1.055948343127965927e-02
1.055948343127965927e-02
9.927568025887012482e-03
9.281660430133342743e-03
8.567205630242824554e-03
7.911386899650096893e-03
7.378501817584037781e-03
7.336729671806097031e-03
7.457192987203598022e-03
7.720271591097116470e-03
8.119002915918827057e-03
8.338844403624534607e-03
8.338844403624534607e-03
8.257966488599777222e-03
8.030672557651996613e-03
7.550515700131654739e-03
6.932233460247516632e-03
6.346902344375848770e-03
5.909234285354614258e-03
5.704164039343595505e-03
5.570865236222743988e-03
5.507298745214939117e-03
5.381782539188861847e-03
5.381782539188861847e-03
5.264066625386476517e-03
5.219260230660438538e-03
5.236780270934104919e-03
5.378539673984050751e-03
5.581801757216453552e-03
5.791774019598960876e-03
5.863484926521778107e-03
5.799315869808197021e-03
5.688655190169811249e-03
5.392861552536487579e-03
5.392861552536487579e-03
5.207852926105260849e-03
5.151553545147180557e-03
5.122103262692689896e-03
5.208203103393316269e-03
5.433831363916397095e-03
5.660223774611949921e-03
5.918068345636129379e-03
6.061606574803590775e-03
6.098854821175336838e-03
6.114791147410869598e-03
6.114791147410869598e-03
6.080147344619035721e-03
6.027551833540201187e-03
5.945193115621805191e-03
5.848316475749015808e-03
5.847394000738859177e-03
5.988729186356067657e-03
6.122332997620105743e-03
6.161119788885116577e-03
6.067431066185235977e-03
5.821649450808763504e-03
5.821649450808763504e-03
5.590538028627634048e-03
5.432500969618558884e-03
5.324085708707571030e-03
5.214517470449209213e-03
5.106935743242502213e-03
5.084882955998182297e-03
5.117004737257957458e-03
5.249662790447473526e-03
5.446663126349449158e-03
5.708190146833658218e-03
5.708190146833658218e-03
6.062976084649562836e-03
6.518647540360689163e-03
7.137835957109928131e-03
7.956327870488166809e-03
8.796222507953643799e-03
9.703517891466617584e-03
1.050457730889320374e-02
1.116995140910148621e-02
1.174799539148807526e-02
1.231971196830272675e-02
1.231971196830272675e-02
1.298230048269033432e-02
1.353742647916078568e-02
1.407688204199075699e-02
1.459380052983760834e-02
1.485736947506666183e-02
1.499805506318807602e-02
1.505033299326896667e-02
1.488665025681257248e-02
1.474092248827219009e-02
1.467137783765792847e-02
1.467137783765792847e-02
1.459623780101537704e-02
1.464812271296977997e-02
1.455094944685697556e-02
1.437547989189624786e-02
1.443671621382236481e-02
1.434206031262874603e-02
1.419035717844963074e-02
1.351630128920078278e-02
1.293204165995121002e-02
1.245768088847398758e-02
1.245768088847398758e-02
1.218845415860414505e-02
1.193937752395868301e-02
1.170900277793407440e-02
1.163978874683380127e-02
1.177067775279283524e-02
1.191997528076171875e-02
1.221350952982902527e-02
1.258419640362262726e-02
1.289155241101980209e-02
1.319816149771213531e-02
1.319816149771213531e-02
1.352724339812994003e-02
1.373806875199079514e-02
1.383506879210472107e-02
1.399160549044609070e-02
1.411295402795076370e-02
1.420796662569046021e-02
1.431158836930990219e-02
1.437268871814012527e-02
1.453944202512502670e-02
1.462645176798105240e-02
1.462645176798105240e-02
1.465563103556632996e-02
1.466030813753604889e-02
1.465063355863094330e-02
1.463272143155336380e-02
1.451752334833145142e-02
1.448382157832384109e-02
1.445623394101858139e-02
1.433610729873180389e-02
1.426193211227655411e-02
1.472090557217597961e-02
1.472090557217597961e-02
1.506860461086034775e-02
1.533338893204927444e-02
1.551377773284912109e-02
1.567876897752285004e-02
1.584958657622337341e-02
1.603289507329463959e-02
1.623667590320110321e-02
1.641494594514369965e-02
1.652320846915245056e-02
1.653332635760307312e-02
1.653332635760307312e-02
1.651179045438766479e-02
1.644345186650753021e-02
1.640445552766323090e-02
1.635529473423957825e-02
1.637819409370422363e-02
1.644493825733661652e-02
1.647508516907691956e-02
1.653069444000720978e-02
1.671883650124073029e-02
1.676939427852630615e-02
1.676939427852630615e-02
1.679763756692409515e-02
1.681363023817539215e-02
1.687121018767356873e-02
1.693001762032508850e-02
1.704470813274383545e-02
1.713539846241474152e-02
1.715628616511821747e-02
1.714759506285190582e-02
1.716725528240203857e-02
1.706654392182826996e-02
1.706654392182826996e-02
1.696410961449146271e-02
1.685881987214088440e-02
1.673992536962032318e-02
1.661853492259979248e-02
1.643026992678642273e-02
1.623754017055034637e-02
1.603301800787448883e-02
1.582839526236057281e-02
1.558020617812871933e-02
1.536303386092185974e-02
1.536303386092185974e-02
1.513554900884628296e-02
1.491940859705209732e-02
1.469950936734676361e-02
1.452665030956268311e-02
1.435427740216255188e-02
1.418413501232862473e-02
1.403871923685073853e-02
1.384561415761709213e-02
1.362499501556158066e-02
1.332263927906751633e-02
1.332263927906751633e-02
1.298869587481021881e-02
1.269198767840862274e-02
1.256309915333986282e-02
1.244206540286540985e-02
1.231038011610507965e-02
1.218423712998628616e-02
1.205949299037456512e-02
1.194498874247074127e-02
1.182888261973857880e-02
1.176813058555126190e-02
1.176813058555126190e-02
1.168895699083805084e-02
1.165275089442729950e-02
1.154549513012170792e-02
1.192643400281667709e-02
1.230341289192438126e-02
1.263294648379087448e-02
1.292577013373374939e-02
1.317152474075555801e-02
1.332188211381435394e-02
1.343887299299240112e-02
1.343887299299240112e-02
1.351105328649282455e-02
1.353375054895877838e-02
1.350005064159631729e-02
1.346192043274641037e-02
1.343840360641479492e-02
1.341554056853055954e-02
1.338193379342556000e-02
1.345384400337934494e-02
1.355790160596370697e-02
1.360888686031103134e-02
1.360888686031103134e-02
1.360208168625831604e-02
1.357796695083379745e-02
1.348851528018712997e-02
1.341416593641042709e-02
1.339332759380340576e-02
1.335339806973934174e-02
1.342950202524662018e-02
1.358707342296838760e-02
1.365117914974689484e-02
1.378179341554641724e-02
1.378179341554641724e-02
1.399489212781190872e-02
1.424734946340322495e-02
1.446473319083452225e-02
1.469206903129816055e-02
1.485884003341197968e-02
1.496950536966323853e-02
1.497777178883552551e-02
1.487188320606946945e-02
1.463593635708093643e-02
1.431705337017774582e-02
1.431705337017774582e-02
1.396624185144901276e-02
1.361431460827589035e-02
1.336778979748487473e-02
1.315321587026119232e-02
1.299396716058254242e-02
1.287379022687673569e-02
1.280667353421449661e-02
1.275282353162765503e-02
1.269633602350950241e-02
1.268802210688591003e-02
1.268802210688591003e-02
1.267042942345142365e-02
1.270134747028350830e-02
1.274459809064865112e-02
1.298770122230052948e-02
1.331113278865814209e-02
1.362516637891530991e-02
1.400963123887777328e-02
1.437332294881343842e-02
1.456231996417045593e-02
1.468700729310512543e-02
1.468700729310512543e-02
1.485991943627595901e-02
1.493553072214126587e-02
1.495616789907217026e-02
1.496313791722059250e-02
1.491253823041915894e-02
1.477673463523387909e-02
1.461815182119607925e-02
1.440508756786584854e-02
1.414985302835702896e-02
1.393865980207920074e-02
1.393865980207920074e-02
1.390272099524736404e-02
1.385382376611232758e-02
1.379199605435132980e-02
1.360592152923345566e-02
1.344410236924886703e-02
1.336882822215557098e-02
1.329965423792600632e-02
1.327667944133281708e-02
1.328746974468231201e-02
1.338531076908111572e-02
1.338531076908111572e-02
1.356126833707094193e-02
1.375011168420314789e-02
1.390148233622312546e-02
1.399617269635200500e-02
1.402513496577739716e-02
1.402343530207872391e-02
1.404390390962362289e-02
1.411276310682296753e-02
1.382065005600452423e-02
1.360030658543109894e-02
1.360030658543109894e-02
1.342890411615371704e-02
1.330405473709106445e-02
1.317266467958688736e-02
1.309163030236959457e-02
1.297707296907901764e-02
1.287765987217426300e-02
1.283080689609050751e-02
1.270530931651592255e-02
1.251544430851936340e-02
1.239935774356126785e-02
1.239935774356126785e-02
1.233974099159240723e-02
1.225448958575725555e-02
1.211539749056100845e-02
1.198217831552028656e-02
1.188511308282613754e-02
1.180453412234783173e-02
1.168777141720056534e-02
1.162301003932952881e-02
1.159651298075914383e-02
1.158503443002700806e-02
1.158503443002700806e-02
1.163903158158063889e-02
1.162475999444723129e-02
1.162529271095991135e-02
1.161412615329027176e-02
1.160925906151533127e-02
1.163207739591598511e-02
1.164261810481548309e-02
1.170253846794366837e-02
1.178296376019716263e-02
1.189397927373647690e-02
1.189397927373647690e-02
1.196524314582347870e-02
1.197918783873319626e-02
1.192927546799182892e-02
1.185599621385335922e-02
1.173522323369979858e-02
1.159431226551532745e-02
1.146500650793313980e-02
1.133385393768548965e-02
1.116963569074869156e-02
1.104996725916862488e-02
1.104996725916862488e-02
1.091584190726280212e-02
1.079038903117179871e-02
1.070542354136705399e-02
1.057685911655426025e-02
1.049887016415596008e-02
1.044420525431632996e-02
1.038665790110826492e-02
1.025191321969032288e-02
1.015440654009580612e-02
1.007047574967145920e-02
1.007047574967145920e-02
9.999299421906471252e-03
9.932300075888633728e-03
9.896565228700637817e-03
9.873617440462112427e-03
9.866039268672466278e-03
9.874003939330577850e-03
9.929510764777660370e-03
9.959940798580646515e-03
1.000268291682004929e-02
9.997107088565826416e-03
9.997107088565826416e-03
9.964160621166229248e-03
9.935336187481880188e-03
9.846070781350135803e-03
9.758864529430866241e-03
9.718905203044414520e-03
9.729128330945968628e-03
9.700909256935119629e-03
9.765304625034332275e-03
9.830609895288944244e-03
9.900196455419063568e-03
9.900196455419063568e-03
9.953306987881660461e-03
1.000948715955018997e-02
1.004501990973949432e-02
1.005274336785078049e-02
1.009887456893920898e-02
1.015658490359783173e-02
1.022521313279867172e-02
1.031211391091346741e-02
1.039607264101505280e-02
1.047686114907264709e-02
1.047686114907264709e-02
1.060101389884948730e-02
1.074456702917814255e-02
1.093576010316610336e-02
1.112557947635650635e-02
1.129848696291446686e-02
1.144700869917869568e-02
1.158196292817592621e-02
1.158196292817592621e-02
1.168773975223302841e-02
1.179762743413448334e-02
1.179762743413448334e-02
1.190498005598783493e-02
1.199221890419721603e-02
1.207412872463464737e-02
1.214729901403188705e-02
1.217796467244625092e-02
1.224640291184186935e-02
1.224595401436090469e-02
1.219766680151224136e-02
1.216796785593032837e-02
1.212163362652063370e-02
1.212163362652063370e-02
1.213471777737140656e-02
1.215303409844636917e-02
1.215988956391811371e-02
1.136922743171453476e-02
1.097709033638238907e-02
1.087873801589012146e-02
1.099385228008031845e-02
1.126763783395290375e-02
1.161876134574413300e-02
1.200225111097097397e-02
1.200225111097097397e-02
1.240215264260768890e-02
1.280846167355775833e-02
1.321071013808250427e-02
1.359246205538511276e-02
1.397763006389141083e-02
1.433993782848119736e-02
1.469338964670896530e-02
1.504426263272762299e-02
1.539411116391420364e-02
1.569153368473052979e-02
1.569153368473052979e-02
1.592186465859413147e-02
1.606467925012111664e-02
1.615649648010730743e-02
1.623518578708171844e-02
1.627298071980476379e-02
1.628312841057777405e-02
1.627416536211967468e-02
1.622869074344635010e-02
1.617717742919921875e-02
1.609125919640064240e-02
1.609125919640064240e-02
1.598895341157913208e-02
1.589079946279525757e-02
1.581362076103687286e-02
1.579036004841327667e-02
1.577181369066238403e-02
1.578254811465740204e-02
1.576790586113929749e-02
1.576550118625164032e-02
1.576802507042884827e-02
1.577041298151016235e-02
1.577041298151016235e-02
1.572933606803417206e-02
1.565934903919696808e-02
1.548903062939643860e-02
1.529701240360736847e-02
1.507298741489648819e-02
1.483072061091661453e-02
1.461491640657186508e-02
1.444643363356590271e-02
1.424924377351999283e-02
1.409350335597991943e-02
1.409350335597991943e-02
1.395730674266815186e-02
1.395730674266815186e-02
1.385041605681180954e-02
1.378383394330739975e-02
1.371039543300867081e-02
1.364867109805345535e-02
1.351952739059925079e-02
1.333832740783691406e-02
1.311421953141689301e-02
1.281410083174705505e-02
1.281410083174705505e-02
1.249771192669868469e-02
1.223078835755586624e-02
1.193274836987257004e-02
1.165574789047241211e-02
1.143539976328611374e-02
1.124664954841136932e-02
1.113166660070419312e-02
1.108283177018165588e-02
1.107228826731443405e-02
1.100407075136899948e-02
