5.536128598459791328e-02
5.536128598459791328e-02
5.701239329469801748e-02
5.804492695482847686e-02
5.817520240769732259e-02
5.842844095122644299e-02
5.911533765425958098e-02
5.947690616873379382e-02
5.981111000322267279e-02
5.986200571378516577e-02
5.992832259419120927e-02
5.997962875540854832e-02
5.997962875540854832e-02
5.987641701246636250e-02
5.989115812592730320e-02
5.977484440045451042e-02
5.956471379403287247e-02
5.936414353938384431e-02
5.894794714582671930e-02
5.858627328818386687e-02
5.847795420480952217e-02
5.829685692533281838e-02
5.801517878675007539e-02
