1.073885150253772736e-02
1.073885150253772736e-02
1.195217017084360123e-02
1.256425213068723679e-02
1.313024107366800308e-02
1.356707327067852020e-02
1.372274663299322128e-02
1.364816073328256607e-02
1.335458364337682724e-02
1.292286906391382217e-02
1.244604028761386871e-02
1.200668234378099442e-02
1.200668234378099442e-02
1.180259883403778076e-02
1.161938719451427460e-02
1.149258762598037720e-02
1.153631974011659622e-02
1.157416310161352158e-02
1.154579780995845795e-02
1.143348403275012970e-02
1.131140626966953278e-02
1.120806951075792313e-02
1.115089189261198044e-02
1.115089189261198044e-02
1.124624162912368774e-02
1.143424585461616516e-02
1.183045841753482819e-02
1.227854844182729721e-02
1.286346092820167542e-02
1.348354853689670563e-02
1.397516764700412750e-02
1.431689877063035965e-02
1.434510853141546249e-02
1.416064240038394928e-02
1.416064240038394928e-02
1.382404845207929611e-02
1.353742554783821106e-02
1.319256424903869629e-02
1.284914091229438782e-02
1.257039606571197510e-02
1.234356965869665146e-02
1.215563341975212097e-02
1.203607022762298584e-02
1.194864045828580856e-02
1.184146571904420853e-02
1.184146571904420853e-02
1.163992006331682205e-02
1.151275914162397385e-02
1.144669018685817719e-02
1.143589057028293610e-02
1.142701227217912674e-02
1.144785154610872269e-02
1.151388976722955704e-02
1.164609286934137344e-02
1.184120588004589081e-02
1.199363544583320618e-02
1.199363544583320618e-02
1.218822970986366272e-02
1.250317692756652832e-02
1.289862580597400665e-02
1.324566826224327087e-02
1.357463002204895020e-02
1.381839253008365631e-02
1.407687459141016006e-02
1.430298201739788055e-02
1.444867253303527832e-02
1.445059105753898621e-02
1.445059105753898621e-02
1.439609378576278687e-02
1.434043236076831818e-02
1.435652654618024826e-02
1.446251384913921356e-02
1.445906609296798706e-02
1.446916069835424423e-02
1.446353457868099213e-02
1.448061596602201462e-02
1.430567074567079544e-02
1.405258011072874069e-02
1.405258011072874069e-02
1.378134638071060181e-02
1.352201774716377258e-02
1.329705491662025452e-02
1.316100917756557465e-02
1.316760480403900146e-02
1.323460042476654053e-02
1.326703839004039764e-02
1.325718313455581665e-02
1.339407358318567276e-02
1.355941500514745712e-02
1.355941500514745712e-02
1.379901636391878128e-02
1.403955277055501938e-02
1.422584988176822662e-02
1.421785913407802582e-02
1.398323569446802139e-02
1.364941615611314774e-02
1.324730925261974335e-02
1.292743813246488571e-02
1.273163221776485443e-02
1.283584441989660263e-02
1.283584441989660263e-02
1.313094515353441238e-02
1.350753195583820343e-02
1.386712864041328430e-02
1.401259750127792358e-02
1.387574244290590286e-02
1.366263814270496368e-02
1.309762243181467056e-02
1.235517114400863647e-02
1.147734932601451874e-02
1.056580618023872375e-02
1.056580618023872375e-02
9.791652671992778778e-03
9.347968734800815582e-03
9.224113076925277710e-03
9.341177530586719513e-03
9.585934691131114960e-03
9.824158623814582825e-03
1.011284161359071732e-02
1.036944985389709473e-02
1.058489177376031876e-02
1.068019121885299683e-02
1.068019121885299683e-02
1.061154436320066452e-02
1.055407524108886719e-02
1.044572610408067703e-02
1.029791589826345444e-02
1.013221964240074158e-02
9.843009524047374725e-03
9.559745900332927704e-03
9.253790602087974548e-03
8.918385952711105347e-03
8.616261184215545654e-03
8.616261184215545654e-03
8.367961272597312927e-03
8.120627142488956451e-03
7.905006408691406250e-03
7.799963466823101044e-03
7.779489737004041672e-03
7.774848956614732742e-03
7.747110445052385330e-03
8.234775625169277191e-03
8.720833808183670044e-03
9.172930382192134857e-03
9.172930382192134857e-03
9.564787149429321289e-03
9.941150434315204620e-03
1.029355823993682861e-02
1.065462455153465271e-02
1.096961833536624908e-02
1.128073036670684814e-02
1.158836763352155685e-02
1.184201240539550781e-02
1.208168826997280121e-02
1.231652591377496719e-02
1.231652591377496719e-02
1.257028058171272278e-02
1.283247116953134537e-02
1.305399555712938309e-02
1.318073365837335587e-02
1.320765912532806396e-02
1.310102082788944244e-02
1.298253424465656281e-02
1.285995543003082275e-02
1.272468455135822296e-02
1.265463046729564667e-02
1.265463046729564667e-02
1.262530777603387833e-02
1.262626703828573227e-02
1.263599563390016556e-02
1.267597917467355728e-02
1.271753385663032532e-02
1.275253575295209885e-02
1.274739578366279602e-02
1.271619834005832672e-02
1.263381633907556534e-02
1.251587644219398499e-02
1.251587644219398499e-02
1.233180426061153412e-02
1.209549326449632645e-02
1.181797217577695847e-02
1.151204295456409454e-02
1.125597860664129257e-02
1.104375533759593964e-02
1.084888726472854614e-02
1.075161434710025787e-02
1.078003458678722382e-02
1.090686488896608353e-02
1.090686488896608353e-02
1.115872152149677277e-02
1.152255572378635406e-02
1.196953933686017990e-02
1.244040112942457199e-02
1.287022512406110764e-02
1.315810717642307281e-02
1.326799765229225159e-02
1.323493197560310364e-02
1.312397886067628860e-02
1.293685287237167358e-02
1.293685287237167358e-02
1.265422906726598740e-02
1.234623230993747711e-02
1.205226685851812363e-02
1.179153937846422195e-02
1.155828498303890228e-02
1.137452386319637299e-02
1.128879748284816742e-02
1.128170359879732132e-02
1.133715081959962845e-02
1.142031792551279068e-02
1.142031792551279068e-02
1.152841467410326004e-02
1.163675263524055481e-02
1.172262150794267654e-02
1.178968790918588638e-02
1.190500799566507339e-02
1.202006265521049500e-02
1.214774604886770248e-02
1.228351611644029617e-02
1.242937520146369934e-02
1.255761645734310150e-02
1.255761645734310150e-02
1.266833767294883728e-02
1.279802713543176651e-02
1.286148745566606522e-02
1.282402873039245605e-02
1.270631607621908188e-02
1.256187725812196732e-02
1.238570641726255417e-02
1.219866145402193069e-02
1.199543103575706482e-02
1.178448554128408432e-02
1.178448554128408432e-02
1.153543870896100998e-02
1.129016559571027756e-02
1.097152568399906158e-02
1.066593825817108154e-02
1.035430841147899628e-02
1.007197704166173935e-02
9.874553419649600983e-03
9.721525013446807861e-03
9.541349485516548157e-03
9.425326250493526459e-03
9.425326250493526459e-03
9.377453476190567017e-03
9.399709291756153107e-03
9.452153928577899933e-03
9.550716727972030640e-03
9.692412801086902618e-03
9.834604337811470032e-03
1.001086644828319550e-02
1.022623572498559952e-02
1.043316349387168884e-02
1.059809885919094086e-02
1.059809885919094086e-02
1.073846314102411270e-02
1.087011490017175674e-02
1.099741645157337189e-02
1.110313925892114639e-02
1.119933463633060455e-02
1.127398293465375900e-02
1.129077933728694916e-02
1.131590362638235092e-02
1.136989425867795944e-02
1.139430329203605652e-02
1.139430329203605652e-02
1.142163481563329697e-02
1.143213082104921341e-02
1.140651665627956390e-02
1.136034727096557617e-02
1.126024872064590454e-02
1.116541307419538498e-02
1.103287376463413239e-02
1.086515747010707855e-02
1.067154202610254288e-02
1.048394292593002319e-02
