2.641524933278560638e-02
2.641524933278560638e-02
2.700796164572238922e-02
2.750684693455696106e-02
2.796347811818122864e-02
2.758822590112686157e-02
2.734608761966228485e-02
2.712796255946159363e-02
2.672209404408931732e-02
2.651675045490264893e-02
2.628827281296253204e-02
2.619114518165588379e-02
2.619114518165588379e-02
2.607382275164127350e-02
2.601527050137519836e-02
2.591324970126152039e-02
2.590801566839218140e-02
2.587565779685974121e-02
2.591933310031890869e-02
2.603872492909431458e-02
2.613868564367294312e-02
2.625597268342971802e-02
2.628438733518123627e-02
