4.369955371806668459e-02
4.369955371806668459e-02
4.474798746550379819e-02
4.491522954577304577e-02
4.488886350731724484e-02
4.481560624410157317e-02
4.475554144182681410e-02
4.486688872592069222e-02
4.475459359589406549e-02
4.490226777585809570e-02
4.497299986529590399e-02
4.520728512442669100e-02
4.520728512442669100e-02
4.535211781668715969e-02
4.529281755961726830e-02
4.528892561166732167e-02
4.510884885677465123e-02
4.488182677081090782e-02
4.461160472901314067e-02
4.433793336845227168e-02
4.408427888843083342e-02
4.375756654862042461e-02
4.333222565473308918e-02
