5.014288797974586487e-02
5.338646098971366882e-02
5.367488786578178406e-02
5.286257714033126831e-02
5.303469672799110413e-02
5.303282290697097778e-02
5.403928831219673157e-02
5.491962656378746033e-02
5.510044097900390625e-02
5.379137024283409119e-02
5.216546356678009033e-02
5.216546356678009033e-02
5.109969154000282288e-02
5.074544623494148254e-02
5.057079344987869263e-02
5.047794058918952942e-02
5.098524317145347595e-02
5.093567073345184326e-02
5.114337801933288574e-02
5.045385286211967468e-02
4.960384592413902283e-02
4.905760660767555237e-02
4.905760660767555237e-02
4.840118810534477234e-02
4.756075143814086914e-02
4.711650311946868896e-02
4.638124629855155945e-02
4.585570096969604492e-02
4.538746550679206848e-02
4.526475071907043457e-02
4.547812789678573608e-02
4.608405753970146179e-02
4.752809554338455200e-02
4.752809554338455200e-02
4.953322559595108032e-02
5.144609138369560242e-02
5.357799306511878967e-02
5.604681372642517090e-02
5.819465592503547668e-02
6.000812724232673645e-02
6.127419695258140564e-02
6.158266216516494751e-02
6.169810518622398376e-02
6.191180646419525146e-02
6.191180646419525146e-02
6.182066351175308228e-02
6.129215657711029053e-02
6.077140942215919495e-02
6.077312305569648743e-02
6.054665893316268921e-02
6.025314331054687500e-02
5.888277664780616760e-02
5.689959973096847534e-02
5.489221960306167603e-02
5.313327908515930176e-02
5.313327908515930176e-02
5.064280703663825989e-02
5.079600214958190918e-02
5.143705382943153381e-02
5.182181298732757568e-02
5.198181048035621643e-02
5.206917598843574524e-02
5.202460661530494690e-02
5.182563140988349915e-02
5.203037336468696594e-02
5.188776552677154541e-02
5.188776552677154541e-02
5.196486413478851318e-02
5.026696249842643738e-02
4.896451160311698914e-02
4.821534827351570129e-02
4.774076119065284729e-02
4.702552407979965210e-02
4.623615369200706482e-02
4.566633328795433044e-02
4.463380202651023865e-02
4.404291510581970215e-02
4.404291510581970215e-02
4.358832910656929016e-02
4.115471616387367249e-02
3.896566107869148254e-02
3.693490102887153625e-02
3.483090922236442566e-02
3.348394855856895447e-02
3.314625099301338196e-02
3.329878300428390503e-02
3.425651043653488159e-02
3.535886481404304504e-02
3.535886481404304504e-02
3.686646744608879089e-02
3.737166151404380798e-02
3.808466717600822449e-02
3.868690878152847290e-02
3.864580392837524414e-02
3.802606463432312012e-02
3.736363351345062256e-02
3.578208759427070618e-02
3.437839075922966003e-02
3.382795304059982300e-02
3.382795304059982300e-02
3.343440592288970947e-02
3.302311152219772339e-02
3.274376317858695984e-02
3.244273364543914795e-02
3.227793797850608826e-02
3.287322074174880981e-02
3.410482034087181091e-02
3.599608317017555237e-02
3.776224330067634583e-02
3.948033228516578674e-02
3.948033228516578674e-02
4.068321734666824341e-02
4.183341935276985168e-02
4.335748031735420227e-02
4.451976343989372253e-02
4.532629996538162231e-02
4.559375345706939697e-02
4.541393741965293884e-02
4.510757327079772949e-02
4.442238807678222656e-02
4.292185977101325989e-02
4.292185977101325989e-02
4.123987257480621338e-02
3.865562006831169128e-02
3.618779405951499939e-02
3.428523242473602295e-02
3.295000270009040833e-02
3.172593563795089722e-02
3.086002171039581299e-02
2.999935299158096313e-02
2.952257171273231506e-02
2.930793538689613342e-02
2.930793538689613342e-02
2.899034135043621063e-02
2.916538342833518982e-02
2.918909303843975067e-02
2.932548895478248596e-02
3.009542077779769897e-02
3.023062646389007568e-02
3.081975691020488739e-02
3.087053075432777405e-02
3.110118210315704346e-02
3.095409832894802094e-02
