2.477908958173536194e-02
2.447910626883105165e-02
2.441904553934597794e-02
2.434635673878535536e-02
2.434141303193203265e-02
2.431640350711808396e-02
2.410416100913319315e-02
2.395496234998016963e-02
2.374783886430587715e-02
2.354123298885260271e-02
2.334410809241307255e-02
2.334410809241307255e-02
2.313182079665348015e-02
2.286311767477470711e-02
2.256513169608953887e-02
2.221132012622697646e-02
2.177529647409167518e-02
2.140580883038072091e-02
2.098245549361821283e-02
2.055160458627821110e-02
2.023231685788474607e-02
1.990135667051708482e-02
1.990135667051708482e-02
1.956732727526265189e-02
1.917820359290856383e-02
1.879238239479748968e-02
1.850240157589838966e-02
1.822791451468338403e-02
1.791422079870247722e-02
1.753738283338080253e-02
1.714048490059540825e-02
1.682349060755175194e-02
1.654577609929213169e-02
1.654577609929213169e-02
1.614084479088983073e-02
1.576474367304121771e-02
1.549563042261039615e-02
1.541433520840665428e-02
1.537985478350818724e-02
1.540690588753423559e-02
1.544302446629983866e-02
1.553311238750470016e-02
1.564939288264369233e-02
1.570234622351537532e-02
1.570234622351537532e-02
1.581605472104446325e-02
1.592629247481239588e-02
1.604934621321932320e-02
1.618723272768851293e-02
1.634303050397271917e-02
1.646290448594163111e-02
1.659008428040646688e-02
1.669009379564850501e-02
1.683957634950175239e-02
1.698045752713570403e-02
1.698045752713570403e-02
1.712108105846950681e-02
1.728835184559692276e-02
1.749453066593634545e-02
1.772819345857851517e-02
1.789277672946196912e-02
1.805032449091212299e-02
1.817537003876541768e-02
1.828182626662336677e-02
1.837209619344297440e-02
1.838932312738388725e-02
1.838932312738388725e-02
1.841789341809944858e-02
1.843859128357087582e-02
1.862212741566098353e-02
1.882249736990711589e-02
1.904933904260092820e-02
1.931336580690995799e-02
1.956102865673146202e-02
1.976950021665448143e-02
1.987236954766084807e-02
1.996036044978552124e-02
1.996036044978552124e-02
1.999504393274145753e-02
1.985532487211010347e-02
1.973982464898725586e-02
1.968132762288527654e-02
1.959120833261543404e-02
1.950775184275683680e-02
1.942974995243271566e-02
1.935752502510990763e-02
1.932268083843196455e-02
1.930660626382399436e-02
1.930660626382399436e-02
1.925071941241884507e-02
1.918100698326108411e-02
1.911666825487772295e-02
1.908343144095772312e-02
1.906485381081639979e-02
1.905048510199682660e-02
1.901504602452002909e-02
1.901864225326207677e-02
1.902133219608338754e-02
1.903767722242505345e-02
1.903767722242505345e-02
1.915132111483358948e-02
1.930201188736898471e-02
1.929029131698988334e-02
1.931829124583348684e-02
1.928994039398664387e-02
1.924112351048203051e-02
1.920308125398395918e-02
1.915921698057293857e-02
1.910524467059268594e-02
1.903767642263426083e-02
1.903767642263426083e-02
1.892341215971011376e-02
1.873547237515133315e-02
1.855104328473395486e-02
1.841001486436509571e-02
1.827644632553421244e-02
1.816738760507452879e-02
1.803295657954114353e-02
1.786339671597093198e-02
1.767181767175968546e-02
1.755463190309626206e-02
1.755463190309626206e-02
1.740544571056100789e-02
1.725543139692431796e-02
1.707885639428069827e-02
1.686964362463063208e-02
1.665946893003766166e-02
1.650973918763134693e-02
1.644210012059136444e-02
1.638411117199201766e-02
1.633454205302435625e-02
1.629320231563846297e-02
1.629320231563846297e-02
1.617290904055884715e-02
1.610734695730451499e-02
1.598925761005879145e-02
1.583377217948479798e-02
1.565028135418900304e-02
1.591915597688690551e-02
1.620883952191856658e-02
1.645309954006849221e-02
1.651940348510994028e-02
1.649348631357362704e-02
1.649348631357362704e-02
1.638037876988620786e-02
1.631363000259962101e-02
1.631500915435315016e-02
1.630740508827509955e-02
1.615267551721102576e-02
1.604183535007347450e-02
1.601381446540868503e-02
1.600240748814704683e-02
1.600763074613615472e-02
1.607439312891312949e-02
1.607439312891312949e-02
1.608561063899446517e-02
1.611199037199236364e-02
1.610876807402494837e-02
1.592482794222921036e-02
1.575153073912522600e-02
1.560454833938893816e-02
1.538730638592506091e-02
1.509491242659061726e-02
1.471748010065966963e-02
1.450253305332699361e-02
1.450253305332699361e-02
1.431040730876059416e-02
1.400501712248482938e-02
1.372478701190288190e-02
1.347981570264621294e-02
1.334142989611810173e-02
1.325143571741052052e-02
1.308720822813622120e-02
1.288450298644293161e-02
1.250631469134971287e-02
1.209362636931909582e-02
1.209362636931909582e-02
1.175280872413746007e-02
1.129133132835210586e-02
1.092198224671167388e-02
1.061079635947046081e-02
1.035850661909164944e-02
1.023218122297078064e-02
1.008631716856743174e-02
9.864461010689539247e-03
9.684422434151266842e-03
9.599501633120245334e-03
9.599501633120245334e-03
9.460085726722820831e-03
8.921785828881756419e-03
8.522593727901768557e-03
8.184170969524120001e-03
7.896617555423118828e-03
7.696713323428271136e-03
7.541721166939246643e-03
7.332195917828918455e-03
7.088686587148373616e-03
6.881189923291987365e-03
6.881189923291987365e-03
6.701309556070375421e-03
6.634359458003847784e-03
6.649792567955183607e-03
6.776996386633476512e-03
7.026740390967191850e-03
7.165278947333957558e-03
7.195327633238461293e-03
7.141913780032746462e-03
6.953849570197578184e-03
6.829800985570404388e-03
6.829800985570404388e-03
6.452243358985268462e-03
6.108686659111429822e-03
5.705703307206955524e-03
5.378215277043761622e-03
5.166314468136696050e-03
5.076972784681967749e-03
5.177179976338121097e-03
5.234038289617094948e-03
5.190633381361069512e-03
5.333185689327330295e-03
5.333185689327330295e-03
5.484617218141433527e-03
5.730088990965299771e-03
5.969923900276297331e-03
6.250185213894490777e-03
6.486150061935481471e-03
6.558928525462596505e-03
6.585038176602212544e-03
6.527501539076481160e-03
6.485484090769188734e-03
6.226777368540524667e-03
6.226777368540524667e-03
5.889486990452713969e-03
5.586376524525374192e-03
5.449218236756669421e-03
5.396674815894983261e-03
5.296242614238854708e-03
5.300798834793870110e-03
5.254014727387804930e-03
5.318709520586504050e-03
5.352691632663939166e-03
5.412551205186692978e-03
5.412551205186692978e-03
5.390816753739432511e-03
5.453064203891254229e-03
5.543149004891375319e-03
5.668791305731248759e-03
5.793741681790375714e-03
6.104664449114826155e-03
6.476774585797347508e-03
6.945778796296767782e-03
7.383173681216800670e-03
7.850829440302771814e-03
7.850829440302771814e-03
8.173204335528986425e-03
8.275933799308686153e-03
8.265592522806064490e-03
8.276558191720670421e-03
8.317691544046578941e-03
8.323522592201161238e-03
8.181584464519891728e-03
8.155353888546252802e-03
8.414244534174455947e-03
8.685610012733319465e-03
8.685610012733319465e-03
9.073962479596854938e-03
9.588593920116506714e-03
1.015182624522696295e-02
1.072644109297169086e-02
1.126084532328145218e-02
1.159767284284895540e-02
1.184343905795504776e-02
1.174803283689329798e-02
1.169097975454546842e-02
1.170143361275152727e-02
1.170143361275152727e-02
1.171336724292983654e-02
1.189211455342360432e-02
1.222763395416694848e-02
1.248827308294977838e-02
1.274666852541153292e-02
1.299670864829385007e-02
1.318294350347833967e-02
1.325649300680679932e-02
1.320030541991970736e-02
1.303830906658500627e-02
1.303830906658500627e-02
1.284594143731053982e-02
1.263206841880443014e-02
1.236407405709586196e-02
1.213210195901450426e-02
1.180540250695207363e-02
1.154235655081309840e-02
1.122078281080956738e-02
1.092978432777197417e-02
1.054713825379013405e-02
1.032358769262128190e-02
1.032358769262128190e-02
1.009403138824998408e-02
9.895146087335111862e-03
9.843870109600187657e-03
9.738842478510201239e-03
9.666645961527864025e-03
9.469815834949463218e-03
9.277799722389887260e-03
9.041756892849972527e-03
8.770228249011783120e-03
8.473414923953122638e-03
8.473414923953122638e-03
8.249569525761828170e-03
8.073013314573865631e-03
7.842788107934723502e-03
7.631185463568634399e-03
7.340723956799198417e-03
7.043146489762710551e-03
6.754973961677018454e-03
6.549466247794340917e-03
6.546460564549281928e-03
6.675052458565346181e-03
6.675052458565346181e-03
6.760366300888333638e-03
6.771363265558768413e-03
6.823969289986497530e-03
6.809104990414014541e-03
6.723345636925536981e-03
6.596677155550634448e-03
6.233652702243084980e-03
5.786559702940154148e-03
5.295091034359654912e-03
4.802457380329811475e-03
4.802457380329811475e-03
4.274976395502258324e-03
3.564781476645731504e-03
3.125102416944660049e-03
2.841027023885418258e-03
2.790611520376941324e-03
2.749520576276595542e-03
2.729456581277171692e-03
2.875889683266857552e-03
3.101407321464060268e-03
3.458885053682682949e-03
3.458885053682682949e-03
3.731477650203159080e-03
4.221419004633333340e-03
4.719165491499240604e-03
5.264325384371726542e-03
5.713960485901504495e-03
6.034590301285731873e-03
6.224498448924188805e-03
6.382581640251012815e-03
6.417090699791594757e-03
6.276320256458465738e-03
6.276320256458465738e-03
5.943361044152489260e-03
5.661086644773052727e-03
5.477856375268597144e-03
5.233379033345439066e-03
5.064719121563922635e-03
4.985877563022542321e-03
4.916140329346799231e-03
4.914253011378350022e-03
4.967629301358209536e-03
5.071842313156729731e-03
5.071842313156729731e-03
5.110780336088961880e-03
5.070549327624313679e-03
4.929836245145161923e-03
4.808466103039218606e-03
4.574872662397485613e-03
4.410723898772866969e-03
4.331320481177758711e-03
4.272860186138907959e-03
4.244544998524111754e-03
4.216299401311592206e-03
4.216299401311592206e-03
4.113834766136388078e-03
3.750645965045343484e-03
4.621708123070086653e-03
6.009759803382069138e-03
7.516854843912139719e-03
8.919487225353824392e-03
1.014922333386969987e-02
1.128184553615038666e-02
1.232529336653422070e-02
1.325623056619329963e-02
1.325623056619329963e-02
1.409283791365493858e-02
1.485203801356120221e-02
1.554673480046981325e-02
1.613956538451521983e-02
1.669098731159566334e-02
1.717761032841289351e-02
1.758390602040001832e-02
1.794101349150964766e-02
1.826281224636889036e-02
1.854069514433786744e-02
1.854069514433786744e-02
1.882296895221549290e-02
1.905409929621338164e-02
1.925357795436442518e-02
1.946146823957676728e-02
1.966809426540460162e-02
1.984218868907346514e-02
2.000498164681486016e-02
2.012322176326373363e-02
2.026034463798703777e-02
2.038089723923493246e-02
2.038089723923493246e-02
2.048681098918743101e-02
2.059340942723817194e-02
2.070483304038753941e-02
2.077861214027107092e-02
2.085085280553039891e-02
2.093331185887513726e-02
2.102547876193387386e-02
2.108960697243711033e-02
2.114086138390519273e-02
2.117177142638613022e-02
2.117177142638613022e-02
2.121138317730725600e-02
2.125700605404818450e-02
2.131114630370318369e-02
2.138618136893175037e-02
2.147205962683350344e-02
2.156963597887787132e-02
2.161819918643628421e-02
2.165718548262039744e-02
2.170343446576973936e-02
2.173865155406896205e-02
2.173865155406896205e-02
2.174442322860575122e-02
2.173221730964740306e-02
2.172785685953011400e-02
2.174436843076756054e-02
2.176640051236163054e-02
2.180237761113309677e-02
2.182432951478634892e-02
2.184668816873003988e-02
2.188853282346413937e-02
2.192137502442907324e-02
2.192137502442907324e-02
2.196794217201982619e-02
2.201661360996087086e-02
2.210857274386101787e-02
2.221565046586680692e-02
2.237059174375565299e-02
2.252174771552480775e-02
2.268473756034207131e-02
2.284266681929471993e-02
2.300626958633124330e-02
2.315495702118460994e-02
2.315495702118460994e-02
2.332042639909212914e-02
2.345580245156147700e-02
2.360297766456799853e-02
2.369215854964136850e-02
2.376102658818074129e-02
2.382020403342618997e-02
2.389664196280607417e-02
2.394700224259528262e-02
2.399489955520979143e-02
2.404679474787446702e-02
2.404679474787446702e-02
2.410323249087935674e-02
2.414921604955298784e-02
2.425467630724402468e-02
2.434995700776226499e-02
2.440345007088878457e-02
2.445148055904285134e-02
2.448339393143911941e-02
2.451721641982346211e-02
2.450593373888537013e-02
2.449347175523306636e-02
2.449347175523306636e-02
2.449218210100480991e-02
2.452712380732273087e-02
2.457000504058538468e-02
2.462625786755679239e-02
2.465835895401640582e-02
2.469046045987469476e-02
2.470412921527170153e-02
2.468816454288982887e-02
2.468413636598123378e-02
2.465527250004595494e-02
2.465527250004595494e-02
2.459056977961265877e-02
2.449485637017855336e-02
2.439726761636378319e-02
2.431834070127295716e-02
2.422045213138454556e-02
2.412732945162945897e-02
2.406429323117175931e-02
2.401323345696379855e-02
2.396730839549220810e-02
2.395236546366903349e-02
2.395236546366903349e-02
2.393974707109847513e-02
2.396722630612833568e-02
2.400752132591708887e-02
2.404285659933476024e-02
2.407735324218409495e-02
2.410708037529362552e-02
2.410893856582141045e-02
2.411289648287110246e-02
2.414040906853286497e-02
2.415381061497067286e-02
2.415381061497067286e-02
2.414834540703330798e-02
2.413929492464767651e-02
2.412870834166071579e-02
2.412467083945197405e-02
2.409221469386795336e-02
2.406413671756719302e-02
2.402322344164935577e-02
2.397373172711294437e-02
2.392962256881010080e-02
2.388524010723517763e-02
2.388524010723517763e-02
2.389146976605488817e-02
2.390641584474689774e-02
2.393520838662310107e-02
2.393828483773216900e-02
2.395543673794011535e-02
2.394053589488828043e-02
2.393544042738053254e-02
2.389875728094938492e-02
2.387676702297206535e-02
2.387207890237768790e-02
2.387207890237768790e-02
2.381009676374002543e-02
2.375436758151309308e-02
2.371757461143408907e-02
2.369709743919506603e-02
2.365908412674122205e-02
2.360000827537068677e-02
2.355414444985197073e-02
2.352512435181649403e-02
2.348232688518691116e-02
2.344821040166401166e-02
2.344821040166401166e-02
2.340713036618150347e-02
2.335357300458895322e-02
2.329478371539813256e-02
2.322191232665359040e-02
2.316938583178940539e-02
2.311472008937579328e-02
2.305760636348938575e-02
2.301918619060607657e-02
2.295874975737338675e-02
2.291083212454371812e-02
2.291083212454371812e-02
2.288384537310070993e-02
2.290920903894251223e-02
2.291488449040484168e-02
2.291675615573786698e-02
2.293702267810977455e-02
2.293920579293092996e-02
2.291105300961559371e-02
2.294600854417514282e-02
2.300710793578137833e-02
2.307754670135754929e-02
2.307754670135754929e-02
2.315773722262126980e-02
2.322458790291561867e-02
2.328287751340586340e-02
2.334232192818289087e-02
2.336119541632914257e-02
2.339417684018155544e-02
2.343609070398626135e-02
2.346693022461791844e-02
2.348537757608021304e-02
2.350349087542125473e-02
