3.249038758111866265e-02
3.249038758111866265e-02
3.352547429427573528e-02
3.441298264318183586e-02
3.430515621252044900e-02
3.473288628117920940e-02
3.481014516381060464e-02
3.482713117266540009e-02
3.469790682403278703e-02
3.464229383400917184e-02
3.496400493370992180e-02
3.524961348789915766e-02
3.524961348789915766e-02
3.596714892921921286e-02
3.659815044184146215e-02
3.716032556276004095e-02
3.754156179637016533e-02
3.790588070833189605e-02
3.832691818845337939e-02
3.872106060282666518e-02
3.908795555214610723e-02
3.928711610252780262e-02
3.944726921352764704e-02
