4.078705362061357809e-02
4.078705362061357809e-02
4.005433359973702839e-02
3.930663392945555473e-02
3.850135275673920859e-02
3.807668635938880192e-02
3.782973713532495480e-02
3.755957565213585009e-02
3.725385458687388573e-02
3.693567895952559049e-02
3.654887409500069684e-02
3.608387240350525993e-02
3.608387240350525993e-02
3.558163359426008698e-02
3.503962219572919617e-02
3.448467750834963846e-02
3.393071371045654899e-02
3.345461147944117641e-02
3.296090900034816251e-02
3.250939815467381033e-02
3.205914753876967782e-02
3.154805698408817694e-02
3.104698389259034561e-02
3.104698389259034561e-02
3.052722684169438885e-02
2.998398059025027956e-02
3.013641657939987450e-02
3.016559359995941991e-02
3.017534055117741809e-02
3.017268403438027463e-02
3.004633918076586932e-02
2.986969633888002587e-02
2.969910281642375999e-02
2.962506964086870226e-02
2.962506964086870226e-02
2.957391247974816909e-02
2.947467105582279520e-02
2.939788312850504653e-02
2.930566454556468581e-02
2.923448918144209985e-02
2.922496061781997001e-02
2.917229220482681767e-02
2.922096432675890670e-02
2.924578610243227031e-02
2.927946553344781475e-02
2.927946553344781475e-02
2.930294488441998260e-02
2.929917313344714003e-02
2.926923791492596141e-02
2.922645615302137817e-02
2.914596515738231489e-02
2.900745912781452565e-02
2.887961159028114289e-02
2.898375800139776914e-02
2.909665520306759998e-02
2.922539688797219301e-02
2.922539688797219301e-02
2.934228064869264657e-02
2.952809940278177531e-02
2.970741939954753275e-02
2.983937086692576776e-02
2.996025458972509034e-02
3.005364497247015043e-02
3.009706253723973615e-02
3.012184297066183500e-02
3.012081533018708818e-02
3.010947050951721243e-02
3.010947050951721243e-02
3.000621492967459059e-02
2.992738665126273151e-02
2.988681314359464131e-02
2.979757562307365146e-02
2.976407387238370200e-02
2.974251463710286467e-02
2.974797478435887987e-02
2.972267667158218912e-02
2.890052201930431997e-02
2.814043174538059452e-02
2.814043174538059452e-02
2.743203574118290716e-02
2.680031222635764418e-02
2.621948369244709795e-02
2.568614581975439681e-02
2.521168505871791005e-02
2.477825994852448505e-02
2.431121859201743410e-02
2.386974339540165815e-02
2.344958572629197990e-02
2.305911625587984612e-02
2.305911625587984612e-02
2.269693791434223423e-02
2.234433502339948016e-02
2.197816588761560691e-02
2.161371128583625817e-02
2.127313771201168671e-02
2.095067736896260094e-02
2.057009138418138330e-02
2.023051994806447998e-02
1.998897204378335610e-02
1.975778624673425396e-02
1.975778624673425396e-02
1.949759287413900880e-02
1.932745017174958280e-02
1.915737529244121093e-02
1.900724921549381760e-02
1.883368112574597755e-02
1.866733930676713754e-02
1.853169476748537867e-02
1.839539497862045445e-02
1.829834777315674302e-02
1.823812485469183259e-02
1.823812485469183259e-02
1.815563704200890555e-02
1.813501802936936733e-02
1.813159547603221400e-02
1.807873244202816421e-02
1.800952039287718326e-02
1.798647304985500142e-02
1.808751361250136511e-02
1.818938045182310823e-02
1.826276979868924830e-02
1.842357936897736498e-02
1.842357936897736498e-02
1.860706429256703612e-02
1.884015921158150794e-02
1.906248920095902216e-02
1.918594654519249418e-02
1.937080889708548900e-02
1.945697828460960649e-02
1.951552426228448170e-02
1.951446311882430382e-02
1.952025199855663209e-02
1.955652124237352782e-02
1.955652124237352782e-02
1.953356878172201813e-02
1.945685485976606302e-02
1.918927301461795937e-02
1.887744443533222183e-02
1.860630463760786987e-02
1.836188695205177510e-02
1.819209421271890045e-02
1.804755323610707576e-02
1.797858146629125950e-02
1.809890752669908454e-02
1.809890752669908454e-02
1.822687687562281333e-02
1.844359332252979572e-02
1.871896015647166872e-02
1.888915275054031326e-02
1.902830996395079785e-02
1.910953803482440261e-02
1.893164934661674056e-02
1.874396468654713696e-02
1.856965227302262433e-02
1.830309714900676607e-02
1.830309714900676607e-02
1.800191492245618169e-02
1.774869398546708235e-02
1.752465237619137833e-02
1.718185915996292903e-02
1.687211224956796166e-02
1.661473187613706284e-02
1.637123251615741834e-02
1.613843190530435054e-02
1.581910734792551024e-02
1.554391466977140396e-02
1.554391466977140396e-02
1.543533843537362935e-02
1.541534436054079089e-02
1.522905440327798794e-02
1.520599235406305816e-02
1.518470796545155072e-02
1.517622155136810237e-02
1.522493296463651134e-02
1.547886272195730765e-02
1.563327422573101283e-02
1.576479359302527736e-02
1.576479359302527736e-02
1.575686252918709340e-02
1.566830949652415692e-02
1.547993750590524048e-02
1.520740145775678620e-02
1.502146505405378175e-02
1.491326716191305503e-02
1.490114711187247483e-02
1.482516249105752387e-02
1.466815429436248673e-02
1.464059670206488938e-02
1.464059670206488938e-02
1.450019021264054540e-02
1.445798258572107524e-02
1.448084972907667627e-02
1.449771521570236178e-02
1.444015470899427840e-02
1.429489048010574963e-02
1.415922942502263575e-02
1.395917450287891860e-02
1.365710620314972840e-02
1.329135751850800233e-02
1.329135751850800233e-02
1.286216496198815465e-02
1.238056004409131793e-02
1.208511169176347370e-02
1.176256886872710170e-02
1.155681238082423117e-02
1.144180483883537429e-02
1.140862850314991982e-02
1.128972193359685343e-02
1.114229085434466707e-02
1.099820843332036981e-02
1.099820843332036981e-02
1.085219168391094238e-02
1.062152359868535727e-02
1.054053949535627144e-02
1.029971914594456431e-02
1.008227613583663126e-02
9.839215803841510830e-03
9.687354032905579754e-03
9.591846652723855227e-03
9.618769293838385151e-03
9.527292445196289261e-03
9.527292445196289261e-03
9.416079646379003215e-03
9.151245228883339924e-03
8.971266584542772135e-03
8.829959541153018301e-03
8.694726200241089178e-03
8.652810556863210420e-03
8.496445036272663731e-03
8.320938690101049168e-03
8.180548732896456357e-03
7.836363940457866800e-03
7.836363940457866800e-03
7.428542246939672487e-03
7.169740891098089382e-03
6.894325420926999612e-03
6.611409061336995761e-03
6.337016350119197526e-03
6.128046351182181266e-03
6.070815963118743851e-03
6.096171250451871103e-03
6.087468920794320525e-03
6.276127255318601598e-03
6.276127255318601598e-03
6.428242556925626086e-03
6.509939297526953772e-03
6.559428857599545158e-03
6.536728936782995256e-03
6.470647305178886012e-03
6.273001789979340027e-03
6.072427690668319444e-03
5.706450353551239564e-03
5.374824290087338099e-03
5.066712654722338102e-03
5.066712654722338102e-03
4.896904863989177611e-03
4.673583781983312556e-03
4.349717268152460646e-03
4.107470270896770512e-03
4.227967093191133639e-03
4.355996707499199851e-03
4.444898413198097344e-03
4.603502573763493082e-03
4.684452854966870278e-03
4.728061615786548037e-03
4.728061615786548037e-03
4.477007155971636509e-03
4.158906211168445985e-03
3.807859539407369709e-03
3.654292879552068288e-03
3.491073811169573705e-03
3.444207450622408222e-03
3.347554794979216986e-03
3.358789901881078111e-03
3.375790146237642696e-03
3.543288594741395361e-03
3.543288594741395361e-03
3.559482254581326603e-03
3.544374257341921085e-03
3.315104593484982220e-03
2.966563994727562225e-03
2.561751535125652689e-03
2.071596970976636101e-03
1.706079056695717668e-03
1.517111689292427847e-03
1.414586989767036137e-03
1.465393646529923079e-03
1.465393646529923079e-03
1.577827912618288628e-03
1.887076616711589033e-03
2.135253500216390595e-03
2.321574563767131796e-03
2.373071780848352592e-03
2.328596454350783610e-03
2.142442488981083099e-03
1.832552524832232457e-03
1.436610113616832362e-03
1.036196775578938824e-03
1.036196775578938824e-03
7.626786582562053267e-04
5.891919816061691548e-04
5.260568216011481243e-04
5.425264573764299048e-04
5.968332996876200532e-04
6.297188917864446345e-04
6.671920890141339999e-04
6.170527180730810178e-04
5.534377674566036322e-04
6.617077469194249497e-04
6.617077469194249497e-04
7.961842236238831022e-04
1.134832492992885562e-03
1.344237744053727998e-03
1.229411445360831245e-03
1.072868102166231680e-03
9.905101422515839946e-04
1.011843724039980866e-03
1.091818732156199859e-03
1.238776693068386996e-03
1.410501805016980362e-03
1.410501805016980362e-03
1.649611185668101382e-03
1.799725841674770744e-03
1.832888712171402545e-03
1.780643372057797704e-03
1.732129318125849669e-03
1.858959502123601684e-03
2.051445258226541109e-03
2.256683052761652899e-03
2.237568995202622243e-03
2.116210169393279664e-03
2.116210169393279664e-03
2.021658248575196413e-03
1.831131368540147349e-03
1.758865730955465724e-03
1.761450388441433874e-03
1.803798532372207202e-03
1.917599281551183059e-03
2.030936763228552086e-03
2.102014214021929225e-03
2.218537781884523299e-03
2.284398146775738249e-03
2.284398146775738249e-03
2.310084505223907424e-03
2.257499533152554708e-03
2.215079861790402935e-03
2.248602370412917072e-03
2.416616098198397667e-03
2.672796207118669290e-03
2.939388045404436531e-03
3.243378876611657281e-03
3.421799894043486487e-03
3.528324666389766936e-03
3.528324666389766936e-03
3.589737166541012280e-03
3.474821020911407921e-03
3.172766500555698060e-03
2.906408709065817862e-03
2.706291006874076387e-03
2.808657251590247761e-03
3.080050217426048929e-03
3.361081439058439049e-03
3.591581741396854006e-03
3.725041850517203657e-03
3.725041850517203657e-03
3.699992517807738131e-03
3.608424260050052505e-03
3.557489701009586367e-03
3.627325329439755677e-03
3.688995545691324193e-03
3.667568338314539968e-03
3.619343627743375202e-03
3.542764824114054672e-03
3.199679075724066752e-03
3.216342409776415130e-03
3.216342409776415130e-03
3.451127697092602840e-03
3.771427099276756893e-03
4.086339492535966469e-03
4.282323413980406585e-03
4.403806804733067203e-03
4.447001130869191257e-03
4.329357236350184039e-03
4.020254521231841557e-03
3.761930862732302833e-03
3.546682946861902472e-03
3.546682946861902472e-03
3.485948282977161666e-03
3.720519750083679886e-03
3.847277371896213986e-03
4.050960836921251203e-03
4.327992929389227160e-03
4.546476597421596384e-03
4.699667936776709409e-03
4.733948141044191926e-03
4.851772647122569795e-03
4.784501958907813428e-03
4.784501958907813428e-03
4.701457372892448722e-03
4.593209917373400342e-03
4.577992963356595363e-03
4.740751496328815366e-03
5.000769566023314551e-03
5.318084476493145120e-03
5.700525878629913307e-03
5.996692681575041713e-03
6.230389009478581354e-03
6.398923562891356727e-03
6.398923562891356727e-03
6.492091998920408377e-03
6.470891965418049639e-03
6.284971043316612757e-03
6.085519735740774899e-03
5.882782051096807803e-03
5.761796338054280334e-03
5.729075502437340137e-03
5.537906132398816295e-03
5.445625345039321712e-03
5.440618085496629237e-03
5.440618085496629237e-03
5.453903242516953097e-03
5.492219436834628807e-03
5.807578555592099977e-03
5.617910159212288583e-03
5.388865920076408786e-03
5.388865920076408786e-03
5.388865920076408786e-03
5.388865920076408786e-03
5.193209919886023103e-03
4.924743112364017052e-03
