4.803292221359308639e-02
4.803292221359308639e-02
4.876252752055008910e-02
4.887183343982118983e-02
4.866602676582014453e-02
4.890033006235807583e-02
4.904822648235504512e-02
4.884910001595679785e-02
4.859868623907496327e-02
4.832031185366193055e-02
4.799863365213746791e-02
4.757630846657499857e-02
4.757630846657499857e-02
4.709169714248764849e-02
4.666387099031591573e-02
4.632596607061612026e-02
4.594556694976424660e-02
4.549634084138907270e-02
4.512597880752852730e-02
4.476677545586917051e-02
4.438819938945525595e-02
4.409309825121912607e-02
4.381339696885207941e-02
4.381339696885207941e-02
4.350065193797503227e-02
4.312526562792653312e-02
4.283445599523717090e-02
4.247055791090871557e-02
4.198474854841308807e-02
4.154235133771762289e-02
4.113229276572731574e-02
4.074795747373027854e-02
4.033159603574249658e-02
3.987430385804217881e-02
3.987430385804217881e-02
3.943917612158869684e-02
3.889369406186237582e-02
3.836982476750637472e-02
3.795873197185774955e-02
3.764230314920350567e-02
3.733812099335718365e-02
3.703602185005780423e-02
3.674231592891048781e-02
3.653088072452092411e-02
3.632780659542505369e-02
3.632780659542505369e-02
3.609608791290695035e-02
3.576552123298450125e-02
3.551367829251299985e-02
3.520622342700106128e-02
3.487438364301548299e-02
3.453454808995794906e-02
3.411643153508573528e-02
3.376685456594519935e-02
3.337412183216510730e-02
3.294821498260504938e-02
3.294821498260504938e-02
3.268793237740102997e-02
3.249431643070785358e-02
3.231610875692960544e-02
3.217360538050938190e-02
3.196411255834787773e-02
3.174615210890507910e-02
3.153668145015747076e-02
3.127467028480026418e-02
3.112806016632748557e-02
3.096812125324991186e-02
3.096812125324991186e-02
3.075307258091671339e-02
3.045134854046684797e-02
3.015370869147215166e-02
2.966399495247253396e-02
2.904172055808568187e-02
2.837039901045530083e-02
2.780650413939853363e-02
2.715620891622655755e-02
2.678705028671208091e-02
2.635118697379314548e-02
2.635118697379314548e-02
2.589635126247891855e-02
2.544950090484500785e-02
2.510000027671608833e-02
2.462675551490644404e-02
2.413301472150888166e-02
2.362323344091195321e-02
2.304038943431423528e-02
2.236624055605830608e-02
2.176435923685817245e-02
2.120276618440633878e-02
2.120276618440633878e-02
2.066912000648267467e-02
2.000964454221676112e-02
1.948759093972374234e-02
1.880384249866512425e-02
1.813592542690561568e-02
1.770539035108680687e-02
1.732684747359554411e-02
1.707551471983069155e-02
1.701115709213635654e-02
1.695377643421659697e-02
1.695377643421659697e-02
1.700165610232291097e-02
1.718672126826173083e-02
1.730881313324357518e-02
1.756944455701720323e-02
1.788661510606036689e-02
1.814698118217098963e-02
1.835388420673162227e-02
1.845526165986977052e-02
1.819272913376255782e-02
1.780834940359789925e-02
1.780834940359789925e-02
1.735519474663921660e-02
1.704486569002248639e-02
1.702368770806372486e-02
1.710823162147555310e-02
1.713888968273788449e-02
1.720419899515463619e-02
1.725214192821800108e-02
1.760093182512202301e-02
1.825283260699110677e-02
1.877654287226563495e-02
1.877654287226563495e-02
1.918570669918495328e-02
1.945816611408546573e-02
1.952865282376493178e-02
1.958097916002410344e-02
1.948204917269509909e-02
1.939842069398302338e-02
1.928491559572416414e-02
1.929783398025797930e-02
1.932499533716811740e-02
1.932688272933603957e-02
1.932688272933603957e-02
1.928396613137827939e-02
1.928530715755311792e-02
1.918835887243407201e-02
1.912923931055651380e-02
1.911117404268942652e-02
1.910757322961376126e-02
1.905963876431808826e-02
1.904202796376060214e-02
1.895965235122300946e-02
1.873148523634540069e-02
1.873148523634540069e-02
1.876850829974147442e-02
1.896487681699507780e-02
1.909252295534926910e-02
1.921468545032513353e-02
1.923792424735305123e-02
1.921533394291375166e-02
1.893684257159795187e-02
1.873317888243918386e-02
1.850635221462731267e-02
1.840531961615892234e-02
1.840531961615892234e-02
1.814594045352925858e-02
1.785804347285089091e-02
1.758754029763116150e-02
1.718852807837164751e-02
1.692636793437388154e-02
1.679789366113913426e-02
1.680002485233661122e-02
1.676336568228320792e-02
1.673747735039366261e-02
1.656790359508010513e-02
1.656790359508010513e-02
1.641881160418497132e-02
1.621484979994393394e-02
1.612153546256219622e-02
1.612456935898449670e-02
1.603776262526792132e-02
1.588618071671283466e-02
1.573574165561792554e-02
1.565517501706155390e-02
1.564908290614795347e-02
1.540177281169941015e-02
1.540177281169941015e-02
1.513378067136324050e-02
1.507595487056608702e-02
1.502713353040438515e-02
1.497641879814754808e-02
1.501425976056676610e-02
1.450106375020548607e-02
1.402615898273815685e-02
1.381591395785472520e-02
1.413674302627607876e-02
1.461721043280076078e-02
1.461721043280076078e-02
1.508213133977884084e-02
1.551322243903021508e-02
1.557175950680280904e-02
1.554232205195822322e-02
1.537216136391214398e-02
1.507637244229026972e-02
1.465172913810938553e-02
1.426449718133846259e-02
1.400562982503528349e-02
1.390142653511263274e-02
1.390142653511263274e-02
1.393951006686630460e-02
1.402641219589856499e-02
1.418458038794503939e-02
1.424538071713957708e-02
1.421989858167754632e-02
1.421232749783301122e-02
1.421912305832173477e-02
1.408584826361244935e-02
1.400708699122005241e-02
1.392633980173759584e-02
1.392633980173759584e-02
1.390364183605792905e-02
1.388103132971387627e-02
1.383388927076141355e-02
1.381236111592191139e-02
1.386921125211080727e-02
1.376226281929577785e-02
1.372084006518917328e-02
1.381765612802041826e-02
1.395505464554330430e-02
1.407933777690255350e-02
1.407933777690255350e-02
1.403878027628851013e-02
1.414758360052333942e-02
1.420451734727708540e-02
1.423333602089832395e-02
1.411385032701847377e-02
1.404456830717230181e-02
1.403235403550700915e-02
1.403235403550700915e-02
1.406412741801618162e-02
1.402125407582060015e-02
1.402125407582060015e-02
1.404240738914369797e-02
1.404742360099830653e-02
1.404742360099830653e-02
1.404742360099830653e-02
1.404742360099830653e-02
1.415715281779201216e-02
1.418873244104171087e-02
1.424053405389937195e-02
1.427269840168027097e-02
1.424592067478781462e-02
1.424592067478781462e-02
1.417695015535682009e-02
1.404150688792754099e-02
1.390912733307665163e-02
1.381622690168054883e-02
1.383215637412283511e-02
1.369503344491958090e-02
1.358058680283024712e-02
1.368462108254519215e-02
1.390765187550007352e-02
1.399943341954406999e-02
1.399943341954406999e-02
1.413539788599512195e-02
1.413539788599512195e-02
1.413539788599512195e-02
1.404152508595090353e-02
1.391797231217407893e-02
1.369733494974366937e-02
1.354054987443734093e-02
1.343231292864244079e-02
1.343057115334116321e-02
1.344461854747068530e-02
1.344461854747068530e-02
1.410796160465628730e-02
1.473433805118518417e-02
1.513641256977816922e-02
1.543207171522603498e-02
1.562174909188070344e-02
1.565893848916908096e-02
1.560301056891720030e-02
1.541105225919702990e-02
1.509205067858064402e-02
1.476095807580317387e-02
1.476095807580317387e-02
1.466735242623608444e-02
1.478639901431365485e-02
1.511382319740619054e-02
1.551017403281521739e-02
1.586654604308429875e-02
1.610305948752638328e-02
1.622633806385401917e-02
1.621784613872442882e-02
1.609540211232192083e-02
1.588734137884653674e-02
1.588734137884653674e-02
1.564917114527657194e-02
1.531768741640629310e-02
1.503259423004145445e-02
1.536932889745969838e-02
1.562076305054890986e-02
1.580646595713995975e-02
1.582421890062553002e-02
1.584302645222106926e-02
1.582281610337708116e-02
1.567067072021410476e-02
1.567067072021410476e-02
1.553485283902788019e-02
1.544095220956866188e-02
1.531544071391029681e-02
1.510957630689750870e-02
1.486822186413814736e-02
1.471878330653924628e-02
1.464026493536761328e-02
1.462457041519274817e-02
1.468551847242431825e-02
1.458798978548772260e-02
1.458798978548772260e-02
1.458197767582662327e-02
1.457962613862748974e-02
1.447282397013109102e-02
1.427936284159229616e-02
1.412954900665348498e-02
1.402153165618452713e-02
1.393156806776649909e-02
1.373945100862841717e-02
1.354217142038705718e-02
1.332908409903627023e-02
1.332908409903627023e-02
1.319931210789142793e-02
1.307487803114605433e-02
1.291225673733485853e-02
1.288243498531990716e-02
1.287134740699749126e-02
1.300369142715429582e-02
1.302923163877363170e-02
1.309900958159585481e-02
1.311869941281503492e-02
1.311313752330039127e-02
1.311313752330039127e-02
1.300616576901702376e-02
1.279550019721812336e-02
1.262869112984690845e-02
1.252446290891662435e-02
1.256780193989258214e-02
1.282301609197723444e-02
1.316727936170009744e-02
1.343408757661570911e-02
1.366218506399843186e-02
1.385259267810945959e-02
1.385259267810945959e-02
1.406666935434036994e-02
1.422432687039433714e-02
1.440146750364975151e-02
1.449055492626198476e-02
1.444311014436716264e-02
1.432191285475309904e-02
1.414235964480886620e-02
1.394711154754712558e-02
1.384899427605238570e-02
1.385252069734891310e-02
1.385252069734891310e-02
1.398307707633834190e-02
1.411005398662840658e-02
1.400446783998424150e-02
1.394800665000429755e-02
1.387652653190584590e-02
1.383816443935748271e-02
1.380075277665980885e-02
1.378148227959453791e-02
1.380050532165937385e-02
1.373360429358315600e-02
1.373360429358315600e-02
1.368788503325277586e-02
1.358708990195395608e-02
1.339816037799663496e-02
1.327868114940769159e-02
1.318661151866143931e-02
1.313856558081291648e-02
1.298604686042172975e-02
1.287639693695808232e-02
1.283911455707705679e-02
1.283887543189352921e-02
1.283887543189352921e-02
1.282696937021582904e-02
1.282373958624843935e-02
1.297126860283491327e-02
1.314182038607707853e-02
1.318643985993185608e-02
1.310307077786930161e-02
1.299820332453825375e-02
1.282303180080957700e-02
1.253837713573735524e-02
1.224701502004350677e-02
1.224701502004350677e-02
1.197137665664009532e-02
1.173645031809079919e-02
1.153600556322750131e-02
1.152481133757446430e-02
1.152713641138262274e-02
1.160457231619208170e-02
1.181609667256519960e-02
1.197750016193293958e-02
1.211037032996780533e-02
1.222885460616997266e-02
1.222885460616997266e-02
1.230673233217091656e-02
1.217460850530482398e-02
1.189329244496996688e-02
1.161287864280717737e-02
1.125752171554761372e-02
1.096485241327779109e-02
1.088702488496733935e-02
1.087364120277774585e-02
1.094810288306597920e-02
1.101300481944644805e-02
1.101300481944644805e-02
1.108916170691653762e-02
1.124188377743954095e-02
1.163609338772099086e-02
1.179712340283643399e-02
1.191700781442439974e-02
1.204538050611966664e-02
1.211702539268845469e-02
1.222577693617448412e-02
1.232210548067893575e-02
1.239610377939644008e-02
1.239610377939644008e-02
1.241315995671721586e-02
1.237237053752753176e-02
1.246907252522574776e-02
1.252897507613422341e-02
1.250084040810906308e-02
1.264973987710214971e-02
1.296480254548633936e-02
1.334204716276188654e-02
1.365525088059285456e-02
1.401994211678108705e-02
