1.980564370751380920e-02
2.149907685816287994e-02
2.249302156269550323e-02
2.326063811779022217e-02
2.416105940937995911e-02
2.424677461385726929e-02
2.467164956033229828e-02
2.449767105281352997e-02
2.438837848603725433e-02
2.477174997329711914e-02
2.504537254571914673e-02
2.504537254571914673e-02
2.522821910679340363e-02
2.536332421004772186e-02
2.549532614648342133e-02
2.560725621879100800e-02
2.560397237539291382e-02
2.555819973349571228e-02
2.542813494801521301e-02
2.529321424663066864e-02
2.510255947709083557e-02
2.486102096736431122e-02
2.486102096736431122e-02
2.456999011337757111e-02
2.431925758719444275e-02
2.412849478423595428e-02
2.384847030043601990e-02
2.348909154534339905e-02
2.341027930378913879e-02
2.332747355103492737e-02
2.329630032181739807e-02
2.326489798724651337e-02
2.314974926412105560e-02
2.314974926412105560e-02
2.306083589792251587e-02
2.319133840501308441e-02
2.366362325847148895e-02
2.402964234352111816e-02
2.435642853379249573e-02
2.468054927885532379e-02
2.500270493328571320e-02
2.543975226581096649e-02
2.581856586039066315e-02
2.616514638066291809e-02
2.616514638066291809e-02
2.640587836503982544e-02
2.665009163320064545e-02
2.671296894550323486e-02
2.677683904767036438e-02
2.679804898798465729e-02
2.688440866768360138e-02
2.695514075458049774e-02
2.706650272011756897e-02
2.771447226405143738e-02
2.830771170556545258e-02
2.830771170556545258e-02
2.884003706276416779e-02
2.930816262960433960e-02
2.971104718744754791e-02
3.008397296071052551e-02
3.045168519020080566e-02
3.087568841874599457e-02
3.132801502943038940e-02
3.170903027057647705e-02
3.209980949759483337e-02
3.244346752762794495e-02
3.244346752762794495e-02
3.272927552461624146e-02
3.297333046793937683e-02
3.330985084176063538e-02
3.355504944920539856e-02
3.379305079579353333e-02
3.403870388865470886e-02
3.425084054470062256e-02
3.441541641950607300e-02
3.456543758511543274e-02
3.473091870546340942e-02
3.473091870546340942e-02
3.485820814967155457e-02
3.481892496347427368e-02
3.476997464895248413e-02
3.471910208463668823e-02
3.454782068729400635e-02
3.447807952761650085e-02
3.439053893089294434e-02
3.416345268487930298e-02
3.395412862300872803e-02
3.379699215292930603e-02
3.379699215292930603e-02
3.339302912354469299e-02
3.276216983795166016e-02
3.211702778935432434e-02
3.150688484311103821e-02
3.094325959682464600e-02
3.040745109319686890e-02
2.995136752724647522e-02
2.951647713780403137e-02
2.908732183277606964e-02
2.870794385671615601e-02
2.870794385671615601e-02
2.832867205142974854e-02
2.796571515500545502e-02
2.763994783163070679e-02
2.733724936842918396e-02
2.702261693775653839e-02
2.666567824780941010e-02
2.629604749381542206e-02
2.599577978253364563e-02
2.571706473827362061e-02
2.537655830383300781e-02
2.537655830383300781e-02
2.511563338339328766e-02
2.481836080551147461e-02
2.441725693643093109e-02
2.400007098913192749e-02
2.358825877308845520e-02
2.322086319327354431e-02
2.288581244647502899e-02
2.254992164671421051e-02
2.221471071243286133e-02
2.181427553296089172e-02
2.181427553296089172e-02
2.144102379679679871e-02
2.108348719775676727e-02
2.075374126434326172e-02
2.042666263878345490e-02
2.041164040565490723e-02
2.054276689887046814e-02
2.080737985670566559e-02
2.100319974124431610e-02
2.117860689759254456e-02
2.137543819844722748e-02
2.137543819844722748e-02
2.160683274269104004e-02
2.181478217244148254e-02
2.187583036720752716e-02
2.202687598764896393e-02
2.221983484923839569e-02
2.233934961259365082e-02
2.248773537576198578e-02
2.261951938271522522e-02
2.267620339989662170e-02
2.274755202233791351e-02
2.274755202233791351e-02
2.290502190589904785e-02
2.300942502915859222e-02
2.385382540524005890e-02
2.472987771034240723e-02
2.554532140493392944e-02
2.635954134166240692e-02
2.709326706826686859e-02
2.785330638289451599e-02
2.860931120812892914e-02
2.924652211368083954e-02
2.924652211368083954e-02
2.982408739626407623e-02
3.039433993399143219e-02
3.083495609462261200e-02
3.116632811725139618e-02
3.133659809827804565e-02
3.147289529442787170e-02
3.149221464991569519e-02
3.138103708624839783e-02
3.098646923899650574e-02
3.062902018427848816e-02
3.062902018427848816e-02
3.028720244765281677e-02
2.988721802830696106e-02
2.945061400532722473e-02
2.917666919529438019e-02
2.893168479204177856e-02
2.874055691063404083e-02
2.862341143190860748e-02
2.848960459232330322e-02
2.841621823608875275e-02
2.840363234281539917e-02
2.840363234281539917e-02
2.846243046224117279e-02
2.844813838601112366e-02
2.838208898901939392e-02
2.834881842136383057e-02
2.827535383403301239e-02
2.794329635798931122e-02
2.753735706210136414e-02
2.701333537697792053e-02
2.655741199851036072e-02
2.599538117647171021e-02
2.599538117647171021e-02
2.543552964925765991e-02
2.479139715433120728e-02
2.413488924503326416e-02
2.350766584277153015e-02
2.276161126792430878e-02
2.199894934892654419e-02
2.126317657530307770e-02
2.058784663677215576e-02
1.986333169043064117e-02
1.923769153654575348e-02
1.923769153654575348e-02
1.869488507509231567e-02
1.819431968033313751e-02
1.781834848225116730e-02
1.753459125757217407e-02
1.720464229583740234e-02
1.698379218578338623e-02
1.683390885591506958e-02
1.674618944525718689e-02
1.657860353589057922e-02
1.644952408969402313e-02
1.644952408969402313e-02
1.625235565006732941e-02
1.618417352437973022e-02
1.595390588045120239e-02
1.578556559979915619e-02
1.565036363899707794e-02
1.550526916980743408e-02
1.558832265436649323e-02
1.565804891288280487e-02
1.584273949265480042e-02
1.601117663085460663e-02
1.601117663085460663e-02
1.621538586914539337e-02
1.645414903759956360e-02
1.655896939337253571e-02
1.660623215138912201e-02
1.671655476093292236e-02
1.672624610364437103e-02
1.671188697218894958e-02
1.668018102645874023e-02
1.657054200768470764e-02
1.652071997523307800e-02
1.652071997523307800e-02
1.632069423794746399e-02
1.609782688319683075e-02
1.594158075749874115e-02
1.572459191083908081e-02
1.539961993694305420e-02
1.507540792226791382e-02
1.486483495682477951e-02
1.473765727132558823e-02
1.471498981118202209e-02
1.416616793721914291e-02
1.416616793721914291e-02
1.365379709750413895e-02
1.332209352403879166e-02
1.310102920979261398e-02
1.297106407582759857e-02
1.287566311657428741e-02
1.275937817990779877e-02
1.249586045742034912e-02
1.221211627125740051e-02
1.197896152734756470e-02
1.173248793929815292e-02
1.173248793929815292e-02
1.180583517998456955e-02
1.182140875607728958e-02
1.175729464739561081e-02
1.159862708300352097e-02
1.131344307214021683e-02
1.094476692378520966e-02
1.060118060559034348e-02
1.030121557414531708e-02
1.019074395298957825e-02
1.023548841476440430e-02
1.023548841476440430e-02
1.029336825013160706e-02
1.042543258517980576e-02
1.070991717278957367e-02
1.101731136441230774e-02
1.137358415871858597e-02
1.176232751458883286e-02
1.217746641486883163e-02
1.264159101992845535e-02
1.304920855909585953e-02
1.336947269737720490e-02
1.336947269737720490e-02
1.364832744002342224e-02
1.394941471517086029e-02
1.416279934346675873e-02
1.427096594125032425e-02
1.448451075702905655e-02
1.460678689181804657e-02
1.457022875547409058e-02
1.444512885063886642e-02
1.418042462319135666e-02
1.383694913238286972e-02
1.383694913238286972e-02
1.331491023302078247e-02
1.331491023302078247e-02
1.331491023302078247e-02
1.272450387477874756e-02
1.212747767567634583e-02
1.166327483952045441e-02
1.135183125734329224e-02
1.125283911824226379e-02
1.137254945933818817e-02
1.169313769787549973e-02
1.169313769787549973e-02
1.210903190076351166e-02
1.256463024765253067e-02
1.287498045712709427e-02
1.307776290923357010e-02
1.324786711484193802e-02
1.339851133525371552e-02
1.348426099866628647e-02
1.352680940181016922e-02
1.364778261631727219e-02
1.392822898924350739e-02
1.392822898924350739e-02
1.428107451647520065e-02
1.467097643762826920e-02
1.521223131567239761e-02
1.586472988128662109e-02
1.645353436470031738e-02
1.693810522556304932e-02
1.748938858509063721e-02
1.808964274823665619e-02
1.871361956000328064e-02
1.922934502363204956e-02
1.922934502363204956e-02
1.961506716907024384e-02
1.989551261067390442e-02
2.009965293109416962e-02
2.012335509061813354e-02
2.000277675688266754e-02
1.979749649763107300e-02
1.971516571938991547e-02
1.961895264685153961e-02
1.948811300098896027e-02
1.921187154948711395e-02
1.921187154948711395e-02
1.903067901730537415e-02
1.889365911483764648e-02
1.876051723957061768e-02
1.857819594442844391e-02
1.816020347177982330e-02
1.765116304159164429e-02
1.704180054366588593e-02
1.662173680961132050e-02
1.617269404232501984e-02
1.564902439713478088e-02
1.564902439713478088e-02
1.511060073971748352e-02
1.479773316532373428e-02
1.467446051537990570e-02
1.463060546666383743e-02
1.452247053384780884e-02
1.443550270050764084e-02
1.436513103544712067e-02
1.427974179387092590e-02
1.442640926688909531e-02
1.449107751250267029e-02
1.449107751250267029e-02
1.442201249301433563e-02
1.422891765832901001e-02
1.388363353908061981e-02
1.350021455436944962e-02
1.316574960947036743e-02
1.287537347525358200e-02
1.276544108986854553e-02
1.289688143879175186e-02
1.314587239176034927e-02
1.342581212520599365e-02
1.342581212520599365e-02
1.373573206365108490e-02
1.411490049213171005e-02
1.443336717784404755e-02
1.469747349619865417e-02
1.497063040733337402e-02
1.512012071907520294e-02
1.511637307703495026e-02
1.505690626800060272e-02
1.496942434459924698e-02
1.493164058774709702e-02
1.493164058774709702e-02
1.487986184656620026e-02
1.475524622946977615e-02
1.467234734445810318e-02
1.455949340015649796e-02
1.439079456031322479e-02
1.442216988652944565e-02
1.435630302876234055e-02
1.419878378510475159e-02
1.402567978948354721e-02
1.400832645595073700e-02
1.400832645595073700e-02
1.396232377737760544e-02
1.389039214700460434e-02
1.379264704883098602e-02
1.363109331578016281e-02
1.343222614377737045e-02
1.315265428274869919e-02
1.285785064101219177e-02
1.266282331198453903e-02
1.251254882663488388e-02
1.241788547486066818e-02
1.241788547486066818e-02
1.235783379524946213e-02
1.225579809397459030e-02
1.218711398541927338e-02
1.216363441199064255e-02
1.198400929570198059e-02
1.179632451385259628e-02
1.176753267645835876e-02
1.183201372623443604e-02
1.197688467800617218e-02
1.214818377047777176e-02
1.214818377047777176e-02
1.236316561698913574e-02
1.249743532389402390e-02
1.264586485922336578e-02
1.273218821734189987e-02
1.268785353749990463e-02
1.259735506027936935e-02
1.237394288182258606e-02
1.209222804754972458e-02
1.184573117643594742e-02
1.178428065031766891e-02
1.178428065031766891e-02
1.172769255936145782e-02
1.168299559503793716e-02
1.164712384343147278e-02
1.157553680241107941e-02
1.144095230847597122e-02
1.123554445803165436e-02
1.100334338843822479e-02
1.081037241965532303e-02
1.064796093851327896e-02
1.061057299375534058e-02
1.061057299375534058e-02
1.056619919836521149e-02
1.066522300243377686e-02
1.070935931056737900e-02
1.078567933291196823e-02
1.085617020726203918e-02
1.101657468825578690e-02
1.114271115511655807e-02
1.117718406021595001e-02
1.121275033801794052e-02
1.126541290432214737e-02
1.126541290432214737e-02
1.125225145369768143e-02
1.120363920927047729e-02
1.117122452706098557e-02
1.124833617359399796e-02
1.124813780188560486e-02
1.133755594491958618e-02
1.157395262271165848e-02
1.185516174882650375e-02
1.210645493119955063e-02
1.242558751255273819e-02
1.242558751255273819e-02
1.269076298922300339e-02
1.291473489254713058e-02
1.299334689974784851e-02
1.292146649211645126e-02
1.284968107938766479e-02
1.267777103930711746e-02
1.249407138675451279e-02
1.238068193197250366e-02
1.225197035819292068e-02
1.220905035734176636e-02
1.220905035734176636e-02
1.224144548177719116e-02
1.224552746862173080e-02
1.231739111244678497e-02
1.240748725831508636e-02
1.240683067589998245e-02
1.242119073867797852e-02
1.232795044779777527e-02
1.206693425774574280e-02
1.164908334612846375e-02
1.118248514831066132e-02
1.118248514831066132e-02
1.075284834951162338e-02
1.037127617746591568e-02
1.013587135821580887e-02
9.968578815460205078e-03
9.895795024931430817e-03
9.939458221197128296e-03
1.016603689640760422e-02
1.046759355813264847e-02
1.083741430193185806e-02
1.111477147787809372e-02
1.111477147787809372e-02
1.130824442952871323e-02
1.151396892964839935e-02
1.169354002922773361e-02
1.176768261939287186e-02
1.181007456034421921e-02
1.181694678962230682e-02
1.171374507248401642e-02
1.160273049026727676e-02
1.143955811858177185e-02
1.136369165033102036e-02
1.136369165033102036e-02
1.131386030465364456e-02
1.129101123660802841e-02
1.143490523099899292e-02
1.171901170164346695e-02
1.199487224221229553e-02
1.223432365804910660e-02
1.248455327004194260e-02
1.278910227119922638e-02
1.307789050042629242e-02
1.327349431812763214e-02
1.327349431812763214e-02
1.339782401919364929e-02
1.354478579014539719e-02
1.363689824938774109e-02
1.366384979337453842e-02
1.369558181613683701e-02
1.386021263897418976e-02
1.409677788615226746e-02
1.443708408623933792e-02
1.472917571663856506e-02
1.497891545295715332e-02
1.497891545295715332e-02
1.518590468913316727e-02
1.524163223803043365e-02
1.517711300402879715e-02
1.503506023436784744e-02
1.482010912150144577e-02
1.462004426866769791e-02
1.443476043641567230e-02
1.424622721970081329e-02
1.411634031683206558e-02
1.403973530977964401e-02
1.403973530977964401e-02
1.385169196873903275e-02
1.362217590212821960e-02
1.351904682815074921e-02
1.347394194453954697e-02
1.344927214086055756e-02
1.342181582003831863e-02
1.333452574908733368e-02
1.317512895911931992e-02
1.309363171458244324e-02
1.287450361996889114e-02
1.287450361996889114e-02
1.252884138375520706e-02
1.210422161966562271e-02
1.174050383269786835e-02
1.144146081060171127e-02
1.121733337640762329e-02
1.106196735054254532e-02
1.111013256013393402e-02
1.116788201034069061e-02
1.115855108946561813e-02
1.106306724250316620e-02
1.106306724250316620e-02
1.089252997189760208e-02
1.069830078631639481e-02
1.019108761101961136e-02
9.731592610478401184e-03
9.361203759908676147e-03
9.230812080204486847e-03
9.314062073826789856e-03
9.494645521044731140e-03
9.595245122909545898e-03
9.736609645187854767e-03
9.736609645187854767e-03
9.590313769876956940e-03
9.502389468252658844e-03
9.405238553881645203e-03
9.314929135143756866e-03
9.262247942388057709e-03
9.190835990011692047e-03
9.178054518997669220e-03
9.222728200256824493e-03
9.194018319249153137e-03
9.158452972769737244e-03
