4.197991596753365695e-02
4.197991596753365695e-02
4.192631938677340853e-02
4.308194713738582038e-02
4.357296930565367210e-02
4.381715794886408000e-02
4.401756895989020202e-02
4.384621760634712512e-02
4.378806362354048520e-02
4.373698965032555425e-02
4.357176234890275390e-02
4.330077972546540754e-02
4.330077972546540754e-02
4.304831072764331995e-02
4.290749241926548191e-02
4.281410175054990719e-02
4.264093494188841982e-02
4.247217951028898347e-02
4.234904321303742392e-02
4.222681898577515525e-02
4.208951425711904976e-02
4.205127751749374726e-02
4.204093363936245442e-02
4.204093363936245442e-02
4.178124328209652932e-02
4.166841051791654593e-02
4.170546463841965507e-02
4.173302239966131255e-02
4.167432791524054714e-02
4.159938917923338558e-02
4.146829236588019801e-02
4.133439784889554602e-02
4.119208536399525389e-02
4.099889890395738701e-02
4.099889890395738701e-02
4.077226337220668517e-02
4.062004647727501111e-02
4.051227865798489453e-02
4.050608960455286123e-02
4.058068032580928325e-02
4.070487274550051854e-02
4.086726331346451219e-02
4.083614830864231576e-02
4.086796540837059344e-02
4.101937786524348373e-02
4.101937786524348373e-02
4.079855435548353226e-02
4.036327576883991242e-02
3.998159038716916913e-02
3.960334333687657443e-02
3.923451267701404122e-02
3.886831071200544385e-02
3.840359545195257129e-02
3.803405383924148009e-02
3.774010039341405692e-02
3.745429336794322411e-02
3.745429336794322411e-02
3.729501730900318390e-02
3.698581993344650376e-02
3.677838561252914917e-02
3.677006109296793168e-02
3.687169298375270882e-02
3.680212511676137638e-02
3.644750918888783886e-02
3.614423210886825305e-02
3.569783268333152904e-02
3.519489308270020572e-02
3.519489308270020572e-02
3.471714926494723352e-02
3.425742166808000422e-02
3.372556836130049390e-02
3.332375687281685650e-02
3.296032793680326450e-02
3.299362394532208420e-02
3.314241985797346246e-02
3.325207534395838160e-02
3.287563512797502668e-02
3.246969314846792631e-02
3.246969314846792631e-02
3.184620865182470617e-02
3.142001680362858235e-02
3.128235222176600078e-02
3.164869610635973052e-02
3.217465445285763032e-02
3.263414403587445306e-02
3.280582409939147154e-02
3.255854550014254667e-02
3.215360009026424493e-02
3.173757760488129381e-02
3.173757760488129381e-02
3.136415530698923732e-02
3.132411124317190099e-02
3.190027666765708758e-02
3.243194771435747165e-02
3.283654272848463701e-02
3.302750409764338563e-02
3.296307792120835994e-02
3.252549969028516869e-02
3.217209401133060143e-02
3.199938097936874670e-02
3.199938097936874670e-02
3.210453643692336850e-02
3.246290168178906504e-02
3.270275662126968103e-02
3.288092648576616817e-02
3.285655554651346899e-02
3.271718016123647405e-02
3.242484091856636524e-02
3.204294596689243046e-02
3.174804997633484671e-02
3.180966560971542484e-02
3.180966560971542484e-02
3.202907709520767809e-02
3.234614132890863136e-02
3.254344394046467664e-02
3.268416916231481339e-02
3.272911534406863776e-02
3.258171577905177863e-02
3.244325311236048726e-02
3.226984576184737524e-02
3.221036664844181829e-02
3.217030276223542540e-02
3.217030276223542540e-02
3.243138906405205329e-02
3.267745137547335699e-02
3.265773506523139691e-02
3.297396749866524784e-02
3.301613552467803914e-02
3.292097219754724219e-02
3.280004276989127721e-02
3.277969609546607654e-02
3.278173064654933688e-02
3.286548525238368323e-02
3.286548525238368323e-02
3.309444458227250169e-02
3.330406722812312426e-02
3.343380264018702697e-02
3.346756054816059367e-02
3.344841200909849654e-02
3.330408859282064232e-02
3.312329832829793985e-02
3.291095798479443113e-02
3.283006300648222409e-02
3.291787728378685329e-02
3.291787728378685329e-02
3.322194861262720011e-02
3.342412457910750451e-02
3.348073248706086302e-02
3.335899382508621808e-02
3.304647227743989085e-02
3.281685376099206797e-02
3.277449306227254305e-02
3.299427459862904616e-02
3.321952489811409032e-02
3.335803236757780427e-02
3.335803236757780427e-02
3.353815497928007427e-02
3.356598210891020145e-02
3.339292260168022497e-02
3.318489551850804797e-02
3.304142632256504286e-02
3.306433291047543993e-02
3.320374013155593523e-02
3.339846950059257441e-02
3.360421538138394504e-02
3.380428063176321718e-02
3.380428063176321718e-02
3.371051501154180563e-02
3.346033095605473878e-02
3.325008183623964775e-02
3.333028628205318700e-02
3.349188185018161373e-02
3.363950593785099835e-02
3.387566817016925136e-02
3.409009701139723014e-02
3.406826559730634363e-02
3.394766964249144175e-02
3.394766964249144175e-02
3.374128968053853594e-02
3.349678919219255258e-02
3.337188038995614336e-02
3.331255881746712777e-02
3.341986938835373594e-02
3.367162990493042379e-02
3.379382330016434538e-02
3.376558670610136509e-02
3.337335174516719433e-02
3.313099100714040485e-02
3.313099100714040485e-02
3.307807959261311465e-02
3.322539128581032675e-02
3.331299273734750210e-02
3.337257343524371173e-02
3.343388408787124205e-02
3.335368331880003007e-02
3.311748095729525471e-02
3.297956693060895283e-02
3.288953862443623477e-02
3.275767561738360256e-02
3.275767561738360256e-02
3.269885602270222041e-02
3.261979469991988650e-02
3.267216989895204565e-02
3.281116334930504058e-02
3.302788789649791640e-02
3.286858484169902922e-02
3.248831950018828824e-02
3.221931222244795584e-02
3.221931222244795584e-02
3.221931222244795584e-02
3.221931222244795584e-02
3.210545693395631256e-02
3.213140541385061527e-02
3.212705379571673819e-02
3.225740160634512493e-02
3.234414864829246450e-02
3.236822525246420279e-02
3.212862941796212901e-02
3.183496715441661018e-02
3.147049894768962075e-02
3.115935724219332653e-02
3.115935724219332653e-02
3.101163767230509169e-02
3.106374159622774661e-02
3.109109588803438476e-02
3.104941896591729977e-02
3.074081972250854861e-02
3.032433326692434220e-02
2.985160426667115771e-02
2.940650994283035280e-02
2.916922036219593214e-02
2.913542693449499774e-02
2.913542693449499774e-02
2.916373336056210866e-02
2.932201726873362793e-02
2.944516835081030168e-02
2.951235109961773337e-02
2.948590503360783155e-02
2.936731968462291328e-02
2.914334789001460715e-02
2.892206207193126488e-02
2.887911048021792743e-02
2.905471582141309558e-02
2.905471582141309558e-02
2.933798752313770616e-02
2.981086620351618491e-02
3.012114715321549674e-02
3.024889763137992085e-02
3.023239106287605588e-02
3.004644368553600550e-02
2.978311712969608505e-02
2.957702348699845982e-02
2.952168498689873924e-02
2.959055542593379967e-02
2.959055542593379967e-02
2.980357763111083497e-02
3.015607725473847672e-02
3.032670854325799845e-02
3.040442621917005886e-02
3.042606269481976447e-02
3.042457630706623187e-02
3.037344417322236298e-02
3.032309071470406375e-02
3.041043410875927250e-02
3.051043317201769869e-02
3.051043317201769869e-02
3.061094130802889668e-02
3.065494550668067253e-02
3.068412508855964879e-02
3.058010852591943121e-02
3.043469359564587515e-02
3.030407235388217491e-02
3.025063098392304431e-02
3.027413565419768970e-02
3.029760037085526062e-02
3.028447789610186000e-02
3.028447789610186000e-02
3.013035068400765626e-02
3.003070839799276692e-02
2.994731526167567631e-02
3.001572316334559856e-02
3.005263839204094095e-02
2.996517863757772876e-02
2.969201513246248411e-02
2.953063093848305037e-02
2.943549754166487412e-02
2.932905045545636247e-02
2.932905045545636247e-02
2.920423412175419953e-02
2.910420894944049791e-02
2.905649121397476872e-02
2.899894702702048715e-02
2.890587325836281585e-02
2.880517769180959350e-02
2.875438170563054258e-02
2.872033241696091144e-02
2.871067624411440325e-02
2.882154765386217912e-02
2.882154765386217912e-02
2.880098626924929017e-02
2.867361522818420369e-02
2.858379636216175010e-02
2.858368013986377007e-02
2.857321777663544837e-02
2.863434237228803039e-02
2.864979445757783252e-02
2.851101396027080903e-02
2.853212017423177246e-02
2.860902764101934392e-02
2.860902764101934392e-02
2.864107087268848162e-02
2.866434704056857949e-02
2.854820663901921560e-02
2.831672431855462857e-02
2.817873947027488279e-02
2.807623047337791389e-02
2.809114561400335650e-02
2.799423182939237906e-02
2.789240549008433975e-02
2.780043247376573490e-02
2.780043247376573490e-02
2.779840020582185350e-02
2.771893760870280596e-02
2.755749387665691261e-02
2.745267266460178768e-02
2.740752029614794069e-02
2.742538851272000727e-02
2.744706140443638545e-02
2.732720578900028896e-02
2.702033951392659311e-02
2.678610270396717535e-02
2.678610270396717535e-02
2.668384829581814388e-02
2.695501537858017993e-02
2.696951270261122371e-02
2.686726715058893739e-02
2.676887408936748716e-02
2.670809001049478243e-02
2.662070695428091216e-02
2.663565939834595941e-02
2.672989630736271813e-02
2.679256032849220912e-02
2.679256032849220912e-02
2.677846946480225837e-02
2.678691276065366458e-02
2.683183477323208138e-02
2.683333597754698763e-02
2.684123445829653121e-02
2.683898037104384682e-02
2.687320966803475805e-02
2.690033897950521238e-02
2.697565286742814247e-02
2.720467766477782309e-02
2.720467766477782309e-02
2.747104747235816838e-02
2.761854004303257101e-02
2.765791767340584559e-02
2.781999287028985579e-02
2.786261817733194993e-02
2.810301752653854984e-02
2.831520218671335076e-02
2.847476004387046455e-02
2.865890271968588726e-02
2.878848717008718194e-02
2.878848717008718194e-02
2.891858862410584541e-02
2.900173773561677895e-02
2.900428753508656546e-02
2.900632445585913169e-02
2.896146286746584600e-02
2.895844103085459115e-02
2.879416378134405305e-02
2.869782654460782331e-02
2.875086537065727268e-02
2.874408075395868192e-02
2.874408075395868192e-02
2.857585649149632298e-02
2.856374569309954106e-02
2.853514693777664535e-02
2.848514859878426009e-02
2.826438118813580022e-02
2.807026034444734530e-02
2.798789747788817117e-02
2.802898364204796378e-02
2.808893746150805532e-02
2.804617293446126647e-02
2.804617293446126647e-02
2.791689727269134474e-02
2.752083232046348416e-02
2.694410646171851997e-02
2.636850265859644674e-02
2.592788617021382983e-02
2.567096307310258452e-02
2.555491289957446607e-02
2.551243936049862535e-02
2.549968815778188083e-02
2.543479558646710020e-02
2.543479558646710020e-02
2.534738767444519661e-02
2.516563746979668531e-02
2.498086024122542562e-02
2.493192585273191000e-02
2.492780960860625783e-02
2.507266036008205801e-02
2.536581893257204914e-02
2.554473585047118203e-02
2.565734762448970002e-02
2.570082161907249335e-02
2.570082161907249335e-02
2.561468425828449663e-02
2.544614212846553480e-02
2.518430453995014473e-02
2.506507508103919882e-02
2.489482978978086597e-02
2.490703451433761567e-02
2.508079724708397670e-02
2.535007370395422205e-02
2.564561515738294356e-02
2.576738528720563803e-02
2.576738528720563803e-02
2.568509608436085959e-02
2.552710575960314907e-02
2.531198548975423235e-02
2.501978806437383032e-02
2.491600802459398301e-02
2.500156575275544121e-02
2.522377939857282231e-02
2.556175419781021863e-02
2.589228535275651250e-02
2.607140213119965230e-02
