2.977421507239341736e-02
2.977421507239341736e-02
2.835289016366004944e-02
2.788645401597023010e-02
2.702237665653228760e-02
2.657120302319526672e-02
2.626483887434005737e-02
2.619913592934608459e-02
2.632926404476165771e-02
2.624142915010452271e-02
2.622737362980842590e-02
2.621095068752765656e-02
2.621095068752765656e-02
2.633943594992160797e-02
2.627444639801979065e-02
2.622198686003684998e-02
2.590654790401458740e-02
2.555428445339202881e-02
2.531110495328903198e-02
2.515927888453006744e-02
2.513101696968078613e-02
2.517443336546421051e-02
2.528805285692214966e-02
