4.003551106978980173e-02
4.003551106978980173e-02
3.922747798667986646e-02
3.857523121573703390e-02
3.814616516274722813e-02
3.767409298207687052e-02
3.753038427489613360e-02
3.727531368923468064e-02
3.710753064876823326e-02
3.703069433111400716e-02
3.686326541607940627e-02
3.661174785669445847e-02
3.661174785669445847e-02
3.632562453406022046e-02
3.614041471268256145e-02
3.582037737050110249e-02
3.553984613518164359e-02
3.523768660034371641e-02
3.494439493297796934e-02
3.470497127607190258e-02
3.431558562711353039e-02
3.404781317740805668e-02
3.416503843912685467e-02
