3.918100531495428279e-02
3.918100531495428279e-02
3.965987528380554572e-02
3.961766819621741903e-02
4.005335225425593615e-02
4.054176972757309733e-02
4.077316114770838246e-02
4.096306465758353665e-02
4.112002718812993174e-02
4.083442386574505367e-02
4.017665792726045348e-02
3.956187529404481956e-02
3.956187529404481956e-02
3.895757638783774179e-02
3.845562367915357493e-02
3.796705028991257530e-02
3.754354592889196790e-02
3.720542573475246056e-02
3.696114400047483678e-02
3.682208906672121418e-02
3.665597973332110349e-02
3.645393809986630096e-02
3.620927921076916300e-02
3.620927921076916300e-02
3.597512257703849858e-02
3.580899855878007937e-02
3.565725497184092652e-02
3.549519191086369235e-02
3.533740287312353567e-02
3.519679506963200449e-02
3.498014266895786012e-02
3.475693777403436602e-02
3.459050827491949587e-02
