1.183854136615991592e-02
1.021175924688577652e-02
8.897522464394569397e-03
7.968381978571414948e-03
7.269922643899917603e-03
6.817563902586698532e-03
6.602488923817873001e-03
6.436511874198913574e-03
6.499847862869501114e-03
6.690705195069313049e-03
7.035285234451293945e-03
7.035285234451293945e-03
7.026104256510734558e-03
6.802722346037626266e-03
6.832225248217582703e-03
7.021727971732616425e-03
7.263538427650928497e-03
7.411119993776082993e-03
7.539690006524324417e-03
7.621790282428264618e-03
7.793136872351169586e-03
7.923253811895847321e-03
7.923253811895847321e-03
8.003344759345054626e-03
8.039452135562896729e-03
8.023466914892196655e-03
8.019811473786830902e-03
7.787987589836120605e-03
7.554997224360704422e-03
7.199794519692659378e-03
6.944973953068256378e-03
6.700974423438310623e-03
6.463801953941583633e-03
6.463801953941583633e-03
6.264365743845701218e-03
5.901527125388383865e-03
5.606405436992645264e-03
5.347401369363069534e-03
5.139120388776063919e-03
4.978504963219165802e-03
4.866832401603460312e-03
4.781539086252450943e-03
4.759424831718206406e-03
4.787879530340433121e-03
4.787879530340433121e-03
4.662029910832643509e-03
4.650611896067857742e-03
4.718018695712089539e-03
4.786094184964895248e-03
4.826609045267105103e-03
4.864111077040433884e-03
4.904598928987979889e-03
4.880862310528755188e-03
4.737142939120531082e-03
4.714109469205141068e-03
4.714109469205141068e-03
4.706597421318292618e-03
4.723973572254180908e-03
4.627453628927469254e-03
4.558696877211332321e-03
4.571228288114070892e-03
4.592707380652427673e-03
4.528971854597330093e-03
4.512598738074302673e-03
4.542528651654720306e-03
4.656226374208927155e-03
4.656226374208927155e-03
4.746899940073490143e-03
4.834926221519708633e-03
4.916059784591197968e-03
5.107871722429990768e-03
5.351527128368616104e-03
5.580415483564138412e-03
5.806815344840288162e-03
6.062414962798357010e-03
6.387845147401094437e-03
6.842972245067358017e-03
6.842972245067358017e-03
7.424348499625921249e-03
8.003118447959423065e-03
8.540662936866283417e-03
9.098075330257415771e-03
9.674289263784885406e-03
1.015824545174837112e-02
1.055836211889982224e-02
1.105231791734695435e-02
1.157970726490020752e-02
1.201388426125049591e-02
1.201388426125049591e-02
1.214251480996608734e-02
1.238844264298677444e-02
1.261961832642555237e-02
1.286515314131975174e-02
1.311526168137788773e-02
1.329316291958093643e-02
1.355053670704364777e-02
1.391279231756925583e-02
1.431002747267484665e-02
1.478242781013250351e-02
1.478242781013250351e-02
1.508995518088340759e-02
1.534089725464582443e-02
1.550356671214103699e-02
1.552118360996246338e-02
1.558527164161205292e-02
1.555978041142225266e-02
1.556117087602615356e-02
1.547234598547220230e-02
1.539524272084236145e-02
1.534411124885082245e-02
1.534411124885082245e-02
1.530194282531738281e-02
1.524979062378406525e-02
1.517974026501178741e-02
1.500966772437095642e-02
1.478227321058511734e-02
1.446531433612108231e-02
1.414589677006006241e-02
1.389019191265106201e-02
1.376096904277801514e-02
1.336680818349123001e-02
1.336680818349123001e-02
1.298023760318756104e-02
1.262888032943010330e-02
1.234101410955190659e-02
1.220477465540170670e-02
1.216828543692827225e-02
1.217396371066570282e-02
1.225256547331809998e-02
1.233573909848928452e-02
1.243789494037628174e-02
1.249164994806051254e-02
1.249164994806051254e-02
1.263746805489063263e-02
1.287812180817127228e-02
1.323609240353107452e-02
1.375706493854522705e-02
1.435361336916685104e-02
1.500371098518371582e-02
1.572148315608501434e-02
1.641769148409366608e-02
1.700675860047340393e-02
1.828544586896896362e-02
1.828544586896896362e-02
1.936858519911766052e-02
2.032994665205478668e-02
2.108748815953731537e-02
2.170359529554843903e-02
2.222414687275886536e-02
2.267315424978733063e-02
2.298763953149318695e-02
2.328189276158809662e-02
2.348962426185607910e-02
2.353445626795291901e-02
2.353445626795291901e-02
2.349948324263095856e-02
2.337668463587760925e-02
2.318565547466278076e-02
2.295951358973979950e-02
2.290946431457996368e-02
2.291951328516006470e-02
2.290984801948070526e-02
2.277908101677894592e-02
2.255740016698837280e-02
2.231902070343494415e-02
2.231902070343494415e-02
2.192979864776134491e-02
2.154039777815341949e-02
2.097549661993980408e-02
2.051321603357791901e-02
2.007981203496456146e-02
1.960193924605846405e-02
1.920937001705169678e-02
1.884534955024719238e-02
1.834579184651374817e-02
1.784686371684074402e-02
1.784686371684074402e-02
1.734113506972789764e-02
1.681957021355628967e-02
1.634202152490615845e-02
1.589398458600044250e-02
1.550042163580656052e-02
1.509286370128393173e-02
1.471631135791540146e-02
1.429254841059446335e-02
1.381282880902290344e-02
1.340541895478963852e-02
1.340541895478963852e-02
1.301297731697559357e-02
1.268261298537254333e-02
1.230831816792488098e-02
1.189000532031059265e-02
1.142412330955266953e-02
1.090009789913892746e-02
1.027964148670434952e-02
9.636272676289081573e-03
9.007913060486316681e-03
8.381125517189502716e-03
8.381125517189502716e-03
7.777447812259197235e-03
7.301546633243560791e-03
6.969266105443239212e-03
6.870673969388008118e-03
6.925758440047502518e-03
7.061493117362260818e-03
7.351851090788841248e-03
7.675110362470149994e-03
7.675110362470149994e-03
8.008622564375400543e-03
8.008622564375400543e-03
8.423479273915290833e-03
8.824354037642478943e-03
9.238654747605323792e-03
9.726295247673988342e-03
1.032368466258049011e-02
1.094874553382396698e-02
1.143105980008840561e-02
1.186933554708957672e-02
1.218246296048164368e-02
1.241002045571804047e-02
1.241002045571804047e-02
1.260943058878183365e-02
1.287453062832355499e-02
1.288540847599506378e-02
1.268916297703981400e-02
1.237518340349197388e-02
1.217968575656414032e-02
1.195739861577749252e-02
1.184721291065216064e-02
1.180477906018495560e-02
1.191410981118679047e-02
1.191410981118679047e-02
1.213395502418279648e-02
1.231165323406457901e-02
1.253129262477159500e-02
1.280183438211679459e-02
1.305202767252922058e-02
1.362446509301662445e-02
1.416597422212362289e-02
1.477147638797760010e-02
1.536767836660146713e-02
1.593156345188617706e-02
1.593156345188617706e-02
1.640974543988704681e-02
1.690175756812095642e-02
1.733069121837615967e-02
1.769223622977733612e-02
1.796232722699642181e-02
1.822115853428840637e-02
1.842117682099342346e-02
1.809046790003776550e-02
1.774873584508895874e-02
1.744527928531169891e-02
1.744527928531169891e-02
1.712141931056976318e-02
1.685533858835697174e-02
1.658756285905838013e-02
1.637595519423484802e-02
1.613986492156982422e-02
1.590061560273170471e-02
1.567173190414905548e-02
1.543475314974784851e-02
1.520666852593421936e-02
1.499169040471315384e-02
1.499169040471315384e-02
1.474277116358280182e-02
1.452220696955919266e-02
1.436457969248294830e-02
1.421503257006406784e-02
1.414686720818281174e-02
1.408130861818790436e-02
1.402324251830577850e-02
1.404006034135818481e-02
1.405162829905748367e-02
1.416656281799077988e-02
1.416656281799077988e-02
1.434221677482128143e-02
1.450073719024658203e-02
1.462450064718723297e-02
1.477790810167789459e-02
1.493762712925672531e-02
1.501719653606414795e-02
1.510612852871417999e-02
1.519901026040315628e-02
1.523249875754117966e-02
1.518595591187477112e-02
1.518595591187477112e-02
1.518054213374853134e-02
1.521496381610631943e-02
1.530087180435657501e-02
1.535915862768888474e-02
1.548879593610763550e-02
1.561465486884117126e-02
1.573710888624191284e-02
1.583882607519626617e-02
1.595101132988929749e-02
1.614513620734214783e-02
1.614513620734214783e-02
1.629055477678775787e-02
1.626895926892757416e-02
1.623459346592426300e-02
1.625364273786544800e-02
1.627904362976551056e-02
1.637474074959754944e-02
1.649726368486881256e-02
1.660836301743984222e-02
1.669874601066112518e-02
1.695467345416545868e-02
1.695467345416545868e-02
1.719688437879085541e-02
1.746080815792083740e-02
1.766941323876380920e-02
1.787528209388256073e-02
1.805583946406841278e-02
1.800109073519706726e-02
1.784518733620643616e-02
1.778906770050525665e-02
1.776752993464469910e-02
1.772033050656318665e-02
1.772033050656318665e-02
1.765169203281402588e-02
1.764051802456378937e-02
1.769049651920795441e-02
1.767570525407791138e-02
1.768733561038970947e-02
1.763973571360111237e-02
1.758737117052078247e-02
1.751352101564407349e-02
1.748315431177616119e-02
1.749973744153976440e-02
1.749973744153976440e-02
1.753112673759460449e-02
1.766845397651195526e-02
1.779710128903388977e-02
1.792798005044460297e-02
1.810125075280666351e-02
1.821024902164936066e-02
1.827068999409675598e-02
1.817524433135986328e-02
1.804478839039802551e-02
1.783749088644981384e-02
1.783749088644981384e-02
1.764023862779140472e-02
1.746589131653308868e-02
1.726343668997287750e-02
1.678020134568214417e-02
1.643528789281845093e-02
1.621560379862785339e-02
1.601743325591087341e-02
1.590881310403347015e-02
1.586635597050189972e-02
1.588028669357299805e-02
1.588028669357299805e-02
1.589612662792205811e-02
1.593844592571258545e-02
1.598841138184070587e-02
1.616753265261650085e-02
1.639397814869880676e-02
1.662747748196125031e-02
1.677505299448966980e-02
1.694130338728427887e-02
1.701831631362438202e-02
1.712404564023017883e-02
1.712404564023017883e-02
1.722624897956848145e-02
1.730594784021377563e-02
1.734340935945510864e-02
1.734574139118194580e-02
1.734147407114505768e-02
1.727877557277679443e-02
1.720946095883846283e-02
1.715457439422607422e-02
1.710912957787513733e-02
1.709702238440513611e-02
1.709702238440513611e-02
1.704950444400310516e-02
1.698214001953601837e-02
1.691249944269657135e-02
1.685561239719390869e-02
1.684357412159442902e-02
1.678288914263248444e-02
1.678831875324249268e-02
1.685825176537036896e-02
1.687513478100299835e-02
1.689211092889308929e-02
1.689211092889308929e-02
1.697942614555358887e-02
1.708261296153068542e-02
1.710486039519309998e-02
1.713529974222183228e-02
1.716725155711174011e-02
1.724823378026485443e-02
1.727706566452980042e-02
1.729634962975978851e-02
1.732047088444232941e-02
1.731841824948787689e-02
1.731841824948787689e-02
1.731135323643684387e-02
1.739157736301422119e-02
1.742934063076972961e-02
1.749672926962375641e-02
1.760866120457649231e-02
1.781610399484634399e-02
1.800939626991748810e-02
1.817512512207031250e-02
1.834979280829429626e-02
1.850821264088153839e-02
1.850821264088153839e-02
1.867501623928546906e-02
1.877181790769100189e-02
1.882881671190261841e-02
1.884656772017478943e-02
1.878540776669979095e-02
1.871702075004577637e-02
1.864762045443058014e-02
1.861519180238246918e-02
1.858702488243579865e-02
1.840017735958099365e-02
1.840017735958099365e-02
1.820316910743713379e-02
1.801452413201332092e-02
1.779706962406635284e-02
1.764081791043281555e-02
1.761892437934875488e-02
1.765641942620277405e-02
1.769503019750118256e-02
1.775739341974258423e-02
1.783640682697296143e-02
1.793901808559894562e-02
1.793901808559894562e-02
1.801539398729801178e-02
1.810566894710063934e-02
1.824270561337471008e-02
1.838693581521511078e-02
1.843506284058094025e-02
1.847960613667964935e-02
1.859400048851966858e-02
1.869412139058113098e-02
1.871251501142978668e-02
1.869988255202770233e-02
1.869988255202770233e-02
1.860857009887695312e-02
1.851778477430343628e-02
1.844181306660175323e-02
1.835167407989501953e-02
1.823164895176887512e-02
1.807698979973793030e-02
1.789831556379795074e-02
1.767757534980773926e-02
1.746812276542186737e-02
1.723131537437438965e-02
1.723131537437438965e-02
1.699729263782501221e-02
1.679501309990882874e-02
1.673482544720172882e-02
1.669539697468280792e-02
1.657485589385032654e-02
1.647603884339332581e-02
1.641931198537349701e-02
1.638900861144065857e-02
1.636132225394248962e-02
1.629896089434623718e-02
1.629896089434623718e-02
1.623786799609661102e-02
1.615771092474460602e-02
1.609062589704990387e-02
1.608385704457759857e-02
1.601732522249221802e-02
1.601732522249221802e-02
1.596314460039138794e-02
1.599189080297946930e-02
1.601521857082843781e-02
1.602114737033843994e-02
1.602114737033843994e-02
1.609960757195949554e-02
1.620092056691646576e-02
1.635999977588653564e-02
1.652744226157665253e-02
1.668595150113105774e-02
1.679353415966033936e-02
1.689003035426139832e-02
1.697708293795585632e-02
1.704596914350986481e-02
1.707679219543933868e-02
1.707679219543933868e-02
1.711770147085189819e-02
1.717014051973819733e-02
1.722119376063346863e-02
1.730823703110218048e-02
1.739592477679252625e-02
1.752841286361217499e-02
1.766534335911273956e-02
1.780684106051921844e-02
1.796404086053371429e-02
1.814636401832103729e-02
1.814636401832103729e-02
1.836599595844745636e-02
1.856031641364097595e-02
1.877368800342082977e-02
1.899880170822143555e-02
1.915793307125568390e-02
1.925488002598285675e-02
1.925488002598285675e-02
1.926942169666290283e-02
1.929394714534282684e-02
1.931743510067462921e-02
1.931743510067462921e-02
1.937743090093135834e-02
1.944654248654842377e-02
1.945327967405319214e-02
1.944733597338199615e-02
1.944263651967048645e-02
1.942016370594501495e-02
1.944497227668762207e-02
1.923820376396179199e-02
1.907228119671344757e-02
1.896705850958824158e-02
1.896705850958824158e-02
1.894502900540828705e-02
1.889741979539394379e-02
1.884914934635162354e-02
1.881088688969612122e-02
1.874962076544761658e-02
1.860520616173744202e-02
1.847275160253047943e-02
1.834007352590560913e-02
1.819459535181522369e-02
1.807937212288379669e-02
1.807937212288379669e-02
1.800878532230854034e-02
1.789618097245693207e-02
1.779307797551155090e-02
1.770365796983242035e-02
1.764130592346191406e-02
1.756887696683406830e-02
1.748682372272014618e-02
1.739945262670516968e-02
1.736930571496486664e-02
1.734251342713832855e-02
1.734251342713832855e-02
1.729754358530044556e-02
1.728561334311962128e-02
1.728561334311962128e-02
1.731683500111103058e-02
1.734171621501445770e-02
1.735616661608219147e-02
1.739668659865856171e-02
1.741009764373302460e-02
1.742559112608432770e-02
1.744931563735008240e-02
1.744931563735008240e-02
1.751031167805194855e-02
1.758483424782752991e-02
1.767289824783802032e-02
1.774216629564762115e-02
1.779805868864059448e-02
1.777208968997001648e-02
1.770344004034996033e-02
1.764161139726638794e-02
1.754440553486347198e-02
1.744300872087478638e-02
1.744300872087478638e-02
1.732116565108299255e-02
1.721026003360748291e-02
1.710623875260353088e-02
1.683591678738594055e-02
1.660717278718948364e-02
1.634347811341285706e-02
1.613719202578067780e-02
1.603492535650730133e-02
1.596416532993316650e-02
1.592585258185863495e-02
