3.460269793868064880e-02
3.460269793868064880e-02
3.347768634557723999e-02
3.355128318071365356e-02
3.372941911220550537e-02
3.411922976374626160e-02
3.462652117013931274e-02
3.487120568752288818e-02
3.515574708580970764e-02
3.524192050099372864e-02
3.518172353506088257e-02
3.517718240618705750e-02
3.517718240618705750e-02
3.534720093011856079e-02
3.552959859371185303e-02
3.601081296801567078e-02
3.651342168450355530e-02
3.681285306811332703e-02
3.711082786321640015e-02
3.743258863687515259e-02
3.772094845771789551e-02
3.794267401099205017e-02
3.807598352432250977e-02
