3.846614364530678148e-02
3.947176204806698840e-02
3.995070179221177353e-02
4.017689493243584153e-02
4.034360093801103719e-02
4.062876869493841497e-02
4.095814720473330700e-02
4.110176784623718882e-02
4.131113700886283185e-02
4.162469363790816806e-02
4.206148820501964813e-02
4.252317823376015188e-02
4.305166470807478274e-02
4.356718336046038614e-02
4.417004656903818910e-02
4.474101401375204373e-02
4.533907951831570721e-02
4.586713531238197777e-02
4.640624742590034740e-02
4.694462547516987244e-02
4.757115363469652247e-02
4.810973635624265360e-02
4.865284050811692629e-02
4.915539356836073209e-02
4.977652004463858221e-02
5.030896381133723866e-02
5.072098321485981470e-02
5.097717234306844286e-02
5.122395154559702263e-02
5.156495006371392131e-02
5.193822409775695342e-02
