2.600137158856864923e-03
2.600137158856864923e-03
1.180983157434812398e-03
1.889710203732823755e-03
2.845706879657133957e-03
3.215718172627491517e-03
3.016872854871437398e-03
2.518151357659801672e-03
2.019449445890297325e-03
1.734894908629123177e-03
1.698807455310244246e-03
1.915175647034898830e-03
1.915175647034898830e-03
2.000885246856108027e-03
2.050410780725139392e-03
2.006195623319534990e-03
1.847568203119753609e-03
1.631570754103478169e-03
1.446522686707122154e-03
1.272046553585040206e-03
1.265041146877080545e-03
1.373157800859328139e-03
1.611914639055263667e-03
1.611914639055263667e-03
1.966323233306141623e-03
2.249484554483732312e-03
2.310105083704121990e-03
2.247413107559183103e-03
2.102730503332643063e-03
1.996598819044403950e-03
1.988601971957692279e-03
2.102184413640548893e-03
2.298466282080643876e-03
2.604056271622410320e-03
2.604056271622410320e-03
2.973261955345211406e-03
3.307913250835714178e-03
3.579600518124139135e-03
3.661062508875770598e-03
3.551625220861553099e-03
3.399660710910021484e-03
3.215976289652949360e-03
3.079389060534569195e-03
3.014941436758429918e-03
2.977024580317688424e-03
2.977024580317688424e-03
2.925945911142111087e-03
2.913304532937065813e-03
2.935625921128341437e-03
2.938615322273743172e-03
2.884127011053624380e-03
2.827735270369169385e-03
2.818501159365786359e-03
2.867462171227287866e-03
2.876557481661447778e-03
2.864233008979429496e-03
2.864233008979429496e-03
2.806801594520546336e-03
2.646052828899564738e-03
2.432253729287216226e-03
2.211809810787867744e-03
2.035077781366956967e-03
1.928605377646650182e-03
1.883727463139415245e-03
1.836481785998305772e-03
1.779687873806026733e-03
1.726641414187114407e-03
1.726641414187114407e-03
1.656988631368588568e-03
1.660072436026612235e-03
1.614687184335681334e-03
1.553790849091805102e-03
1.399010841157564185e-03
1.154085283718494235e-03
9.004098751806073652e-04
7.199770411691802695e-04
5.561356775405376998e-04
4.400481669009259265e-04
4.400481669009259265e-04
3.769028359169083694e-04
3.708903479206859355e-04
3.492880743215026813e-04
3.820832559272977673e-04
5.684841076911320134e-04
8.063909608151283420e-04
9.706762677860063292e-04
1.049769936336638091e-03
1.077310286869802378e-03
1.032668581448205163e-03
1.032668581448205163e-03
8.543546525730742313e-04
6.296575740279804689e-04
5.291875910935910391e-04
6.667156326459013939e-04
7.979110231784300932e-04
8.572674791542658421e-04
8.862852580127700058e-04
7.755620259292689712e-04
5.914798461273609994e-04
3.801153265104885025e-04
3.801153265104885025e-04
2.780336166638220697e-04
5.387688186926161034e-04
9.798823684026920951e-04
1.254293663991521996e-03
1.296305340895670399e-03
1.190738523917098720e-03
1.160916373769246357e-03
1.359990996034196467e-03
1.538027759480508402e-03
1.643657699294258758e-03
1.643657699294258758e-03
1.654198917094806733e-03
1.642416663193370287e-03
1.566954656412455167e-03
1.453702630245534439e-03
1.347027023631861649e-03
1.207463204065435322e-03
1.179003187653788207e-03
1.184214942890587279e-03
1.230029771871445554e-03
1.359107532328220373e-03
1.359107532328220373e-03
1.515522821233983861e-03
1.770422703559417985e-03
1.884890401919422399e-03
1.817084506797112366e-03
1.591788911358590604e-03
1.195932358294626201e-03
9.506864909290693808e-04
9.074052452554370700e-04
9.877021208326507672e-04
1.172404007974446995e-03
1.172404007974446995e-03
1.401623637832660231e-03
1.560391079477057913e-03
1.679011064464684027e-03
1.707715058691699562e-03
1.764706694139249335e-03
1.788782510832037957e-03
1.830091392374020914e-03
2.283291540783272556e-03
2.615199740272181137e-03
2.821117139997512437e-03
2.821117139997512437e-03
3.106429077307564825e-03
3.376928959004291738e-03
3.645428400883302718e-03
3.943993778672723327e-03
4.149409277868021731e-03
4.251222746409814846e-03
4.316676912561753787e-03
4.340487482237920247e-03
4.286538537397977140e-03
4.181152143291666338e-03
4.181152143291666338e-03
4.123103793275512477e-03
4.211422708025871695e-03
4.211476117024929265e-03
4.211005767902677513e-03
4.215077501179797549e-03
4.223087376595061060e-03
4.229310782232962446e-03
4.274395516523476178e-03
4.302634766775946182e-03
4.408006354113909973e-03
4.408006354113909973e-03
4.400780481081655385e-03
4.269905943377482090e-03
4.013934641470584368e-03
3.703265538390696030e-03
3.265427076927621391e-03
2.757003789195237864e-03
2.232639688476970551e-03
1.668017410968618665e-03
1.108648549580951983e-03
7.426326857523174669e-04
7.426326857523174669e-04
9.857546222380971293e-04
1.455898756649505596e-03
1.883024229902111957e-03
2.300509755507561087e-03
2.476763865587842603e-03
2.535490660732624482e-03
2.530551404507862343e-03
2.538438867194573161e-03
2.470666200001590644e-03
2.317492868807603974e-03
2.317492868807603974e-03
2.147611564294296411e-03
1.902079907104278289e-03
1.648189674083619209e-03
1.364807966287589873e-03
1.172944749341616084e-03
1.132715658964630326e-03
1.215469867891591114e-03
1.411686644152501842e-03
1.642175633034047332e-03
1.818993501711056900e-03
1.818993501711056900e-03
2.022374267924060068e-03
2.166465142737339540e-03
2.326578834465257029e-03
2.448166263565529962e-03
2.555016150432163485e-03
2.597418332158998866e-03
2.546241240780889020e-03
2.330759937266606296e-03
2.146681029798598161e-03
1.990213517072750727e-03
1.990213517072750727e-03
2.027780648810479161e-03
2.165515123590563366e-03
2.438074383524461031e-03
2.729396066638891272e-03
3.046271545089746912e-03
3.399809825991261664e-03
3.721086770290013383e-03
3.996010296790644505e-03
4.283381871825312631e-03
4.575229480763376259e-03
4.575229480763376259e-03
4.656414160656306180e-03
4.652327621807329956e-03
4.542422662987268336e-03
4.376836389044425416e-03
4.160720093700566100e-03
3.867835449794799086e-03
3.558411158243899794e-03
3.190538215840034789e-03
2.871204628996132120e-03
2.546015286277597111e-03
2.546015286277597111e-03
2.213178259526344099e-03
1.925783481504186054e-03
1.680348701016337988e-03
1.659151098716983791e-03
1.927853013260202386e-03
2.406918572855524380e-03
2.912791238832858950e-03
3.379023464477287457e-03
3.731047779190271255e-03
3.969845799376037210e-03
3.969845799376037210e-03
4.142490104786764743e-03
4.156629812347887969e-03
4.074923717403925588e-03
3.881946118528541850e-03
3.632084982857559929e-03
3.362231792314968656e-03
3.030871137764084948e-03
2.659042618298363813e-03
2.160451316517891188e-03
1.727652936560895988e-03
1.727652936560895988e-03
1.295409017174062273e-03
9.165318731824874127e-04
8.594654979619818823e-04
1.207579611437747296e-03
1.711213586093432741e-03
2.215596315294703772e-03
2.635229235496578185e-03
3.019627670317043180e-03
3.286776844357334419e-03
3.412983586608274184e-03
