8.209204988365637057e-03
9.586275215020634982e-03
1.061093234948450731e-02
1.168854931108718499e-02
1.242168547780461534e-02
1.305713212281211198e-02
1.313949763674491546e-02
1.303450088191916711e-02
1.298707945922646448e-02
1.258563388167695599e-02
1.229894414544451496e-02
1.229894414544451496e-02
1.208001709293459250e-02
1.151614716554875094e-02
1.105563503076040059e-02
1.055335680656186402e-02
1.009765298123718735e-02
9.735233708083398593e-03
9.468959459811949683e-03
9.289219985780895750e-03
9.100083859694380051e-03
8.874895677867462515e-03
8.874895677867462515e-03
8.689385960186025298e-03
8.491208776641421402e-03
8.377508604376155549e-03
8.302327642142051309e-03
8.348127646491046785e-03
8.357122934507330708e-03
8.330615264735431041e-03
8.301087552668414901e-03
8.252895768161825490e-03
8.200159525135166522e-03
8.200159525135166522e-03
8.137505739172707156e-03
8.069793737345072604e-03
7.919903771206285303e-03
7.809421865389232914e-03
7.682877268736846427e-03
7.489705502671559906e-03
7.189556994347224075e-03
6.909179696386455981e-03
6.645723373047960660e-03
6.380274834218671587e-03
6.380274834218671587e-03
6.178255935503507677e-03
5.928380768193556097e-03
5.819092592868983609e-03
5.731789524146622961e-03
5.698690516703992272e-03
5.650791875725493484e-03
5.606582900616976541e-03
5.558856719257742815e-03
5.557561211608898731e-03
5.660806793316650216e-03
5.660806793316650216e-03
5.773135511449391938e-03
5.818962361700995116e-03
5.955365619954345463e-03
6.143575334151373316e-03
6.352954847908434503e-03
6.277972702796566322e-03
6.293867253927482204e-03
6.120357574039198868e-03
6.016339319832478966e-03
5.933851772691447687e-03
5.933851772691447687e-03
6.077027720983282227e-03
6.214718402112797205e-03
6.274154401067251995e-03
6.374742027965432135e-03
6.370906785895784179e-03
6.390334621668123348e-03
6.450202301567178713e-03
6.549042091285406028e-03
6.692369636429818663e-03
6.678879528060333720e-03
6.678879528060333720e-03
6.682307560716974765e-03
6.663512056680992272e-03
6.584652762459063634e-03
6.557792006886350653e-03
6.551614017248653769e-03
6.593174133209304087e-03
6.549198411129510643e-03
6.394526497142877415e-03
6.097104857162530950e-03
5.780742847786219871e-03
5.780742847786219871e-03
5.300734103062264106e-03
4.571009215405744466e-03
3.706890454393448227e-03
2.855733164500205614e-03
1.928157992392246075e-03
1.152769331928321086e-03
9.133026108769249501e-04
7.207218671959014734e-04
7.059973960499512811e-04
7.641076872142434995e-04
7.641076872142434995e-04
9.664509050287052897e-04
1.238655939526106618e-03
1.550544946779583606e-03
1.472430130384572763e-03
1.287670694446699671e-03
1.142668332590877260e-03
1.139234383102231398e-03
1.176572087265508266e-03
1.225714410548032563e-03
1.406212499102526886e-03
1.406212499102526886e-03
1.513394905337738959e-03
1.553423121658894287e-03
1.485916876427048660e-03
1.252584954223747707e-03
8.468351529259084739e-04
6.223697034843625638e-04
6.152079897283244635e-04
7.507210146433574739e-04
9.480489075250622070e-04
1.106720664394042443e-03
1.106720664394042443e-03
1.094421764476965174e-03
1.115256029110944140e-03
1.012420378420874050e-03
8.113610773089142882e-04
6.949639058058534402e-04
6.084706214494984763e-04
7.104319137847767704e-04
6.288643358527367094e-04
4.361152231545441542e-04
2.182856209160029953e-04
2.182856209160029953e-04
2.952331989155148619e-04
4.702153850596206466e-04
7.752367452696004840e-04
1.126001064353966555e-03
1.577305553850335369e-03
1.930446870925500930e-03
2.215684044005165713e-03
2.369286773014035990e-03
2.488503006680522437e-03
2.478731292676544969e-03
