1.183638442307710648e-02
1.183638442307710648e-02
1.153269410133361816e-02
1.192289311438798904e-02
1.248191948980093002e-02
1.297925692051649094e-02
1.371146179735660553e-02
1.437897607684135437e-02
1.428461819887161255e-02
1.407359354197978973e-02
1.365669909864664078e-02
1.332760322839021683e-02
1.332760322839021683e-02
1.305935066193342209e-02
1.288252789527177811e-02
1.268957648426294327e-02
1.241884194314479828e-02
1.208429597318172455e-02
1.186582539230585098e-02
1.185010839253664017e-02
1.185420900583267212e-02
1.193254813551902771e-02
1.190626993775367737e-02
1.190626993775367737e-02
1.196786202490329742e-02
1.211819238960742950e-02
1.286884956061840057e-02
1.356748864054679871e-02
1.452634204179048538e-02
1.539670582860708237e-02
1.620368286967277527e-02
1.695440895855426788e-02
1.764231361448764801e-02
1.825629360973834991e-02
1.825629360973834991e-02
1.883591525256633759e-02
1.932914368808269501e-02
1.980235986411571503e-02
2.019115164875984192e-02
2.070224657654762268e-02
2.125141024589538574e-02
2.178333140909671783e-02
2.225521951913833618e-02
2.270653098821640015e-02
2.307517454028129578e-02
2.307517454028129578e-02
2.342609316110610962e-02
2.375545538961887360e-02
2.410308457911014557e-02
2.433852292597293854e-02
2.442801371216773987e-02
2.447231858968734741e-02
2.455114386975765228e-02
2.461056225001811981e-02
2.461207844316959381e-02
2.461776696145534515e-02
2.461776696145534515e-02
2.453806065022945404e-02
2.440022677183151245e-02
2.430417016148567200e-02
2.425392344594001770e-02
2.413324639201164246e-02
2.399921044707298279e-02
2.374044060707092285e-02
2.336167730391025543e-02
2.293001301586627960e-02
2.238059043884277344e-02
2.238059043884277344e-02
2.188506722450256348e-02
2.130009233951568604e-02
2.074600383639335632e-02
2.002644352614879608e-02
1.925230398774147034e-02
1.839243061840534210e-02
1.762461289763450623e-02
1.683061197400093079e-02
1.613994129002094269e-02
1.567804440855979919e-02
1.567804440855979919e-02
1.540921442210674286e-02
1.514423266053199768e-02
1.494862604886293411e-02
1.471461169421672821e-02
1.489321980625391006e-02
1.514359749853610992e-02
1.538825314491987228e-02
1.566428504884243011e-02
1.606826484203338623e-02
1.634985581040382385e-02
1.634985581040382385e-02
1.652859151363372803e-02
1.666715182363986969e-02
1.669956371188163757e-02
1.666557975113391876e-02
1.660003513097763062e-02
1.625892333686351776e-02
1.597775146365165710e-02
1.577468402683734894e-02
1.550356950610876083e-02
1.524398196488618851e-02
1.524398196488618851e-02
1.487428322434425354e-02
1.444687321782112122e-02
1.404682081192731857e-02
1.358019281178712845e-02
1.308802887797355652e-02
1.260518934577703476e-02
1.222882047295570374e-02
1.175060030072927475e-02
1.119199302047491074e-02
1.062500663101673126e-02
1.062500663101673126e-02
1.000398490577936172e-02
9.328263811767101288e-03
8.624033071100711823e-03
8.013520389795303345e-03
7.444732822477817535e-03
7.012464571744203568e-03
6.617901846766471863e-03
6.249207071959972382e-03
5.939709488302469254e-03
5.757557228207588196e-03
5.757557228207588196e-03
5.674576852470636368e-03
5.734463687986135483e-03
5.851649213582277298e-03
5.971024278551340103e-03
6.052638869732618332e-03
6.147996988147497177e-03
6.106340326368808746e-03
5.955780856311321259e-03
5.660654045641422272e-03
5.353156011551618576e-03
5.353156011551618576e-03
5.247261375188827515e-03
5.076474044471979141e-03
4.927257075905799866e-03
4.810167010873556137e-03
4.693264141678810120e-03
4.491815809160470963e-03
4.243497736752033234e-03
4.044948611408472061e-03
3.881822107359766960e-03
3.800574690103530884e-03
3.800574690103530884e-03
3.822930855676531792e-03
4.019640851765871048e-03
4.213020205497741699e-03
4.460677970200777054e-03
4.715872462838888168e-03
4.931497853249311447e-03
5.073332227766513824e-03
5.039970390498638153e-03
4.912749864161014557e-03
4.912749864161014557e-03
4.912749864161014557e-03
4.783581942319869995e-03
4.606075119227170944e-03
4.369319882243871689e-03
4.149559885263442993e-03
3.968012984842061996e-03
3.706464078277349472e-03
3.591673914343118668e-03
3.600992495194077492e-03
3.745829919353127480e-03
4.054116085171699524e-03
4.054116085171699524e-03
4.443417768925428391e-03
4.773846361786127090e-03
5.083374679088592529e-03
5.358914844691753387e-03
5.534728989005088806e-03
5.506505724042654037e-03
5.142475012689828873e-03
4.741120152175426483e-03
4.428640939295291901e-03
4.175212699919939041e-03
4.175212699919939041e-03
4.023865330964326859e-03
3.853700822219252586e-03
3.916165791451931000e-03
4.182643257081508636e-03
4.532590042799711227e-03
5.006267223507165909e-03
5.483574233949184418e-03
5.824106279760599136e-03
6.019681226462125778e-03
6.028855219483375549e-03
6.028855219483375549e-03
5.915893707424402237e-03
5.773067008703947067e-03
5.648528691381216049e-03
5.548363085836172104e-03
5.497470032423734665e-03
5.455867387354373932e-03
5.449665244668722153e-03
5.408477038145065308e-03
5.382496863603591919e-03
5.382496863603591919e-03
5.382496863603591919e-03
5.527593195438385010e-03
5.527593195438385010e-03
5.694492254406213760e-03
5.801728926599025726e-03
5.977964028716087341e-03
6.188446190208196640e-03
6.418663077056407928e-03
6.690948735922574997e-03
7.011161185801029205e-03
7.128000725060701370e-03
7.128000725060701370e-03
7.147662341594696045e-03
7.082326803356409073e-03
6.297847721725702286e-03
5.435732193291187286e-03
4.845492076128721237e-03
4.442399367690086365e-03
4.299437161535024643e-03
4.437997937202453613e-03
4.676384851336479187e-03
4.939149133861064911e-03
4.939149133861064911e-03
5.184109322726726532e-03
5.392306484282016754e-03
5.481280852109193802e-03
5.614659748971462250e-03
5.747689399868249893e-03
5.926294717937707901e-03
6.039033643901348114e-03
6.197843700647354126e-03
6.342217791825532913e-03
6.550923455506563187e-03
6.550923455506563187e-03
6.782961077988147736e-03
7.022033445537090302e-03
7.290695328265428543e-03
7.507731672376394272e-03
7.507731672376394272e-03
7.638327777385711670e-03
7.678225636482238770e-03
7.797899655997753143e-03
7.987875491380691528e-03
8.295501582324504852e-03
8.295501582324504852e-03
8.584908209741115570e-03
8.903072215616703033e-03
9.206920862197875977e-03
9.464018046855926514e-03
9.646030142903327942e-03
9.842541068792343140e-03
9.937131777405738831e-03
1.024773437529802322e-02
1.047813985496759415e-02
1.075006090104579926e-02
1.075006090104579926e-02
1.112474408000707626e-02
1.154467649757862091e-02
1.192841492593288422e-02
1.230510696768760681e-02
1.263658329844474792e-02
1.287183165550231934e-02
1.301863044500350952e-02
1.314256899058818817e-02
1.308188028633594513e-02
1.281987410038709641e-02
1.281987410038709641e-02
1.239426806569099426e-02
1.190931163728237152e-02
1.141603942960500717e-02
1.098691113293170929e-02
1.074444130063056946e-02
1.077601313591003418e-02
1.098425779491662979e-02
1.128512062132358551e-02
1.158658042550086975e-02
1.158658042550086975e-02
1.158658042550086975e-02
1.167214941233396530e-02
1.178101357072591782e-02
1.188951544463634491e-02
1.195965055376291275e-02
1.199376303702592850e-02
1.210082322359085083e-02
1.207611057907342911e-02
1.194063760340213776e-02
1.175984367728233337e-02
1.157254073768854141e-02
1.157254073768854141e-02
1.134327705949544907e-02
1.122243423014879227e-02
1.100151240825653076e-02
1.086035370826721191e-02
1.083894353359937668e-02
1.096676103770732880e-02
1.121768541634082794e-02
1.143424957990646362e-02
1.176448259502649307e-02
1.206715498119592667e-02
1.206715498119592667e-02
1.229217462241649628e-02
1.240214426070451736e-02
1.250150427222251892e-02
1.257120724767446518e-02
1.251581683754920959e-02
1.246705837547779083e-02
1.253115013241767883e-02
1.307030487805604935e-02
1.354165747761726379e-02
1.380038261413574219e-02
1.380038261413574219e-02
1.387980673462152481e-02
1.384953502565622330e-02
1.371337007731199265e-02
1.396017521619796753e-02
1.414377614855766296e-02
1.423675101250410080e-02
1.431515533477067947e-02
1.442155148833990097e-02
1.452171336859464645e-02
1.456645317375659943e-02
1.456645317375659943e-02
1.464870758354663849e-02
1.478471234440803528e-02
1.492288615554571152e-02
1.505351252853870392e-02
1.514874957501888275e-02
1.520788203924894333e-02
1.517493277788162231e-02
1.500426419079303741e-02
1.474835816770792007e-02
1.447232253849506378e-02
1.447232253849506378e-02
1.425008010119199753e-02
1.403911970555782318e-02
1.385459490120410919e-02
1.380862668156623840e-02
1.375837437808513641e-02
1.369762420654296875e-02
1.357739977538585663e-02
1.334689278155565262e-02
1.301677618175745010e-02
1.269997842609882355e-02
1.269997842609882355e-02
1.241196133196353912e-02
1.221180707216262817e-02
1.202327478677034378e-02
1.178537402302026749e-02
1.163228135555982590e-02
1.146106980741024017e-02
1.125577837228775024e-02
1.106739789247512817e-02
1.095219794660806656e-02
1.096451655030250549e-02
1.096451655030250549e-02
1.103243231773376465e-02
1.112542022019624710e-02
1.128572691231966019e-02
1.136348489671945572e-02
1.138481963425874710e-02
1.134086120873689651e-02
1.133928820490837097e-02
1.138296630233526230e-02
1.148940622806549072e-02
1.170988846570253372e-02
1.170988846570253372e-02
1.186576392501592636e-02
1.200137194246053696e-02
1.204381883144378662e-02
1.211088709533214569e-02
1.198703981935977936e-02
1.185324415564537048e-02
1.166770700365304947e-02
1.143409498035907745e-02
1.134659536182880402e-02
1.130401995033025742e-02
1.130401995033025742e-02
1.131855137646198273e-02
1.126725040376186371e-02
1.096353866159915924e-02
1.068109925836324692e-02
1.048666238784790039e-02
1.041699573397636414e-02
1.042365469038486481e-02
1.054771151393651962e-02
1.082777604460716248e-02
1.123905926942825317e-02
1.123905926942825317e-02
1.172407157719135284e-02
1.213444303721189499e-02
1.246971078217029572e-02
1.272581145167350769e-02
1.296209730207920074e-02
1.314332894980907440e-02
1.338355895131826401e-02
1.361735165119171143e-02
1.387722417712211609e-02
1.416568085551261902e-02
1.416568085551261902e-02
1.444528996944427490e-02
1.473223511129617691e-02
1.479414477944374084e-02
1.485065184533596039e-02
1.483297999948263168e-02
1.475967839360237122e-02
1.474769413471221924e-02
1.478874403983354568e-02
1.491668075323104858e-02
1.500630192458629608e-02
1.500630192458629608e-02
1.509649027138948441e-02
1.517150178551673889e-02
1.528507191687822342e-02
1.534937601536512375e-02
1.526756305247545242e-02
1.526349224150180817e-02
1.503958553075790405e-02
1.494280528277158737e-02
1.492697373032569885e-02
1.501087006181478500e-02
1.501087006181478500e-02
1.518255006521940231e-02
1.549274660646915436e-02
1.580459438264369965e-02
1.608575694262981415e-02
1.627800241112709045e-02
1.643715985119342804e-02
1.654753461480140686e-02
1.669093035161495209e-02
1.688930951058864594e-02
1.713004149496555328e-02
