1.595728658139705658e-02
1.595728658139705658e-02
1.485414896160364151e-02
1.390669960528612137e-02
1.346224360167980194e-02
1.277473755180835724e-02
1.181137375533580780e-02
1.084319315850734711e-02
1.016946323215961456e-02
9.510937146842479706e-03
8.771894499659538269e-03
8.103244006633758545e-03
8.103244006633758545e-03
7.376201916486024857e-03
6.822424009442329407e-03
6.359424907714128494e-03
5.878477357327938080e-03
5.491051822900772095e-03
5.126683041453361511e-03
4.792576190084218979e-03
4.854348022490739822e-03
5.115492269396781921e-03
5.555284675210714340e-03
5.555284675210714340e-03
6.061563733965158463e-03
6.755916401743888855e-03
7.487229537218809128e-03
8.323589339852333069e-03
9.258013218641281128e-03
1.017903909087181091e-02
1.132346130907535553e-02
1.245898101478815079e-02
1.357569266110658646e-02
1.459753047674894333e-02
1.459753047674894333e-02
1.574789546430110931e-02
1.685637608170509338e-02
1.801816187798976898e-02
1.918344944715499878e-02
2.029203064739704132e-02
2.152165025472640991e-02
2.266601100564002991e-02
2.370318211615085602e-02
2.470064535737037659e-02
2.559577859938144684e-02
2.559577859938144684e-02
2.610635384917259216e-02
2.646261453628540039e-02
2.687607519328594208e-02
2.714400179684162140e-02
2.746132016181945801e-02
2.770777791738510132e-02
2.778296917676925659e-02
2.802952192723751068e-02
2.818511240184307098e-02
2.827794849872589111e-02
2.827794849872589111e-02
2.845382317900657654e-02
2.854563295841217041e-02
2.852252498269081116e-02
2.866182848811149597e-02
2.880799956619739532e-02
2.896440029144287109e-02
2.920987829566001892e-02
2.932819537818431854e-02
2.939673140645027161e-02
2.949364483356475830e-02
2.949364483356475830e-02
2.996022440493106842e-02
3.049510531127452850e-02
3.100829198956489563e-02
3.160757943987846375e-02
3.215377405285835266e-02
3.264924511313438416e-02
3.319803997874259949e-02
3.367777168750762939e-02
3.413335606455802917e-02
3.474966436624526978e-02
3.474966436624526978e-02
3.543841838836669922e-02
3.608505055308341980e-02
3.658542037010192871e-02
3.681900724768638611e-02
3.716194257140159607e-02
3.754571080207824707e-02
3.788119927048683167e-02
3.807701542973518372e-02
3.859909623861312866e-02
3.913047164678573608e-02
3.913047164678573608e-02
3.964388743042945862e-02
4.028069972991943359e-02
4.095736145973205566e-02
4.163227602839469910e-02
4.244720190763473511e-02
4.330192133784294128e-02
4.422137886285781860e-02
4.493989050388336182e-02
4.568633437156677246e-02
4.625829681754112244e-02
4.625829681754112244e-02
4.710762202739715576e-02
4.765219241380691528e-02
4.823752492666244507e-02
4.878027737140655518e-02
4.921922832727432251e-02
4.954020678997039795e-02
4.981990903615951538e-02
5.003622919321060181e-02
5.009928718209266663e-02
5.013317242264747620e-02
5.013317242264747620e-02
5.019605532288551331e-02
5.018600448966026306e-02
5.022021383047103882e-02
5.037682875990867615e-02
5.070380866527557373e-02
5.103515088558197021e-02
5.130286514759063721e-02
5.154316872358322144e-02
5.171387642621994019e-02
5.196620151400566101e-02
5.196620151400566101e-02
5.221003666520118713e-02
5.237943306565284729e-02
5.254901573061943054e-02
5.272493883967399597e-02
5.274202302098274231e-02
5.303270742297172546e-02
5.339860171079635620e-02
5.386670306324958801e-02
5.456657707691192627e-02
5.539139732718467712e-02
5.539139732718467712e-02
5.631677061319351196e-02
5.718422308564186096e-02
5.812454968690872192e-02
5.916003137826919556e-02
6.007295474410057068e-02
6.093626096844673157e-02
6.180578097701072693e-02
6.260413676500320435e-02
6.325393170118331909e-02
6.371416151523590088e-02
6.371416151523590088e-02
6.411805748939514160e-02
6.439051032066345215e-02
6.465291976928710938e-02
6.508653610944747925e-02
6.550122797489166260e-02
6.603698432445526123e-02
6.677600741386413574e-02
6.756594777107238770e-02
6.845245510339736938e-02
6.935720145702362061e-02
6.935720145702362061e-02
7.029248774051666260e-02
7.106128334999084473e-02
7.176122814416885376e-02
7.241825014352798462e-02
7.281916588544845581e-02
7.310509681701660156e-02
7.327699661254882812e-02
7.358472049236297607e-02
7.370737195014953613e-02
7.418318092823028564e-02
7.418318092823028564e-02
7.437314093112945557e-02
7.457356899976730347e-02
7.452204823493957520e-02
7.435601204633712769e-02
7.404106855392456055e-02
7.361426949501037598e-02
7.301319390535354614e-02
7.223027944564819336e-02
7.147973030805587769e-02
7.062908262014389038e-02
7.062908262014389038e-02
6.974924355745315552e-02
6.894044578075408936e-02
6.818385422229766846e-02
6.745005398988723755e-02
6.661123782396316528e-02
6.569709628820419312e-02
6.471488624811172485e-02
6.389681249856948853e-02
6.316696107387542725e-02
6.236154213547706604e-02
6.236154213547706604e-02
6.174412742257118225e-02
6.098265200853347778e-02
6.055029109120368958e-02
6.017785146832466125e-02
5.990643426775932312e-02
5.975222587585449219e-02
5.959007516503334045e-02
5.937487632036209106e-02
5.914237350225448608e-02
5.891215428709983826e-02
5.891215428709983826e-02
5.879346653819084167e-02
5.871522799134254456e-02
5.843245983123779297e-02
5.823104083538055420e-02
5.786571279168128967e-02
5.745892971754074097e-02
5.703883618116378784e-02
5.667562037706375122e-02
5.634789913892745972e-02
5.585176125168800354e-02
5.585176125168800354e-02
5.540860816836357117e-02
5.474784597754478455e-02
5.407473817467689514e-02
5.337059497833251953e-02
5.269801989197731018e-02
5.210674554109573364e-02
5.150473117828369141e-02
5.084466561675071716e-02
4.997973144054412842e-02
4.931236058473587036e-02
4.931236058473587036e-02
4.872393608093261719e-02
4.823713377118110657e-02
4.765458405017852783e-02
4.711199924349784851e-02
4.665486142039299011e-02
4.607709124684333801e-02
4.567369446158409119e-02
4.520884528756141663e-02
4.480250552296638489e-02
4.449322074651718140e-02
4.449322074651718140e-02
4.415505006909370422e-02
4.376331716775894165e-02
4.330470785498619080e-02
4.267164319753646851e-02
4.201197251677513123e-02
4.116485267877578735e-02
4.024720937013626099e-02
3.926872834563255310e-02
3.846165910363197327e-02
3.767928853631019592e-02
3.767928853631019592e-02
3.718290105462074280e-02
3.670690208673477173e-02
3.661816567182540894e-02
3.667824715375900269e-02
3.673698008060455322e-02
3.703077509999275208e-02
3.734971955418586731e-02
3.777237609028816223e-02
3.815802559256553650e-02
3.837718814611434937e-02
3.837718814611434937e-02
3.835184127092361450e-02
3.832199051976203918e-02
3.818725049495697021e-02
3.787078335881233215e-02
3.723399341106414795e-02
3.650584816932678223e-02
3.571221232414245605e-02
3.489575907588005066e-02
3.411849215626716614e-02
3.337434679269790649e-02
3.337434679269790649e-02
3.292711824178695679e-02
3.273231163620948792e-02
3.266898170113563538e-02
3.255255147814750671e-02
3.234634920954704285e-02
3.209378942847251892e-02
3.180923312902450562e-02
3.137541562318801880e-02
3.091200627386569977e-02
3.040953166782855988e-02
3.040953166782855988e-02
3.007350303232669830e-02
3.003106452524662018e-02
3.016869723796844482e-02
3.060618415474891663e-02
3.099877387285232544e-02
3.121842071413993835e-02
3.120294027030467987e-02
3.080563060939311981e-02
3.033675253391265869e-02
2.975639142096042633e-02
2.975639142096042633e-02
2.910163067281246185e-02
2.832778729498386383e-02
2.760992757976055145e-02
2.703919261693954468e-02
2.669291384518146515e-02
2.635510824620723724e-02
2.615501545369625092e-02
2.613420970737934113e-02
2.612823620438575745e-02
2.599118277430534363e-02
2.599118277430534363e-02
2.563068456947803497e-02
2.518936805427074432e-02
2.460074052214622498e-02
2.408556267619132996e-02
2.368006110191345215e-02
2.325376495718955994e-02
2.306428365409374237e-02
2.294559590518474579e-02
2.273657172918319702e-02
2.271397598087787628e-02
2.271397598087787628e-02
2.246627397835254669e-02
2.272561565041542053e-02
2.302927710115909576e-02
2.303843572735786438e-02
2.294904924929141998e-02
2.292643859982490540e-02
2.302553690969944000e-02
2.296939305961132050e-02
2.278978377580642700e-02
2.254672907292842865e-02
2.254672907292842865e-02
2.229204960167407990e-02
2.201823890209197998e-02
2.176242880523204803e-02
2.157451212406158447e-02
2.132384851574897766e-02
2.098043449223041534e-02
2.058639191091060638e-02
2.012244798243045807e-02
1.961809396743774414e-02
1.922678574919700623e-02
1.922678574919700623e-02
1.899968646466732025e-02
1.888517476618289948e-02
1.895000785589218140e-02
1.892069727182388306e-02
1.900507137179374695e-02
1.919689401984214783e-02
1.945355534553527832e-02
1.964366994798183441e-02
1.985154300928115845e-02
1.986623369157314301e-02
1.986623369157314301e-02
1.978898793458938599e-02
1.958285458385944366e-02
1.948689296841621399e-02
1.947726309299468994e-02
1.950347796082496643e-02
1.957913301885128021e-02
1.962395012378692627e-02
1.953872852027416229e-02
1.941093057394027710e-02
1.923605799674987793e-02
1.923605799674987793e-02
1.906522922217845917e-02
1.869106292724609375e-02
1.853622123599052429e-02
1.853541657328605652e-02
1.865526102483272552e-02
1.861588470637798309e-02
1.838277280330657959e-02
1.809982769191265106e-02
1.779941283166408539e-02
1.758350990712642670e-02
1.758350990712642670e-02
1.733670756220817566e-02
1.724140346050262451e-02
1.723146066069602966e-02
1.722727529704570770e-02
1.710003241896629333e-02
1.601905375719070435e-02
1.537566445767879486e-02
1.494281273335218430e-02
1.465399563312530518e-02
1.450965460389852524e-02
1.450965460389852524e-02
1.441719196736812592e-02
1.426245365291833878e-02
1.417010556906461716e-02
1.405982673168182373e-02
1.422532647848129272e-02
1.436962652951478958e-02
1.457060314714908600e-02
1.465284265577793121e-02
1.453872304409742355e-02
1.440967805683612823e-02
1.440967805683612823e-02
1.441715005785226822e-02
1.460207626223564148e-02
1.479398645460605621e-02
1.494575664401054382e-02
1.507491804659366608e-02
1.519117131829261780e-02
1.530851051211357117e-02
1.530471630394458771e-02
1.532346662133932114e-02
1.532194670289754868e-02
1.532194670289754868e-02
1.534053962677717209e-02
1.540164183825254440e-02
1.556264422833919525e-02
1.574634946882724762e-02
1.594571955502033234e-02
1.601466722786426544e-02
1.601050980389118195e-02
1.599570550024509430e-02
1.598909124732017517e-02
1.597679778933525085e-02
1.597679778933525085e-02
1.592064835131168365e-02
1.575981453061103821e-02
1.550622563809156418e-02
1.515384018421173096e-02
1.485115475952625275e-02
1.464832294732332230e-02
1.453588902950286865e-02
1.451361645013093948e-02
1.447351090610027313e-02
1.442421600222587585e-02
1.442421600222587585e-02
1.428900472819805145e-02
1.420888397842645645e-02
1.423399709165096283e-02
1.431334484368562698e-02
1.435865089297294617e-02
1.435865089297294617e-02
1.435865089297294617e-02
1.435865089297294617e-02
1.431471481919288635e-02
1.437647175043821335e-02
