3.778907297372337271e-02
3.862503947811411764e-02
3.959224253550259337e-02
4.046678716737341086e-02
4.150859111643870336e-02
4.242173253798092042e-02
4.296330808700677545e-02
4.336697919800831108e-02
4.362291685536370811e-02
4.363117857388589677e-02
4.364136268751654668e-02
4.364136268751654668e-02
4.364916545669509512e-02
4.357634200486672910e-02
4.346495446400376605e-02
4.296015746140352531e-02
4.262276668914975059e-02
4.218985936862074820e-02
4.181331477276786085e-02
4.144400213138075412e-02
4.094056965372788737e-02
4.047580940457344567e-02
4.047580940457344567e-02
4.006289298524899622e-02
3.969410197231626469e-02
3.932788525616229963e-02
3.908551914509849484e-02
3.881786113994454418e-02
3.849053117398380103e-02
3.826579988906261137e-02
3.787747770682251686e-02
3.742362110600270381e-02
3.701101106599308938e-02
3.701101106599308938e-02
3.665684695718781499e-02
3.626555381232995923e-02
3.585882213362878018e-02
3.529736388807402925e-02
3.483865354598676689e-02
3.441311804848344591e-02
3.385188604222575531e-02
3.323250221096794160e-02
3.256310124075887519e-02
3.189587190605258638e-02
3.189587190605258638e-02
3.116057153094151794e-02
3.045032641633127479e-02
2.978265173904052349e-02
2.940447494197387726e-02
2.904639761777931192e-02
2.875950414165463070e-02
2.846216428234484355e-02
2.817657177101321603e-02
2.789551843448783916e-02
2.782240354013572337e-02
2.782240354013572337e-02
2.765963093322914429e-02
2.732649180730154989e-02
2.685673613296838194e-02
2.627768309421292525e-02
2.583174471648134671e-02
2.560123652087136284e-02
2.531284964174986343e-02
2.494144701356826657e-02
2.482941243212313104e-02
2.463029876121027376e-02
2.463029876121027376e-02
2.428628611273623769e-02
2.393444140265425096e-02
2.348499211327782082e-02
2.299216151336515995e-02
2.252168925220644422e-02
2.195518238264869068e-02
2.129613097048912301e-02
2.064550413631578013e-02
1.993200858122152683e-02
1.939720666120661047e-02
1.939720666120661047e-02
1.901360440757491124e-02
1.868031401876395214e-02
1.834247112362581006e-02
1.809967540062884864e-02
1.789299926726508130e-02
1.779221488110409657e-02
1.771657510579876388e-02
1.778341564037605113e-02
1.792059093761261615e-02
1.806573123369231010e-02
1.806573123369231010e-02
1.816709391278061719e-02
1.833028055256634772e-02
1.848871278083489070e-02
1.871786614226800260e-02
1.894751929424084991e-02
1.920941940459129638e-02
1.943428166393981402e-02
1.973607645580892009e-02
2.016053677544349387e-02
2.053645836469096889e-02
2.053645836469096889e-02
2.094570673002910111e-02
2.130752971927646691e-02
2.167623075864529361e-02
2.202148411121913549e-02
2.242247892264812373e-02
2.279037845215113947e-02
2.308318586873065598e-02
2.336329827712648605e-02
2.368023094429391046e-02
2.402869785312195666e-02
2.402869785312195666e-02
2.440796462259356078e-02
2.469772407300868666e-02
2.492008636901919122e-02
2.509376491749745405e-02
2.526244045768126500e-02
2.544033442147937765e-02
2.563421011796300150e-02
2.568415680171428836e-02
2.576547450083264967e-02
2.582955780028022355e-02
2.582955780028022355e-02
2.603976045827069083e-02
2.628021601025403234e-02
2.661456549782707792e-02
2.686135047772381101e-02
2.700283065382443060e-02
2.711843953038067107e-02
2.729364959736406762e-02
2.757920978955312116e-02
2.790697429883190819e-02
2.826073953528218663e-02
2.826073953528218663e-02
2.874127324666178943e-02
2.916782413010085909e-02
2.963355579674835372e-02
3.020486546496069930e-02
3.076348117613800573e-02
3.141187810186786555e-02
3.147118422916616448e-02
3.169706844717708888e-02
3.178844663230346451e-02
3.173056975916759004e-02
