5.867575856884932328e-02
5.882025663116555864e-02
5.829746808977535194e-02
5.822444202329231377e-02
5.760706979889308049e-02
5.731878017110939721e-02
5.733099810338105479e-02
5.734798594879263189e-02
5.746368581539831877e-02
5.773477544121481675e-02
5.763284433505494464e-02
5.763284433505494464e-02
5.746504803251568233e-02
5.722408696135927036e-02
5.689115791565489688e-02
5.676035171014709446e-02
5.661274656856546406e-02
5.637502892921818221e-02
5.619410980300498792e-02
5.630057105828392694e-02
5.635713651552103770e-02
5.634087482632261362e-02
5.634087482632261362e-02
5.640859415221226997e-02
5.626201098711314935e-02
5.601451249691206946e-02
5.586835144635779460e-02
5.568864391917772994e-02
5.530761634540912186e-02
5.479819209838927840e-02
5.430081516529716018e-02
5.391658250309289135e-02
5.353387243628410230e-02
5.353387243628410230e-02
5.285195424080607607e-02
5.214113760219893368e-02
5.149860057998583568e-02
5.102278901991721960e-02
5.058825480152145254e-02
5.026675507930653680e-02
4.987843116296913210e-02
4.947067021338946019e-02
4.914643993302650338e-02
4.882394090434087619e-02
4.882394090434087619e-02
4.849739795007761839e-02
4.819046244633556214e-02
4.789873679597598383e-02
4.750251920306235165e-02
4.731365154649451454e-02
4.711667748409987394e-02
4.691227059178135900e-02
4.659599428052985104e-02
4.628628167190883269e-02
4.588422695588956907e-02
4.588422695588956907e-02
4.538601245807093870e-02
4.464167941957883357e-02
4.400271946596567840e-02
4.336169823485725577e-02
4.263289585089297118e-02
4.201986099647037065e-02
4.143956820635242427e-02
4.096921173375184244e-02
4.055866867439123641e-02
4.015689408726952347e-02
4.015689408726952347e-02
3.999662034232619873e-02
3.980383462884554829e-02
3.958760832219040959e-02
3.921939553732384925e-02
3.883139576820465039e-02
3.876241359987599860e-02
3.859228118181651235e-02
3.848328020817364664e-02
3.834156538054962066e-02
3.815227220319941659e-02
3.815227220319941659e-02
3.797539331292349579e-02
3.776630282381941706e-02
3.744029611563889914e-02
3.694118949432240173e-02
3.662366205872835678e-02
3.636982825701897543e-02
3.609819377161138654e-02
3.580969361354706393e-02
3.557116955233128458e-02
3.539009433249590969e-02
3.539009433249590969e-02
3.511696921353536088e-02
3.475719230840357277e-02
3.430098780713340678e-02
3.377962786849463689e-02
3.328347804172786251e-02
3.282761370498602643e-02
3.232331259560739661e-02
3.184704583726048061e-02
3.139629314084856071e-02
3.104862339799213319e-02
3.104862339799213319e-02
3.086149317470671810e-02
3.059056751208642441e-02
3.027801496134254269e-02
2.988762840644694149e-02
2.959698178326612347e-02
2.929307942271097351e-02
2.895194121993115849e-02
2.868751044375992751e-02
2.849088981737262286e-02
2.833343266695748791e-02
2.833343266695748791e-02
2.829152134689316353e-02
2.815007675916673599e-02
2.801668592486614845e-02
2.780102565708666637e-02
2.760651792345696423e-02
2.729735228693165247e-02
2.690290867142241388e-02
2.645352607123507144e-02
2.600172216016208293e-02
2.551862045036291937e-02
2.551862045036291937e-02
2.500793479361374319e-02
2.463899236124004674e-02
2.424029268497906661e-02
2.376462134800439926e-02
2.307229983898503867e-02
2.233921928597917134e-02
2.171688961468392493e-02
2.127879751593249671e-02
2.081399165460711895e-02
2.054788098400113852e-02
2.054788098400113852e-02
2.032306599432495697e-02
1.996371476436272982e-02
1.977744035970174438e-02
1.961226146710745230e-02
1.950953873237921618e-02
1.944811792606418108e-02
1.939284735762466377e-02
1.940782813295301515e-02
1.941225033079230222e-02
1.935927807047582022e-02
