3.874824340025728731e-02
3.874824340025728731e-02
3.788142406141759011e-02
3.730325755275121224e-02
3.659144706231831634e-02
3.586448477468540119e-02
3.556285059215102962e-02
3.524664684132616799e-02
3.491260777332438892e-02
3.450407795518195542e-02
3.415716127152723658e-02
3.389246967663339660e-02
3.389246967663339660e-02
3.368538252903441332e-02
3.370829279726805794e-02
3.361068520764298739e-02
3.352815850632051564e-02
3.350858987954108414e-02
3.364714546429592446e-02
3.390888806932679245e-02
3.434521895781994516e-02
3.463247591374329915e-02
3.495166520637216223e-02
