1.490795011683531367e-03
1.490795011683531367e-03
2.870386355040297453e-03
2.191657583246809423e-03
1.259814300867159688e-03
1.468566981396471826e-03
1.910011696637484982e-03
2.141098727325543676e-03
2.275201768091147242e-03
2.103679073302476294e-03
1.841699047293952635e-03
1.642969367495199402e-03
1.642969367495199402e-03
1.689233343520294296e-03
1.938800359313872564e-03
2.418641838469163478e-03
2.837539747913140741e-03
3.088516458282226755e-03
3.010674836193125235e-03
2.649508956949017061e-03
2.257717620633553027e-03
1.959171866370250717e-03
1.830967544013910710e-03
1.830967544013910710e-03
1.880881414633418357e-03
2.022265852849489468e-03
2.158957070753349337e-03
2.243812692077694609e-03
2.176510321163994694e-03
2.134160733528045126e-03
2.004327830947874936e-03
1.899186404872169184e-03
1.822577791899698948e-03
1.792925171968092445e-03
1.792925171968092445e-03
1.931726136892136011e-03
2.128046251225090835e-03
2.249089628545414624e-03
2.239881933149080566e-03
2.177859732603923577e-03
2.102377243332499441e-03
2.004088488344787575e-03
1.978284979883395203e-03
1.984767728690393310e-03
2.011708156292786511e-03
2.011708156292786511e-03
2.030592495263412647e-03
2.076469559729380958e-03
2.091035259617018624e-03
2.089151816788428588e-03
2.011665670288570462e-03
1.906642237976585979e-03
1.901528513327976249e-03
1.940041971121439111e-03
1.991818538080826657e-03
1.995233939685563639e-03
1.995233939685563639e-03
1.887441794471867752e-03
1.780007457523027610e-03
1.713395347965881088e-03
1.758798372306705866e-03
1.875215660694871597e-03
1.993483661268400167e-03
2.024382217206561248e-03
1.982241587512584627e-03
1.854220371778721914e-03
1.696504273105723520e-03
1.696504273105723520e-03
1.656401987438823687e-03
1.784375809838860839e-03
1.989449872600810090e-03
2.045499176880613123e-03
2.062783196508039332e-03
1.959115458650246243e-03
1.811568921915564885e-03
1.717794739218549789e-03
1.816597319070931442e-03
1.968982969668311555e-03
1.968982969668311555e-03
2.132698793949844816e-03
2.165736045026481812e-03
2.146772052335048104e-03
1.988958707770070288e-03
1.858972353540676086e-03
1.858216425176074460e-03
2.147055406111868670e-03
2.400553046960956973e-03
2.462772252908573649e-03
2.453324187032964419e-03
2.453324187032964419e-03
2.325757291850235730e-03
2.176425549523255520e-03
2.039943550442468306e-03
1.954360345763196324e-03
1.868091793315380944e-03
1.861558884148306571e-03
1.904861161157821127e-03
1.909183174658003615e-03
1.826944655121742929e-03
1.777301053453714339e-03
1.777301053453714339e-03
1.524199879599647412e-03
1.313245319757496516e-03
1.309318268709728800e-03
1.509029863490064230e-03
1.761105096437333602e-03
1.889887333218921890e-03
1.798840992269830873e-03
1.583580351813806616e-03
1.381778631072352534e-03
1.170609590083473810e-03
1.170609590083473810e-03
1.004690917463044045e-03
9.229499905978791720e-04
1.051628247284561732e-03
1.294277539852801929e-03
1.452386935319378543e-03
1.476711677248862152e-03
1.365216819487414602e-03
1.219264157584922176e-03
1.153447683535141835e-03
1.116783576581995788e-03
1.116783576581995788e-03
1.151876415897502230e-03
1.237370526163936646e-03
1.279113999545979314e-03
1.113263207350246101e-03
1.040394243536919838e-03
1.149889495851841217e-03
1.373434476754179520e-03
1.455194855492383680e-03
1.414384569997550328e-03
1.275694009523442108e-03
1.275694009523442108e-03
1.135632842832215396e-03
1.140769643442997696e-03
1.315134331057785056e-03
1.609823973225903105e-03
1.908012715374962122e-03
2.232966254092422307e-03
2.304035048301907029e-03
2.285486090439333307e-03
2.162113091428118777e-03
2.011206214770498452e-03
2.011206214770498452e-03
2.035127286501176806e-03
2.146098812559661846e-03
2.223635060216971448e-03
2.330757497312830381e-03
2.330952333456859198e-03
2.358879150968797717e-03
2.418805076605226936e-03
2.542611571066781279e-03
2.610933208921886479e-03
2.666147910170865113e-03
2.666147910170865113e-03
2.699249984512311004e-03
2.666145522849672385e-03
2.682832257641628096e-03
2.552116543185158418e-03
2.111035470742698549e-03
1.672301327335067424e-03
1.396831428199389429e-03
1.341244215303702718e-03
1.404427612762755660e-03
1.543294107905711452e-03
1.543294107905711452e-03
1.475131178803970513e-03
1.272043902986893854e-03
1.083926830075831885e-03
9.864973133347045616e-04
9.641541865562544382e-04
1.022619445081833587e-03
1.173218256781373902e-03
1.174973248489177531e-03
1.021452373704574831e-03
8.202416586891368537e-04
8.202416586891368537e-04
6.933525857320098221e-04
6.905009548411080150e-04
8.325119646439643967e-04
1.009156226263442863e-03
1.174794306763252876e-03
1.245622774691288164e-03
1.237460097556076838e-03
1.201649888683122913e-03
1.180161150407595767e-03
1.186606041305518456e-03
1.186606041305518456e-03
1.176187380836289783e-03
2.248377983579994549e-03
3.022182682103386787e-03
3.559110706548509681e-03
3.884872252455992461e-03
4.058922186300033957e-03
4.182204775691132984e-03
4.249053798033133530e-03
4.212860034885623599e-03
4.097719670169724070e-03
4.097719670169724070e-03
3.890912647499652696e-03
3.543441449154979741e-03
3.037426744266608601e-03
2.434052773214656715e-03
1.857237132700114866e-03
1.601260325268986191e-03
1.618404257565629785e-03
1.776711354487589718e-03
2.073192446418863424e-03
2.073192446418863424e-03
2.073192446418863424e-03
2.505412823022009315e-03
3.070104260187243861e-03
3.587156283176740935e-03
4.000506865473592126e-03
4.222346457800914450e-03
4.049213867562142209e-03
3.596170739274610808e-03
2.875053117170040841e-03
2.248712630043707243e-03
1.799789468761676817e-03
1.799789468761676817e-03
1.511920781524573503e-03
1.450649675459320023e-03
1.769593618432686649e-03
2.249047790521571926e-03
2.698747706590744720e-03
3.046350182038233198e-03
3.279206289838636386e-03
3.334686374995667665e-03
3.291233069503859444e-03
3.148237607888021081e-03
3.148237607888021081e-03
3.006620434970707235e-03
2.921917132757082241e-03
2.840533681269273754e-03
2.801175742944367851e-03
2.756096220933008413e-03
2.594441253908833910e-03
2.395049710088462212e-03
2.257393258625833322e-03
2.221436304735328361e-03
2.218967430681670090e-03
2.218967430681670090e-03
2.308331299864920926e-03
2.425505352718158175e-03
2.540265939681013874e-03
2.602888990938536339e-03
2.640391879192381403e-03
2.688002907388444863e-03
2.749497505764032269e-03
2.863227215392219124e-03
2.969168782868858176e-03
2.988932276972225670e-03
2.988932276972225670e-03
3.003572210997922619e-03
2.854581786102510042e-03
2.686594305817208844e-03
2.496789668938370968e-03
2.404986524257351956e-03
2.409319484538409006e-03
2.523585280611938698e-03
2.792734754023356615e-03
3.041012126736504593e-03
3.201349276580572716e-03
3.201349276580572716e-03
3.313867701810048732e-03
3.408365422090683158e-03
3.441961364891997586e-03
3.520299759402597834e-03
3.476328847580421096e-03
3.438399496988678045e-03
3.443259173760146626e-03
3.445013703594276833e-03
3.396176071168609516e-03
3.336283867258569430e-03
