3.793949261307716370e-02
3.687600791454315186e-02
3.630829975008964539e-02
3.593129664659500122e-02
3.541640192270278931e-02
3.503285348415374756e-02
3.459634259343147278e-02
3.415329754352569580e-02
3.383087366819381714e-02
3.344380483031272888e-02
3.297760710120201111e-02
3.297760710120201111e-02
3.256088495254516602e-02
3.219413384795188904e-02
3.177197277545928955e-02
3.146146237850189209e-02
3.168048337101936340e-02
3.196212649345397949e-02
3.199774026870727539e-02
3.202431276440620422e-02
3.212584927678108215e-02
3.222637251019477844e-02
3.222637251019477844e-02
3.236575797200202942e-02
3.248909115791320801e-02
3.270479291677474976e-02
3.283141180872917175e-02
3.286041691899299622e-02
3.293902426958084106e-02
3.300472721457481384e-02
3.301983326673507690e-02
3.256231546401977539e-02
3.222810104489326477e-02
3.222810104489326477e-02
3.185831382870674133e-02
3.155744448304176331e-02
3.130332008004188538e-02
3.107888437807559967e-02
3.082803264260292053e-02
3.054053708910942078e-02
3.022909723222255707e-02
2.992652542889118195e-02
2.960696257650852203e-02
2.932097576558589935e-02
2.932097576558589935e-02
2.908087708055973053e-02
2.877285890281200409e-02
2.848212048411369324e-02
2.824106626212596893e-02
2.802042663097381592e-02
2.785843797028064728e-02
2.772903256118297577e-02
2.755295857787132263e-02
2.744137682020664215e-02
2.725700289011001587e-02
2.725700289011001587e-02
2.708950825035572052e-02
2.696475200355052948e-02
2.691411226987838745e-02
2.681416273117065430e-02
2.672652155160903931e-02
2.667251415550708771e-02
2.656656689941883087e-02
2.652141079306602478e-02
2.653542533516883850e-02
2.670068107545375824e-02
2.670068107545375824e-02
2.687581442296504974e-02
2.697719633579254150e-02
2.698457986116409302e-02
2.692602574825286865e-02
2.682650461792945862e-02
2.684327960014343262e-02
2.689610607922077179e-02
2.693415433168411255e-02
2.702046744525432587e-02
2.708632312715053558e-02
2.708632312715053558e-02
2.715121395885944366e-02
2.722265198826789856e-02
2.720342017710208893e-02
2.716160006821155548e-02
2.703943476080894470e-02
2.685764431953430176e-02
2.672457322478294373e-02
2.664693631231784821e-02
2.656874246895313263e-02
2.646896988153457642e-02
2.646896988153457642e-02
2.635643444955348969e-02
2.615778520703315735e-02
2.591144293546676636e-02
2.563151530921459198e-02
2.540704049170017242e-02
2.520810440182685852e-02
2.504213713109493256e-02
2.483961172401905060e-02
2.471962012350559235e-02
2.449969947338104248e-02
2.449969947338104248e-02
2.409923635423183441e-02
2.364926412701606750e-02
2.315769903361797333e-02
2.275058627128601074e-02
2.237560227513313293e-02
2.221013233065605164e-02
2.216378226876258850e-02
2.215743251144886017e-02
2.210328355431556702e-02
2.188500389456748962e-02
2.188500389456748962e-02
2.159656211733818054e-02
2.121868543326854706e-02
2.080298215150833130e-02
2.039670385420322418e-02
2.009320817887783051e-02
1.994401589035987854e-02
1.979891397058963776e-02
1.976871676743030548e-02
1.970885321497917175e-02
1.964712515473365784e-02
1.964712515473365784e-02
1.953577436506748199e-02
1.936673745512962341e-02
1.912080496549606323e-02
1.868363469839096069e-02
1.830094493925571442e-02
1.802375167608261108e-02
1.795080862939357758e-02
1.810932718217372894e-02
1.816920004785060883e-02
1.808372326195240021e-02
1.808372326195240021e-02
1.785019040107727051e-02
1.751906797289848328e-02
1.709434203803539276e-02
1.679142750799655914e-02
1.662627235054969788e-02
1.658934727311134338e-02
1.661616005003452301e-02
1.668612658977508545e-02
1.675450056791305542e-02
1.650769263505935669e-02
1.650769263505935669e-02
1.626275852322578430e-02
1.571101136505603790e-02
1.535288523882627487e-02
1.505393721163272858e-02
1.473255082964897156e-02
1.448120363056659698e-02
1.434894744306802750e-02
1.424055825918912888e-02
1.407630927860736847e-02
1.387207489460706711e-02
1.387207489460706711e-02
1.374092791229486465e-02
1.356655731797218323e-02
1.346769277006387711e-02
1.337280590087175369e-02
1.335925329476594925e-02
1.349411439150571823e-02
1.357744447886943817e-02
1.360831223428249359e-02
1.359982881695032120e-02
1.359252352267503738e-02
1.359252352267503738e-02
1.357379369437694550e-02
1.353829912841320038e-02
1.346806716173887253e-02
1.331943366676568985e-02
1.320039760321378708e-02
1.301101874560117722e-02
1.278467755764722824e-02
1.255084946751594543e-02
1.240195799618959427e-02
1.233098376542329788e-02
1.233098376542329788e-02
1.238017622381448746e-02
1.244063489139080048e-02
1.239289250224828720e-02
1.231735385954380035e-02
1.218681968748569489e-02
1.203177962452173233e-02
1.181701198220252991e-02
1.156891603022813797e-02
1.127515826374292374e-02
1.105504482984542847e-02
1.105504482984542847e-02
1.086519286036491394e-02
1.046175695955753326e-02
1.007347833365201950e-02
9.677752852439880371e-03
9.321702644228935242e-03
9.033212438225746155e-03
8.711806498467922211e-03
8.454652503132820129e-03
8.192072622478008270e-03
7.913933135569095612e-03
7.913933135569095612e-03
7.696082349866628647e-03
7.503237575292587280e-03
7.401967886835336685e-03
7.362669333815574646e-03
7.399844005703926086e-03
7.440478075295686722e-03
7.489716168493032455e-03
7.476429454982280731e-03
7.384217344224452972e-03
7.146162446588277817e-03
7.146162446588277817e-03
6.883696652948856354e-03
6.630855612456798553e-03
6.518279667943716049e-03
6.475885864347219467e-03
6.440651137381792068e-03
6.249243393540382385e-03
5.982722155749797821e-03
5.602278746664524078e-03
5.247839726507663727e-03
4.894519224762916565e-03
4.894519224762916565e-03
4.610329866409301758e-03
4.401993937790393829e-03
4.330875352025032043e-03
4.430382978171110153e-03
4.594013560563325882e-03
4.735471215099096298e-03
4.769667517393827438e-03
4.683397710323333740e-03
4.599391017109155655e-03
4.481285344809293747e-03
4.481285344809293747e-03
4.408990498632192612e-03
4.494567867368459702e-03
4.587544593960046768e-03
4.799413494765758514e-03
5.089194048196077347e-03
5.318655166774988174e-03
5.393798928707838058e-03
5.352667998522520065e-03
5.264783743768930435e-03
5.211074836552143097e-03
5.211074836552143097e-03
5.278291180729866028e-03
5.431585945188999176e-03
5.560750607401132584e-03
5.793238990008831024e-03
5.896629765629768372e-03
5.989756435155868530e-03
6.042875815182924271e-03
6.014384329319000244e-03
5.844150204211473465e-03
5.702496971935033798e-03
5.702496971935033798e-03
5.633353255689144135e-03
5.610061809420585632e-03
5.656549707055091858e-03
5.770062096416950226e-03
5.958602763712406158e-03
6.148455198854207993e-03
6.216146517544984818e-03
6.223655771464109421e-03
6.144287995994091034e-03
6.072508171200752258e-03
6.072508171200752258e-03
6.112844683229923248e-03
6.324882619082927704e-03
6.607241928577423096e-03
6.799176800996065140e-03
6.964961066842079163e-03
7.058022078126668930e-03
7.081741001456975937e-03
7.048394996672868729e-03
7.045821286737918854e-03
7.224110420793294907e-03
7.224110420793294907e-03
7.477829698473215103e-03
7.806444540619850159e-03
8.164601400494575500e-03
8.466765284538269043e-03
8.756989613175392151e-03
9.108649566769599915e-03
9.485657326877117157e-03
9.939195588231086731e-03
1.041508093476295471e-02
1.085236296057701111e-02
1.085236296057701111e-02
1.171743683516979218e-02
1.245418470352888107e-02
1.305703073740005493e-02
1.357832923531532288e-02
1.402293052524328232e-02
1.446055248379707336e-02
1.496549416333436966e-02
1.545879989862442017e-02
1.583243347704410553e-02
1.608953066170215607e-02
1.608953066170215607e-02
1.613764092326164246e-02
1.609186269342899323e-02
1.626909710466861725e-02
1.646792516112327576e-02
1.679656095802783966e-02
1.715025678277015686e-02
1.756634376943111420e-02
1.796541921794414520e-02
1.828658580780029297e-02
1.867856271564960480e-02
1.867856271564960480e-02
1.906116493046283722e-02
1.930716075003147125e-02
1.948040165007114410e-02
1.957168243825435638e-02
1.959067769348621368e-02
1.952963322401046753e-02
1.946759782731533051e-02
1.940805464982986450e-02
1.934627443552017212e-02
1.921144127845764160e-02
1.921144127845764160e-02
1.904730685055255890e-02
1.880504935979843140e-02
1.851384527981281281e-02
1.820202544331550598e-02
1.794729009270668030e-02
1.763058453798294067e-02
1.763058453798294067e-02
1.763058453798294067e-02
1.720848679542541504e-02
1.677963882684707642e-02
1.677963882684707642e-02
1.633998937904834747e-02
1.592713035643100739e-02
1.559848245233297348e-02
1.534443162381649017e-02
1.522556506097316742e-02
1.508917193859815598e-02
1.497515011578798294e-02
1.476204674690961838e-02
1.450968533754348755e-02
1.431683730334043503e-02
1.431683730334043503e-02
1.416892837733030319e-02
1.410056091845035553e-02
1.397788338363170624e-02
1.380394771695137024e-02
1.370171643793582916e-02
1.363750826567411423e-02
1.351141743361949921e-02
1.340293139219284058e-02
1.332600507885217667e-02
1.327930577099323273e-02
1.327930577099323273e-02
1.324544381350278854e-02
1.299640350043773651e-02
1.266662124544382095e-02
1.239530555903911591e-02
1.223505847156047821e-02
1.215332280844449997e-02
1.211237721145153046e-02
1.211206428706645966e-02
1.216899603605270386e-02
1.220539584755897522e-02
1.220539584755897522e-02
1.227580755949020386e-02
1.239345688372850418e-02
1.256223395466804504e-02
1.268844492733478546e-02
1.270023826509714127e-02
1.266571879386901855e-02
1.260252855718135834e-02
1.254174951463937759e-02
1.249462831765413284e-02
1.251778658479452133e-02
1.251778658479452133e-02
1.257923338562250137e-02
1.275692041963338852e-02
1.286496315151453018e-02
1.300925388932228088e-02
1.307149603962898254e-02
1.300368178635835648e-02
1.286443881690502167e-02
1.273599267005920410e-02
1.272694859653711319e-02
1.272807642817497253e-02
1.272807642817497253e-02
1.268439646810293198e-02
1.271137408912181854e-02
1.280406676232814789e-02
1.283028163015842438e-02
1.274509169161319733e-02
1.246670447289943695e-02
1.217664033174514771e-02
1.197371259331703186e-02
1.176980603486299515e-02
1.150964479893445969e-02
1.150964479893445969e-02
1.119520422071218491e-02
1.081631705164909363e-02
1.033557299524545670e-02
9.862551465630531311e-03
9.434807114303112030e-03
9.082289412617683411e-03
8.754564449191093445e-03
8.522908203303813934e-03
8.347191847860813141e-03
8.148005232214927673e-03
8.148005232214927673e-03
7.914596237242221832e-03
7.914596237242221832e-03
7.914596237242221832e-03
7.792211603373289108e-03
7.799993734806776047e-03
7.824496366083621979e-03
8.052650839090347290e-03
8.281310088932514191e-03
8.636948652565479279e-03
9.091678075492382050e-03
9.091678075492382050e-03
9.543946012854576111e-03
9.855619631707668304e-03
9.970342740416526794e-03
9.909742511808872223e-03
9.734001010656356812e-03
9.560716338455677032e-03
9.526707231998443604e-03
9.543860331177711487e-03
9.486808441579341888e-03
9.497468359768390656e-03
9.497468359768390656e-03
9.552684612572193146e-03
9.511051699519157410e-03
9.711974300444126129e-03
9.841374121606349945e-03
9.834953583776950836e-03
9.725199081003665924e-03
9.752511046826839447e-03
9.885033592581748962e-03
1.017305441200733185e-02
1.052059978246688843e-02
1.052059978246688843e-02
1.073825359344482422e-02
1.079166401177644730e-02
1.080254558473825455e-02
1.075068861246109009e-02
1.076611783355474472e-02
1.092117652297019958e-02
1.119083724915981293e-02
1.140505634248256683e-02
1.145009603351354599e-02
1.142909191548824310e-02
1.142909191548824310e-02
1.139702182263135910e-02
1.146128587424755096e-02
1.148906629532575607e-02
1.142880506813526154e-02
1.138197164982557297e-02
1.132849138230085373e-02
1.131438836455345154e-02
1.126546505838632584e-02
1.128389313817024231e-02
1.133163273334503174e-02
1.133163273334503174e-02
1.136584021151065826e-02
1.143838744610548019e-02
1.152797322720289230e-02
1.170317456126213074e-02
1.174092013388872147e-02
1.172123383730649948e-02
1.164401229470968246e-02
1.143376156687736511e-02
1.121485792100429535e-02
1.102142594754695892e-02
1.102142594754695892e-02
1.090315915644168854e-02
1.085926592350006104e-02
1.088331919163465500e-02
1.090291980654001236e-02
1.087818294763565063e-02
1.078077778220176697e-02
1.061426941305398941e-02
1.043681055307388306e-02
1.028344035148620605e-02
1.031487248837947845e-02
1.031487248837947845e-02
1.036750618368387222e-02
1.046561077237129211e-02
1.056856941431760788e-02
1.051543466746807098e-02
1.034263521432876587e-02
1.014550495892763138e-02
9.931137785315513611e-03
9.760867804288864136e-03
9.675106033682823181e-03
9.519895538687705994e-03
9.519895538687705994e-03
9.448329918086528778e-03
9.372361935675144196e-03
9.345076978206634521e-03
9.318638592958450317e-03
9.306348860263824463e-03
9.302529506385326385e-03
9.314648807048797607e-03
9.354583919048309326e-03
9.457424283027648926e-03
9.552230127155780792e-03
9.552230127155780792e-03
9.670441970229148865e-03
9.815054014325141907e-03
1.007651444524526596e-02
1.036782003939151764e-02
1.061948388814926147e-02
1.084834523499011993e-02
1.108751818537712097e-02
1.128373946994543076e-02
1.151162292808294296e-02
1.175192091614007950e-02
1.175192091614007950e-02
1.192820258438587189e-02
1.212201919406652451e-02
1.235332898795604706e-02
1.258262339979410172e-02
1.272773277014493942e-02
1.271128188818693161e-02
1.268705260008573532e-02
1.263665966689586639e-02
1.264963019639253616e-02
1.256006676703691483e-02
1.256006676703691483e-02
1.246379688382148743e-02
1.233918219804763794e-02
1.221079099923372269e-02
1.206473074853420258e-02
1.188123971223831177e-02
1.171279978007078171e-02
1.157647278159856796e-02
1.137690246105194092e-02
1.107941661030054092e-02
1.079613249748945236e-02
1.079613249748945236e-02
1.058012153953313828e-02
1.035600621253252029e-02
1.020702626556158066e-02
1.021256390959024429e-02
1.015724800527095795e-02
1.012862101197242737e-02
1.004429813474416733e-02
9.920828044414520264e-03
9.778484702110290527e-03
9.681095369160175323e-03
9.681095369160175323e-03
9.578136727213859558e-03
9.591659530997276306e-03
9.547646157443523407e-03
9.397303685545921326e-03
9.211778640747070312e-03
8.926047012209892273e-03
8.488140068948268890e-03
8.076445199549198151e-03
7.809574715793132782e-03
7.890976965427398682e-03
7.890976965427398682e-03
8.080562576651573181e-03
8.389834314584732056e-03
8.743413724005222321e-03
9.180327877402305603e-03
9.563934057950973511e-03
1.001579221338033676e-02
1.037838216871023178e-02
1.067309640347957611e-02
1.090552192181348801e-02
1.114400476217269897e-02
