7.513089253194633887e-02
7.544202297432088533e-02
7.608173958043648599e-02
7.655355960160947770e-02
7.711264830344341514e-02
7.744675696315013458e-02
7.764602169718910762e-02
7.733500684538505143e-02
7.715955382748904134e-02
7.705615924913480907e-02
7.695802368573223529e-02
7.695802368573223529e-02
7.683972289058459137e-02
7.658557007698310604e-02
7.640810695982157286e-02
7.633217101475919808e-02
7.607993987170155736e-02
7.588277994553324635e-02
7.586684449903713379e-02
7.592954926080110190e-02
7.595204668466985776e-02
7.587849954588250789e-02
7.587849954588250789e-02
7.566515713772112295e-02
7.571888741235666132e-02
7.563097589185854841e-02
7.544590640214718369e-02
7.516292176759931110e-02
7.482359256010671922e-02
7.421515397659302071e-02
7.356202325215503712e-02
7.271911513404478999e-02
7.197428975100894633e-02
7.197428975100894633e-02
7.134503668682715127e-02
7.069116425411059446e-02
6.996889111171292197e-02
6.972264409539627450e-02
6.936361637284572945e-02
6.904315450126892462e-02
6.873414379831103982e-02
6.841253175475311976e-02
6.814811149809432700e-02
6.789980060609447643e-02
6.789980060609447643e-02
6.756898096843298729e-02
6.727963330336179937e-02
6.699923046368298774e-02
6.673052919354749424e-02
6.642767607434930943e-02
6.608829682105031578e-02
6.569048056318080309e-02
6.530005471355264379e-02
6.494771520412694066e-02
6.461525989383223867e-02
6.461525989383223867e-02
6.432116864012152324e-02
6.396219517185726400e-02
6.359818781633627682e-02
6.330800728760375973e-02
6.302757040750020523e-02
6.278325542642107515e-02
6.254899221413064148e-02
6.228993410830836047e-02
6.201566208111789630e-02
6.173450293334306616e-02
6.173450293334306616e-02
6.134840794609199705e-02
6.098841967433868416e-02
6.061240824110163128e-02
6.022268671285258695e-02
5.988246660876036381e-02
5.944091176165290646e-02
5.895760373736038534e-02
5.846067140961624248e-02
5.807456163777919428e-02
5.767456531170087053e-02
5.767456531170087053e-02
5.732512274635687133e-02
5.703693320779829046e-02
5.678494128893608189e-02
5.664105607597661601e-02
5.652966605684758145e-02
5.675349102445961802e-02
5.701486653135934279e-02
5.721009452813061169e-02
5.739765075073228334e-02
5.748504106003733682e-02
5.748504106003733682e-02
5.758006497841774290e-02
5.769191050267137577e-02
5.779780052550982650e-02
5.790788741988904531e-02
5.789034092875640358e-02
5.778263416332787145e-02
5.765162064645781848e-02
5.743637590451548813e-02
5.711551952324728926e-02
5.676312065833339499e-02
5.676312065833339499e-02
5.634798522107192092e-02
5.592023471572115517e-02
5.546685450714578663e-02
5.505890084831584208e-02
5.470095452225809396e-02
5.446139098568938963e-02
5.419059691658888872e-02
5.401662266841800869e-02
5.385757417376006023e-02
5.360221051090139494e-02
5.360221051090139494e-02
5.335556604125221009e-02
5.309020594880703436e-02
5.285351564092598958e-02
5.274165095795534802e-02
5.270654835949402373e-02
5.270035482241296892e-02
5.267101931977802298e-02
5.262138846487169480e-02
5.263789152293429224e-02
5.271682012652868787e-02
5.271682012652868787e-02
5.280061720135804937e-02
5.298366015238194920e-02
5.319399463690058921e-02
5.336487720272794361e-02
5.343359258862905720e-02
5.337961183681225186e-02
5.326753449602041751e-02
5.313115076128444719e-02
5.306174754036049185e-02
5.302252812547766231e-02
5.302252812547766231e-02
5.298208450571344208e-02
5.289156618415844641e-02
5.280707590565459492e-02
5.265786546432953130e-02
5.269527740787494086e-02
5.268840932701410879e-02
5.270009496545762645e-02
5.274058566506020090e-02
5.258804317612845308e-02
5.239125974372530609e-02
