5.053164809942245483e-02
5.064536631107330322e-02
5.134180560708045959e-02
5.197846516966819763e-02
5.396724864840507507e-02
5.332743003964424133e-02
5.250938981771469116e-02
5.243735760450363159e-02
5.152451992034912109e-02
5.205592140555381775e-02
5.289348587393760681e-02
5.289348587393760681e-02
5.441293120384216309e-02
5.550663545727729797e-02
5.565968900918960571e-02
5.543575435876846313e-02
5.352881178259849548e-02
5.172899737954139709e-02
5.001939460635185242e-02
4.839839041233062744e-02
4.649871960282325745e-02
4.480013251304626465e-02
4.480013251304626465e-02
4.334399849176406860e-02
4.222263023257255554e-02
4.139512404799461365e-02
4.117517918348312378e-02
4.115299880504608154e-02
4.152799770236015320e-02
4.167869687080383301e-02
4.192443564534187317e-02
4.208519309759140015e-02
4.241262376308441162e-02
4.241262376308441162e-02
4.275588318705558777e-02
4.211762920022010803e-02
4.170399531722068787e-02
4.152650013566017151e-02
4.143593832850456238e-02
4.161477833986282349e-02
4.134836047887802124e-02
4.137686267495155334e-02
4.153414815664291382e-02
4.143529012799263000e-02
4.143529012799263000e-02
4.012916609644889832e-02
3.953145444393157959e-02
3.949912264943122864e-02
3.938688710331916809e-02
3.937574848532676697e-02
3.990989178419113159e-02
4.093728214502334595e-02
4.173660650849342346e-02
4.238120466470718384e-02
4.316342994570732117e-02
4.316342994570732117e-02
4.415935277938842773e-02
4.522275552153587341e-02
4.540970921516418457e-02
4.539356008172035217e-02
4.568145424127578735e-02
4.658886790275573730e-02
4.729671776294708252e-02
4.808524996042251587e-02
4.885280132293701172e-02
4.829760640859603882e-02
4.829760640859603882e-02
4.759329184889793396e-02
4.664708673954010010e-02
4.570054262876510620e-02
4.452742263674736023e-02
4.325372725725173950e-02
4.169974476099014282e-02
4.086583480238914490e-02
4.042077809572219849e-02
3.990848734974861145e-02
3.891763463616371155e-02
3.891763463616371155e-02
3.803641721606254578e-02
3.645217791199684143e-02
3.505376726388931274e-02
3.423366695642471313e-02
3.361351042985916138e-02
3.394129127264022827e-02
3.451076149940490723e-02
3.404850512742996216e-02
3.382936120033264160e-02
3.426183760166168213e-02
3.426183760166168213e-02
3.470978885889053345e-02
3.559752553701400757e-02
3.716244548559188843e-02
3.883257508277893066e-02
4.038881137967109680e-02
4.145795851945877075e-02
4.237703979015350342e-02
4.334056749939918518e-02
4.427803680300712585e-02
4.529138281941413879e-02
4.529138281941413879e-02
4.533490538597106934e-02
4.593325033783912659e-02
4.769461229443550110e-02
5.011288076639175415e-02
5.218357592821121216e-02
5.378784239292144775e-02
5.501094833016395569e-02
5.650937184691429138e-02
5.823024734854698181e-02
5.953278020024299622e-02
5.953278020024299622e-02
6.041345745325088501e-02
6.160461157560348511e-02
6.248530745506286621e-02
6.327995657920837402e-02
6.373541057109832764e-02
6.433996558189392090e-02
6.180943176150321960e-02
5.949274078011512756e-02
5.707189813256263733e-02
5.545194819569587708e-02
5.545194819569587708e-02
5.408159643411636353e-02
5.270893499255180359e-02
5.164690688252449036e-02
5.054323002696037292e-02
4.969020932912826538e-02
4.956069588661193848e-02
4.954858869314193726e-02
4.987461119890213013e-02
5.038192868232727051e-02
5.038962140679359436e-02
5.038962140679359436e-02
5.126235634088516235e-02
5.223798379302024841e-02
5.398028343915939331e-02
5.398028343915939331e-02
5.398028343915939331e-02
5.398028343915939331e-02
5.398028343915939331e-02
5.398028343915939331e-02
5.398028343915939331e-02
5.398028343915939331e-02
