6.853487808257341385e-03
6.853487808257341385e-03
8.546804077923297882e-03
9.058575145900249481e-03
9.820343926548957825e-03
1.004220172762870789e-02
9.968580678105354309e-03
1.013499032706022263e-02
1.028332673013210297e-02
1.062299683690071106e-02
1.067455112934112549e-02
1.078059151768684387e-02
1.078059151768684387e-02
1.096255332231521606e-02
1.140984706580638885e-02
1.200726348906755447e-02
1.266516465693712234e-02
1.301606837660074234e-02
1.316859293729066849e-02
1.306165196001529694e-02
1.273300312459468842e-02
1.236142124980688095e-02
1.189116481691598892e-02
1.189116481691598892e-02
1.140821538865566254e-02
1.105993706732988358e-02
1.084721460938453674e-02
1.072379667311906815e-02
1.065174955874681473e-02
1.057302206754684448e-02
1.046386174857616425e-02
1.034899428486824036e-02
1.014935597777366638e-02
1.003589667379856110e-02
1.003589667379856110e-02
9.931915439665317535e-03
9.812621399760246277e-03
9.605233557522296906e-03
9.435460902750492096e-03
9.334919042885303497e-03
9.298418648540973663e-03
9.397863410413265228e-03
9.521669708192348480e-03
9.529222734272480011e-03
9.362049400806427002e-03
9.362049400806427002e-03
9.229977615177631378e-03
9.053691290318965912e-03
8.881796151399612427e-03
8.689412847161293030e-03
8.529360406100749969e-03
8.454215712845325470e-03
8.505990728735923767e-03
8.741862140595912933e-03
9.076660498976707458e-03
9.377039037644863129e-03
9.377039037644863129e-03
9.481969289481639862e-03
9.310155175626277924e-03
8.831712417304515839e-03
8.249158971011638641e-03
7.611602079123258591e-03
7.161770481616258621e-03
6.857508327811956406e-03
6.596903782337903976e-03
6.397286895662546158e-03
6.200445815920829773e-03
6.200445815920829773e-03
6.126783322542905807e-03
6.150976754724979401e-03
6.421841215342283249e-03
6.681423634290695190e-03
6.875282153487205505e-03
7.088505197316408157e-03
7.082031574100255966e-03
6.859429180622100830e-03
6.483186502009630203e-03
6.159934215247631073e-03
6.159934215247631073e-03
6.313940975815057755e-03
6.442263256758451462e-03
6.482286378741264343e-03
6.413871888071298599e-03
6.209227722138166428e-03
5.907830782234668732e-03
5.506553687155246735e-03
5.090001970529556274e-03
4.805884789675474167e-03
4.726872313767671585e-03
4.726872313767671585e-03
4.761864431202411652e-03
4.829478450119495392e-03
4.794936627149581909e-03
4.746032413095235825e-03
4.729586187750101089e-03
4.805411677807569504e-03
5.034775007516145706e-03
5.355513188987970352e-03
5.710436031222343445e-03
6.009234581142663956e-03
6.009234581142663956e-03
6.198737304657697678e-03
6.239240989089012146e-03
6.199709139764308929e-03
6.139085162431001663e-03
6.135128438472747803e-03
6.170961540192365646e-03
6.250865291804075241e-03
6.303015630692243576e-03
6.292671896517276764e-03
6.256943568587303162e-03
6.256943568587303162e-03
6.187174003571271896e-03
6.228821352124214172e-03
6.413451395928859711e-03
6.697345059365034103e-03
6.978200282901525497e-03
7.145576179027557373e-03
7.167617790400981903e-03
7.030595093965530396e-03
6.957934238016605377e-03
7.046465296298265457e-03
7.046465296298265457e-03
7.283337879925966263e-03
7.573529612272977829e-03
7.699241396039724350e-03
7.652521133422851562e-03
7.445312105119228363e-03
7.172910496592521667e-03
6.997144781053066254e-03
7.005508989095687866e-03
7.150212768465280533e-03
7.362213451415300369e-03
7.362213451415300369e-03
7.715691812336444855e-03
8.025507442653179169e-03
8.188256062567234039e-03
8.137410506606101990e-03
7.925464771687984467e-03
7.773149758577346802e-03
7.729087956249713898e-03
7.817856967449188232e-03
8.079769089818000793e-03
8.379520848393440247e-03
8.379520848393440247e-03
8.604057133197784424e-03
8.642137050628662109e-03
8.541857823729515076e-03
8.411401882767677307e-03
8.364290930330753326e-03
8.417746052145957947e-03
8.488520048558712006e-03
8.494404144585132599e-03
8.423134684562683105e-03
8.265528827905654907e-03
8.265528827905654907e-03
7.958595640957355499e-03
7.662372197955846786e-03
7.518948987126350403e-03
7.550642360001802444e-03
7.732689846307039261e-03
7.922921329736709595e-03
7.922039367258548737e-03
7.794797420501708984e-03
7.615562994033098221e-03
7.451233454048633575e-03
7.451233454048633575e-03
7.392961066216230392e-03
7.495095953345298767e-03
7.644359488040208817e-03
7.727764081209897995e-03
7.708774413913488388e-03
7.614113390445709229e-03
7.491101510822772980e-03
7.307183928787708282e-03
7.190926000475883484e-03
7.157520391047000885e-03
7.157520391047000885e-03
7.074189838021993637e-03
6.917901802808046341e-03
6.717313546687364578e-03
6.511979270726442337e-03
6.396573036909103394e-03
6.332244724035263062e-03
6.280656438320875168e-03
6.231101229786872864e-03
6.142211612313985825e-03
5.982033908367156982e-03
5.982033908367156982e-03
5.720397923141717911e-03
5.456442479044198990e-03
5.456442479044198990e-03
5.365947727113962173e-03
5.426554009318351746e-03
5.632135551422834396e-03
5.859853234142065048e-03
6.022187881171703339e-03
6.103349849581718445e-03
6.098066922277212143e-03
6.098066922277212143e-03
6.101225502789020538e-03
6.139687728136777878e-03
6.213509943336248398e-03
6.322696805000305176e-03
6.421322934329509735e-03
6.515574175864458084e-03
6.523814983665943146e-03
6.436690222471952438e-03
6.328244227916002274e-03
5.974618718028068542e-03
5.974618718028068542e-03
5.619094241410493851e-03
5.316750612109899521e-03
5.093798507004976273e-03
4.987054970115423203e-03
5.017378367483615875e-03
5.073499865829944611e-03
5.127286072820425034e-03
5.110054276883602142e-03
4.989015869796276093e-03
4.851147066801786423e-03
4.851147066801786423e-03
4.756269510835409164e-03
4.743302240967750549e-03
4.826975986361503601e-03
4.956246819347143173e-03
5.068063270300626755e-03
5.148272495716810226e-03
5.265549290925264359e-03
5.446279421448707581e-03
5.750749260187149048e-03
6.203141994774341583e-03
6.203141994774341583e-03
6.845499388873577118e-03
7.565454579889774323e-03
8.208613842725753784e-03
8.706104941666126251e-03
9.077648632228374481e-03
9.304949082434177399e-03
9.397406131029129028e-03
9.415566921234130859e-03
9.317434392869472504e-03
9.117831476032733917e-03
9.117831476032733917e-03
8.863674476742744446e-03
8.561740629374980927e-03
8.312011137604713440e-03
8.082759566605091095e-03
7.925251498818397522e-03
7.911203429102897644e-03
8.029740303754806519e-03
8.187742903828620911e-03
8.143183775246143341e-03
8.151389658451080322e-03
8.151389658451080322e-03
8.006350137293338776e-03
7.744184229522943497e-03
7.394522894173860550e-03
7.076400797814130783e-03
6.805111188441514969e-03
6.609855685383081436e-03
6.483185105025768280e-03
6.418735720217227936e-03
6.377385929226875305e-03
6.358191836625337601e-03
6.358191836625337601e-03
6.316198501735925674e-03
6.249113474041223526e-03
6.132393609732389450e-03
6.010538432747125626e-03
5.874802824109792709e-03
5.780073814094066620e-03
5.648405756801366806e-03
5.600139964371919632e-03
5.642075557261705399e-03
5.762206390500068665e-03
