4.177371861130764474e-02
4.177371861130764474e-02
4.115267479713459464e-02
4.074041159114367983e-02
4.100109156564948204e-02
4.112969870553950108e-02
4.127985705689807272e-02
4.137768174295320539e-02
4.164445845604106133e-02
4.230151660564979155e-02
4.304604238152086315e-02
4.383504363611854387e-02
4.383504363611854387e-02
4.421369073365483821e-02
4.448922456351359078e-02
4.468398565308448478e-02
4.502611959584935236e-02
4.548574665887052809e-02
4.598071694448464808e-02
4.635974915500734594e-02
4.674858007918475389e-02
4.705566523136252982e-02
4.715176572224516471e-02
