4.373781010508537292e-02
4.215610772371292114e-02
4.195851087570190430e-02
4.166991636157035828e-02
4.115609452128410339e-02
4.084870591759681702e-02
4.076354578137397766e-02
4.073695093393325806e-02
4.052573069930076599e-02
4.003187268972396851e-02
3.945253044366836548e-02
3.945253044366836548e-02
3.877900913357734680e-02
3.826405853033065796e-02
3.779441118240356445e-02
3.736148029565811157e-02
3.683461993932723999e-02
3.635487705469131470e-02
3.601501137018203735e-02
3.568490967154502869e-02
3.529324010014533997e-02
3.497353196144104004e-02
3.497353196144104004e-02
3.493279218673706055e-02
3.478187695145606995e-02
3.463557735085487366e-02
3.446096926927566528e-02
3.431539237499237061e-02
3.437415510416030884e-02
3.454666957259178162e-02
3.469129651784896851e-02
3.473681956529617310e-02
3.473695367574691772e-02
3.473695367574691772e-02
3.486598283052444458e-02
3.508184477686882019e-02
3.534744307398796082e-02
3.558063134551048279e-02
3.577456250786781311e-02
3.594090789556503296e-02
3.603466972708702087e-02
3.607106581330299377e-02
3.600179031491279602e-02
3.605183213949203491e-02
3.605183213949203491e-02
3.608127310872077942e-02
3.611421212553977966e-02
3.599981591105461121e-02
3.583692386746406555e-02
3.571714833378791809e-02
3.554208949208259583e-02
3.532885015010833740e-02
3.512596711516380310e-02
3.497167304158210754e-02
3.486069664359092712e-02
3.486069664359092712e-02
3.472548723220825195e-02
3.449146449565887451e-02
3.427793830633163452e-02
3.403125703334808350e-02
3.391105309128761292e-02
3.367325663566589355e-02
3.343807533383369446e-02
3.311947360634803772e-02
3.285766765475273132e-02
3.270570933818817139e-02
3.270570933818817139e-02
3.266746550798416138e-02
3.251652419567108154e-02
3.254180774092674255e-02
3.260545060038566589e-02
3.260885179042816162e-02
3.260927647352218628e-02
3.254001960158348083e-02
3.237181901931762695e-02
3.192121163010597229e-02
3.149414062500000000e-02
3.149414062500000000e-02
3.098137862980365753e-02
3.037097863852977753e-02
2.969541028141975403e-02
2.908908203244209290e-02
2.844658493995666504e-02
2.786242216825485229e-02
2.749428898096084595e-02
2.716238424181938171e-02
2.696784026920795441e-02
2.684506960213184357e-02
2.684506960213184357e-02
2.667921967804431915e-02
2.653730288147926331e-02
2.645034529268741608e-02
2.644799835979938507e-02
2.645136229693889618e-02
2.670316025614738464e-02
2.702088654041290283e-02
2.725112810730934143e-02
2.756031602621078491e-02
2.783205173909664154e-02
2.783205173909664154e-02
2.808633260428905487e-02
2.834105305373668671e-02
2.873730286955833435e-02
2.904851920902729034e-02
2.947738580405712128e-02
2.983420528471469879e-02
3.024378791451454163e-02
3.062317520380020142e-02
3.103584609925746918e-02
3.129119798541069031e-02
3.129119798541069031e-02
3.153565898537635803e-02
3.170197457075119019e-02
3.188758343458175659e-02
3.213088586926460266e-02
3.231250122189521790e-02
3.257240727543830872e-02
3.269410878419876099e-02
3.295273706316947937e-02
3.316945582628250122e-02
3.343947976827621460e-02
3.343947976827621460e-02
3.380412235856056213e-02
3.429219499230384827e-02
3.487220406532287598e-02
3.556803613901138306e-02
3.622441366314888000e-02
3.680723160505294800e-02
3.743554279208183289e-02
3.801526129245758057e-02
3.871184587478637695e-02
3.943556174635887146e-02
3.943556174635887146e-02
4.034030064940452576e-02
4.123823717236518860e-02
4.224747046828269958e-02
4.325084760785102844e-02
4.435693100094795227e-02
4.552942514419555664e-02
4.653478041291236877e-02
4.768481105566024780e-02
4.886554181575775146e-02
4.988969862461090088e-02
4.988969862461090088e-02
5.089084431529045105e-02
5.202061682939529419e-02
5.266665667295455933e-02
5.328909680247306824e-02
5.381003394722938538e-02
5.408149212598800659e-02
5.418350547552108765e-02
5.423391237854957581e-02
5.413352698087692261e-02
5.395371839404106140e-02
5.395371839404106140e-02
5.384604260325431824e-02
5.365463718771934509e-02
5.317577347159385681e-02
5.258459970355033875e-02
5.177453905344009399e-02
5.078793317079544067e-02
4.990491271018981934e-02
4.909650608897209167e-02
4.839309677481651306e-02
4.782527685165405273e-02
4.782527685165405273e-02
4.735636338591575623e-02
4.692798852920532227e-02
4.624646529555320740e-02
4.561595991253852844e-02
4.488956183195114136e-02
4.390985891222953796e-02
4.272077605128288269e-02
4.148847237229347229e-02
4.048554226756095886e-02
3.970269113779067993e-02
3.970269113779067993e-02
3.929229453206062317e-02
3.938885033130645752e-02
3.947363421320915222e-02
3.953884169459342957e-02
3.951380029320716858e-02
3.948359191417694092e-02
3.943859785795211792e-02
3.938861936330795288e-02
3.895992785692214966e-02
3.825128078460693359e-02
3.825128078460693359e-02
3.733798861503601074e-02
3.644048795104026794e-02
3.559502214193344116e-02
3.497200831770896912e-02
3.453718498349189758e-02
3.422979637980461121e-02
3.397591784596443176e-02
3.374866023659706116e-02
3.359295800328254700e-02
3.345978260040283203e-02
3.345978260040283203e-02
3.334100916981697083e-02
3.310800343751907349e-02
3.257475048303604126e-02
3.257475048303604126e-02
3.204588964581489563e-02
3.148938715457916260e-02
3.112368658185005188e-02
3.094753809273242950e-02
3.100329637527465820e-02
3.116058558225631714e-02
3.116058558225631714e-02
3.118680976331233978e-02
3.106102533638477325e-02
3.077715449035167694e-02
3.037324175238609314e-02
2.986591868102550507e-02
2.935908176004886627e-02
2.896131388843059540e-02
2.862981334328651428e-02
2.825606986880302429e-02
2.816167473793029785e-02
2.816167473793029785e-02
2.824681811034679413e-02
2.835746854543685913e-02
2.824568562209606171e-02
2.801354974508285522e-02
2.758142352104187012e-02
2.717782184481620789e-02
2.682323753833770752e-02
2.648372389376163483e-02
2.609916217625141144e-02
2.562983147799968719e-02
2.562983147799968719e-02
2.506378665566444397e-02
2.453473024070262909e-02
2.406451664865016937e-02
2.378484234213829041e-02
2.331527136266231537e-02
2.281786315143108368e-02
2.248718403279781342e-02
2.244339324533939362e-02
2.255765162408351898e-02
2.281029522418975830e-02
2.281029522418975830e-02
2.328533865511417389e-02
2.373845875263214111e-02
2.391534298658370972e-02
2.375960908830165863e-02
2.347662858664989471e-02
2.315208315849304199e-02
2.277219295501708984e-02
2.244644053280353546e-02
2.247631363570690155e-02
2.277101762592792511e-02
2.277101762592792511e-02
2.309577167034149170e-02
2.345360442996025085e-02
2.389973402023315430e-02
2.431887760758399963e-02
2.462369389832019806e-02
2.460376359522342682e-02
2.445932291448116302e-02
2.427669428288936615e-02
2.423225529491901398e-02
2.416572347283363342e-02
2.416572347283363342e-02
2.429801598191261292e-02
2.455967664718627930e-02
2.504754625260829926e-02
2.533729188144207001e-02
2.554367482662200928e-02
2.545809000730514526e-02
2.511651068925857544e-02
2.468185499310493469e-02
2.431089803576469421e-02
2.416776679456233978e-02
2.416776679456233978e-02
2.429230883717536926e-02
2.435873635113239288e-02
2.425404265522956848e-02
2.402970008552074432e-02
2.368311956524848938e-02
2.322448045015335083e-02
2.282517217099666595e-02
2.255794405937194824e-02
2.243570238351821899e-02
2.241980656981468201e-02
2.241980656981468201e-02
2.254893071949481964e-02
2.271405234932899475e-02
2.292924933135509491e-02
2.291418798267841339e-02
2.278817817568778992e-02
2.255510352551937103e-02
2.224826067686080933e-02
2.181099541485309601e-02
2.156384103000164032e-02
2.131555974483489990e-02
2.131555974483489990e-02
2.130596898496150970e-02
2.144426293671131134e-02
2.136989869177341461e-02
2.107088640332221985e-02
2.087670005857944489e-02
2.080942504107952118e-02
2.072742767632007599e-02
2.081515267491340637e-02
2.089687623083591461e-02
2.095711790025234222e-02
2.095711790025234222e-02
2.104004845023155212e-02
2.091799862682819366e-02
2.059620432555675507e-02
2.005856484174728394e-02
1.952715963125228882e-02
1.903254725039005280e-02
1.856365054845809937e-02
1.826158352196216583e-02
1.823496632277965546e-02
1.837397925555706024e-02
1.837397925555706024e-02
1.863815449178218842e-02
1.898970268666744232e-02
1.934345625340938568e-02
1.981409825384616852e-02
2.021323330700397491e-02
2.028092741966247559e-02
2.010046690702438354e-02
1.981656253337860107e-02
1.989260874688625336e-02
1.995573006570339203e-02
1.995573006570339203e-02
1.996081508696079254e-02
2.006344310939311981e-02
2.029125764966011047e-02
2.069900371134281158e-02
2.108343131840229034e-02
2.132564410567283630e-02
2.149702794849872589e-02
2.148466929793357849e-02
2.125927992165088654e-02
2.115380018949508667e-02
2.115380018949508667e-02
2.146633341908454895e-02
2.199536189436912537e-02
2.262020483613014221e-02
2.331888303160667419e-02
2.387667819857597351e-02
2.447892725467681885e-02
2.499689534306526184e-02
2.540370449423789978e-02
2.561309747397899628e-02
2.582870796322822571e-02
2.582870796322822571e-02
2.594018168747425079e-02
2.612002007663249969e-02
2.634225413203239441e-02
2.665384672582149506e-02
2.706154994666576385e-02
2.759765833616256714e-02
2.834009751677513123e-02
2.911933884024620056e-02
2.985754795372486115e-02
3.046678379178047180e-02
3.046678379178047180e-02
3.100940026342868805e-02
3.147269040346145630e-02
3.185786306858062744e-02
3.221433237195014954e-02
3.248923271894454956e-02
3.276604413986206055e-02
3.324606269598007202e-02
3.388483449816703796e-02
3.452984988689422607e-02
3.507917001843452454e-02
3.507917001843452454e-02
3.540265187621116638e-02
3.559786826372146606e-02
3.558295592665672302e-02
3.550598025321960449e-02
3.526386991143226624e-02
3.513276576995849609e-02
3.482367098331451416e-02
3.438850119709968567e-02
3.400918468832969666e-02
3.365985304117202759e-02
3.365985304117202759e-02
3.334211930632591248e-02
3.311860188841819763e-02
3.297132998704910278e-02
3.300763294100761414e-02
3.308556228876113892e-02
3.321428596973419189e-02
3.337348997592926025e-02
3.349919244647026062e-02
3.358086571097373962e-02
3.358194604516029358e-02
3.358194604516029358e-02
3.353433310985565186e-02
3.359338641166687012e-02
3.361441940069198608e-02
3.366395458579063416e-02
3.356125205755233765e-02
3.332769498229026794e-02
3.294197842478752136e-02
3.249079361557960510e-02
3.197310864925384521e-02
3.151411563158035278e-02
3.151411563158035278e-02
3.108556754887104034e-02
3.081258013844490051e-02
3.062157332897186279e-02
3.036202117800712585e-02
3.012682683765888214e-02
2.994905412197113037e-02
2.984993904829025269e-02
2.986831963062286377e-02
2.998953126370906830e-02
3.020326606929302216e-02
3.020326606929302216e-02
3.048265166580677032e-02
3.065626695752143860e-02
2.986287139356136322e-02
2.936311066150665283e-02
2.896713651716709137e-02
2.862301282584667206e-02
2.823210135102272034e-02
2.786031924188137054e-02
2.737814560532569885e-02
2.671507745981216431e-02
2.671507745981216431e-02
2.609051764011383057e-02
2.548039145767688751e-02
2.492889575660228729e-02
2.441619709134101868e-02
2.402279898524284363e-02
2.372951991856098175e-02
2.352886646986007690e-02
2.331317961215972900e-02
2.306742779910564423e-02
2.286133728921413422e-02
2.286133728921413422e-02
2.262551896274089813e-02
2.234967797994613647e-02
2.204106934368610382e-02
2.169367857277393341e-02
2.131026424467563629e-02
2.110599912703037262e-02
2.104427479207515717e-02
2.102852053940296173e-02
2.125223167240619659e-02
2.152614854276180267e-02
2.152614854276180267e-02
2.195435017347335815e-02
2.233421243727207184e-02
2.258359082043170929e-02
2.254688180983066559e-02
2.232666499912738800e-02
2.194721996784210205e-02
2.160786464810371399e-02
2.136231772601604462e-02
2.132951095700263977e-02
2.143679559230804443e-02
2.143679559230804443e-02
2.163503319025039673e-02
2.202136628329753876e-02
2.246493101119995117e-02
2.274793758988380432e-02
2.285660430788993835e-02
2.283871918916702271e-02
2.264290675520896912e-02
2.213523350656032562e-02
2.147965691983699799e-02
2.092970907688140869e-02
2.092970907688140869e-02
2.039729803800582886e-02
1.987688243389129639e-02
1.952570676803588867e-02
1.934065669775009155e-02
1.939731277525424957e-02
1.960681006312370300e-02
1.989911682903766632e-02
2.025754190981388092e-02
2.072147093713283539e-02
2.125816792249679565e-02
2.125816792249679565e-02
2.179428189992904663e-02
2.232451178133487701e-02
2.275195159018039703e-02
2.304053306579589844e-02
2.314615808427333832e-02
2.311011776328086853e-02
2.296562120318412781e-02
2.266481705009937286e-02
2.227283269166946411e-02
2.187851071357727051e-02
2.187851071357727051e-02
2.156019769608974457e-02
2.148479968309402466e-02
2.151444181799888611e-02
2.161087654531002045e-02
2.181214094161987305e-02
2.194113843142986298e-02
2.200677432119846344e-02
2.196634933352470398e-02
2.180035784840583801e-02
2.154202945530414581e-02
2.154202945530414581e-02
2.123820409178733826e-02
2.092718519270420074e-02
2.067881636321544647e-02
2.049569413065910339e-02
2.042655460536479950e-02
2.052339725196361542e-02
2.082552760839462280e-02
2.121486142277717590e-02
2.165652066469192505e-02
2.206275425851345062e-02
2.206275425851345062e-02
2.239073440432548523e-02
2.256462723016738892e-02
2.266896329820156097e-02
2.259199321269989014e-02
2.248516492545604706e-02
2.238048240542411804e-02
2.236869558691978455e-02
2.249392308294773102e-02
2.268391288816928864e-02
2.293350361287593842e-02
2.293350361287593842e-02
2.324440702795982361e-02
2.369149774312973022e-02
2.416651882231235504e-02
2.456485666334629059e-02
2.484343014657497406e-02
2.498881518840789795e-02
2.484589628875255585e-02
2.418941073119640350e-02
2.356646582484245300e-02
2.296799235045909882e-02
2.296799235045909882e-02
2.235762216150760651e-02
2.180427685379981995e-02
2.133492566645145416e-02
2.095774561166763306e-02
2.068832516670227051e-02
2.050871960818767548e-02
2.047637663781642914e-02
2.048931829631328583e-02
2.046271972358226776e-02
2.044293470680713654e-02
2.044293470680713654e-02
2.031527459621429443e-02
2.013089880347251892e-02
1.993313990533351898e-02
1.957536116242408752e-02
1.913167908787727356e-02
1.872598193585872650e-02
1.843839883804321289e-02
1.827798970043659210e-02
1.842453703284263611e-02
1.853059604763984680e-02
1.853059604763984680e-02
1.855199038982391357e-02
1.846780627965927124e-02
1.833175122737884521e-02
1.815881766378879547e-02
1.792365126311779022e-02
1.758744381368160248e-02
1.736130937933921814e-02
1.712889038026332855e-02
1.704306341707706451e-02
1.706194505095481873e-02
