3.070122442818427194e-02
2.971316496318509096e-02
2.882109811996847251e-02
2.841890578119001323e-02
2.830448512096396183e-02
2.815488183377207881e-02
2.849300961652600703e-02
2.873002556215962372e-02
2.877162989819172581e-02
2.880339641689022567e-02
2.833321032448517934e-02
2.833321032448517934e-02
2.787251993309310116e-02
2.748480130214022224e-02
2.714820727001313050e-02
2.684770522314649382e-02
2.659206383441941463e-02
2.635471426190162669e-02
2.615513411696087157e-02
2.600180247456552671e-02
2.590609202531408278e-02
2.580749474770518276e-02
2.580749474770518276e-02
2.582627057190963610e-02
2.600179348131800502e-02
2.612928619904139604e-02
2.617382593055501971e-02
2.621198635855061590e-02
2.660435868613116039e-02
2.696258300458877558e-02
2.731496281687310207e-02
2.763792020800234089e-02
2.790978402532024588e-02
2.790978402532024588e-02
2.818769885990647303e-02
2.844616836775159391e-02
2.872508705347890517e-02
2.897004740867938424e-02
2.931722754091459215e-02
2.962823750771544085e-02
2.984633864529270472e-02
3.002993437995738271e-02
3.016610191541489391e-02
3.026564195344494390e-02
3.026564195344494390e-02
3.050057450742506976e-02
3.079020687441800380e-02
3.088850726858559034e-02
3.113701754886486275e-02
3.151360480591283708e-02
3.184157005773267241e-02
3.221790311491715825e-02
3.261749211695781636e-02
3.297046671985136984e-02
3.340434399925437670e-02
3.340434399925437670e-02
3.381266752624432353e-02
3.414326934221232485e-02
3.433471432319560451e-02
3.452307599140121835e-02
3.460694315013664035e-02
3.460067439243451337e-02
3.455993702712265025e-02
3.447436102711402134e-02
3.425800594412026223e-02
3.409140437236778814e-02
3.409140437236778814e-02
3.387579794659573845e-02
3.360159847159663316e-02
3.333513983048588813e-02
3.292009782302368626e-02
3.262939084230219444e-02
3.224062582351831102e-02
3.186295867971798007e-02
3.150770891906273102e-02
3.123178233352278191e-02
3.100626246555862608e-02
3.100626246555862608e-02
3.082084480165687979e-02
3.063921770834953165e-02
3.050081839670497688e-02
3.041303881365243350e-02
3.032841821349065159e-02
3.048723195731248281e-02
3.073074290696696867e-02
3.099853440517300052e-02
3.127246306470862075e-02
3.149719768900970801e-02
3.149719768900970801e-02
3.167442501699689605e-02
3.187841697854186529e-02
3.208310612880826973e-02
3.235480093838712101e-02
3.269614474208375893e-02
3.313034217090998768e-02
3.347264247062197579e-02
3.380223160063648008e-02
3.413484978107075851e-02
3.435173054886907912e-02
3.435173054886907912e-02
3.458393626291817596e-02
3.474628705620487479e-02
3.484271544355171946e-02
3.486543352521372097e-02
3.489568203691208181e-02
3.505719446456626032e-02
3.512206575418687360e-02
3.512218440613903980e-02
3.511541740009732626e-02
3.509189425785023964e-02
3.509189425785023964e-02
3.493049351165177646e-02
3.470722576310970170e-02
3.433939129038707239e-02
3.400291561320314265e-02
3.373271544915593112e-02
3.335001082935461908e-02
3.297974789640098492e-02
3.242619267104791814e-02
3.192955281486274666e-02
3.152415420104993926e-02
3.152415420104993926e-02
3.128739404891621445e-02
3.105497172420300378e-02
3.101372337830511638e-02
3.107731235740514644e-02
3.128012659061470135e-02
3.138407556961218120e-02
3.140371162991228288e-02
3.144173423977485171e-02
3.127799042668582413e-02
3.119662872615463350e-02
3.119662872615463350e-02
3.108232370632122918e-02
3.094527657863623687e-02
3.084840477311856857e-02
3.073459381974810029e-02
3.076752861722833327e-02
3.075591508605972704e-02
3.073173132207206865e-02
3.070932111998283046e-02
3.040576561043967230e-02
3.013177628054128018e-02
