8.532755486378392797e-04
8.532755486378392797e-04
1.677492197051821954e-03
1.455803640296525307e-03
1.584353522978544518e-03
1.670460697858945241e-03
1.561095151443848104e-03
1.849784224152180908e-03
2.047150791518551408e-03
2.033599632173292097e-03
1.602517913576727423e-03
1.277700974881112138e-03
1.277700974881112138e-03
1.206632579237642026e-03
1.523461156898757484e-03
2.004046712441935954e-03
2.110255789799713160e-03
2.175457310599463682e-03
2.072350192261776958e-03
1.839921497156884024e-03
1.689611774451261084e-03
1.628991528158852146e-03
1.601848514166434589e-03
1.601848514166434589e-03
1.594908554102000744e-03
1.642555032320978329e-03
1.524983908228480425e-03
1.423278494076444297e-03
1.595818615302777412e-03
1.786882062732265183e-03
1.784078247676896926e-03
1.641462583098019954e-03
1.318183349911498112e-03
1.105464500474183376e-03
1.105464500474183376e-03
1.110174877478313548e-03
1.283014873583019581e-03
1.574258200197950486e-03
1.853171943424405466e-03
1.934471524279454810e-03
1.833993639014619773e-03
1.606669781124024209e-03
1.466032683616324281e-03
1.360657498670194256e-03
1.487887447210769522e-03
1.487887447210769522e-03
1.780078544768179394e-03
2.064233024232785870e-03
2.163596872939050307e-03
2.290400806695270207e-03
2.264671466833257166e-03
2.149876205888687393e-03
2.003593418503723557e-03
1.952930707096503168e-03
2.059460755554641791e-03
2.269738951421255459e-03
2.269738951421255459e-03
2.376516129509195427e-03
2.287879643082399005e-03
2.069294923506532265e-03
1.858509462439120359e-03
1.753197162966647731e-03
1.621603868867980492e-03
1.615109154496601916e-03
1.672459256191166210e-03
1.646629219423822793e-03
1.601901081145923941e-03
1.601901081145923941e-03
1.658297170640428636e-03
1.739784989141365899e-03
1.714798050854713903e-03
1.728864293533445042e-03
1.737340412146986873e-03
1.706914514341043628e-03
1.736777738319377103e-03
1.695117250782234714e-03
1.723743505663761534e-03
1.721932359540970367e-03
1.721932359540970367e-03
1.702614120963859452e-03
1.712827266315116977e-03
1.701202199605003932e-03
1.749287593068858107e-03
1.855551154845922965e-03
1.967294617274260859e-03
2.042110594483509053e-03
2.380055075093278662e-03
2.497070707876565196e-03
2.301224922464912333e-03
2.301224922464912333e-03
1.999103330023014897e-03
1.858469076248569054e-03
1.804342883738009650e-03
1.854426214769339413e-03
1.968238393579004215e-03
2.059218778817558000e-03
1.943665921305730510e-03
1.705682489906266844e-03
1.495654844999357936e-03
1.517140663789621731e-03
1.517140663789621731e-03
1.621087326339407325e-03
1.778192946705521322e-03
1.829375276433232479e-03
1.838114948861287786e-03
1.817813244960839961e-03
1.757520178829508539e-03
1.680317344694185703e-03
1.687517497824652301e-03
1.726391488752347051e-03
1.708944237098134963e-03
1.708944237098134963e-03
1.712857412904630113e-03
1.772884380763255739e-03
1.817465153040433287e-03
1.798491485457906665e-03
1.764873213214134852e-03
1.752401378475667041e-03
1.763448550566428961e-03
1.740628200214065953e-03
1.716524779592884043e-03
1.707250356645392472e-03
1.707250356645392472e-03
1.624159399242910019e-03
1.467491799735441520e-03
1.373105230428186196e-03
1.358565878528932925e-03
1.401997950793252169e-03
1.442671367309601976e-03
1.342381206581884541e-03
1.142012848691964337e-03
9.643007774710294711e-04
8.490844842639884513e-04
8.490844842639884513e-04
8.500754052086547654e-04
9.000014263736061176e-04
9.951950373767531020e-04
1.133430486122648803e-03
1.213756460229914154e-03
1.348800579582112164e-03
1.495138893420532673e-03
1.508969740824271698e-03
1.323400283918974886e-03
1.088693667774175318e-03
1.088693667774175318e-03
8.699594107098698780e-04
9.120105328970433238e-04
1.013118258890828832e-03
1.081553099181440042e-03
1.079435795549115200e-03
1.076608161891895237e-03
1.238687629559595245e-03
1.412603543769911816e-03
1.588464442396163474e-03
1.671066859396549932e-03
1.671066859396549932e-03
1.608716582569852003e-03
1.424078987914757007e-03
1.276624420140290038e-03
1.182585003034254808e-03
1.378899022635021298e-03
1.502208624173510722e-03
1.559068443145860761e-03
1.375445444269993720e-03
1.069067714617357627e-03
9.900210448308896516e-04
9.900210448308896516e-04
9.858729185008390222e-04
1.095205036977300048e-03
1.232055131941476320e-03
1.200119078010700256e-03
1.130665530661505505e-03
1.139647060621128269e-03
1.143197330999780629e-03
1.220824109323711236e-03
1.410327380793239887e-03
1.452745412318360739e-03
1.452745412318360739e-03
1.288051858539859557e-03
1.134182500669310336e-03
1.040411255344871099e-03
9.875131459254893329e-04
1.041351974026000953e-03
1.193645948579624911e-03
1.288965055057307444e-03
1.218362846270471629e-03
1.043361793180126208e-03
9.452594156232477837e-04
9.452594156232477837e-04
8.759610523660838789e-04
8.011681450121627569e-04
8.084570081065953120e-04
8.899298929365370182e-04
8.422111451061714809e-04
6.379690706423313436e-04
4.579770768312199712e-04
4.532516314105561111e-04
5.584191031478186228e-04
7.217466073201634497e-04
7.217466073201634497e-04
8.579105981806763558e-04
9.324473031969774924e-04
8.872593238892943421e-04
8.376587870339090953e-04
8.354826702615784657e-04
9.193308916789344606e-04
9.552015163517171663e-04
9.852767433535956822e-04
9.379801963813410269e-04
8.543715589937027084e-04
8.543715589937027084e-04
7.305289023345274465e-04
7.054404330994029073e-04
6.967343808129371338e-04
7.446237673719064993e-04
7.905930550767225045e-04
7.644405443611976313e-04
6.596264919323798848e-04
5.908121787811857319e-04
5.673851468065722187e-04
5.127088173469628550e-04
5.127088173469628550e-04
4.659016638687483959e-04
3.857158769025317239e-04
3.601921597891715962e-04
3.252182775966877180e-04
2.791389940396535514e-04
3.118262309369447711e-04
3.170256160446696171e-04
2.238667622709566160e-04
1.745856324634782871e-04
3.003049862291813730e-04
3.003049862291813730e-04
5.392781151015027877e-04
7.607615288522972304e-04
7.103315509133118497e-04
5.988943996537883507e-04
4.939637494779951146e-04
3.383098695829150231e-04
2.951381580963097716e-04
4.006737199184637549e-04
4.940501896972725399e-04
6.214191937664066820e-04
6.214191937664066820e-04
7.293437634637893940e-04
8.692447595965583154e-04
9.494882748690116258e-04
9.023012798416683855e-04
8.790684343402853027e-04
8.366760619023308736e-04
7.985895084557971535e-04
7.791457543578161980e-04
7.960310430112202320e-04
7.882464131282937696e-04
7.882464131282937696e-04
8.200636445623405660e-04
8.892797587399272046e-04
7.915774895288735062e-04
7.355756141324682178e-04
7.389048808509189777e-04
7.873239769300867776e-04
8.416804971646385915e-04
9.072155051248493446e-04
9.321254362181493952e-04
8.913644898040439619e-04
8.913644898040439619e-04
7.770888969304047284e-04
6.917158123095583496e-04
6.594506998963925882e-04
6.593637278485944874e-04
6.279493581490470282e-04
5.375670741825910306e-04
4.506937616882546269e-04
4.651594164588476418e-04
6.787993497129062069e-04
8.510193547421293940e-04
