1.639377250874716335e-02
1.516550559940551927e-02
1.391507153945202926e-02
1.279550036264988366e-02
1.215804138861366519e-02
1.162631539183411021e-02
1.129363502812382944e-02
1.103233995225177087e-02
1.076318221606557476e-02
1.070635621653333834e-02
1.050321012414161606e-02
1.050321012414161606e-02
1.034165887576335603e-02
1.023232720805060045e-02
1.018211389105218301e-02
1.024999305411844648e-02
1.034065156555529462e-02
1.037044769987553218e-02
1.039299487480798562e-02
1.042960403923949911e-02
1.053049234912842823e-02
1.089053729041252784e-02
1.089053729041252784e-02
1.151027790091148882e-02
1.217303808673958661e-02
1.274076411252461280e-02
1.328422347465740838e-02
1.375156809418765815e-02
1.417030417453529929e-02
1.466740587874201807e-02
1.511601867741594642e-02
1.499967595667034935e-02
1.486074566425502758e-02
1.486074566425502758e-02
1.489312539960521188e-02
1.489521513718926153e-02
1.491676621615517680e-02
1.498725610946798591e-02
1.517305147255599597e-02
1.538435673555954043e-02
1.575438474298437169e-02
1.619043190453499717e-02
1.654268187071760224e-02
1.675622011456436369e-02
1.675622011456436369e-02
1.677722112001321306e-02
1.687391893383986471e-02
1.693442140731408682e-02
1.693443039551898593e-02
1.685409640156269179e-02
1.684315951189768734e-02
1.675025826746858251e-02
1.657247119475043287e-02
1.631627564449705456e-02
1.615891101375158123e-02
1.615891101375158123e-02
1.597383852456686626e-02
1.575350467324239737e-02
1.551153304772818174e-02
1.535823515870307285e-02
1.523900818191785585e-02
1.512907251855598323e-02
1.482547817007482879e-02
1.450916476622839818e-02
1.417690535683557677e-02
1.392809365455209558e-02
1.392809365455209558e-02
1.351994488657256438e-02
1.311972998675301448e-02
1.271728454782574888e-02
1.237933497084361609e-02
1.214583206584925711e-02
1.204229895299127433e-02
1.202040368034499804e-02
1.192208777067185407e-02
1.170847303879484803e-02
1.161789992899820399e-02
1.161789992899820399e-02
1.148609326201855720e-02
1.138031312693995462e-02
1.087648425819833474e-02
1.051669092051261273e-02
1.017216746047870136e-02
9.874493663849438774e-03
9.002213859819427691e-03
8.182717326193276325e-03
7.457368844242043271e-03
6.818129012924663973e-03
6.818129012924663973e-03
6.280637634146974888e-03
5.818495603579597678e-03
5.568078428250038472e-03
5.450342803185689346e-03
5.478726167228993409e-03
5.525293821834207156e-03
5.464515544223350930e-03
5.429006238416153249e-03
5.445969565825423131e-03
5.476408822771749486e-03
5.476408822771749486e-03
5.407072907173820185e-03
5.279850363634095919e-03
5.114388544414466727e-03
4.979839589804997170e-03
4.827528755381295042e-03
4.782467732589986385e-03
4.899701184854195549e-03
4.953240290189452576e-03
5.070181368483863207e-03
5.065319842452246403e-03
5.065319842452246403e-03
5.071539080136862332e-03
4.871241823930012871e-03
4.567981667050354661e-03
4.276978858218976644e-03
3.980854752103420158e-03
3.597987364264212083e-03
3.287964596361231655e-03
3.147838142190854168e-03
3.081472894076651287e-03
3.187963025376523186e-03
3.187963025376523186e-03
3.344903078958013504e-03
3.398366904880045346e-03
3.385543575184160690e-03
3.233392435088617775e-03
3.122851879621043377e-03
2.917796367014486355e-03
2.793367079583468013e-03
2.780263141263418763e-03
2.766553572029538475e-03
3.307464762347706640e-03
3.307464762347706640e-03
3.955616392767148139e-03
4.459636490351516665e-03
4.928156072594044000e-03
5.367151007446382613e-03
5.627624986602773778e-03
6.020888674584060768e-03
6.397891479490869053e-03
6.645216914705042409e-03
6.990457284883482524e-03
7.180962146327931478e-03
