3.598476201295852661e-02
3.428361937403678894e-02
3.304846584796905518e-02
3.211434558033943176e-02
3.116680681705474854e-02
3.033668175339698792e-02
2.976080588996410370e-02
2.907592430710792542e-02
2.890367619693279266e-02
2.852695807814598083e-02
2.823390252888202667e-02
2.823390252888202667e-02
2.780996449291706085e-02
2.741810120642185211e-02
2.699985355138778687e-02
2.647906169295310974e-02
2.640426717698574066e-02
2.635047584772109985e-02
2.624445594847202301e-02
2.625891566276550293e-02
2.639213204383850098e-02
2.667818590998649597e-02
2.667818590998649597e-02
2.726991847157478333e-02
2.779171615839004517e-02
2.827406860888004303e-02
2.872996218502521515e-02
2.913344651460647583e-02
2.948585711419582367e-02
2.979411929845809937e-02
3.006222657859325409e-02
3.028798475861549377e-02
3.055318817496299744e-02
3.055318817496299744e-02
3.079934604465961456e-02
3.105630911886692047e-02
3.127634525299072266e-02
3.148802742362022400e-02
3.164117783308029175e-02
3.176997601985931396e-02
3.192143514752388000e-02
3.206701949238777161e-02
3.220915794372558594e-02
3.228639066219329834e-02
3.228639066219329834e-02
3.241438418626785278e-02
3.247866779565811157e-02
3.254932537674903870e-02
3.257460519671440125e-02
3.255780786275863647e-02
3.251897916197776794e-02
3.242527320981025696e-02
3.227372467517852783e-02
3.216005489230155945e-02
3.206124529242515564e-02
3.206124529242515564e-02
3.175948560237884521e-02
3.147895261645317078e-02
3.122076764702796936e-02
3.097222186625003815e-02
3.072979487478733063e-02
3.051398694515228271e-02
3.029104322195053101e-02
3.001163154840469360e-02
2.965999022126197815e-02
2.933842130005359650e-02
2.933842130005359650e-02
2.897545695304870605e-02
2.863103896379470825e-02
2.830939739942550659e-02
2.798902802169322968e-02
2.763462811708450317e-02
2.722157537937164307e-02
2.682329714298248291e-02
2.641585096716880798e-02
2.604122832417488098e-02
2.565678581595420837e-02
2.565678581595420837e-02
2.529839612543582916e-02
2.488107979297637939e-02
2.445237897336483002e-02
2.400081232190132141e-02
2.364061959087848663e-02
2.328505367040634155e-02
2.302835695445537567e-02
2.285989560186862946e-02
2.272653020918369293e-02
2.255962044000625610e-02
2.255962044000625610e-02
2.239330671727657318e-02
2.234777808189392090e-02
2.239723689854145050e-02
2.245497517287731171e-02
2.251093462109565735e-02
2.253546006977558136e-02
2.258209511637687683e-02
2.274534851312637329e-02
2.295463904738426208e-02
2.321282960474491119e-02
2.321282960474491119e-02
2.341368421912193298e-02
2.361647039651870728e-02
2.377108484506607056e-02
2.401288412511348724e-02
2.423438988626003265e-02
2.449378184974193573e-02
2.469384297728538513e-02
2.497678436338901520e-02
2.523326128721237183e-02
2.535519003868103027e-02
2.535519003868103027e-02
2.551683783531188965e-02
2.560473605990409851e-02
2.565461210906505585e-02
2.572797052562236786e-02
2.576183341443538666e-02
2.577918581664562225e-02
2.580949105322360992e-02
2.583248354494571686e-02
2.578918822109699249e-02
2.568583004176616669e-02
2.568583004176616669e-02
2.554126828908920288e-02
2.535998076200485229e-02
2.508209459483623505e-02
2.483934722840785980e-02
2.462825737893581390e-02
2.437116764485836029e-02
2.422708831727504730e-02
2.421392686665058136e-02
2.419445477426052094e-02
2.415959350764751434e-02
2.415959350764751434e-02
2.416951954364776611e-02
2.413628064095973969e-02
2.407315745949745178e-02
2.409697882831096649e-02
2.405511401593685150e-02
2.412836812436580658e-02
2.424011938273906708e-02
2.439654432237148285e-02
2.443570084869861603e-02
2.436996065080165863e-02
2.436996065080165863e-02
2.440701797604560852e-02
2.456479892134666443e-02
2.428338676691055298e-02
2.391265518963336945e-02
2.354823239147663116e-02
2.312071062624454498e-02
2.285977080464363098e-02
2.261872030794620514e-02
2.238715067505836487e-02
2.213445864617824554e-02
2.213445864617824554e-02
2.201905101537704468e-02
2.194480597972869873e-02
2.179266698658466339e-02
2.175886929035186768e-02
2.182446606457233429e-02
2.187226526439189911e-02
2.195799537003040314e-02
2.212720178067684174e-02
2.224230207502841949e-02
2.237958461046218872e-02
2.237958461046218872e-02
2.244613692164421082e-02
2.251246385276317596e-02
2.231365442276000977e-02
2.204441279172897339e-02
2.192393690347671509e-02
2.190625667572021484e-02
2.190625667572021484e-02
2.190625667572021484e-02
2.190625667572021484e-02
2.197740040719509125e-02
2.197740040719509125e-02
2.213857509195804596e-02
2.255508489906787872e-02
2.292775921523571014e-02
2.331068180501461029e-02
2.368341572582721710e-02
2.388399653136730194e-02
2.398834191262722015e-02
2.395438402891159058e-02
2.398136630654335022e-02
2.394388616085052490e-02
2.394388616085052490e-02
2.378403581678867340e-02
2.352564036846160889e-02
2.352564036846160889e-02
2.308044768869876862e-02
2.254729531705379486e-02
2.200101315975189209e-02
2.148228324949741364e-02
2.085033990442752838e-02
2.027612179517745972e-02
1.974073797464370728e-02
1.974073797464370728e-02
1.928688772022724152e-02
1.903760060667991638e-02
1.890473067760467529e-02
1.892138645052909851e-02
1.903562992811203003e-02
1.922889053821563721e-02
1.946575194597244263e-02
1.979487203061580658e-02
2.113067358732223511e-02
2.230296283960342407e-02
2.230296283960342407e-02
2.327470108866691589e-02
2.409024350345134735e-02
2.478913404047489166e-02
2.534253522753715515e-02
2.578362822532653809e-02
2.608177624642848969e-02
2.625835873186588287e-02
2.640154957771301270e-02
2.647843584418296814e-02
2.647994272410869598e-02
2.647994272410869598e-02
2.640683390200138092e-02
2.632366865873336792e-02
2.616739459335803986e-02
2.596025355160236359e-02
2.573242411017417908e-02
2.551900222897529602e-02
2.514906413853168488e-02
2.478280104696750641e-02
2.436476200819015503e-02
2.396846935153007507e-02
2.396846935153007507e-02
2.353780530393123627e-02
2.317742630839347839e-02
2.279598452150821686e-02
2.238596230745315552e-02
2.202861197292804718e-02
2.168504334986209869e-02
2.134803496301174164e-02
2.087656594812870026e-02
2.037779055535793304e-02
1.988159120082855225e-02
1.988159120082855225e-02
1.948351413011550903e-02
1.915181055665016174e-02
1.868100836873054504e-02
1.824751682579517365e-02
1.788746379315853119e-02
1.727492734789848328e-02
1.697703264653682709e-02
1.683756709098815918e-02
1.674302294850349426e-02
1.678207144141197205e-02
1.678207144141197205e-02
1.687132008373737335e-02
1.701042056083679199e-02
1.718391105532646179e-02
1.740779913961887360e-02
1.767766475677490234e-02
1.803053542971611023e-02
1.834537647664546967e-02
1.860092766582965851e-02
1.889723166823387146e-02
1.923702098429203033e-02
1.923702098429203033e-02
1.956998370587825775e-02
1.988674700260162354e-02
2.021346427500247955e-02
2.041957899928092957e-02
2.049548737704753876e-02
2.048965729773044586e-02
2.038973569869995117e-02
2.031684480607509613e-02
2.007150277495384216e-02
1.981550082564353943e-02
1.981550082564353943e-02
1.949519291520118713e-02
1.913523860275745392e-02
1.876388862729072571e-02
1.840173453092575073e-02
1.810943149030208588e-02
1.784578710794448853e-02
1.764070056378841400e-02
1.745345257222652435e-02
1.729545369744300842e-02
1.724654808640480042e-02
1.724654808640480042e-02
1.737123355269432068e-02
1.754084043204784393e-02
1.781521551311016083e-02
1.813685521483421326e-02
1.830379851162433624e-02
1.838238909840583801e-02
1.832191273570060730e-02
1.816584356129169464e-02
1.787445135414600372e-02
1.755516976118087769e-02
1.755516976118087769e-02
1.717881858348846436e-02
1.680408790707588196e-02
1.635256223380565643e-02
1.597699709236621857e-02
1.557816099375486374e-02
1.500759553164243698e-02
1.432135142385959625e-02
1.369112730026245117e-02
1.322141755372285843e-02
1.287971436977386475e-02
1.287971436977386475e-02
1.262920815497636795e-02
1.238792296499013901e-02
1.220497861504554749e-02
1.195490919053554535e-02
1.169914379715919495e-02
1.148598641157150269e-02
1.123847533017396927e-02
1.099782995879650116e-02
1.075010094791650772e-02
1.053166575729846954e-02
1.053166575729846954e-02
1.034281775355339050e-02
1.012296229600906372e-02
1.004809793084859848e-02
1.044352818280458450e-02
1.079605519771575928e-02
1.105705928057432175e-02
1.114536914974451065e-02
1.108542270958423615e-02
1.107397209852933884e-02
1.118694059550762177e-02
1.118694059550762177e-02
1.132651232182979584e-02
1.151203736662864685e-02
1.151203736662864685e-02
1.168841868638992310e-02
1.194140128791332245e-02
1.220848783850669861e-02
1.265950966626405716e-02
1.314574480056762695e-02
1.359377428889274597e-02
1.396934874355792999e-02
1.396934874355792999e-02
1.401787903159856796e-02
1.386009342968463898e-02
1.345568895339965820e-02
1.293506100773811340e-02
1.219943631440401077e-02
1.149322371929883957e-02
1.081453263759613037e-02
1.019186619669198990e-02
9.592991322278976440e-03
9.199572727084159851e-03
9.199572727084159851e-03
9.087057784199714661e-03
9.214176796376705170e-03
9.620668366551399231e-03
1.012784428894519806e-02
1.073516998440027237e-02
1.137593295425176620e-02
1.203718036413192749e-02
1.264487020671367645e-02
1.310892216861248016e-02
1.335398852825164795e-02
1.335398852825164795e-02
1.352713629603385925e-02
1.354477740824222565e-02
1.350251678377389908e-02
1.317774411290884018e-02
1.289093773812055588e-02
1.268237363547086716e-02
1.253495831042528152e-02
1.257845945656299591e-02
1.278159301728010178e-02
1.316461618989706039e-02
1.316461618989706039e-02
1.353397965431213379e-02
1.393115334212779999e-02
1.430388540029525757e-02
1.464798115193843842e-02
1.491242833435535431e-02
1.510694250464439392e-02
1.517722103744745255e-02
1.510910037904977798e-02
1.498066633939743042e-02
1.478413958102464676e-02
1.478413958102464676e-02
1.451295427978038788e-02
1.438992936164140701e-02
1.418311614543199539e-02
1.406037807464599609e-02
1.405527256429195404e-02
1.403990853577852249e-02
1.399603579193353653e-02
1.391888968646526337e-02
1.379232108592987061e-02
1.367032714188098907e-02
1.367032714188098907e-02
1.347241550683975220e-02
1.327516976743936539e-02
1.306939590722322464e-02
1.284103095531463623e-02
1.276603341102600098e-02
1.278539560735225677e-02
1.283476874232292175e-02
1.285615656524896622e-02
1.297929510474205017e-02
1.305874995887279510e-02
1.305874995887279510e-02
1.313155144453048706e-02
1.319214329123497009e-02
1.324363704770803452e-02
1.337649393826723099e-02
1.345593109726905823e-02
1.369425375014543533e-02
1.391757000237703323e-02
1.413322705775499344e-02
1.433973386883735657e-02
1.442670077085494995e-02
1.442670077085494995e-02
1.442625466734170914e-02
1.433819811791181564e-02
1.417705509811639786e-02
1.391080487519502640e-02
1.361524686217308044e-02
1.337009575217962265e-02
1.297520101070404053e-02
1.279091276228427887e-02
1.261114608496427536e-02
1.234681531786918640e-02
1.234681531786918640e-02
1.204906310886144638e-02
1.191011536866426468e-02
1.173610612750053406e-02
1.155729778110980988e-02
1.132222730666399002e-02
1.104091573506593704e-02
1.080128178000450134e-02
1.057352870702743530e-02
1.043582707643508911e-02
1.041509304195642471e-02
1.041509304195642471e-02
1.047690864652395248e-02
1.066538970917463303e-02
1.085238438099622726e-02
1.099206227809190750e-02
1.109454035758972168e-02
1.116114202886819839e-02
1.116457395255565643e-02
1.115521881729364395e-02
1.140862144529819489e-02
1.166128274053335190e-02
1.166128274053335190e-02
1.172465831041336060e-02
1.180273666977882385e-02
1.183197740465402603e-02
1.176181249320507050e-02
1.162721216678619385e-02
1.145443785935640335e-02
1.138675305992364883e-02
1.123801432549953461e-02
1.102173049002885818e-02
1.081804279237985611e-02
1.081804279237985611e-02
1.061875466257333755e-02
1.044319942593574524e-02
1.029294356703758240e-02
1.014273334294557571e-02
9.930703788995742798e-03
9.798369370400905609e-03
9.814811870455741882e-03
9.905405342578887939e-03
9.997900575399398804e-03
1.011108886450529099e-02
1.011108886450529099e-02
1.026906445622444153e-02
1.034861057996749878e-02
1.036777533590793610e-02
1.039233990013599396e-02
1.044853962957859039e-02
1.050540059804916382e-02
1.053190976381301880e-02
1.056989002972841263e-02
1.070434320718050003e-02
1.084529142826795578e-02
1.084529142826795578e-02
1.088179647922515869e-02
1.098911743611097336e-02
1.110022887587547302e-02
1.114938873797655106e-02
1.114057842642068863e-02
1.117982808500528336e-02
1.124981883913278580e-02
1.123684551566839218e-02
1.126945484429597855e-02
1.133653800934553146e-02
1.133653800934553146e-02
1.148445811122655869e-02
1.162506360560655594e-02
1.166771911084651947e-02
1.180500257760286331e-02
1.191492471843957901e-02
1.184597797691822052e-02
1.164023485034704208e-02
1.147749833762645721e-02
1.126779988408088684e-02
1.111655961722135544e-02
1.111655961722135544e-02
1.099360547959804535e-02
1.103296317160129547e-02
1.115950848907232285e-02
1.129860803484916687e-02
1.140607520937919617e-02
1.147039420902729034e-02
1.157455798238515854e-02
1.157455798238515854e-02
1.167876366525888443e-02
1.173584349453449249e-02
1.173584349453449249e-02
1.174919400364160538e-02
1.168423052877187729e-02
1.161713898181915283e-02
1.151939015835523605e-02
1.145078148692846298e-02
1.140072848647832870e-02
1.129710581153631210e-02
1.123431418091058731e-02
1.113805733621120453e-02
1.099324412643909454e-02
1.099324412643909454e-02
1.083810999989509583e-02
1.073976047337055206e-02
1.061250735074281693e-02
1.047119311988353729e-02
1.031728554517030716e-02
1.118355896323919296e-02
1.192069612443447113e-02
1.245125383138656616e-02
1.277573686093091965e-02
1.289590075612068176e-02
1.289590075612068176e-02
1.286832522600889206e-02
1.279119402170181274e-02
1.256274990737438202e-02
1.230681128799915314e-02
1.198728568851947784e-02
1.167682092636823654e-02
1.141751650720834732e-02
1.121929474174976349e-02
1.107074506580829620e-02
1.097138971090316772e-02
1.097138971090316772e-02
1.094651781022548676e-02
1.101224217563867569e-02
1.110489480197429657e-02
1.126851234585046768e-02
1.144547667354345322e-02
1.153950300067663193e-02
1.143417973071336746e-02
1.136408932507038116e-02
1.130550820380449295e-02
1.124884653836488724e-02
1.124884653836488724e-02
1.122924126684665680e-02
1.124947704374790192e-02
1.133826188743114471e-02
1.147359516471624374e-02
1.161369401961565018e-02
1.182554848492145538e-02
1.206633169203996658e-02
1.223909109830856323e-02
1.242026500403881073e-02
1.251848973333835602e-02
