2.741924487054347992e-02
2.741924487054347992e-02
2.610249631106853485e-02
2.528112195432186127e-02
2.459246665239334106e-02
2.400196529924869537e-02
2.362457849085330963e-02
2.295769937336444855e-02
2.218892052769660950e-02
2.151950821280479431e-02
2.089796587824821472e-02
2.024288289248943329e-02
2.024288289248943329e-02
1.958191208541393280e-02
1.883518137037754059e-02
1.806414127349853516e-02
1.750235632061958313e-02
1.704127900302410126e-02
1.648038439452648163e-02
1.589717715978622437e-02
1.521296985447406769e-02
1.448108628392219543e-02
1.402894128113985062e-02
