2.500586792842616340e-02
2.386364735525206560e-02
2.269255593915161379e-02
2.262930623730359178e-02
2.259949625096183828e-02
2.257402506313180637e-02
2.226594103472678832e-02
2.200158973804455798e-02
2.182847005675040558e-02
2.168825231111851451e-02
2.128812036574123309e-02
2.128812036574123309e-02
2.092757407663154920e-02
2.063781476303915702e-02
2.043974193887857643e-02
2.062886989419170439e-02
2.065905966889149473e-02
2.040821965661737333e-02
2.005803129517011799e-02
1.982255309870779164e-02
1.972486054209291254e-02
1.964029962685261144e-02
1.964029962685261144e-02
1.967663324808148484e-02
1.967235661975955119e-02
1.977263284275387889e-02
1.995175155678657192e-02
2.012397889702036494e-02
2.032355488502910965e-02
2.029821315133886056e-02
2.028691104212427751e-02
2.030932726224743759e-02
2.020892141498794106e-02
2.020892141498794106e-02
1.996564754444888831e-02
1.951690906356842725e-02
1.903495238575003690e-02
1.845823727009651000e-02
1.786333096588104546e-02
1.729069428469214367e-02
1.666123631570650548e-02
1.600458747378743704e-02
1.530257522197765382e-02
1.468429697159772361e-02
1.468429697159772361e-02
1.407761572849699876e-02
1.349321916823644114e-02
1.289211977903515285e-02
1.225187432411369536e-02
1.154193077668437019e-02
1.090697498697844152e-02
1.021774143007807105e-02
9.528368822852829878e-03
8.742142294758155005e-03
8.009187437186343628e-03
8.009187437186343628e-03
7.333994876506014400e-03
6.752542366002504612e-03
6.253998426032393587e-03
5.774326465718276208e-03
5.391673223141085075e-03
5.048730886922079587e-03
4.667581880254668275e-03
4.453534264745575601e-03
4.280428996308050134e-03
4.167851750997195182e-03
4.167851750997195182e-03
4.211198628729905143e-03
4.179884408519300015e-03
4.249921617549114530e-03
4.015410830038824638e-03
4.062257343289498931e-03
4.171550065512701598e-03
4.243029329401699218e-03
4.406000941763204941e-03
4.644984036716765484e-03
4.917165927341563166e-03
4.917165927341563166e-03
5.045596851432560155e-03
5.216845437604212751e-03
5.358950369392428449e-03
5.382458985833043358e-03
5.305384052856797726e-03
5.342587189672755137e-03
5.336538022106073094e-03
5.212193246234128087e-03
5.169455680096629938e-03
5.196973906887917757e-03
5.196973906887917757e-03
5.242074172955679505e-03
5.218967539639055367e-03
5.138770482403065380e-03
5.116078470543293163e-03
5.133993556639303985e-03
5.016415752089638594e-03
4.959096463440814014e-03
4.995861700043510017e-03
5.126902428098900968e-03
5.343510968909057253e-03
5.343510968909057253e-03
5.585339807892601705e-03
5.873600130591673414e-03
6.036055858805372543e-03
6.253032423350434951e-03
6.589471063674079421e-03
6.784882281222658768e-03
6.987873709318054294e-03
7.228450934322419759e-03
7.370202459757903800e-03
7.497564973145909306e-03
7.497564973145909306e-03
7.599925625472199638e-03
8.047052258695622934e-03
8.336372432747762851e-03
8.359686477840895177e-03
8.398241557709336044e-03
8.474201624189492410e-03
8.539389225623701674e-03
8.356873684106827516e-03
8.252571043090763808e-03
8.173311951217612434e-03
8.173311951217612434e-03
8.291776098023107694e-03
8.378266831033910622e-03
8.474166000707503490e-03
8.549228445650569261e-03
8.496957533028986695e-03
8.206014407327729895e-03
8.012414030667800585e-03
7.849590030016100756e-03
7.762221691938633698e-03
7.741506479586924422e-03
7.741506479586924422e-03
7.603288572740415571e-03
7.416607784097578072e-03
6.905112010836634250e-03
6.332492181486340174e-03
5.622241666143191867e-03
5.189210712043546177e-03
4.946599645585397081e-03
4.879349350938868950e-03
4.867381570466639690e-03
4.904834581747245272e-03
