2.509704232215881348e-02
2.752336673438549042e-02
3.055509179830551147e-02
3.325257450342178345e-02
3.602751344442367554e-02
3.990859165787696838e-02
4.427467659115791321e-02
4.774959385395050049e-02
5.077629536390304565e-02
5.477378889918327332e-02
5.816288664937019348e-02
5.816288664937019348e-02
5.835408717393875122e-02
5.844002962112426758e-02
5.854465067386627197e-02
5.694256722927093506e-02
5.545014515519142151e-02
5.503676459193229675e-02
5.458066985011100769e-02
5.397382751107215881e-02
5.325096473097801208e-02
5.274771153926849365e-02
5.274771153926849365e-02
5.163168907165527344e-02
5.038955435156822205e-02
4.898590594530105591e-02
4.773981496691703796e-02
4.738983511924743652e-02
4.733569920063018799e-02
4.753085225820541382e-02
4.828215017914772034e-02
4.896291345357894897e-02
4.977985471487045288e-02
4.977985471487045288e-02
5.100176110863685608e-02
5.172751098871231079e-02
5.186867713928222656e-02
5.205848440527915955e-02
5.255780369043350220e-02
5.311411619186401367e-02
5.298077315092086792e-02
5.287007614970207214e-02
5.331951007246971130e-02
5.279198661446571350e-02
5.279198661446571350e-02
5.251482129096984863e-02
5.208327621221542358e-02
5.035876855254173279e-02
4.926088824868202209e-02
4.790928587317466736e-02
4.605283215641975403e-02
4.458059370517730713e-02
4.332555830478668213e-02
4.220552742481231689e-02
4.128849878907203674e-02
4.128849878907203674e-02
4.017893597483634949e-02
3.939017280936241150e-02
3.861765563488006592e-02
3.738995268940925598e-02
3.625172749161720276e-02
3.471393510699272156e-02
3.312779590487480164e-02
3.182298317551612854e-02
3.088247776031494141e-02
3.004128299653530121e-02
3.004128299653530121e-02
2.968310005962848663e-02
2.947616577148437500e-02
2.857879363000392914e-02
2.795608527958393097e-02
2.761236391961574554e-02
2.724414877593517303e-02
2.723764814436435699e-02
2.774777635931968689e-02
2.836006321012973785e-02
2.883272990584373474e-02
2.883272990584373474e-02
2.977921441197395325e-02
3.081035241484642029e-02
3.316622227430343628e-02
3.559275344014167786e-02
3.783446550369262695e-02
3.890510275959968567e-02
3.943348675966262817e-02
4.022393375635147095e-02
4.095389321446418762e-02
4.107394814491271973e-02
4.107394814491271973e-02
4.130004718899726868e-02
4.215968027710914612e-02
4.297335445880889893e-02
4.321615025401115417e-02
4.395310953259468079e-02
4.497651755809783936e-02
4.579035937786102295e-02
4.680571332573890686e-02
4.826523736119270325e-02
4.921326786279678345e-02
4.921326786279678345e-02
5.087656527757644653e-02
5.194015428423881531e-02
5.331288650631904602e-02
5.407800152897834778e-02
5.489480495452880859e-02
5.505035445094108582e-02
5.572980269789695740e-02
5.551587790250778198e-02
5.543418973684310913e-02
5.519543960690498352e-02
5.519543960690498352e-02
5.512912571430206299e-02
5.432475358247756958e-02
5.095880106091499329e-02
4.769809171557426453e-02
4.546011611819267273e-02
4.343968629837036133e-02
4.102438688278198242e-02
3.936769068241119385e-02
3.759359195828437805e-02
3.659134730696678162e-02
3.659134730696678162e-02
3.531778976321220398e-02
3.412314876914024353e-02
3.305661678314208984e-02
3.479633480310440063e-02
3.615627065300941467e-02
3.789842501282691956e-02
4.023637250065803528e-02
4.207234084606170654e-02
4.372502118349075317e-02
4.490050673484802246e-02
4.490050673484802246e-02
4.625316336750984192e-02
4.756660386919975281e-02
4.872280359268188477e-02
5.008038878440856934e-02
5.158374458551406860e-02
5.220703035593032837e-02
5.240159109234809875e-02
5.341130122542381287e-02
5.397491529583930969e-02
5.401793122291564941e-02
