2.675553598638141795e-02
2.664976624570515942e-02
2.699474772284365595e-02
2.755466862546508688e-02
2.831104826581277295e-02
2.874228792462509702e-02
2.870963398493555155e-02
2.865110401574847906e-02
2.864667835734709816e-02
2.867508837163164348e-02
2.863204572958649718e-02
2.863204572958649718e-02
2.855446279362846770e-02
2.840646941549780299e-02
2.817523121330328673e-02
2.810680838945678328e-02
2.814140592735473595e-02
2.799445504432347687e-02
2.785172013269095886e-02
2.762936684687788622e-02
2.740043884043243463e-02
2.712739896839595766e-02
2.712739896839595766e-02
2.686607120042265248e-02
2.651224964023807945e-02
2.612810278560520963e-02
2.570471080341022591e-02
2.518673705725655090e-02
2.466787244123174599e-02
2.417674332433701265e-02
2.372708157718536950e-02
2.324147227742758004e-02
2.282082904604371479e-02
2.282082904604371479e-02
2.229751663897883845e-02
2.185943328880803407e-02
2.140898405921169007e-02
2.087211848291831498e-02
2.033076202535668078e-02
1.983054148968069197e-02
1.923481983530202222e-02
1.851470307341102420e-02
1.784376781005688958e-02
1.721217409111992780e-02
1.721217409111992780e-02
1.653048316331022158e-02
1.598744579459487544e-02
1.545798779410595056e-02
1.598688961669161857e-02
1.639372978988162116e-02
1.667441889907787106e-02
1.693821504090489358e-02
1.713233276883718847e-02
1.727897531392518990e-02
1.739526393473318777e-02
1.739526393473318777e-02
1.748232566990812892e-02
1.755172026983881778e-02
1.766126685570202151e-02
1.776191854573506285e-02
1.785705228558371813e-02
1.796575109965366582e-02
1.805931183046671773e-02
1.812457535167608449e-02
1.816996024108911978e-02
1.814287911894605504e-02
1.814287911894605504e-02
1.797436806266390630e-02
1.784364365237182948e-02
1.774945309488373119e-02
1.769443772779271881e-02
1.752792468263177778e-02
1.737903330831137502e-02
1.709171816495622109e-02
1.695367441146598125e-02
1.684239764980747373e-02
1.675391101779307584e-02
1.675391101779307584e-02
1.662165196096760875e-02
1.651103276379830426e-02
1.641982474919704768e-02
1.634014682811121832e-02
1.627294055332197120e-02
1.612765195241894906e-02
1.596962051186198023e-02
1.586482967511125206e-02
1.571611300556266175e-02
1.552131846444934453e-02
1.552131846444934453e-02
1.526263095070556561e-02
1.503641693495010555e-02
1.489409243738368076e-02
1.465592114086459487e-02
1.431438054863864648e-02
1.390666392364803272e-02
1.338987449235025384e-02
1.287283354186208144e-02
1.240403198179922811e-02
1.202907551441415208e-02
1.202907551441415208e-02
1.163392441194071800e-02
1.124294073917307506e-02
1.079026009035745880e-02
1.037820691429458195e-02
9.903834010804741031e-03
9.744564858457739620e-03
9.632547486061434142e-03
9.489495094281673315e-03
9.395371464350680754e-03
9.290833747307622112e-03
9.290833747307622112e-03
9.237295406861011429e-03
9.222272876165785865e-03
9.123172059053786739e-03
8.950182733470448543e-03
8.742908832856265480e-03
8.373710466019760462e-03
7.988342638672889587e-03
7.703221479245328865e-03
7.437502962859424485e-03
7.116695257671886571e-03
7.116695257671886571e-03
7.065107402540681501e-03
7.135900849344352370e-03
7.230146863660017430e-03
7.493741487710183814e-03
7.896347723865502002e-03
8.308118812432832567e-03
8.383742533266366412e-03
8.398166966585638230e-03
8.275173661711741208e-03
8.071299145369952716e-03
8.071299145369952716e-03
8.243035416066647400e-03
8.531121193901704605e-03
8.738499490060169794e-03
8.865852207272987423e-03
8.932569323566119657e-03
9.111336773812948875e-03
9.290744314464230783e-03
9.456333273353262694e-03
9.595866272335233996e-03
9.811589758188755603e-03
9.811589758188755603e-03
9.773296157324969785e-03
9.836567751251268713e-03
9.649850984453020586e-03
9.621472304587571148e-03
9.458323392144472527e-03
9.311449504929939294e-03
9.234030660070190188e-03
9.079561347918197606e-03
8.950199017133770793e-03
8.862495358175549731e-03
8.862495358175549731e-03
8.862495358175549731e-03
9.062516679566961358e-03
9.397702995141837823e-03
9.641162350377454476e-03
9.816618298504550116e-03
9.907023356443165826e-03
9.876032122813332287e-03
9.807375789591217183e-03
9.676002040228849285e-03
9.451138597031828043e-03
9.451138597031828043e-03
9.247136227737059663e-03
8.935694792255014299e-03
8.771285546045710577e-03
8.646645153818396934e-03
8.756486296800878102e-03
8.828768487967418935e-03
8.974215415100792945e-03
9.176510675524376590e-03
9.373350759416089820e-03
9.525088185799467089e-03
9.525088185799467089e-03
9.570839983406569107e-03
9.303014276759101822e-03
8.862351285284389077e-03
8.323767630087958516e-03
7.868080111436415169e-03
7.684997100678696985e-03
7.592883746495694176e-03
7.737698641421726815e-03
8.109316519148932270e-03
8.484815781128678819e-03
8.484815781128678819e-03
8.779864049913042520e-03
8.768355412006670346e-03
8.729304571068794913e-03
8.658633414622491503e-03
8.578041388204704285e-03
8.443874757714525323e-03
8.297576439563471642e-03
8.090234582997592877e-03
7.952239350182455785e-03
7.981170521924001518e-03
7.981170521924001518e-03
7.988404739985421193e-03
8.072720815680568471e-03
8.315381955790457358e-03
8.452712576435608693e-03
8.603435735406891188e-03
8.881113041051205345e-03
8.936975151318984900e-03
9.137757695305979283e-03
9.331610840397200346e-03
9.473013965195771144e-03
9.473013965195771144e-03
9.421617901274071186e-03
9.305193472784733036e-03
9.003786521522810782e-03
8.784631886742371581e-03
8.740675766109583592e-03
8.919062008981968118e-03
9.182884281624587031e-03
9.564640875341642173e-03
1.002227450775665905e-02
1.030806354799050986e-02
1.030806354799050986e-02
1.040305831468158609e-02
1.042378240574157178e-02
1.028713224505079307e-02
9.558685707632623429e-03
8.911746830983113821e-03
8.482802102386135384e-03
8.290592330529443499e-03
8.265646617926761600e-03
8.401511727945499414e-03
8.542799993808093337e-03
8.542799993808093337e-03
8.661593709378969178e-03
8.838050864160297213e-03
8.902014464921099643e-03
8.916197842372072108e-03
8.781186793977040217e-03
8.527975653992204280e-03
8.266941801792647773e-03
8.044848960307325256e-03
7.889731818573310351e-03
7.874257713949790738e-03
7.874257713949790738e-03
7.897003365949653922e-03
8.086613920346997705e-03
8.196180031006821201e-03
8.158057007457314089e-03
8.307719023009536852e-03
8.378841283886259705e-03
8.651001637069737418e-03
8.781247889413321475e-03
8.814732599055720430e-03
8.752260614493724555e-03
8.752260614493724555e-03
8.752260614493724555e-03
8.752260614493724555e-03
8.629796029060885984e-03
8.522080115928523311e-03
8.393635374688254366e-03
8.394074816958561197e-03
8.481477638581485720e-03
8.523350245314080531e-03
8.584545619000884253e-03
8.796461505797043348e-03
8.796461505797043348e-03
8.967196378378330598e-03
9.026506931542117862e-03
9.015420797836468450e-03
8.791342745883969773e-03
8.515330586174115965e-03
8.306102959058134227e-03
8.243417589907771348e-03
8.131264895441204718e-03
8.179976319088368836e-03
8.339258274332404450e-03
8.339258274332404450e-03
8.471257455868212369e-03
8.417614180170847338e-03
8.322340502221562200e-03
8.152783276716568314e-03
8.032793993947386080e-03
7.829667834739362925e-03
7.663675933850749335e-03
7.571377237870487859e-03
7.558239293051722228e-03
7.572391887322367857e-03
7.572391887322367857e-03
7.581232923249006141e-03
7.461339294970356292e-03
7.333887584294518890e-03
7.166279827584162015e-03
6.986056264427889344e-03
6.821483921642769628e-03
6.623047523431794398e-03
6.637295972289930512e-03
6.720103145974852706e-03
6.897350610844473970e-03
6.897350610844473970e-03
6.925983027630115349e-03
6.867657772977310733e-03
6.741214350717020243e-03
6.608656807895275064e-03
6.673436343712361128e-03
6.632760196608250211e-03
6.596808834106951923e-03
6.576937984938521081e-03
6.553339583414696801e-03
6.734852709562809923e-03
6.734852709562809923e-03
6.946552625684417406e-03
7.117996815191715045e-03
7.137153099853746178e-03
7.063049760761509407e-03
6.898626256980958799e-03
6.623403246559235631e-03
6.395001240217418857e-03
6.232956912377793542e-03
6.114495444442893252e-03
6.083470131305812253e-03
6.083470131305812253e-03
5.980115821787348497e-03
6.032731807481406770e-03
6.043421872301943561e-03
6.202760565631192796e-03
6.248413104369705991e-03
5.851970053959204901e-03
5.520661949918331118e-03
5.293613861768136850e-03
5.165984351831472143e-03
5.078844314868534784e-03
5.078844314868534784e-03
5.120263534761448562e-03
5.204718979828344867e-03
5.265128745076785854e-03
5.205789974578421166e-03
5.050593870087573961e-03
4.834098570421867941e-03
4.585346011354599245e-03
4.517700721964354113e-03
4.489315517502583119e-03
4.539799585768580087e-03
4.539799585768580087e-03
4.803658397247193186e-03
5.052386656249409705e-03
5.156495889606688317e-03
5.186330989648831047e-03
5.055780132449020671e-03
4.787149549528637964e-03
4.547209284313337603e-03
4.405681824909543284e-03
4.351644819065096995e-03
4.316867236651586621e-03
4.316867236651586621e-03
4.502089969107097439e-03
4.854101836490331418e-03
5.179180180542064180e-03
5.394278753738410842e-03
5.509204891992768895e-03
5.445949422631777941e-03
5.170983441925781215e-03
4.669294379484084830e-03
4.198670032778890546e-03
3.735874698837174900e-03
3.735874698837174900e-03
3.423708637235781203e-03
3.264857455837296210e-03
3.320678585662470428e-03
3.400839695727634476e-03
3.588542206008757049e-03
3.817991934577437754e-03
3.956894391164085360e-03
4.060774051759270115e-03
4.043140670316088849e-03
3.962805581170311328e-03
3.962805581170311328e-03
3.781112403499302648e-03
3.680097528198939677e-03
3.464930124043023429e-03
3.290184699865039003e-03
3.174355134961961110e-03
3.159605701624016490e-03
3.186983236605349466e-03
3.223176299523543460e-03
3.494527976395018533e-03
3.675998382343055419e-03
3.675998382343055419e-03
3.765578539097639687e-03
3.760246122629878982e-03
3.702531550252613664e-03
3.628524655904870506e-03
3.527383241510538385e-03
3.418815620198951619e-03
3.417930258486563764e-03
3.479708125311807999e-03
3.592503215674104373e-03
3.590846665283121096e-03
3.590846665283121096e-03
3.584318633348461316e-03
3.724160157582719240e-03
3.717520770366719400e-03
3.722477913169624196e-03
3.663337201587704445e-03
3.532929913987492218e-03
3.356869336533923297e-03
3.268232831804874800e-03
3.255302972399275532e-03
3.283465625802055744e-03
3.283465625802055744e-03
3.373534044039189477e-03
3.456540795580434998e-03
3.505962613291757710e-03
3.436575711457687341e-03
3.635911222421644388e-03
3.914656779289701211e-03
4.082840719279057229e-03
4.161970977533516886e-03
4.266541347153529444e-03
4.203780326100260353e-03
4.203780326100260353e-03
4.078818613317705330e-03
4.008080679337049090e-03
3.886247036003652542e-03
3.915597673375609440e-03
3.982230244536455119e-03
4.133517892459545248e-03
4.417365700395132870e-03
4.652490442456560550e-03
4.805423158311585702e-03
4.805423158311585702e-03
4.805423158311585702e-03
4.967665751978681161e-03
4.928732922068484838e-03
4.700851192603278626e-03
4.521597367188864847e-03
4.461067006436005358e-03
4.547727945012942571e-03
4.662205984429859673e-03
4.988571611162452915e-03
5.298654323896594305e-03
5.567585828374332566e-03
5.567585828374332566e-03
5.748850960793171379e-03
5.841764632172781295e-03
5.884072334603920700e-03
5.858347995786782753e-03
5.574548600493843369e-03
5.292996550369097851e-03
5.031763172605460167e-03
5.037191889406835398e-03
5.309756828968069213e-03
5.636929370208147716e-03
5.636929370208147716e-03
5.898937814260497500e-03
6.128240972365858914e-03
6.343974426649559052e-03
6.415030510257165031e-03
6.258229539366816536e-03
5.905962291026279308e-03
5.585768979338848368e-03
5.376229727888448898e-03
5.252445181726580516e-03
5.045252749794695152e-03
5.045252749794695152e-03
4.915504777219502526e-03
4.828888876167268009e-03
4.779143495663450841e-03
4.783369402197723032e-03
4.810997731780334262e-03
4.843067695127145460e-03
4.799832837723706780e-03
4.703556250812598351e-03
4.575337428503669680e-03
4.416888723138989552e-03
4.416888723138989552e-03
4.223825590559471613e-03
4.040545102213845448e-03
3.918347131385982798e-03
3.936924390533621566e-03
3.950401612956192833e-03
3.887550796145509795e-03
4.079663832647178502e-03
4.275000916694791410e-03
4.398814863496043788e-03
4.398561720734937494e-03
4.398561720734937494e-03
4.377590617801778265e-03
4.221727858684329142e-03
4.155603096794431746e-03
4.068460808120972355e-03
3.922508748318110500e-03
3.773647263858966126e-03
3.624517764350328533e-03
3.520620145845151840e-03
3.608402829344165095e-03
3.589396149018464575e-03
3.589396149018464575e-03
3.561867422393085597e-03
3.556840141435097923e-03
3.697760521653003368e-03
3.848260413551383291e-03
3.998809953210607539e-03
4.070559515699085501e-03
4.109862988087326086e-03
4.074692739717320801e-03
4.009490267193709968e-03
3.937612256115027680e-03
3.937612256115027680e-03
3.865075217813086078e-03
3.857681598284524310e-03
3.880488058265537873e-03
4.088923967566081459e-03
4.232324341022888729e-03
4.240165568187074380e-03
4.193329218126010290e-03
4.187750527972382460e-03
4.046506768680436204e-03
3.834054692127750446e-03
3.834054692127750446e-03
3.629528693555126011e-03
3.504842280862686607e-03
3.458274608181199743e-03
3.559277656721985834e-03
3.683303391272210996e-03
3.752597590609181230e-03
3.802633910216204633e-03
3.849838470091990466e-03
3.814257990907272619e-03
3.773702416037374129e-03
3.773702416037374129e-03
3.735822861296710356e-03
3.672332592679583736e-03
3.638481456210481118e-03
3.690553183344711004e-03
3.883411551846334929e-03
4.049181133591059877e-03
4.193418381774016886e-03
4.304476235706006584e-03
4.345724403616291025e-03
4.423866254549118152e-03
4.423866254549118152e-03
4.438152158354054591e-03
4.406720825289998922e-03
4.363518471400379926e-03
4.292553596940951698e-03
4.266231937443429843e-03
4.250743193110288580e-03
4.245658443660427217e-03
4.357364261905031372e-03
4.453013664992698517e-03
4.507695532335427406e-03
4.507695532335427406e-03
4.536349284466102867e-03
4.745955541406499979e-03
4.950002129306569146e-03
4.942731243723376237e-03
4.947554491223215591e-03
4.881366201792310990e-03
4.825235057553612684e-03
4.855915916041253846e-03
4.908658155133624468e-03
4.972893767191882003e-03
4.972893767191882003e-03
5.104419129991477448e-03
5.203128703319709336e-03
5.299952291636464245e-03
5.360667377476308407e-03
5.321080097585317165e-03
5.317231165151648821e-03
5.436715073484265498e-03
5.556204718543981610e-03
5.574067070798430744e-03
5.590078553167548286e-03
