3.908935189247131348e-02
4.211593419313430786e-02
4.059889912605285645e-02
3.728705272078514099e-02
3.358910232782363892e-02
2.959559485316276550e-02
2.628714218735694885e-02
2.520524896681308746e-02
2.273846231400966644e-02
2.089134603738784790e-02
1.962171122431755066e-02
1.962171122431755066e-02
1.865971460938453674e-02
1.842171140015125275e-02
1.908056437969207764e-02
2.075156010687351227e-02
2.217953279614448547e-02
2.344504743814468384e-02
2.486644685268402100e-02
2.587698213756084442e-02
2.760589681565761566e-02
2.958489768207073212e-02
2.958489768207073212e-02
3.077874332666397095e-02
3.236516565084457397e-02
3.368929773569107056e-02
3.621495887637138367e-02
3.784915804862976074e-02
3.952975571155548096e-02
4.134660959243774414e-02
4.234423488378524780e-02
4.306658357381820679e-02
4.397722706198692322e-02
4.397722706198692322e-02
4.466434195637702942e-02
4.504049569368362427e-02
4.552195966243743896e-02
4.611943662166595459e-02
4.722617939114570618e-02
4.920332133769989014e-02
4.944062978029251099e-02
4.939064383506774902e-02
4.984430596232414246e-02
4.993944987654685974e-02
4.993944987654685974e-02
4.953840374946594238e-02
4.982793703675270081e-02
5.057120323181152344e-02
5.138385668396949768e-02
5.221547931432723999e-02
5.322105810046195984e-02
5.373734608292579651e-02
5.472485721111297607e-02
5.542919039726257324e-02
5.541424453258514404e-02
5.541424453258514404e-02
5.679312348365783691e-02
5.465749278664588928e-02
5.248521640896797180e-02
5.053618177771568298e-02
4.815961048007011414e-02
4.646603390574455261e-02
4.531814903020858765e-02
4.470084607601165771e-02
4.416588693857192993e-02
4.419931769371032715e-02
4.419931769371032715e-02
4.450985416769981384e-02
4.498419538140296936e-02
4.528507217764854431e-02
4.509056732058525085e-02
4.485231265425682068e-02
4.405144602060317993e-02
4.337351396679878235e-02
4.238597676157951355e-02
4.137211292982101440e-02
4.085270687937736511e-02
4.085270687937736511e-02
3.955714777112007141e-02
3.828310593962669373e-02
3.647595271468162537e-02
3.486434370279312134e-02
3.380422666668891907e-02
3.298148140311241150e-02
3.266471251845359802e-02
3.193634748458862305e-02
3.052232973277568817e-02
2.923508733510971069e-02
2.923508733510971069e-02
2.798841148614883423e-02
2.693194150924682617e-02
2.599455788731575012e-02
2.531510218977928162e-02
2.466481551527976990e-02
2.380518242716789246e-02
2.251809649169445038e-02
2.155430428683757782e-02
2.112988010048866272e-02
2.198863215744495392e-02
2.198863215744495392e-02
2.415532991290092468e-02
2.560530602931976318e-02
2.743390947580337524e-02
2.982241474092006683e-02
3.157633543014526367e-02
3.288891166448593140e-02
3.458892181515693665e-02
3.527554497122764587e-02
3.579576686024665833e-02
3.672921285033226013e-02
3.672921285033226013e-02
3.856933861970901489e-02
3.990347310900688171e-02
4.095374047756195068e-02
4.189107939600944519e-02
4.240019991993904114e-02
4.214918613433837891e-02
4.181909933686256409e-02
4.023394733667373657e-02
3.794051334261894226e-02
3.606725856661796570e-02
3.606725856661796570e-02
3.510693833231925964e-02
3.413840755820274353e-02
3.307544067502021790e-02
2.970340661704540253e-02
2.694582566618919373e-02
2.476216480135917664e-02
2.316483110189437866e-02
2.286705747246742249e-02
2.332667075097560883e-02
2.467329241335391998e-02
2.467329241335391998e-02
2.625687420368194580e-02
2.836271561682224274e-02
3.003057092428207397e-02
3.025916963815689087e-02
3.075604513287544250e-02
3.176776692271232605e-02
3.251907601952552795e-02
3.372637182474136353e-02
3.409168869256973267e-02
3.385385125875473022e-02
