2.911541267590433447e-03
2.911541267590433447e-03
3.966024684656518397e-03
4.057414447246128660e-03
3.375066394848811983e-03
3.106314037038580746e-03
3.066013476558094881e-03
3.329270455336818656e-03
3.617488045544121726e-03
3.700677037261576943e-03
3.656011325022213380e-03
3.491174315912229636e-03
3.491174315912229636e-03
3.378123662576314797e-03
3.356204441178779925e-03
3.485564402326919633e-03
3.652606000813522942e-03
3.807086606597377253e-03
3.987034046771319000e-03
4.101370498225367228e-03
4.043821629980567239e-03
3.998371985348701634e-03
4.053823239890432840e-03
4.053823239890432840e-03
3.982229651304589578e-03
3.934519941160859353e-03
3.968047199925447445e-03
4.051380946032852141e-03
4.098228664511141192e-03
4.125576639094742128e-03
3.942209831750891590e-03
3.770030078448261511e-03
3.635633926901713029e-03
3.591910832660750487e-03
3.591910832660750487e-03
3.658243105573973433e-03
3.738969544949478745e-03
3.973039256192356650e-03
4.285325185097425653e-03
4.470623228875488832e-03
4.470655645307647190e-03
4.449710889860065792e-03
4.296247308626318512e-03
4.062184205337313059e-03
3.841339471930455256e-03
3.841339471930455256e-03
3.673512643744371482e-03
3.636993046180879690e-03
3.805881375721983147e-03
4.019223077023184425e-03
4.148651771863240585e-03
4.109038159915420936e-03
4.103933928741064670e-03
4.146868479376396820e-03
4.235906806803387339e-03
4.433776748027025254e-03
4.433776748027025254e-03
4.644361867361447051e-03
4.870875041309074421e-03
5.037951644836626518e-03
5.098114978289730419e-03
5.060466693131163152e-03
4.979464899175736758e-03
4.853580357223460581e-03
4.714019501973851223e-03
4.635481712690479872e-03
4.555850631632645670e-03
4.555850631632645670e-03
4.373364608696812816e-03
4.300006786564444100e-03
4.285832304752887692e-03
4.373426941851695296e-03
4.450399003124860461e-03
4.514137978247768912e-03
4.597693310170856799e-03
4.729225632666349960e-03
4.850110258080172175e-03
4.793872713381969186e-03
4.793872713381969186e-03
4.709963998021783442e-03
4.599293026234540539e-03
4.498839067156959817e-03
4.472618118769676639e-03
4.456086420821173642e-03
4.513714042940541148e-03
4.558365116214996814e-03
4.527220079766133137e-03
4.556202945505902387e-03
4.546694757319461912e-03
4.546694757319461912e-03
4.372368192137145344e-03
4.439944273917763827e-03
4.599494057891835401e-03
4.666776361061992021e-03
4.660774178305729896e-03
4.457051094778849767e-03
4.147383768390681957e-03
3.929356957264804918e-03
3.927442347257049243e-03
4.182952770189078510e-03
4.182952770189078510e-03
4.404916535476222431e-03
4.509741513635685470e-03
4.432335219958560835e-03
4.197593900474034211e-03
3.834949168035809049e-03
3.509801929657028335e-03
3.370143994739802605e-03
3.461818795742114315e-03
3.696418376188073673e-03
3.998128537136789139e-03
3.998128537136789139e-03
4.136451415023948558e-03
4.101763092069152239e-03
4.035879211757241111e-03
3.893091486135067097e-03
3.797005989692942615e-03
3.719604099544120829e-03
3.614685590452004858e-03
3.532302731761677046e-03
3.521448882183398753e-03
3.532649468470141271e-03
3.532649468470141271e-03
3.378518917560950456e-03
3.192359171721416682e-03
3.040966582028302705e-03
2.938549015993958697e-03
2.967061554108781432e-03
3.159700417682860616e-03
3.449630474357874999e-03
3.716847169082377993e-03
3.843554615708756443e-03
3.849256614863133183e-03
3.849256614863133183e-03
3.657217525909711546e-03
3.256476871044985174e-03
2.756013600468907535e-03
2.363025155958225869e-03
2.044873817156935003e-03
2.017102073553763992e-03
2.056502367271434168e-03
2.201686047153731448e-03
2.376789416643081392e-03
2.615533674623202534e-03
2.615533674623202534e-03
2.648277419072934437e-03
2.571872900474604824e-03
2.485657351725040209e-03
2.409134207704045211e-03
2.379621274103149633e-03
2.438447109443180917e-03
2.536289853900413217e-03
2.649575418518102052e-03
2.792620413207134739e-03
2.839096251246113044e-03
2.839096251246113044e-03
2.815436856443239832e-03
2.706173232815154393e-03
2.625047171933472812e-03
2.619239342921262769e-03
2.761901357388836607e-03
2.943779876978635211e-03
3.017331961765156497e-03
3.025392331950975400e-03
2.985670551272275389e-03
2.954565822411580386e-03
2.954565822411580386e-03
2.961479587329824033e-03
2.911419235844103955e-03
2.863063039393773726e-03
2.756923906293813099e-03
2.593213105502433641e-03
2.424916518825547679e-03
2.312250718334941078e-03
2.381895801585879029e-03
2.609357272583850106e-03
2.923621212542594147e-03
2.923621212542594147e-03
3.101302376579124880e-03
3.124377820350296604e-03
3.046535521511665838e-03
2.817941260572008003e-03
2.502620256517113645e-03
2.195100539678575876e-03
1.925150315068680385e-03
1.843986684802562679e-03
1.891961864913802634e-03
1.993969588809146789e-03
1.993969588809146789e-03
2.162576832984673680e-03
2.300127167228894261e-03
2.424732806124554885e-03
2.541277305260606061e-03
2.661566254757160438e-03
2.767962525195453646e-03
2.750419981411920522e-03
2.626509438769691115e-03
2.541017289876570245e-03
2.488637310207903342e-03
2.488637310207903342e-03
2.567092504302022869e-03
2.794687187280812512e-03
3.140434033320340951e-03
3.484636221880845017e-03
3.815212125573703896e-03
4.171890848907462701e-03
4.434023044202517992e-03
4.587949397328373348e-03
4.677079321472759656e-03
4.730109904083758948e-03
4.730109904083758948e-03
4.754021740320806162e-03
4.681419607255367550e-03
4.596929284981936085e-03
4.452816912414842530e-03
4.283025922672616462e-03
4.091159291750281514e-03
3.842301430154741043e-03
3.617956355800788868e-03
3.419052752267442465e-03
3.334196090503699795e-03
3.334196090503699795e-03
3.223550134365178645e-03
3.088132678807394352e-03
2.864764105192277310e-03
2.623405587342701479e-03
2.474565065366240383e-03
2.351410140531659618e-03
2.290963858938953410e-03
2.277840626124599810e-03
2.189741796581250437e-03
2.223091984690951563e-03
2.223091984690951563e-03
2.327738545109491602e-03
2.439967689909945062e-03
2.500439367862360499e-03
2.556976902926957895e-03
2.541892268715195517e-03
2.384280053584801867e-03
2.203924251067147441e-03
2.088160106339980587e-03
2.040838206372526820e-03
2.059881777475300237e-03
2.059881777475300237e-03
2.090536172229390515e-03
2.045931506086644779e-03
2.129952033100129035e-03
2.327047723576416288e-03
2.877973736674945254e-03
3.237062702342481234e-03
3.359293046877449146e-03
3.225027994628190241e-03
2.898126369310212620e-03
2.490223765849232298e-03
2.490223765849232298e-03
2.192890521248304359e-03
2.005871099026642138e-03
1.870956509943381149e-03
1.772307841123428379e-03
1.754622093382575496e-03
1.863423420038208328e-03
2.082534814517867251e-03
2.364893643526193127e-03
2.635669626425391800e-03
2.797230944571489110e-03
2.797230944571489110e-03
2.812665295283859647e-03
2.812515725993979150e-03
2.713387885370566188e-03
2.575554802862505509e-03
2.450892706489695826e-03
2.378032938676580884e-03
2.304468032080524923e-03
2.268617155001446690e-03
2.259280002172239180e-03
2.337163343922368190e-03
