2.326945222458268875e-02
2.340079208046983925e-02
2.402236032538207153e-02
2.433625183622951590e-02
2.504040531978863476e-02
2.524994717781356771e-02
2.521273071259628323e-02
2.525391529423677561e-02
2.529968841157173229e-02
2.541061837311007696e-02
2.555027074557944880e-02
2.569797208992012291e-02
2.583350866174522961e-02
2.592769419660248889e-02
2.600244428705918848e-02
2.614695624581350741e-02
2.633943022439065237e-02
2.636676735013305378e-02
2.610132743707240660e-02
2.604169597864264274e-02
2.600420453454311415e-02
2.606334663076640204e-02
2.601963191597786787e-02
2.603458577185648395e-02
2.597342510518699243e-02
2.593001883967990459e-02
2.597438882987194997e-02
2.591367814429252833e-02
2.571233292819841143e-02
2.563592282245185511e-02
2.566253633675853046e-02
