1.909850092833820538e-03
1.909850092833820538e-03
9.998308038496848960e-04
1.353779781241012036e-03
2.229855349740426495e-03
2.635040320412235324e-03
2.386205927960010666e-03
1.874886642717126352e-03
1.495462567930510049e-03
1.391894078003908528e-03
1.402429041541184297e-03
1.488918832263502788e-03
1.488918832263502788e-03
1.642308603810578886e-03
1.937347179869332173e-03
2.183888325426288062e-03
2.356769243583761546e-03
2.411900755561140371e-03
2.310608815487781489e-03
2.096449992658299972e-03
1.821015281816836624e-03
1.677519479720333048e-03
1.621456197558340633e-03
1.621456197558340633e-03
1.640079293746174102e-03
1.732485715147637695e-03
1.860213336588286640e-03
2.013171694483728569e-03
2.039175821550057426e-03
2.069604070353443185e-03
2.044759588982357403e-03
1.992918826294744206e-03
1.930574750614699308e-03
1.930386366854315019e-03
1.930386366854315019e-03
1.911446366755682703e-03
1.898295082756601198e-03
1.913844325058509889e-03
1.907807075714171774e-03
1.891650828282990734e-03
1.840604767087282174e-03
1.791659293777439575e-03
1.808689526046772158e-03
1.861868174583538411e-03
1.875110128691050799e-03
1.875110128691050799e-03
1.905255588631424432e-03
1.909607226323631942e-03
1.925302837878536347e-03
1.893150258055597635e-03
1.856806421115142448e-03
1.844381474456445458e-03
1.827772094541353339e-03
1.823740301184452288e-03
1.853159089449714402e-03
1.897881878798382072e-03
1.897881878798382072e-03
1.969824280873219008e-03
2.061752057289280120e-03
2.164971006724895290e-03
2.131789474726813668e-03
2.034514380102461512e-03
1.941901585534565062e-03
1.877486535246983062e-03
1.871938536151929568e-03
1.903363128091985299e-03
2.006903004128153100e-03
2.006903004128153100e-03
2.107422782896839659e-03
2.126439898919620965e-03
2.063373927794996936e-03
1.921754319991646155e-03
1.837743334122446046e-03
1.804788981583998423e-03
1.866351016438118696e-03
2.014707334398923178e-03
2.164198394670373629e-03
2.158991548538667475e-03
2.158991548538667475e-03
2.142234901385205864e-03
2.174903670637796764e-03
2.176827344202199397e-03
2.169091130545018099e-03
2.195465660478320216e-03
2.246717714351184614e-03
2.241567386575684957e-03
2.221575151799642239e-03
2.175570261595265349e-03
2.146785373096584890e-03
2.146785373096584890e-03
2.198780618966835691e-03
2.214943268969146468e-03
2.268041505241718409e-03
2.290447000381873061e-03
2.245637175061095375e-03
2.110943924334727790e-03
2.050896368147091340e-03
2.116603867138316768e-03
2.191349803806854832e-03
2.292911904272348748e-03
2.292911904272348748e-03
2.255821224722987916e-03
2.080712161744392372e-03
1.901571485756849145e-03
1.765103404644244181e-03
1.755554978704734759e-03
1.868329165605052628e-03
2.018909419689605706e-03
2.086397411211266678e-03
2.045556365875997925e-03
1.929554453112617947e-03
1.929554453112617947e-03
1.694262453580475678e-03
1.505024356333477687e-03
1.505656515473713158e-03
1.727476820197587073e-03
2.005870544031906639e-03
2.092208120904187618e-03
1.959265462761199551e-03
1.745436773835046555e-03
1.616038109642792221e-03
1.261639177706551677e-03
1.261639177706551677e-03
1.199295187888965416e-03
1.406316345284445036e-03
1.616767545935135280e-03
1.783590238948881560e-03
1.764360295696784306e-03
1.553647551038221360e-03
1.197800518508909803e-03
9.885818737506556902e-04
9.786721960797939868e-04
1.126500949924649038e-03
1.126500949924649038e-03
1.302586136135306478e-03
1.400882020048334949e-03
1.446363214341221410e-03
1.417283217923994473e-03
1.308800367663546680e-03
1.173447133919403116e-03
1.141452620260476059e-03
1.253149395302318066e-03
1.401958664420899399e-03
1.476343207781542592e-03
1.476343207781542592e-03
1.508151708710327079e-03
1.458221626057847053e-03
1.435424027363133492e-03
1.397856891503982671e-03
1.384451195572239043e-03
1.433139497956041359e-03
1.526531841187653412e-03
1.571156325468972288e-03
1.552171661432182005e-03
1.422333309182120462e-03
1.422333309182120462e-03
1.331320464921082521e-03
1.402919105087958385e-03
1.495819851518528009e-03
1.594900514048311303e-03
1.678379935630078864e-03
1.687660634126703302e-03
1.579244141958333373e-03
1.475240040096555258e-03
1.460142565762022511e-03
1.520038372027661530e-03
1.520038372027661530e-03
1.658273364696845461e-03
1.781903412770688335e-03
1.840762366996871171e-03
1.785662254966918164e-03
1.584207403019443792e-03
1.455849148198677017e-03
1.478483095652178506e-03
1.645330502034963701e-03
1.822875371520649591e-03
1.886023832137809090e-03
1.886023832137809090e-03
1.759655145761688903e-03
1.554152291840017698e-03
1.573942251328452240e-03
1.612602801867138100e-03
1.714606725232795288e-03
1.785308052350361883e-03
1.725050749281758708e-03
1.623515252973209725e-03
1.547795752072050716e-03
1.582767391904847014e-03
1.582767391904847014e-03
1.679280516068259099e-03
1.785285402416071773e-03
1.742098428836286227e-03
1.668615767275486881e-03
1.626024109214665525e-03
1.655881177882639497e-03
1.648776417015444546e-03
1.655216403109164907e-03
1.674713335560443130e-03
1.666252265269266416e-03
1.666252265269266416e-03
1.600359055865267473e-03
1.510408365923188211e-03
1.460465732637415996e-03
1.523992961224266253e-03
1.611513285327015451e-03
1.673478936620450414e-03
1.617396086385655901e-03
1.509580514953086415e-03
1.395798516520163840e-03
1.389003498654021269e-03
1.389003498654021269e-03
1.436075518815829689e-03
1.452053169322935471e-03
1.541247652312751704e-03
1.549585498963170285e-03
1.587686566536440635e-03
1.479633847536004866e-03
1.306646575144660913e-03
1.281313218283248317e-03
1.256570058613356395e-03
1.317754045456426357e-03
1.317754045456426357e-03
1.367564704342116248e-03
1.378371915062688580e-03
1.343322859925604991e-03
1.291758259511641398e-03
1.285406070937687370e-03
1.334592658486652254e-03
1.381063304371064893e-03
1.416326190473048662e-03
1.441106153462478126e-03
1.440610388448712587e-03
1.440610388448712587e-03
1.489617459110985278e-03
1.585783777956640411e-03
1.784903642616207436e-03
1.926065774928600481e-03
1.960591649725822432e-03
1.959364269031796304e-03
1.966756758254807093e-03
1.989220793248714422e-03
2.015167047951784470e-03
2.072690199332463592e-03
2.072690199332463592e-03
2.030291493165368825e-03
1.944735851519472508e-03
1.830552918123550107e-03
1.753708966335993519e-03
1.703684289731546061e-03
1.716102943629112081e-03
1.702350830717973620e-03
1.679891337896782799e-03
1.623419930592524558e-03
1.602831568081783094e-03
1.602831568081783094e-03
1.628952722295303563e-03
1.641343833070031330e-03
1.629396420726984904e-03
1.638419250457432254e-03
1.649343432077789509e-03
1.646569736717845437e-03
1.647574180854557849e-03
1.658179725970037200e-03
1.643843532307761755e-03
1.671799437904193881e-03
1.671799437904193881e-03
1.721159355295498418e-03
1.726623996969897743e-03
1.702690442508269153e-03
1.624404613630034454e-03
1.619763091314622505e-03
1.667575813240314200e-03
1.691216837211921478e-03
1.659252272767879196e-03
1.587904982730920737e-03
1.547896714807122341e-03
