3.342385217547416687e-02
3.342385217547416687e-02
3.313240036368370056e-02
3.293570131063461304e-02
3.325106948614120483e-02
3.417183086276054382e-02
3.461730852723121643e-02
3.504639863967895508e-02
3.543128445744514465e-02
3.580935299396514893e-02
3.644834831357002258e-02
3.701161220669746399e-02
3.701161220669746399e-02
3.765942901372909546e-02
3.851892426609992981e-02
3.938962891697883606e-02
4.035662114620208740e-02
4.138299450278282166e-02
4.243513196706771851e-02
4.346419125795364380e-02
4.451546445488929749e-02
4.553028196096420288e-02
4.648942127823829651e-02
4.648942127823829651e-02
4.746606200933456421e-02
4.860773310065269470e-02
4.969063773751258850e-02
5.083800107240676880e-02
5.205407366156578064e-02
5.309972912073135376e-02
5.396404489874839783e-02
5.471886321902275085e-02
5.551336705684661865e-02
5.634036660194396973e-02
5.634036660194396973e-02
5.703800916671752930e-02
5.757746845483779907e-02
5.761976540088653564e-02
5.736736953258514404e-02
5.699638277292251587e-02
5.635152757167816162e-02
5.565274879336357117e-02
5.471270531415939331e-02
5.370412766933441162e-02
5.276747047901153564e-02
5.276747047901153564e-02
5.197614431381225586e-02
5.131461471319198608e-02
5.079998448491096497e-02
5.041501671075820923e-02
5.010304600000381470e-02
4.972855001688003540e-02
4.945432394742965698e-02
4.936781525611877441e-02
4.937553778290748596e-02
4.918558523058891296e-02
4.918558523058891296e-02
4.913116246461868286e-02
4.910741001367568970e-02
4.913136363029479980e-02
4.905546456575393677e-02
4.915533959865570068e-02
4.931773990392684937e-02
4.949819296598434448e-02
4.965090379118919373e-02
4.993922263383865356e-02
5.040072649717330933e-02
5.040072649717330933e-02
5.095550417900085449e-02
5.166416987776756287e-02
5.235560610890388489e-02
5.304796621203422546e-02
5.343114584684371948e-02
5.351305007934570312e-02
5.357506126165390015e-02
5.347808822989463806e-02
5.322674289345741272e-02
5.285966768860816956e-02
5.285966768860816956e-02
5.225845053791999817e-02
5.150362849235534668e-02
5.074671283364295959e-02
4.974140226840972900e-02
4.862318933010101318e-02
4.764841869473457336e-02
4.699777066707611084e-02
4.639690369367599487e-02
4.607972875237464905e-02
4.600851237773895264e-02
4.600851237773895264e-02
4.600851237773895264e-02
4.609146341681480408e-02
4.631686210632324219e-02
4.673987627029418945e-02
4.723318293690681458e-02
4.785045236349105835e-02
4.857151582837104797e-02
4.944960400462150574e-02
5.041157826781272888e-02
5.141177773475646973e-02
5.141177773475646973e-02
5.219457298517227173e-02
5.256476253271102905e-02
5.262931808829307556e-02
5.256875231862068176e-02
5.240568891167640686e-02
5.240486562252044678e-02
5.218168720602989197e-02
5.167156830430030823e-02
5.100126564502716064e-02
5.020427703857421875e-02
5.020427703857421875e-02
4.948753863573074341e-02
4.883208870887756348e-02
4.848091676831245422e-02
4.818147048354148865e-02
4.795220494270324707e-02
4.789667204022407532e-02
4.769905656576156616e-02
4.750112816691398621e-02
4.728625342249870300e-02
4.703652486205101013e-02
4.703652486205101013e-02
4.671610891819000244e-02
4.633182659745216370e-02
4.582800343632698059e-02
4.532499238848686218e-02
4.474322497844696045e-02
4.419608414173126221e-02
4.362243413925170898e-02
4.305496811866760254e-02
4.257445782423019409e-02
4.222408309578895569e-02
4.222408309578895569e-02
4.191039502620697021e-02
4.175310209393501282e-02
4.159036278724670410e-02
4.134504869580268860e-02
4.114973917603492737e-02
4.086912050843238831e-02
4.064705967903137207e-02
4.050330817699432373e-02
4.047994315624237061e-02
4.047806560993194580e-02
4.047806560993194580e-02
4.055267944931983948e-02
4.077775403857231140e-02
4.089973866939544678e-02
4.098978638648986816e-02
4.094424843788146973e-02
4.076654464006423950e-02
4.052225872874259949e-02
4.013573750853538513e-02
3.967513144016265869e-02
3.902561590075492859e-02
3.902561590075492859e-02
3.849025815725326538e-02
3.815584629774093628e-02
3.776814416050910950e-02
3.755254298448562622e-02
3.740719333291053772e-02
3.732290118932723999e-02
3.723522275686264038e-02
3.722412139177322388e-02
3.723212704062461853e-02
3.698146715760231018e-02
3.698146715760231018e-02
3.664451465010643005e-02
3.623346984386444092e-02
3.554608300328254700e-02
3.481278195977210999e-02
3.415006399154663086e-02
3.374231234192848206e-02
3.346332907676696777e-02
3.332607820630073547e-02
3.311641886830329895e-02
3.305808082222938538e-02
3.305808082222938538e-02
3.292182087898254395e-02
3.263980522751808167e-02
3.221148625016212463e-02
3.153948485851287842e-02
3.078862093389034271e-02
3.024696744978427887e-02
2.979269623756408691e-02
2.926523610949516296e-02
2.900662831962108612e-02
2.906420268118381500e-02
2.906420268118381500e-02
2.922744490206241608e-02
2.948634326457977295e-02
2.981880865991115570e-02
3.023063763976097107e-02
3.054740279912948608e-02
3.065343201160430908e-02
3.031592257320880890e-02
2.987121604382991791e-02
2.935634367167949677e-02
2.893200144171714783e-02
2.893200144171714783e-02
2.855217456817626953e-02
2.822183072566986084e-02
2.793895266950130463e-02
2.780631184577941895e-02
2.772319316864013672e-02
2.770152315497398376e-02
2.771152928471565247e-02
2.763864956796169281e-02
2.740456350147724152e-02
2.719816751778125763e-02
2.719816751778125763e-02
2.695472165942192078e-02
2.672476693987846375e-02
2.640477195382118225e-02
2.598644047975540161e-02
2.558518946170806885e-02
2.507982961833477020e-02
2.476662769913673401e-02
2.449608035385608673e-02
2.429011464118957520e-02
2.416994795203208923e-02
2.416994795203208923e-02
2.421013824641704559e-02
2.429410070180892944e-02
2.443957142531871796e-02
2.459749579429626465e-02
2.468518353998661041e-02
2.478629350662231445e-02
2.475241385400295258e-02
2.477830462157726288e-02
2.493549697101116180e-02
2.508590556681156158e-02
2.508590556681156158e-02
2.527614682912826538e-02
2.525298111140727997e-02
2.529540844261646271e-02
2.529527246952056885e-02
2.546622231602668762e-02
2.581373602151870728e-02
2.637985907495021820e-02
2.703232318162918091e-02
2.760092727839946747e-02
2.892123162746429443e-02
2.892123162746429443e-02
3.002905100584030151e-02
3.099678456783294678e-02
3.175003826618194580e-02
3.227280825376510620e-02
3.250330686569213867e-02
3.260600194334983826e-02
3.257458657026290894e-02
3.238117322325706482e-02
3.229090198874473572e-02
3.217031434178352356e-02
3.217031434178352356e-02
3.219071030616760254e-02
3.227796033024787903e-02
3.251571953296661377e-02
3.274308890104293823e-02
3.297737240791320801e-02
3.330513089895248413e-02
3.355623409152030945e-02
3.368739038705825806e-02
3.374912589788436890e-02
3.376381844282150269e-02
3.376381844282150269e-02
3.383021056652069092e-02
3.392678499221801758e-02
3.403580933809280396e-02
3.386076912283897400e-02
3.368047624826431274e-02
3.339561074972152710e-02
3.301412239670753479e-02
3.261021897196769714e-02
3.224846720695495605e-02
3.200867772102355957e-02
3.200867772102355957e-02
3.186232969164848328e-02
3.180704265832901001e-02
3.177025914192199707e-02
3.165872395038604736e-02
3.143602982163429260e-02
3.114215098321437836e-02
3.071428835391998291e-02
3.029042854905128479e-02
2.975712716579437256e-02
2.952723950147628784e-02
2.952723950147628784e-02
2.950086258351802826e-02
2.965732291340827942e-02
2.976002357900142670e-02
2.973504550755023956e-02
2.947748452425003052e-02
2.902415581047534943e-02
2.846915833652019501e-02
2.778738737106323242e-02
2.696993388235569000e-02
2.608621120452880859e-02
2.608621120452880859e-02
2.528171055018901825e-02
2.460625581443309784e-02
2.416341193020343781e-02
2.378227189183235168e-02
2.346335723996162415e-02
2.324305474758148193e-02
2.301092818379402161e-02
2.272708341479301453e-02
2.225275710225105286e-02
2.155221439898014069e-02
2.155221439898014069e-02
2.071761153638362885e-02
1.987004652619361877e-02
1.909193769097328186e-02
1.848782040178775787e-02
1.821353659033775330e-02
1.820554025471210480e-02
1.832670159637928009e-02
1.835934817790985107e-02
1.826530322432518005e-02
1.793249882757663727e-02
1.793249882757663727e-02
1.745578460395336151e-02
1.686315797269344330e-02
1.627109572291374207e-02
1.576033793389797211e-02
1.534461602568626404e-02
1.549988519400358200e-02
1.567745022475719452e-02
1.587419956922531128e-02
1.618294045329093933e-02
1.648990437388420105e-02
1.648990437388420105e-02
1.675004512071609497e-02
1.697148010134696960e-02
1.700795441865921021e-02
1.702076010406017303e-02
1.700194552540779114e-02
1.693444326519966125e-02
1.678489707410335541e-02
1.662565395236015320e-02
1.652883179485797882e-02
1.639554090797901154e-02
1.639554090797901154e-02
1.629887707531452179e-02
1.617042906582355499e-02
1.581569761037826538e-02
1.537210121750831604e-02
1.495742890983819962e-02
1.459105685353279114e-02
1.443964242935180664e-02
1.439718622714281082e-02
1.427569519728422165e-02
1.416479330509901047e-02
1.416479330509901047e-02
1.400347240269184113e-02
1.393345743417739868e-02
1.397134643048048019e-02
1.409511920064687729e-02
1.425701938569545746e-02
1.437366381287574768e-02
1.443010568618774414e-02
1.445770729333162308e-02
1.471666153520345688e-02
1.484831236302852631e-02
1.484831236302852631e-02
1.487672701478004456e-02
1.487138681113719940e-02
1.480597350746393204e-02
1.480459328740835190e-02
1.483140606433153152e-02
1.488759834319353104e-02
1.510791387408971786e-02
1.527819689363241196e-02
1.544901076704263687e-02
1.554252300411462784e-02
1.554252300411462784e-02
1.560737565159797668e-02
1.555982884019613266e-02
1.542349811643362045e-02
1.532903034240007401e-02
1.534459181129932404e-02
1.531897857785224915e-02
1.546029560267925262e-02
1.564665697515010834e-02
1.575482450425624847e-02
1.608419790863990784e-02
1.608419790863990784e-02
1.631757244467735291e-02
1.647234335541725159e-02
1.661964319646358490e-02
1.668817549943923950e-02
1.663604564964771271e-02
1.651815138757228851e-02
1.641893386840820312e-02
1.640717871487140656e-02
1.650588959455490112e-02
1.677927374839782715e-02
1.677927374839782715e-02
1.695504784584045410e-02
1.710778474807739258e-02
1.682889461517333984e-02
1.648361422121524811e-02
1.610176824033260345e-02
1.567067205905914307e-02
1.519458275288343430e-02
1.470464095473289490e-02
1.433795504271984100e-02
1.412462722510099411e-02
1.412462722510099411e-02
1.403527706861495972e-02
1.397988572716712952e-02
1.401623245328664780e-02
1.405449956655502319e-02
1.407382544130086899e-02
1.390280388295650482e-02
1.341986097395420074e-02
1.302188541740179062e-02
1.282956544309854507e-02
1.267778407782316208e-02
1.267778407782316208e-02
1.265105232596397400e-02
1.270229835063219070e-02
1.272181980311870575e-02
1.273853518068790436e-02
1.289184112101793289e-02
1.300234720110893250e-02
1.298616267740726471e-02
1.295279525220394135e-02
1.278919633477926254e-02
1.248442195355892181e-02
1.248442195355892181e-02
1.220902148634195328e-02
1.201306004077196121e-02
1.187836192548274994e-02
1.175857614725828171e-02
1.168757956475019455e-02
1.163837220519781113e-02
1.160380523651838303e-02
1.163325831294059753e-02
1.168107800185680389e-02
1.161053590476512909e-02
