7.609044286848994998e-04
7.609044286848994998e-04
1.579996807848856781e-03
1.557068241320622333e-03
1.258466221101836244e-03
1.273631803581086767e-03
1.320876134071897589e-03
1.401306332518219289e-03
1.507478060666534109e-03
1.677788027010346586e-03
1.753419005872643936e-03
2.108185080561878616e-03
2.108185080561878616e-03
2.403423228878296975e-03
2.495198663588215314e-03
2.373333809745310340e-03
2.183736673016072050e-03
2.024346111042981886e-03
1.884682457680862547e-03
1.803970437400602726e-03
1.777324037396537737e-03
1.744387283511484275e-03
1.743747227582440008e-03
1.743747227582440008e-03
1.748918100706681189e-03
1.696987081266727133e-03
1.617925442482714624e-03
1.559338560848879014e-03
1.486686926988025270e-03
1.479195728199726636e-03
1.461948548077952837e-03
1.457542709145147808e-03
1.465974567012405224e-03
1.537059059834058623e-03
1.537059059834058623e-03
1.557778557913808582e-03
1.563011427852591031e-03
1.636665925124895348e-03
1.732265511378886262e-03
1.733857950050718758e-03
1.811243632244550908e-03
1.860831501064582694e-03
1.935622102993919506e-03
1.936928463741625916e-03
1.981788375012234760e-03
1.981788375012234760e-03
2.117349821773093724e-03
2.259935870414266513e-03
2.393545402146953719e-03
2.444179306794992505e-03
2.404834746537346923e-03
2.258165546089084454e-03
2.172216818749613497e-03
2.095424228327212850e-03
2.105043412951116896e-03
2.111723697383520535e-03
2.111723697383520535e-03
2.150275699232827992e-03
2.179352054106466555e-03
2.145123260350994317e-03
2.080336771923553627e-03
2.009630647846014778e-03
1.988858569520612560e-03
1.955516506318585607e-03
1.884148228441474057e-03
1.863557823059100753e-03
1.818200285420986176e-03
1.818200285420986176e-03
1.755013242771136890e-03
1.604530568292389554e-03
1.447773297050068643e-03
1.431410974840702450e-03
1.524889225529190784e-03
1.705147426548685435e-03
1.878694857271072686e-03
1.830933805280659946e-03
1.816589187626512598e-03
1.789793872145490402e-03
1.789793872145490402e-03
1.772438443166713708e-03
1.828755236163815768e-03
1.961056175522864990e-03
2.111957609257267277e-03
2.114966345873285115e-03
1.914023903062276807e-03
1.697896680209715981e-03
1.560344438696052542e-03
1.524057382376400394e-03
1.661857934597248425e-03
1.661857934597248425e-03
1.803665599717908016e-03
1.745730371476389171e-03
1.527873596077853431e-03
1.324416200413643064e-03
1.381521329891309069e-03
1.526473302827065269e-03
1.657221521960512093e-03
1.685145736899858280e-03
1.595644422733393658e-03
1.514675360895756254e-03
1.514675360895756254e-03
1.306567253418478925e-03
1.165544167252490415e-03
1.170853616008502799e-03
1.273686039588149818e-03
1.504051517451192527e-03
1.556727499437531199e-03
1.385527597704471533e-03
1.059840866086181983e-03
9.596316484274072149e-04
1.090038498433414972e-03
1.090038498433414972e-03
1.239018419590218840e-03
1.210608837778083622e-03
1.037308206604096051e-03
8.951323534786112708e-04
9.054531194643370426e-04
1.033758583209549737e-03
1.086959768621779260e-03
1.085294602897507411e-03
1.075153988607723812e-03
1.042258883687106896e-03
1.042258883687106896e-03
8.418444953746847528e-04
6.322197272652322481e-04
5.325013441010647023e-04
5.334034073723973191e-04
6.521614973512191880e-04
7.925885755877859788e-04
7.924239441075391077e-04
6.673987759243105167e-04
5.197644122624622658e-04
3.439081879702840603e-04
3.439081879702840603e-04
2.726151946308109572e-04
2.665604176939306543e-04
3.621904861794280695e-04
4.476896249188791520e-04
4.832183107381509161e-04
3.872788209000260296e-04
3.739572990151418682e-04
4.668042795367606263e-04
5.666334638641323069e-04
6.686372088640524930e-04
6.686372088640524930e-04
7.306282566515464628e-04
6.947268501453449660e-04
5.883371951331445348e-04
6.082816000426216141e-04
7.336358898681404972e-04
7.791194682729986028e-04
6.960309036602819544e-04
4.738037113610161707e-04
3.535841157639900228e-04
4.772207024245721089e-04
4.772207024245721089e-04
6.737936870496909073e-04
8.343248951638470223e-04
9.937687427809492862e-04
9.316029960801206367e-04
8.215457486652073251e-04
6.464106201585240749e-04
5.780138765987274680e-04
6.336013255353622510e-04
6.931723207832770402e-04
6.399706746939281274e-04
6.399706746939281274e-04
7.438112171808147115e-04
9.357027303513662519e-04
1.096851675402039667e-03
1.158875899326681233e-03
1.217709687508314580e-03
1.228117380390794525e-03
1.158429463908898591e-03
1.151457603153148565e-03
1.079137519995328025e-03
1.072063930890913884e-03
1.072063930890913884e-03
1.021562207125719952e-03
8.156710747546652577e-04
7.018234901527365061e-04
6.197830853656403904e-04
8.165441887670672923e-04
1.087597808352923920e-03
1.320894522099221903e-03
1.354810447431768414e-03
1.280018917566966806e-03
1.204233241817576679e-03
1.204233241817576679e-03
1.198622626864662708e-03
1.163262480702969377e-03
1.241701872719653708e-03
1.296627146222459120e-03
1.238958229393407337e-03
1.172549218462205951e-03
1.223055147030681702e-03
1.360731197946930338e-03
1.499579514427941884e-03
1.502861504805155443e-03
1.502861504805155443e-03
1.480301577790359667e-03
1.431770035026660786e-03
1.405464562079653153e-03
1.467149020835796253e-03
1.384448073769114660e-03
1.310496780840920104e-03
1.344135257898705638e-03
1.420016120597753428e-03
1.455965661983964861e-03
1.442497416050002226e-03
1.442497416050002226e-03
1.286106592936266243e-03
1.093914565464316731e-03
1.106346732150017718e-03
1.396882242976156454e-03
1.630873200816722974e-03
1.477593475189575975e-03
1.256747820465953973e-03
1.102546489253850362e-03
1.202463745975178733e-03
1.381693473283192612e-03
1.381693473283192612e-03
1.462822351447413830e-03
1.378608309539527390e-03
1.294363925452434718e-03
1.295062858428138288e-03
1.301629595602587543e-03
1.328026003606505665e-03
1.356097464305797487e-03
1.348001061569851578e-03
1.303611716447059107e-03
1.266160967215159642e-03
1.266160967215159642e-03
1.279235305723343871e-03
1.432459816754790829e-03
1.579593524737045711e-03
1.603778641809944097e-03
1.529599887796913651e-03
1.469037227079186261e-03
1.470753226835073285e-03
1.546093860771890300e-03
1.582488674593199611e-03
1.580778617425156055e-03
1.580778617425156055e-03
1.507354073624513416e-03
1.464846218928852811e-03
1.522045205356069254e-03
1.679323331542217869e-03
1.842899588632099499e-03
1.988559900672206508e-03
1.983873700876707946e-03
1.919895943083835006e-03
1.891621232279477134e-03
1.873056166092284137e-03
1.873056166092284137e-03
1.950126883873479558e-03
2.086439430373718262e-03
2.152794586740760553e-03
2.212376434096058851e-03
2.236224114765981638e-03
2.249015559570390500e-03
2.241483796074117494e-03
2.170103641903445377e-03
2.140695107999388263e-03
2.149401595957212401e-03
2.149401595957212401e-03
2.202129155380252220e-03
2.211538879781147979e-03
2.151887122641828447e-03
2.166597121471555178e-03
2.182577927022748710e-03
2.254121004990078652e-03
2.275609261819552202e-03
2.258084422231115568e-03
2.237796691155365374e-03
2.234168312629186345e-03
