1.714218810915952781e-02
1.714218810915952781e-02
1.594741615679968333e-02
1.602706483840077301e-02
1.640561283450516633e-02
1.663458247016552302e-02
1.640702424601938811e-02
1.640702424601938811e-02
1.640702424601938811e-02
1.614791911050175721e-02
1.581133081005526783e-02
1.563086982771330624e-02
1.563086982771330624e-02
1.539040209575323268e-02
1.544019262257075725e-02
1.546312016370801797e-02
1.554645663991291102e-02
1.536761910073406769e-02
1.514031211773746687e-02
1.482406835571421430e-02
1.457072425809371324e-02
1.435766522131368302e-02
1.388826707006616916e-02
1.388826707006616916e-02
1.356295938654374957e-02
1.337338206629398035e-02
1.326370136503545599e-02
1.322782107104083366e-02
1.357033611567627293e-02
1.386829716509581367e-02
1.404233875426171875e-02
1.423955439512497242e-02
1.435737258707549431e-02
1.446933269911110723e-02
1.446933269911110723e-02
1.455136918479333144e-02
1.450803769774620250e-02
1.446039982854657562e-02
1.458251274927785217e-02
1.464486522276677548e-02
1.458370251834940554e-02
1.452486083182495842e-02
1.423697919989058876e-02
1.382427588638079387e-02
1.348096337128481051e-02
1.348096337128481051e-02
1.312636287502493351e-02
1.272508804800108473e-02
1.231939201403281850e-02
1.183058160609113708e-02
1.146701130413318830e-02
1.114708594625496429e-02
1.110187668372366807e-02
1.117501545263460509e-02
1.124395396528671959e-02
1.106268264587493937e-02
1.106268264587493937e-02
1.074897410028797726e-02
1.047474824130586145e-02
1.026879826376511998e-02
1.011882654126631566e-02
9.889149322523254487e-03
9.859352790375412734e-03
9.699167170602636043e-03
9.517944126427877252e-03
9.452191232165086179e-03
9.450532590691526277e-03
9.450532590691526277e-03
9.359148827917695632e-03
9.030767935059566542e-03
8.559960880080198092e-03
8.232995835393582332e-03
8.065963160234002061e-03
7.731589778260693387e-03
7.487354273329854294e-03
7.409738893396441810e-03
7.631222994143620729e-03
7.819994435805647029e-03
7.819994435805647029e-03
8.134796958408465131e-03
8.372943279395046040e-03
8.629354480653050885e-03
8.930054572837419630e-03
9.035063814240870336e-03
9.322085104886111001e-03
9.591495014006530540e-03
9.624824995963026167e-03
9.381381831025083218e-03
9.180700495798811700e-03
9.180700495798811700e-03
8.964933954360345542e-03
8.805393091932534402e-03
8.755231648491523105e-03
8.750765107225234526e-03
8.701040850370619570e-03
8.835798582922268357e-03
8.857144968474634644e-03
8.856179832571959773e-03
8.889365963346575888e-03
9.040985231574122372e-03
9.040985231574122372e-03
9.331458795192829059e-03
9.408700864630154675e-03
9.532150789934443896e-03
9.707192343989586719e-03
9.961782595422657982e-03
1.015701984643011674e-02
1.009785543759031227e-02
1.013687224268901808e-02
1.007718376666702671e-02
9.866127702103391628e-03
9.866127702103391628e-03
9.682684741209944546e-03
9.493713628051923814e-03
9.313344479235883058e-03
9.293091295913808933e-03
9.103014274268069611e-03
8.904006341931837779e-03
8.606639897127871253e-03
8.104382990187574548e-03
7.582008409575389553e-03
7.101991136753632063e-03
7.101991136753632063e-03
6.725463408118169568e-03
6.360192153945246063e-03
5.996867439790675575e-03
5.785068687891856305e-03
5.740352526405726949e-03
5.668712144648071528e-03
5.777535804212158982e-03
6.078615566152538799e-03
6.139467529327722294e-03
6.247876558393932085e-03
6.247876558393932085e-03
6.287767689418686731e-03
6.400781654624074918e-03
6.400781654624074918e-03
6.408760806798667262e-03
6.418243747786950108e-03
6.395268703174710259e-03
6.540309027139357828e-03
6.708755505286605365e-03
6.913712745859165905e-03
7.044729059258373824e-03
7.044729059258373824e-03
7.074541825810582406e-03
6.950990441977543746e-03
6.831962061865001420e-03
6.693768377855473586e-03
6.671238016825232521e-03
6.522715104718629711e-03
6.372257352149616853e-03
6.327648777288697769e-03
6.255034884955832167e-03
6.115751613845525625e-03
6.115751613845525625e-03
5.974428309403063443e-03
5.829515165408563106e-03
5.681303275639794370e-03
5.691229240530579735e-03
5.652368291495836645e-03
5.673192586388466074e-03
5.738339877657826910e-03
5.903063923290301912e-03
6.121413051608679164e-03
6.455785901279901748e-03
6.455785901279901748e-03
6.587616955439037914e-03
6.791269706715922713e-03
7.019525455726155147e-03
7.132123441260578185e-03
7.019531168090088584e-03
7.019182068618159444e-03
7.111988230922301757e-03
7.209166542021053399e-03
7.213596026656166060e-03
7.281284097290711792e-03
7.281284097290711792e-03
7.631561311248059691e-03
7.999248967824305542e-03
8.282605499146875050e-03
8.650833087860399645e-03
8.979128693165819297e-03
9.130516896229136023e-03
9.037760895088916765e-03
8.920843343743250359e-03
8.636681182150709665e-03
8.311201216733139080e-03
8.311201216733139080e-03
8.071575549849496767e-03
7.674191333595096337e-03
7.191598336228584472e-03
6.667020198985820940e-03
6.266861204231363031e-03
6.108634075992606244e-03
5.968181820919604350e-03
5.944631923978116808e-03
6.114176711268890820e-03
6.448206889540408944e-03
6.448206889540408944e-03
6.784211865262530089e-03
7.012472492839602958e-03
7.029707312661739003e-03
7.145266095125998168e-03
7.298107567160221423e-03
7.447176997146321038e-03
7.573948975770713847e-03
7.727133356363685701e-03
7.841812605229285180e-03
7.866235918883770356e-03
7.866235918883770356e-03
7.886530200398946672e-03
7.880084908409145522e-03
7.740823168409743590e-03
7.496261463244211810e-03
7.220869403744150511e-03
7.020021867754545723e-03
6.941627369680838586e-03
7.093164581382854945e-03
7.331810860241522350e-03
7.581251460940929311e-03
7.581251460940929311e-03
7.730600279420409351e-03
7.813572003476335071e-03
7.966752231514544202e-03
8.028548466651182908e-03
8.064354241231698819e-03
7.973231846565094830e-03
7.924676851347853615e-03
8.013556805404300348e-03
8.035729376043737951e-03
8.134034917276522156e-03
8.134034917276522156e-03
8.261575776325764259e-03
8.414574655352693305e-03
8.555781762415845884e-03
8.683937601916501964e-03
8.789533677163802877e-03
8.838732208353714676e-03
8.875357257268842032e-03
8.842192912595438908e-03
8.688218335362906872e-03
8.487369864719269963e-03
8.487369864719269963e-03
8.176292490073807859e-03
7.977133539574389476e-03
7.819797371757895160e-03
7.819797371757895160e-03
7.819797371757895160e-03
7.725927493280637312e-03
7.647716592390416818e-03
7.638119264164772160e-03
7.638119264164772160e-03
7.638119264164772160e-03
7.638119264164772160e-03
7.681059763103893073e-03
7.730901132658564781e-03
7.809914518870554427e-03
7.801699336713442332e-03
7.882665434748886701e-03
7.860419995266088727e-03
7.817955643944499849e-03
7.855883510727273977e-03
7.931671491389855402e-03
8.016514585078019645e-03
8.016514585078019645e-03
8.130122582361737002e-03
8.237472427859918525e-03
8.298929027849144893e-03
8.269221556899119044e-03
8.442165635370013285e-03
8.540031038685755999e-03
8.631544683943568122e-03
8.740320769949573923e-03
8.752319548459043530e-03
8.647532003464708864e-03
8.647532003464708864e-03
8.706096943004166047e-03
8.578548435869691111e-03
8.552025350058407166e-03
8.554387540588787378e-03
8.459695336780655162e-03
8.364976111760373187e-03
7.977888721763854232e-03
7.694289956379570146e-03
7.661263158890843812e-03
7.660710550683580596e-03
7.660710550683580596e-03
7.618751488444652775e-03
7.486417240061389589e-03
7.330134637245228242e-03
7.244606505547725867e-03
7.193839567544471972e-03
7.231756912821055497e-03
7.323680807170765937e-03
7.444903736386262842e-03
7.595472025633177686e-03
7.773774648998906488e-03
7.773774648998906488e-03
8.003932408265716433e-03
8.283053728631707344e-03
8.530877367747923337e-03
8.763630064036629849e-03
8.963097137316173788e-03
9.089674009541821170e-03
9.180743779022997042e-03
9.187895439879223067e-03
9.167173471161220097e-03
8.993519076985843214e-03
8.993519076985843214e-03
8.816049191141889924e-03
8.595796774957288611e-03
8.370848859830592320e-03
8.725942367167839955e-03
9.108578687745961730e-03
9.537417315197856821e-03
9.898847646454224034e-03
1.025449987498362574e-02
1.045617635597704403e-02
1.064816793269412511e-02
1.064816793269412511e-02
1.077073946398810454e-02
1.079678209357242714e-02
1.084057706548685954e-02
1.087699074051976314e-02
1.087262143733622177e-02
1.079903664476835647e-02
1.072228059163602733e-02
1.052866501255468948e-02
1.031025066887939975e-02
1.009524437808995145e-02
1.009524437808995145e-02
1.004319109310116732e-02
1.008716979672553971e-02
1.011966470991295525e-02
1.021699215211277836e-02
1.024232898535488816e-02
1.027859563244078699e-02
1.026695753559301455e-02
1.016535923773218345e-02
1.019157006571986927e-02
1.027957261823512353e-02
1.027957261823512353e-02
1.034063822112469416e-02
1.055658524550657021e-02
1.076877726681987717e-02
1.089970254153936439e-02
1.097340631777486523e-02
1.095247139482714155e-02
1.086191294373042675e-02
1.068771887353920334e-02
1.055013801242102832e-02
1.042071322377143873e-02
1.042071322377143873e-02
1.035894683883049894e-02
1.034189907265897941e-02
1.037772045965836346e-02
1.030166028712387223e-02
1.009151914809289230e-02
9.883685943330156737e-03
9.727143266132252247e-03
9.660681349485030281e-03
9.569140510699033694e-03
9.514287392908986341e-03
9.514287392908986341e-03
9.538819176216514067e-03
9.595826870203664344e-03
9.717722730046866528e-03
9.797918074811482608e-03
9.912553441300044413e-03
1.001468792118784257e-02
1.017029678330524586e-02
1.016121175687418644e-02
1.020833228654558465e-02
1.016668932556425223e-02
1.016668932556425223e-02
1.020691888417711232e-02
1.025767849609542440e-02
1.037094358367249107e-02
1.040534000993008183e-02
1.042251713897066924e-02
1.047138955125952176e-02
1.047138955125952176e-02
1.047138955125952176e-02
1.047138955125952176e-02
1.038812273707926184e-02
1.038812273707926184e-02
1.032227227584958315e-02
1.012814903437946924e-02
9.901505264882971141e-03
9.683421321560217038e-03
9.480655495294821808e-03
9.317022407063639197e-03
8.160106171319106774e-03
7.095085953712005310e-03
7.095085953712005310e-03
7.095085953712005310e-03
7.095085953712005310e-03
6.164670419674857064e-03
5.444668396907892567e-03
4.910733258759870760e-03
4.639493762426579078e-03
4.596083241737328011e-03
4.605381412992728962e-03
4.684017006766591149e-03
4.777095751299744071e-03
4.871190402170928573e-03
4.929871618314450588e-03
4.929871618314450588e-03
5.071431488432964589e-03
5.280503404793367855e-03
5.484570904156121744e-03
5.697547739396412007e-03
5.909755960932108233e-03
6.024081511985966350e-03
6.167547101953200009e-03
6.290364001804360158e-03
6.379894310780178171e-03
6.527330877777796220e-03
6.527330877777796220e-03
6.741222876585490666e-03
6.973347713017201237e-03
7.294547464724637428e-03
7.579152762321124219e-03
8.050376415309135752e-03
8.404245048563073126e-03
8.627352017296450321e-03
8.726562350301012363e-03
8.744074318527349579e-03
8.734185909304388942e-03
