4.592427171398405505e-02
4.756997528675199760e-02
4.770658103889413582e-02
4.738812776690259909e-02
4.686011783582255674e-02
4.612411710406583154e-02
4.561531218887981964e-02
4.581584193362608914e-02
4.569136748977964402e-02
4.566839915693776675e-02
4.566334499005453296e-02
4.566334499005453296e-02
4.596457626799921314e-02
4.606432749442479491e-02
4.630356665278689832e-02
4.645735105891191097e-02
4.660665227734295257e-02
4.674751977645463796e-02
4.705498172736355400e-02
4.742229016930821217e-02
4.789328710885509821e-02
4.824802097751490493e-02
4.824802097751490493e-02
4.849394745742507951e-02
4.870625067511813455e-02
4.879181314216562981e-02
4.881577036166362404e-02
4.880487700262925443e-02
4.893821611275317451e-02
4.904049282854305858e-02
4.924496808582912166e-02
4.952283590984762895e-02
4.969641901880539336e-02
4.969641901880539336e-02
5.001861929064688184e-02
5.038772042301875587e-02
5.073149609264326898e-02
5.089067451991446944e-02
5.112035831518646489e-02
5.113622977739940012e-02
5.109734097358042959e-02
5.094896874439491796e-02
5.107313726020645817e-02
5.128425079515874785e-02
5.128425079515874785e-02
5.152297140152395372e-02
5.156366520627120309e-02
5.156665369028079482e-02
5.144014836654342560e-02
5.104889301832749027e-02
5.092042891763082224e-02
5.082403255966205791e-02
5.067096564018669369e-02
5.061812203933513388e-02
5.069206623409616697e-02
5.069206623409616697e-02
5.077148694814503926e-02
5.091254663313105056e-02
5.098181878641305786e-02
5.120614708476622923e-02
5.159358762186005976e-02
5.194728213623367452e-02
5.242405794007254372e-02
5.289758328265747878e-02
5.308420423572624003e-02
5.288375485975205237e-02
5.288375485975205237e-02
5.247799994588042694e-02
5.204449092788898668e-02
5.167704165595843335e-02
5.127196096217456756e-02
5.113184596837161422e-02
5.115142908270620126e-02
5.122665332684217532e-02
5.139799234778319459e-02
5.178230202552391859e-02
5.211600350938638826e-02
5.211600350938638826e-02
5.245764354032633747e-02
5.291904962057003559e-02
5.343189936321390832e-02
5.372834290457717543e-02
5.355935844211145991e-02
5.338712234843878690e-02
5.308467374558656360e-02
5.277878792077927983e-02
5.246334662278595573e-02
5.208636826452206492e-02
5.208636826452206492e-02
5.207314833915344110e-02
5.210858249051764091e-02
5.245176089933423214e-02
5.257024340677496355e-02
5.270426883304679677e-02
5.295302607691354524e-02
5.274927533712325811e-02
5.272681028611181375e-02
5.265713861813825503e-02
5.260116472319253944e-02
5.260116472319253944e-02
5.251423818716371983e-02
5.251434974363089481e-02
5.242516014176867856e-02
5.211349386601948908e-02
5.181906337045560917e-02
5.145716081254558816e-02
5.101801730692212544e-02
5.043758180387936108e-02
4.990086657484482657e-02
4.917796045705369323e-02
4.917796045705369323e-02
4.857716860497340861e-02
4.796066388575237482e-02
4.744801855455094142e-02
4.688319198039714308e-02
4.631656828135888304e-02
4.603517438471538270e-02
4.561886710919615950e-02
4.525269613673099656e-02
4.468437406237057985e-02
4.398010945207175837e-02
4.398010945207175837e-02
4.333345105878905201e-02
4.305508382548151047e-02
4.300850377040710271e-02
4.324289361453903524e-02
4.362095817287681143e-02
4.419965963480354532e-02
4.449436382625737707e-02
4.459027869706311265e-02
4.461230103374713707e-02
4.476091834740714148e-02
4.476091834740714148e-02
4.493022449178685207e-02
4.499647246648663668e-02
4.496777397018902889e-02
4.554331766789321279e-02
4.561448058870709588e-02
4.564067829608120519e-02
4.574743797370217635e-02
4.588349406936753638e-02
4.611364726551148152e-02
4.629817340300323991e-02
4.629817340300323991e-02
4.681907455838008048e-02
4.744659381329441317e-02
4.804120665614419750e-02
4.881549661097750459e-02
4.917218855072125194e-02
4.939660274568336007e-02
4.952353120350405646e-02
4.936795177993058559e-02
4.887110356423196578e-02
4.845756895438846357e-02
4.845756895438846357e-02
4.803123573988532513e-02
4.767439873477918866e-02
4.750500435845328440e-02
4.765304719893315166e-02
4.807176142973457189e-02
4.867931053948559850e-02
4.901557277456536355e-02
4.947409323478613175e-02
4.980853414581964955e-02
4.984644163256746197e-02
4.984644163256746197e-02
4.957322717318302097e-02
4.906924340587615063e-02
4.842539789544630935e-02
4.785755185828310942e-02
4.760689010698992973e-02
4.751926761580715919e-02
4.796838887473775515e-02
4.836450765172450872e-02
4.873474495411933560e-02
4.884847004436831952e-02
4.884847004436831952e-02
4.879480584763218332e-02
4.873510247629209147e-02
4.847542896512813115e-02
4.838898936542790352e-02
4.853803080014618132e-02
4.885581797856275443e-02
4.922128177833684504e-02
4.957434673253757751e-02
4.985596187216589925e-02
4.996492702913357675e-02
4.996492702913357675e-02
4.992340127727246113e-02
4.976383391661443056e-02
4.955768605745003441e-02
4.955768605745003441e-02
4.933592849984247408e-02
4.902744424199756423e-02
4.874847605512488968e-02
4.880457854812281226e-02
4.879042002859002025e-02
4.885349281186091019e-02
4.885349281186091019e-02
4.893613576989785940e-02
4.904883524947667439e-02
4.929840422650855203e-02
4.939632522320991370e-02
4.952776942592951315e-02
4.963955701385458497e-02
4.982380316937895515e-02
4.975952416252837907e-02
4.974482810308256120e-02
4.975758997969315089e-02
4.975758997969315089e-02
4.960924330050886510e-02
4.934324180622606804e-02
4.923812381913350578e-02
4.943210760244731716e-02
4.933643773590823400e-02
4.920349809592661217e-02
4.930270273220305199e-02
4.928129237517353545e-02
4.941917046649724199e-02
4.941841064988672372e-02
4.941841064988672372e-02
4.930763107264279910e-02
4.928824583380464475e-02
4.939507272276255634e-02
4.954674146643966992e-02
4.953669815592220971e-02
4.952859034395373783e-02
4.972976722588651199e-02
4.971305552877147704e-02
4.959825173576604129e-02
4.919098314065273314e-02
4.919098314065273314e-02
4.898637963450980237e-02
4.910434130315710632e-02
4.934405489378157483e-02
4.937087445359633620e-02
4.920713474815130439e-02
4.906152544700237428e-02
4.926587806978055539e-02
4.946221020639107735e-02
4.957983984563973934e-02
4.972656164078426144e-02
4.972656164078426144e-02
4.972656164078426144e-02
4.972656164078426144e-02
4.972656164078426144e-02
4.972656164078426144e-02
4.972656164078426144e-02
5.004068676332185106e-02
5.040725494677911200e-02
5.069341129271354163e-02
5.085378900713077854e-02
5.107386931706958677e-02
5.107386931706958677e-02
5.114937835945276845e-02
5.093089517731197446e-02
5.061178016977141425e-02
5.047519923425713984e-02
5.067739467107568174e-02
5.075072420829140896e-02
5.078237231082027847e-02
5.050532215542347103e-02
5.014190554961750479e-02
4.951383885969828924e-02
4.951383885969828924e-02
4.929550455633524564e-02
4.940117743258642946e-02
4.964418669328019007e-02
4.995219473815026845e-02
5.014850485288313564e-02
5.023856445419383476e-02
4.979423364032253829e-02
4.947951240991343980e-02
4.963430254342604542e-02
4.991975495412148689e-02
4.991975495412148689e-02
5.026255278733682275e-02
5.073340890205546572e-02
5.114373383691983577e-02
5.157416585498886263e-02
5.201068217639015501e-02
5.248090031278973555e-02
5.297321025769097247e-02
5.332005194287603445e-02
5.367743172576844302e-02
5.411318149629895657e-02
5.411318149629895657e-02
5.451315886158791812e-02
5.464806716338799220e-02
5.465553679666523834e-02
5.451600400678380254e-02
5.433918766754164409e-02
5.411230446672021799e-02
5.389888582359247948e-02
5.370461404028858965e-02
5.347875759321762956e-02
5.333013427232380366e-02
5.333013427232380366e-02
5.314106537085994120e-02
5.302955311473578348e-02
5.302125914581345967e-02
5.311158028477613868e-02
5.316982091133226618e-02
5.316599497138962960e-02
5.304948515159768618e-02
5.296604682852912305e-02
5.289431452425930047e-02
5.285855003150619069e-02
5.285855003150619069e-02
5.281985984095172171e-02
5.271546704167739961e-02
5.264865280696362504e-02
5.262154747971514723e-02
5.260584870374618305e-02
5.254375408104117184e-02
5.245730020297667551e-02
5.250583969848676702e-02
5.251089446074264089e-02
5.241574146196725792e-02
5.241574146196725792e-02
5.217856000906273550e-02
5.189001933892001261e-02
5.168811583396948350e-02
5.155107275056991512e-02
5.149854857793201290e-02
5.148588682994770238e-02
5.151010292671465152e-02
5.145377552632179885e-02
5.136685534785989660e-02
5.128087447249907171e-02
5.128087447249907171e-02
5.116815486054981932e-02
5.108285918075239351e-02
5.093625267619739105e-02
5.082355828391094121e-02
5.075292357789695785e-02
5.068400957724428224e-02
5.052073751650354438e-02
5.015295350609783043e-02
4.976846119718647543e-02
4.944589411295030601e-02
4.944589411295030601e-02
4.923886613861672146e-02
4.915831839352780008e-02
4.902982276499479042e-02
4.891657805570659434e-02
4.884234783181096162e-02
4.888000459467178871e-02
4.890583658039826531e-02
4.899382259199036582e-02
4.903158287321840447e-02
4.901316043426362512e-02
4.901316043426362512e-02
4.892577394020580783e-02
4.883593610073511115e-02
4.871020414729887449e-02
4.847320246569442048e-02
4.831619369628992189e-02
4.800897443298524081e-02
4.774556361798421023e-02
4.746834131192834150e-02
4.726371721469302400e-02
4.710177938899118288e-02
4.710177938899118288e-02
4.698726532060337746e-02
4.703351061228921992e-02
4.694403890997556061e-02
4.686184889811784160e-02
4.667457117709705727e-02
4.648880470666227893e-02
4.619900388357045529e-02
4.619900388357045529e-02
4.592135826875676230e-02
4.557706578711595569e-02
4.557706578711595569e-02
4.535295702224928505e-02
4.532017353992934261e-02
4.530697413359430215e-02
4.532231549748022559e-02
4.537046524410826009e-02
4.545667263279540293e-02
4.549401110452855335e-02
4.550152997080125772e-02
4.557951064769483196e-02
4.548584657354926009e-02
4.548584657354926009e-02
4.534656700037942301e-02
4.519127273488177110e-02
4.508666568413310927e-02
4.497572648635550507e-02
4.492748788823419659e-02
4.497133567022260081e-02
4.506011671561971355e-02
4.521669707427289353e-02
4.533432298364292734e-02
4.533936034743657473e-02
4.533936034743657473e-02
4.533410201080467772e-02
4.525877201148098550e-02
4.501263698768465105e-02
4.482432690375315332e-02
4.470878477645623406e-02
4.463829982670297625e-02
4.461441381823583185e-02
4.472117980779799495e-02
4.487619458895331093e-02
4.495502943236395765e-02
4.495502943236395765e-02
4.491914975935884513e-02
4.478193197314261909e-02
4.451798967683551211e-02
4.425326961084685706e-02
4.405302241965269872e-02
4.393348028335797295e-02
4.389887554804783321e-02
4.387799891596610991e-02
4.399196895145074393e-02
4.396448613573156194e-02
4.396448613573156194e-02
4.397518352481633030e-02
4.390939529494719551e-02
4.374542016039129066e-02
4.353445220340912414e-02
4.339154418002699742e-02
4.341513991080958590e-02
4.343371802885975796e-02
4.347529616621770288e-02
4.349167328958358780e-02
4.336679916635688414e-02
4.336679916635688414e-02
4.324481672653490705e-02
4.300241590279352266e-02
4.272373119893657645e-02
4.252091515892786333e-02
4.238771018315912187e-02
4.229784141058345881e-02
4.232537123673907331e-02
4.238223488626502444e-02
4.239706052373382050e-02
4.231938512774213734e-02
4.231938512774213734e-02
4.221393839278064775e-02
4.203679156091855162e-02
4.189630623286522138e-02
4.173374376821303855e-02
4.161674305971807541e-02
4.149149531611584507e-02
4.142332992163577643e-02
4.141298645248348009e-02
4.145895185286896378e-02
4.155987806758965064e-02
4.155987806758965064e-02
4.164412409772300094e-02
4.166251753164118554e-02
4.158045049256742232e-02
4.141182725587011504e-02
4.130603828849643833e-02
4.116975523602128817e-02
4.102628417122478055e-02
4.075491686816690162e-02
4.070144465081959595e-02
4.074398793965272603e-02
4.074398793965272603e-02
4.097485841804893170e-02
4.122708471915004225e-02
4.151492975788340090e-02
4.169690463648922929e-02
4.171375428500923022e-02
4.153536246490574513e-02
4.128944736601081189e-02
4.098542773509272763e-02
4.071081485633065711e-02
4.047180213768708512e-02
4.047180213768708512e-02
4.038435261234418761e-02
4.044291185680215506e-02
4.060221101633310070e-02
4.074503437142595885e-02
4.075062544856944413e-02
4.063670578641964681e-02
4.041920880119675985e-02
4.006677940259706361e-02
3.964875089162234190e-02
3.916580264372448994e-02
3.916580264372448994e-02
3.886649935987929183e-02
3.877345769909190665e-02
3.891971132320648508e-02
3.941685521251070412e-02
3.995154087371943774e-02
4.031839064677633644e-02
4.040426407061037395e-02
4.027086388624567803e-02
3.992084476915636060e-02
3.941552160035843855e-02
3.941552160035843855e-02
3.905140801742579271e-02
3.889110889285962713e-02
3.891417679702602328e-02
3.908481453244849746e-02
3.929304945102529700e-02
3.950607206205436484e-02
3.971263976414185493e-02
3.980903232647037271e-02
3.980130471705578543e-02
3.963718800033610989e-02
3.963718800033610989e-02
3.945270306599280019e-02
3.916139337080792870e-02
3.897995333406711893e-02
3.898912273898158531e-02
3.905762658207390103e-02
3.930558095990566159e-02
3.954161986062132428e-02
3.976193036649178225e-02
3.981796718601415819e-02
3.982269069234956049e-02
3.982269069234956049e-02
3.982061609986065065e-02
3.977127960460524747e-02
3.972931074148444708e-02
3.972897390010743379e-02
3.978522569234410611e-02
3.980619046535682770e-02
3.985652908412973261e-02
3.993288755281287905e-02
4.007573469699021729e-02
4.008300399914244139e-02
4.008300399914244139e-02
4.016977046088943126e-02
4.019593535135346229e-02
4.020995986804010158e-02
4.021620916547163915e-02
4.016363704781422683e-02
4.020033835621017460e-02
4.044578602666071276e-02
4.072711329888978327e-02
4.095690269605611888e-02
4.106626298302540334e-02
4.106626298302540334e-02
4.115578292465293941e-02
4.114564396926745360e-02
4.107435209993859360e-02
4.098733175797164563e-02
4.083872135932953285e-02
4.079152796880247678e-02
4.078513925694338127e-02
4.088694335086451304e-02
4.096003004507053902e-02
4.104907367700416643e-02
4.104907367700416643e-02
4.112172484984810694e-02
4.105363240861592544e-02
4.095306382822272440e-02
4.082448066565635969e-02
4.065743108575325948e-02
4.058006872326558323e-02
4.055364587173215796e-02
4.060055706144538590e-02
4.072499810335372672e-02
4.089708079593989964e-02
