3.534252569079399109e-02
3.534252569079399109e-02
3.590968996286392212e-02
3.643789142370223999e-02
3.587285429239273071e-02
3.529654443264007568e-02
3.531513735651969910e-02
3.562985360622406006e-02
3.612405434250831604e-02
3.670410439372062683e-02
3.715294227004051208e-02
3.776242956519126892e-02
3.776242956519126892e-02
3.816622868180274963e-02
3.864411637187004089e-02
3.921662271022796631e-02
3.938497230410575867e-02
3.963290154933929443e-02
3.989312797784805298e-02
4.020667076110839844e-02
4.066472128033638000e-02
4.108662903308868408e-02
4.165943711996078491e-02
