4.096246133193290340e-02
4.096246133193290340e-02
4.103608130093429340e-02
4.062642799128775989e-02
4.047720155684373516e-02
4.067479092729883033e-02
4.086042985071899891e-02
4.096762339255826529e-02
4.105552302533848480e-02
4.089186455830222389e-02
4.066751674512348452e-02
4.050822376444567635e-02
4.050822376444567635e-02
4.054667113764925251e-02
4.050179507404381984e-02
4.069307131172831410e-02
4.073832979260671311e-02
4.068733678464599157e-02
4.061424981296305609e-02
4.058949822936506330e-02
4.051814422861882425e-02
4.054098307972840709e-02
4.038223682727661717e-02
4.038223682727661717e-02
4.005528012715761643e-02
3.964029757613184851e-02
3.932636348176759417e-02
3.894009920762846189e-02
3.859170688111820957e-02
3.821471675393124656e-02
3.771726070927346186e-02
3.749243373404668317e-02
3.702621537396718482e-02
3.647407324552524865e-02
3.647407324552524865e-02
3.602529736453358861e-02
3.549355808717558070e-02
3.502729537390842501e-02
3.461469104641960032e-02
3.433291971958116195e-02
3.426005525322837336e-02
3.416994595546346547e-02
3.414280036884319303e-02
3.422505139490148590e-02
3.419184436207779731e-02
3.419184436207779731e-02
3.417120886753970133e-02
3.443776600241617303e-02
3.467300949663097709e-02
3.495520163244450473e-02
3.516845291486692116e-02
3.535353840472830328e-02
3.545583653677997910e-02
3.557332905136235957e-02
3.555968304783335698e-02
3.536446726074875951e-02
3.536446726074875951e-02
3.504355832104797536e-02
3.472125352753534927e-02
3.453047729628789392e-02
3.440996303368104581e-02
3.419302613299292359e-02
3.415497082626593739e-02
3.406353938979479051e-02
3.402086731065986219e-02
3.407109521066682689e-02
3.399063138930206313e-02
3.399063138930206313e-02
3.392291754429122008e-02
3.383285769452524377e-02
3.380139078773299749e-02
3.374121074883500160e-02
3.368944291424125215e-02
3.377062943140361762e-02
3.387752152322245913e-02
3.396078574557273577e-02
3.395518692012186590e-02
3.384203349270241412e-02
3.384203349270241412e-02
3.370718267461911277e-02
3.363328159638933473e-02
3.353873792364366058e-02
3.344269486393420393e-02
3.344636225528695855e-02
3.352065002501455199e-02
3.353351981065749027e-02
3.353060295290472698e-02
3.351720645909824631e-02
3.346226330903880053e-02
3.346226330903880053e-02
3.334482798323235020e-02
3.323032850456397735e-02
3.291128789789588699e-02
3.239861546772335177e-02
3.179378482098676323e-02
3.123237648708152361e-02
3.060306215276386091e-02
3.005047690639168004e-02
2.950554609146963450e-02
2.888259254860316497e-02
2.888259254860316497e-02
2.848231412277841060e-02
2.817190446681351948e-02
2.792766928084759737e-02
2.786269477835879096e-02
2.785360261815198607e-02
2.822071643421144096e-02
2.869984335592017100e-02
2.912165838027184692e-02
2.935745214183168098e-02
2.963889292791544589e-02
2.963889292791544589e-02
2.976405021940806139e-02
2.969396761326036777e-02
2.964998411259787275e-02
2.963434876039689261e-02
2.957357583959725408e-02
2.941434236410382305e-02
2.933422444430837037e-02
2.932818347295349654e-02
2.929656685424082349e-02
2.913000535383378914e-02
2.913000535383378914e-02
2.905730844347112485e-02
2.917076620037773599e-02
2.934694555601520885e-02
2.955161924378629096e-02
2.988007653054144952e-02
3.025900779069743557e-02
3.073550774796818610e-02
3.128288904540279386e-02
3.167661770580958852e-02
3.172187089287124145e-02
3.172187089287124145e-02
3.157232555798338697e-02
3.131604569084954492e-02
3.114753994805394624e-02
3.065785934036371549e-02
3.035607997547666928e-02
3.008463595959665407e-02
2.988530780676633067e-02
2.962760362762260208e-02
2.944659269062963394e-02
2.955500764905545294e-02
2.955500764905545294e-02
2.977420974907751122e-02
3.002199210707818741e-02
3.036278874137553208e-02
3.066799275082414400e-02
3.094768349863419657e-02
3.133172274710742389e-02
3.167638579691691575e-02
3.195911111493788398e-02
3.195630379199936033e-02
3.194913986846754927e-02
3.194913986846754927e-02
3.183791989502509495e-02
3.193787205887967107e-02
3.209776105155792009e-02
3.228859612333250667e-02
3.220214229627739455e-02
3.218691848999948035e-02
3.221141347992174248e-02
3.228746688025219136e-02
3.226005646996499276e-02
3.206076000373071083e-02
3.206076000373071083e-02
3.186776718074681852e-02
3.157235880225910118e-02
3.141939687176227569e-02
3.133895816152903330e-02
3.129002169392382932e-02
3.128878422780506652e-02
3.130863678334429301e-02
3.138966622502775000e-02
3.155858321776996295e-02
3.180888732434280358e-02
3.180888732434280358e-02
3.215180818927128314e-02
3.236814974433620956e-02
3.250827931072250432e-02
3.251719473157256568e-02
3.242680652257255713e-02
3.224605719467635995e-02
3.200698692601642442e-02
3.169118462033567590e-02
3.141358687939956734e-02
3.118283071922381064e-02
3.118283071922381064e-02
3.089252049162044197e-02
3.068594884625991739e-02
3.047022766410806272e-02
3.019661033186802138e-02
3.000334673186982881e-02
2.992249024797765874e-02
2.983353616682361820e-02
2.980272203199647862e-02
2.957202866931894422e-02
2.928929000473302902e-02
2.928929000473302902e-02
2.902165072152314979e-02
2.883597831424427466e-02
2.879648554602837196e-02
2.879039286480123208e-02
2.885473804374406870e-02
2.890218243338757778e-02
2.885607309464983949e-02
2.871119795062848645e-02
2.856099304116353071e-02
2.851348895854326562e-02
2.851348895854326562e-02
2.853967549706216272e-02
2.870679242983344842e-02
2.895975184034956657e-02
2.923505438833047185e-02
2.945904207860051971e-02
2.960939343602022114e-02
2.962385816316140050e-02
2.953512987237390600e-02
2.939790954070701026e-02
2.904837002718771433e-02
2.904837002718771433e-02
2.873294861691973873e-02
2.849615421246334823e-02
2.823957806309652929e-02
2.771018833127001160e-02
2.714995293759462497e-02
2.667804352703389073e-02
2.627541799430685790e-02
2.590145122989286411e-02
2.566118435154148697e-02
2.549473036750143917e-02
2.549473036750143917e-02
2.529171689556648089e-02
2.508541744824516195e-02
2.492344307432900127e-02
2.471534032166945380e-02
2.457694377281785525e-02
2.455578326070979867e-02
2.454640484624771510e-02
2.460057054155509459e-02
2.483990649122875399e-02
2.519895888792207661e-02
2.519895888792207661e-02
2.558601188152593089e-02
2.590676753079177233e-02
2.618392645750541869e-02
2.647545171430766564e-02
2.688336709784375222e-02
2.713876564021237142e-02
2.736473473210048954e-02
2.761885979164195246e-02
2.777092537091533850e-02
2.786507517463553130e-02
2.786507517463553130e-02
2.789279776232287886e-02
2.794385028082290931e-02
2.778287089662269047e-02
2.766962431356224592e-02
2.765585539771102733e-02
2.766300859802531265e-02
2.776750206219746539e-02
2.796340506728047653e-02
2.805489018950084457e-02
2.804350327660737330e-02
2.804350327660737330e-02
2.806081582935778321e-02
2.803518224597709857e-02
2.789942112666616778e-02
2.774964117967874608e-02
2.764394309630576266e-02
2.750303787263886843e-02
2.746402912735753168e-02
2.746350705655723617e-02
2.742209680980726635e-02
2.714603371188361453e-02
2.714603371188361453e-02
2.714603371188361453e-02
2.693166678433254330e-02
2.661854588985639730e-02
2.625580673922649558e-02
2.590638905721006496e-02
2.569566784436971493e-02
2.551474249433106911e-02
2.519946683825386932e-02
2.477465832530283130e-02
2.427906177076174718e-02
2.427906177076174718e-02
2.407472532677053592e-02
2.396353931136041560e-02
2.379101358746561409e-02
2.366042660065966960e-02
2.348970554112537329e-02
2.333337197923040715e-02
2.331866008463212916e-02
2.339250394067873828e-02
2.358458403209932538e-02
2.374932953557812657e-02
2.374932953557812657e-02
2.376963835470389044e-02
2.361638811685007333e-02
2.347882939626433699e-02
2.348866316204792359e-02
2.338350143247878987e-02
2.331517892194707314e-02
2.335613199395748796e-02
2.355495875145129786e-02
2.368812522230581349e-02
2.378498037411420907e-02
2.378498037411420907e-02
2.383413383000276137e-02
2.402669915331899844e-02
2.402061437650836531e-02
2.402198010101874726e-02
2.419590126594755100e-02
2.434996373548627829e-02
2.444411311580450830e-02
2.455138404635640384e-02
2.482347294351432143e-02
2.506011266062491485e-02
2.506011266062491485e-02
2.539404770573566034e-02
2.576544107674543296e-02
2.607634387155681119e-02
2.627512309817424743e-02
2.639664090785232703e-02
2.654456348578097466e-02
2.658068840447154815e-02
2.654255714443973235e-02
2.651648482743525909e-02
2.645529989512804617e-02
2.645529989512804617e-02
2.648917918180082945e-02
2.664933852324966393e-02
2.678022360319305337e-02
2.684223157307567137e-02
2.693398920594841650e-02
2.694514787492259880e-02
2.694466502741221445e-02
2.690692697083073293e-02
2.687146787342462387e-02
2.674275223173358182e-02
2.674275223173358182e-02
2.658940763869582433e-02
2.644702774871381806e-02
2.642794081467240985e-02
2.643418986240707313e-02
2.625403112542956316e-02
2.589562224089066514e-02
2.558270339486389683e-02
2.529797644570484436e-02
2.501503623454945369e-02
2.480587324424234422e-02
2.480587324424234422e-02
2.457945127374763089e-02
2.457774772577716108e-02
2.463966502722057458e-02
2.465470728904769343e-02
2.467948938621124591e-02
2.468773297722708787e-02
2.459741065285775408e-02
2.455411033293879164e-02
2.446909951385181983e-02
2.441476309845250908e-02
2.441476309845250908e-02
2.393640231345674219e-02
2.339731374703005878e-02
2.300333381536349975e-02
2.271586054250130521e-02
2.253762499272386408e-02
2.252474073359557460e-02
2.251204708937376217e-02
2.247818455564924017e-02
2.244384868291532387e-02
2.240749856099554307e-02
2.240749856099554307e-02
2.238962502736333363e-02
2.220389013802859940e-02
2.195266257967947235e-02
2.164949036427043019e-02
2.146706439645077943e-02
2.134453738691744970e-02
2.135356343086015560e-02
2.159555692626934781e-02
2.172366786110025566e-02
2.189338594679983083e-02
2.189338594679983083e-02
2.196047199444639206e-02
2.195955805271309139e-02
2.213781951134327283e-02
2.222345926518805651e-02
2.219834455807398813e-02
2.214831052292380240e-02
2.214218143582844661e-02
2.209223176740672187e-02
2.209197757716306262e-02
2.208780470801907300e-02
2.208780470801907300e-02
2.204059616351426720e-02
2.196326531151096897e-02
2.195593855789141485e-02
2.196835420281861503e-02
2.199275110590508467e-02
2.193674017780112423e-02
2.186769659240126590e-02
2.192193941561212597e-02
2.198505886095961093e-02
2.217645323465862461e-02
2.217645323465862461e-02
2.236953749099541630e-02
2.258518273737860835e-02
2.262168315713166539e-02
2.261594651095709743e-02
2.253767077630261170e-02
2.217267048361105941e-02
2.163465790194590149e-02
2.113373828378487668e-02
2.080568406260248360e-02
2.057177197579448946e-02
2.057177197579448946e-02
2.052361968053648816e-02
2.072369868527763892e-02
2.091879508459522363e-02
2.104780972400245934e-02
2.107951341484872593e-02
2.112591547002070497e-02
2.106590449877622853e-02
2.115239896040382178e-02
2.124573348882233606e-02
2.119271514213803484e-02
