5.495660379528999329e-02
5.553565546870231628e-02
5.602912232279777527e-02
5.711099132895469666e-02
5.790742486715316772e-02
5.859606340527534485e-02
5.922015756368637085e-02
5.977312475442886353e-02
6.025855988264083862e-02
6.071011349558830261e-02
6.104495003819465637e-02
6.104495003819465637e-02
6.133215501904487610e-02
6.158662214875221252e-02
6.182450428605079651e-02
6.204501539468765259e-02
6.225523725152015686e-02
6.242093071341514587e-02
6.256252527236938477e-02
6.269152462482452393e-02
6.276499480009078979e-02
6.284049153327941895e-02
6.284049153327941895e-02
6.291866302490234375e-02
6.301736086606979370e-02
6.308828294277191162e-02
6.312819570302963257e-02
6.315767019987106323e-02
6.318549066781997681e-02
6.315442919731140137e-02
6.312555819749832153e-02
6.310167163610458374e-02
6.308970600366592407e-02
6.308970600366592407e-02
6.304055452346801758e-02
6.297748535871505737e-02
6.292846053838729858e-02
6.286823749542236328e-02
6.277566403150558472e-02
6.267865002155303955e-02
6.260269880294799805e-02
6.250931322574615479e-02
6.242803484201431274e-02
6.235831603407859802e-02
6.235831603407859802e-02
6.229754164814949036e-02
6.221836432814598083e-02
6.214364618062973022e-02
6.207149103283882141e-02
6.205008551478385925e-02
6.201702356338500977e-02
6.204717606306076050e-02
6.204688549041748047e-02
6.204704195261001587e-02
6.202547252178192139e-02
6.202547252178192139e-02
6.193845346570014954e-02
6.181319057941436768e-02
6.174249574542045593e-02
6.171533837914466858e-02
6.166173890233039856e-02
6.166817620396614075e-02
6.171565130352973938e-02
6.174047663807868958e-02
6.178818270564079285e-02
6.183613464236259460e-02
6.183613464236259460e-02
6.191518902778625488e-02
6.194219738245010376e-02
6.194408610463142395e-02
6.172273308038711548e-02
6.151948124170303345e-02
6.134708598256111145e-02
6.117606535553932190e-02
6.101176142692565918e-02
6.085155159235000610e-02
6.066380813717842102e-02
6.066380813717842102e-02
6.048269197344779968e-02
6.031651422381401062e-02
6.016736850142478943e-02
6.002044677734375000e-02
5.990096181631088257e-02
5.978721380233764648e-02
5.969740450382232666e-02
5.960385501384735107e-02
5.952661857008934021e-02
5.944294482469558716e-02
5.944294482469558716e-02
5.935575440526008606e-02
5.926167964935302734e-02
5.917850136756896973e-02
5.912940204143524170e-02
5.908166244626045227e-02
5.903899669647216797e-02
5.902649089694023132e-02
5.904820561408996582e-02
5.907865613698959351e-02
5.911704525351524353e-02
5.911704525351524353e-02
5.916950851678848267e-02
5.921902880072593689e-02
5.920805409550666809e-02
5.919812619686126709e-02
5.915807560086250305e-02
5.909717828035354614e-02
5.909717828035354614e-02
5.909717828035354614e-02
5.909717828035354614e-02
5.901507288217544556e-02
5.901507288217544556e-02
5.895468965172767639e-02
5.888941884040832520e-02
5.883215367794036865e-02
5.878503248095512390e-02
5.872523412108421326e-02
5.865659937262535095e-02
5.861244350671768188e-02
5.858594179153442383e-02
5.855420976877212524e-02
5.850542336702346802e-02
5.850542336702346802e-02
5.843415483832359314e-02
5.836730822920799255e-02
5.829700082540512085e-02
5.820917338132858276e-02
5.812835693359375000e-02
5.805131047964096069e-02
5.797281488776206970e-02
5.790351331233978271e-02
5.786786228418350220e-02
5.782327800989151001e-02
5.782327800989151001e-02
5.777148529887199402e-02
5.771387740969657898e-02
5.767008662223815918e-02
5.757488682866096497e-02
5.765796825289726257e-02
5.780911445617675781e-02
5.794811621308326721e-02
5.808739364147186279e-02
5.821778625249862671e-02
5.833270400762557983e-02
5.833270400762557983e-02
5.842645093798637390e-02
5.849974602460861206e-02
5.854760855436325073e-02
5.858709290623664856e-02
5.860571935772895813e-02
5.866378545761108398e-02
5.868894234299659729e-02
5.871656164526939392e-02
5.872302874922752380e-02
5.874110385775566101e-02
5.874110385775566101e-02
5.868078395724296570e-02
5.856873840093612671e-02
5.846285820007324219e-02
5.836653336882591248e-02
5.830871313810348511e-02
5.823765322566032410e-02
5.820168182253837585e-02
5.805571749806404114e-02
5.790527909994125366e-02
5.786122009158134460e-02
5.786122009158134460e-02
5.782646685838699341e-02
5.785501375794410706e-02
5.792517960071563721e-02
5.803180113434791565e-02
5.813435465097427368e-02
5.824595689773559570e-02
5.828907713294029236e-02
5.828853696584701538e-02
5.820433795452117920e-02
5.808220803737640381e-02
5.808220803737640381e-02
5.791208520531654358e-02
5.773997306823730469e-02
5.756705254316329956e-02
5.735263973474502563e-02
5.712614580988883972e-02
5.683771520853042603e-02
5.649242922663688660e-02
5.619393661618232727e-02
5.593701452016830444e-02
5.569171905517578125e-02
5.569171905517578125e-02
5.542031675577163696e-02
5.518908053636550903e-02
5.498563125729560852e-02
5.481351539492607117e-02
5.470026656985282898e-02
5.464110523462295532e-02
5.464744195342063904e-02
5.477562174201011658e-02
5.486185476183891296e-02
5.495982244610786438e-02
5.495982244610786438e-02
5.492835864424705505e-02
5.489200726151466370e-02
5.479044839739799500e-02
5.463892966508865356e-02
5.449410155415534973e-02
5.430803075432777405e-02
5.416304245591163635e-02
5.403245240449905396e-02
5.393088236451148987e-02
5.393088236451148987e-02
5.393088236451148987e-02
5.381888896226882935e-02
5.363080278038978577e-02
5.350632593035697937e-02
5.340247228741645813e-02
5.335364863276481628e-02
5.324836820363998413e-02
5.315175279974937439e-02
5.302618071436882019e-02
5.290916934609413147e-02
5.278345569968223572e-02
5.278345569968223572e-02
5.260475724935531616e-02
5.236270278692245483e-02
5.213472992181777954e-02
5.192750692367553711e-02
5.170293524861335754e-02
5.147475376725196838e-02
5.125527456402778625e-02
5.110188573598861694e-02
5.087751150131225586e-02
5.069198831915855408e-02
5.069198831915855408e-02
5.049268528819084167e-02
5.030926316976547241e-02
5.016697570681571960e-02
5.010106787085533142e-02
5.006945133209228516e-02
5.006341263651847839e-02
5.001841858029365540e-02
4.994444176554679871e-02
4.986758157610893250e-02
4.983603581786155701e-02
4.983603581786155701e-02
4.974726960062980652e-02
4.968417063355445862e-02
4.964819923043251038e-02
4.959702119231224060e-02
4.956588894128799438e-02
4.950660839676856995e-02
4.948208481073379517e-02
4.948668926954269409e-02
4.947764053940773010e-02
4.947108030319213867e-02
4.947108030319213867e-02
4.944667220115661621e-02
4.947166889905929565e-02
4.952921345829963684e-02
4.956811666488647461e-02
4.954959824681282043e-02
4.950653761625289917e-02
4.943172633647918701e-02
4.928379878401756287e-02
4.911454021930694580e-02
4.891181737184524536e-02
4.891181737184524536e-02
4.863687977194786072e-02
4.834003373980522156e-02
4.802509024739265442e-02
4.779902473092079163e-02
4.759706184267997742e-02
4.739715531468391418e-02
4.726677387952804565e-02
4.714841023087501526e-02
4.709344729781150818e-02
4.707669466733932495e-02
4.707669466733932495e-02
4.706908762454986572e-02
4.701100289821624756e-02
4.696584492921829224e-02
4.688549786806106567e-02
4.678922891616821289e-02
4.670132696628570557e-02
4.662447050213813782e-02
4.653890803456306458e-02
4.638368263840675354e-02
4.624557867646217346e-02
4.624557867646217346e-02
4.622546210885047913e-02
4.627456888556480408e-02
4.628552496433258057e-02
4.634287580847740173e-02
4.641933366656303406e-02
4.646353796124458313e-02
4.653268307447433472e-02
4.658982902765274048e-02
4.663251712918281555e-02
4.665500670671463013e-02
4.665500670671463013e-02
4.661272838711738586e-02
4.655534774065017700e-02
4.640203341841697693e-02
4.622999578714370728e-02
4.608777910470962524e-02
4.592024162411689758e-02
4.570167511701583862e-02
4.549220204353332520e-02
4.527086392045021057e-02
4.506496340036392212e-02
4.506496340036392212e-02
4.497818276286125183e-02
4.500243440270423889e-02
4.501883313059806824e-02
4.510495066642761230e-02
4.518510028719902039e-02
4.532600194215774536e-02
4.542351141571998596e-02
4.553836584091186523e-02
4.556157812476158142e-02
4.545632749795913696e-02
4.545632749795913696e-02
4.528560861945152283e-02
4.501911997795104980e-02
4.482875764369964600e-02
4.460882022976875305e-02
4.442896321415901184e-02
4.427577555179595947e-02
4.425454139709472656e-02
4.417568445205688477e-02
4.413422569632530212e-02
4.408387839794158936e-02
4.408387839794158936e-02
4.408597201108932495e-02
4.403567314147949219e-02
4.390105977654457092e-02
4.372062906622886658e-02
4.350783303380012512e-02
4.326306656002998352e-02
4.299040138721466064e-02
4.273066297173500061e-02
4.251332953572273254e-02
4.227523878216743469e-02
4.227523878216743469e-02
4.205919802188873291e-02
4.189053922891616821e-02
4.177301749587059021e-02
4.165406897664070129e-02
4.144310951232910156e-02
4.128915071487426758e-02
4.117432981729507446e-02
4.112105816602706909e-02
4.100802168250083923e-02
4.091363400220870972e-02
4.091363400220870972e-02
4.074752703309059143e-02
4.061395302414894104e-02
4.049123451113700867e-02
4.040641710162162781e-02
4.036516696214675903e-02
4.037551581859588623e-02
4.036328569054603577e-02
4.035003855824470520e-02
4.032943770289421082e-02
4.020140320062637329e-02
4.020140320062637329e-02
4.007992893457412720e-02
3.994631022214889526e-02
3.974268957972526550e-02
3.953760489821434021e-02
3.942060843110084534e-02
3.935835510492324829e-02
3.926581144332885742e-02
3.921071812510490417e-02
3.918694704771041870e-02
3.921537101268768311e-02
3.921537101268768311e-02
3.925029188394546509e-02
3.925403952598571777e-02
3.922756388783454895e-02
3.916144371032714844e-02
3.914055973291397095e-02
3.906985744833946228e-02
3.891658037900924683e-02
3.876011818647384644e-02
3.868933394551277161e-02
3.853023424744606018e-02
3.853023424744606018e-02
3.839554265141487122e-02
3.823415189981460571e-02
3.807626664638519287e-02
3.793488070368766785e-02
3.791316598653793335e-02
3.786234557628631592e-02
3.783768787980079651e-02
3.778903931379318237e-02
3.774429485201835632e-02
3.765092045068740845e-02
3.765092045068740845e-02
3.763488307595252991e-02
3.755937516689300537e-02
3.748196735978126526e-02
3.744708001613616943e-02
3.740769252181053162e-02
3.738805651664733887e-02
3.734719753265380859e-02
3.716512769460678101e-02
3.686546906828880310e-02
3.663945943117141724e-02
3.663945943117141724e-02
3.649115562438964844e-02
3.642550483345985413e-02
3.640314564108848572e-02
3.641106560826301575e-02
3.646276146173477173e-02
3.650098294019699097e-02
3.639864921569824219e-02
3.627190366387367249e-02
3.610774874687194824e-02
3.591004386544227600e-02
3.591004386544227600e-02
3.574699163436889648e-02
3.559922054409980774e-02
3.548638150095939636e-02
3.553123772144317627e-02
3.564097359776496887e-02
3.573632985353469849e-02
3.588342294096946716e-02
3.603905439376831055e-02
3.618439286947250366e-02
3.624294698238372803e-02
3.624294698238372803e-02
3.615114092826843262e-02
3.595150262117385864e-02
3.565530106425285339e-02
3.536725416779518127e-02
3.517549857497215271e-02
3.504895418882369995e-02
3.506635501980781555e-02
3.519639372825622559e-02
3.535621240735054016e-02
3.560914471745491028e-02
3.560914471745491028e-02
3.589124605059623718e-02
3.618532419204711914e-02
3.618532419204711914e-02
3.648529201745986938e-02
3.665075078606605530e-02
3.668363019824028015e-02
3.672944381833076477e-02
3.678034991025924683e-02
3.683844953775405884e-02
3.694534674286842346e-02
3.694534674286842346e-02
3.703125193715095520e-02
3.717026114463806152e-02
3.740929812192916870e-02
3.770567476749420166e-02
3.795441240072250366e-02
3.796838968992233276e-02
3.787383809685707092e-02
3.777193650603294373e-02
3.756455704569816589e-02
3.729461878538131714e-02
3.729461878538131714e-02
3.701162710785865784e-02
3.679287806153297424e-02
3.668523952364921570e-02
3.675968945026397705e-02
3.691396489739418030e-02
3.710076957941055298e-02
3.740107640624046326e-02
3.766461089253425598e-02
3.778700530529022217e-02
3.774916008114814758e-02
3.774916008114814758e-02
3.765480965375900269e-02
3.763997554779052734e-02
3.766067698597908020e-02
3.770967945456504822e-02
3.783513978123664856e-02
3.801435232162475586e-02
3.806177899241447449e-02
3.807064145803451538e-02
3.808614984154701233e-02
3.805242851376533508e-02
3.805242851376533508e-02
3.798256069421768188e-02
3.785220906138420105e-02
3.766255080699920654e-02
3.741411119699478149e-02
3.717045113444328308e-02
3.681847453117370605e-02
3.661410510540008545e-02
3.647180274128913879e-02
3.637632727622985840e-02
3.637906536459922791e-02
3.637906536459922791e-02
3.632389754056930542e-02
3.630972281098365784e-02
3.634199872612953186e-02
3.638442233204841614e-02
3.636842221021652222e-02
3.638738766312599182e-02
3.640183433890342712e-02
3.632539138197898865e-02
3.620427101850509644e-02
3.609822690486907959e-02
3.609822690486907959e-02
3.596363216638565063e-02
3.580177575349807739e-02
3.562162443995475769e-02
3.550104051828384399e-02
3.542237728834152222e-02
3.538817539811134338e-02
3.561197221279144287e-02
3.573098033666610718e-02
3.576360270380973816e-02
3.574386984109878540e-02
3.574386984109878540e-02
3.556763753294944763e-02
3.536417707800865173e-02
3.514460846781730652e-02
3.489986807107925415e-02
3.466796875000000000e-02
3.455243632197380066e-02
3.390708938241004944e-02
3.337734565138816833e-02
3.295886516571044922e-02
3.256682306528091431e-02
3.256682306528091431e-02
3.213919699192047119e-02
3.169739991426467896e-02
3.120805881917476654e-02
3.074374794960021973e-02
3.026845492422580719e-02
2.990418113768100739e-02
2.958273328840732574e-02
2.933827228844165802e-02
2.919009141623973846e-02
2.908250503242015839e-02
2.908250503242015839e-02
2.903486602008342743e-02
2.877931110560894012e-02
2.847160398960113525e-02
2.857859246432781219e-02
2.860479056835174561e-02
2.857696451246738434e-02
2.850438468158245087e-02
2.845023013651371002e-02
2.844982780516147614e-02
2.859127335250377655e-02
2.859127335250377655e-02
2.864612266421318054e-02
2.868918888270854950e-02
2.876364253461360931e-02
2.883548289537429810e-02
2.885063737630844116e-02
2.883107401430606842e-02
2.882781438529491425e-02
2.889483235776424408e-02
2.899412438273429871e-02
2.917983382940292358e-02
2.917983382940292358e-02
2.941888943314552307e-02
2.962173335254192352e-02
2.976688556373119354e-02
2.983406558632850647e-02
2.980608493089675903e-02
2.970502153038978577e-02
2.945340983569622040e-02
2.910877950489521027e-02
2.868467569351196289e-02
2.836173959076404572e-02
