3.026498126491774035e-02
2.906640575461624104e-02
2.914363714950917242e-02
2.975107416293250318e-02
3.022963018307579450e-02
3.069368837213278661e-02
3.078591652776328444e-02
3.098520087387333574e-02
3.141952979817249497e-02
3.179409604935932998e-02
3.211122528706076423e-02
3.211122528706076423e-02
3.236617364148516168e-02
3.199084984175467467e-02
3.169768549668605662e-02
3.142216516314177283e-02
3.117997266721263955e-02
3.093586350928891407e-02
3.072305938281775714e-02
3.051975296607426294e-02
3.031770538238537371e-02
3.016399439078422048e-02
3.016399439078422048e-02
2.999836290527431101e-02
2.984787731227155766e-02
2.968717705631958304e-02
2.956275849840850345e-02
2.947833738271286863e-02
2.938710003083039660e-02
2.928183660680714132e-02
2.914706284391932120e-02
2.906836958518435599e-02
2.899258476618277527e-02
2.899258476618277527e-02
2.899428302412435446e-02
2.897870532589792367e-02
2.889434506535612512e-02
2.875839446129127563e-02
2.863873491217696146e-02
2.852728979540715068e-02
2.838823521001757402e-02
2.823561982588705319e-02
2.812841513552811340e-02
2.806373451459991467e-02
2.806373451459991467e-02
2.796385476301612924e-02
2.785459965305856975e-02
2.775849331625019137e-02
2.769167911949718328e-02
2.764445172548791671e-02
2.761770323565827800e-02
2.760780902277349541e-02
2.756124424460054331e-02
2.753066662097604367e-02
2.750064371827419182e-02
2.750064371827419182e-02
2.748169934658799968e-02
2.742426566284274919e-02
2.735830204257282475e-02
2.739509456686776978e-02
2.736398653994239275e-02
2.729180208302126737e-02
2.714797186877154420e-02
2.697198111249199393e-02
2.684437345281625101e-02
2.677418082692880133e-02
2.677418082692880133e-02
2.669840800968878089e-02
2.654153004009072656e-02
2.647474954225384827e-02
2.637634618738365563e-02
2.630596780487280684e-02
2.626385220706185450e-02
2.619000115690347727e-02
2.612460102372304513e-02
2.602236309183220478e-02
2.593353340600072429e-02
2.593353340600072429e-02
2.588014275654416940e-02
2.580859478638877075e-02
2.574889809148423608e-02
2.565995844935593448e-02
2.554784608901703585e-02
2.540480089573778424e-02
2.525985726464931649e-02
2.508429561539696553e-02
2.489639835914293775e-02
2.476144381398083863e-02
2.476144381398083863e-02
2.468216835077821636e-02
2.460440103839656514e-02
2.446944682628185083e-02
2.438621456949513142e-02
2.421472472320214744e-02
2.401775401914502117e-02
2.373210503353600023e-02
2.341781482442951631e-02
2.318280567437862663e-02
2.298733781897479428e-02
2.298733781897479428e-02
2.288542514330912242e-02
2.271557661161574190e-02
2.257992253441365102e-02
2.242817095872071814e-02
2.227330283806186473e-02
2.213326713266525539e-02
2.200958414355108986e-02
2.191586666817741877e-02
2.183658125862828966e-02
2.175201136964460824e-02
2.175201136964460824e-02
2.165955433675643624e-02
2.161035341287496567e-02
2.159848110417744022e-02
2.156878617277412091e-02
2.159639388382112238e-02
2.146270505117516686e-02
2.123042927460001839e-02
2.082381858286700554e-02
2.043299832807546346e-02
2.001414349781972454e-02
2.001414349781972454e-02
1.956030608233119694e-02
1.908616797894640074e-02
1.858319450785596294e-02
1.811578303191962308e-02
1.753890529677923360e-02
1.711501844348274279e-02
1.672988814558007062e-02
1.638166074288674098e-02
1.589463904867304683e-02
1.550505675640571381e-02
1.550505675640571381e-02
1.529011810691387023e-02
1.517254719360389137e-02
1.538597672726210730e-02
1.565444990811627746e-02
1.592558054549379765e-02
1.617146803519192710e-02
1.642862308926087284e-02
1.658808405393696894e-02
1.677956580363780537e-02
1.695327297109504652e-02
1.695327297109504652e-02
1.699707775757613656e-02
1.722157783930225450e-02
1.739811274014676709e-02
1.738932890686768415e-02
1.726442282758626143e-02
1.711153218011761748e-02
1.708961075219578990e-02
1.697337494637154998e-02
1.685972026030115728e-02
1.657072314574279531e-02
1.657072314574279531e-02
1.631524051765744984e-02
1.619726472000128370e-02
1.618979189791151449e-02
1.644663776187771376e-02
1.681508480474307524e-02
1.718419934367440907e-02
1.728919256953496617e-02
1.725756795950007805e-02
1.711955368778737482e-02
1.683075000900241189e-02
1.683075000900241189e-02
1.643610525458066157e-02
1.599961001870427516e-02
1.577194645726309047e-02
1.561643373246081844e-02
1.550833972818464572e-02
1.561900083496447524e-02
1.581679767114203133e-02
1.577864317777454006e-02
1.566629107806946988e-02
1.540539281355463898e-02
1.540539281355463898e-02
1.513186770971237244e-02
1.491917614128729710e-02
1.465222160580087300e-02
1.445600556805783782e-02
1.434908704472604574e-02
1.431324695802404720e-02
1.433290039252594662e-02
1.439719963048711505e-02
1.425140221111426304e-02
1.427395275839252187e-02
1.427395275839252187e-02
1.411641025363179723e-02
1.386056732416595175e-02
1.367779760195407014e-02
1.353171846090524960e-02
1.347097387354378659e-02
1.336138632676828371e-02
1.318353239335925617e-02
1.292169671650948010e-02
1.274798766602803016e-02
1.252038851015610521e-02
1.252038851015610521e-02
1.229457909465194072e-02
1.205782594284707243e-02
1.193624635252797141e-02
1.192490721095878538e-02
1.195944208132302539e-02
1.201934619942788239e-02
1.190536470996980678e-02
1.155225020307447566e-02
1.106000504723545115e-02
1.062621795508084978e-02
1.062621795508084978e-02
1.016679832083687562e-02
9.895167700025280649e-03
9.674794404661917271e-03
9.410748811210085246e-03
8.927665999506041727e-03
8.576311552975527872e-03
8.419107032027462606e-03
8.398221281062410309e-03
8.468698190832705738e-03
8.387726696271809168e-03
8.387726696271809168e-03
8.365908748896604477e-03
8.340937543114865238e-03
8.103032815050146762e-03
8.016237797470847012e-03
8.016237797470847012e-03
8.063048152462693255e-03
8.043648630786893669e-03
8.045697813248349831e-03
8.147487475525804629e-03
7.848264935949193777e-03
7.848264935949193777e-03
7.488096097746870135e-03
7.126440570145974214e-03
6.789796840156031403e-03
6.610750754962625708e-03
6.454677249151736379e-03
6.265154801368276634e-03
6.237628467500012930e-03
6.320556072152939617e-03
6.494638237684342320e-03
6.677865898578230763e-03
6.677865898578230763e-03
6.664683658891496290e-03
6.451318503520884866e-03
6.226216357555268942e-03
5.942468825230348695e-03
5.555230541644621059e-03
5.346081544831260760e-03
5.278366430333998952e-03
5.109566696285607577e-03
5.289476986795144282e-03
5.501196284971634695e-03
5.501196284971634695e-03
5.128806943271439767e-03
4.724470307679910774e-03
4.411628468116247058e-03
4.094086141898255551e-03
4.095138479853507527e-03
4.007572624046716256e-03
3.873234208248175787e-03
3.734663349173415487e-03
3.555442917964652012e-03
3.443421205578813850e-03
3.443421205578813850e-03
3.401198661851153986e-03
3.413834593455179235e-03
3.296904803972451788e-03
3.312383024651356384e-03
3.324254261068291996e-03
3.354947940438941182e-03
3.413936163305729410e-03
3.371821011251135113e-03
3.283006856123078018e-03
3.232440180198382310e-03
3.232440180198382310e-03
3.275179934503690601e-03
3.394856420546838588e-03
3.474445703617974265e-03
3.659481000257834137e-03
3.847972693449245793e-03
3.923195203828213837e-03
3.864848393470678503e-03
3.825483849183013586e-03
3.846273048142717990e-03
3.912262385152211891e-03
3.912262385152211891e-03
3.916345456227405576e-03
3.859147271158911135e-03
3.884881901838489922e-03
3.942492521948014889e-03
4.097350586371718145e-03
4.084385163568778586e-03
3.995739216890858460e-03
3.864311731198897485e-03
3.641057224461301169e-03
3.358303216139424483e-03
3.358303216139424483e-03
3.263761432703217447e-03
3.319043392676662707e-03
3.438594830545750776e-03
3.425925678941767194e-03
3.350898949680363587e-03
3.250354946351056550e-03
2.968024818316264673e-03
2.887443960616647813e-03
2.779222675223419741e-03
2.791759946533475725e-03
2.791759946533475725e-03
3.141937887261494772e-03
3.453226085667892697e-03
4.238456308599052383e-03
4.501499048309564634e-03
4.636568200189442046e-03
4.736050051628419751e-03
4.627770750054787177e-03
4.436606553888352775e-03
4.342646711931311999e-03
4.280696515798794802e-03
4.280696515798794802e-03
4.150836186828980867e-03
4.004790175410756492e-03
3.780238751761447365e-03
3.583772133688602549e-03
3.457650975135938623e-03
3.349710299568287378e-03
3.341014059053423399e-03
3.286540640883815322e-03
3.378659623205994191e-03
3.397889391884275322e-03
3.397889391884275322e-03
3.321202736161949637e-03
3.213269446253363189e-03
3.118497339330966126e-03
3.198905987650890043e-03
3.315623669760692400e-03
3.420846722642726864e-03
3.597461717193306627e-03
3.810510322003534973e-03
3.810510322003534973e-03
3.967870830916386989e-03
3.967870830916386989e-03
4.112335860318630520e-03
5.256646956967083069e-03
6.401114733231424644e-03
7.375874461512200997e-03
8.188347441826917400e-03
8.809937417350394151e-03
9.278990424127471839e-03
9.649329946783899437e-03
9.872628126474209190e-03
9.956995176953864490e-03
9.956995176953864490e-03
9.970941231910026431e-03
9.916679776996280976e-03
9.789756472484506533e-03
9.564938478274113282e-03
9.361507160179010495e-03
9.235498233196873241e-03
9.166840700218207086e-03
9.057666783791334594e-03
9.002701643996087466e-03
8.962693445672006987e-03
8.962693445672006987e-03
8.999490553490679251e-03
9.032526078120859531e-03
9.079387484788682683e-03
9.246978538522321669e-03
9.433819206705345087e-03
9.543632346834902622e-03
9.560943681665485042e-03
9.547140973419415352e-03
9.306899152410137016e-03
9.006684603544180823e-03
9.006684603544180823e-03
8.694439941791242202e-03
8.362368063875785101e-03
8.036858075317650577e-03
7.778805755808109422e-03
7.556925441606824820e-03
7.414147678434471200e-03
7.219043211032899129e-03
6.998992506719256719e-03
6.846464935792551110e-03
6.736346939792995855e-03
6.736346939792995855e-03
6.738378531944907122e-03
6.748045339778886709e-03
6.771785166083618863e-03
6.662377295141975672e-03
6.522259968219255508e-03
6.399500500695098036e-03
6.291881339326077689e-03
6.220750663786350255e-03
6.153080260916499351e-03
6.119361321862696462e-03
6.119361321862696462e-03
6.118179511130071059e-03
6.168372511728159938e-03
6.309190736185900546e-03
6.309190736185900546e-03
6.516229834563522574e-03
6.705581428234061447e-03
6.897327404002249161e-03
7.130219311404894199e-03
7.393950247075914244e-03
7.631067954098153840e-03
7.631067954098153840e-03
7.756123231965227592e-03
7.976190964209543127e-03
8.208888694816255868e-03
8.296752725878896173e-03
8.324427028012332599e-03
8.272267794396914384e-03
8.162453029827473894e-03
7.959346328635825973e-03
7.730176013652134172e-03
7.389549629806317806e-03
7.389549629806317806e-03
7.131488107228665246e-03
6.988136353536648568e-03
6.904798843008702960e-03
6.764558004666488926e-03
6.698511795785737528e-03
6.661848789276811171e-03
6.592846350453607403e-03
6.529741976164170694e-03
6.471269382150500460e-03
6.387762915505792657e-03
6.387762915505792657e-03
6.301115642170351111e-03
6.206503457247899633e-03
6.136530088909848517e-03
6.062385376783810745e-03
6.013241549366608527e-03
5.885829051355995385e-03
5.766646330625873305e-03
5.645312499987271623e-03
5.548343033443461393e-03
5.471607928237910874e-03
5.471607928237910874e-03
5.455573145133606541e-03
5.438744772979662613e-03
5.391144903768588237e-03
5.373620743110564361e-03
5.473814695693150247e-03
5.523608480977109866e-03
5.519532300608218610e-03
5.810955806053326976e-03
6.002028405318388625e-03
6.038165884543732383e-03
6.038165884543732383e-03
5.996208457925453900e-03
5.960283888921964063e-03
5.802052618597750532e-03
5.587687819581529415e-03
5.443497607444188965e-03
5.353641012512879750e-03
5.344464700548674785e-03
5.381925809189167138e-03
5.544825128486516319e-03
5.717046339351323017e-03
5.717046339351323017e-03
5.910507369846175127e-03
6.025818458236036415e-03
6.146163818263116613e-03
6.229451234545201402e-03
6.329000403569361513e-03
6.380922024925344584e-03
6.403943332847765457e-03
6.355674381965301795e-03
6.272341593702728327e-03
6.364318832336819144e-03
6.364318832336819144e-03
6.535148160527822978e-03
6.675052147245781435e-03
6.753678123873417538e-03
6.798710299750423611e-03
6.737118747082603519e-03
6.708540127973020885e-03
6.658437316496350518e-03
6.632623365723072303e-03
6.630351691845122464e-03
6.695611595430318516e-03
6.695611595430318516e-03
6.767908454361680655e-03
6.833892501009862334e-03
6.959368907014970573e-03
7.051086087662770951e-03
7.158606790964975458e-03
7.322925085699268088e-03
7.491298757520604805e-03
7.647865025039096883e-03
7.737892036953488567e-03
7.766196045072859024e-03
7.766196045072859024e-03
7.810821866634918252e-03
7.891775998035688994e-03
8.033836695565519173e-03
8.130062544234277835e-03
8.160546219353252001e-03
8.111480177555934271e-03
8.057323223939870036e-03
8.056975983188762250e-03
8.085614895509747602e-03
8.127381862485282341e-03
8.127381862485282341e-03
8.221970321023978553e-03
8.310986440564764599e-03
8.360036241959637598e-03
8.443221094300205551e-03
8.554096768574832865e-03
8.560529272722595256e-03
8.527698258620378807e-03
8.496717093973215479e-03
8.498404123538466984e-03
8.510573271983812652e-03
8.510573271983812652e-03
8.527726129847488026e-03
8.574782319521481733e-03
8.627647146980452555e-03
8.609374439518872185e-03
8.572845460090553274e-03
8.489590500787376828e-03
8.397125292602088467e-03
8.285950274578566740e-03
8.236529186532573488e-03
8.201731333559806811e-03
8.201731333559806811e-03
8.229582915631450044e-03
8.081547707345222015e-03
7.995716834691335081e-03
7.913599226276735524e-03
7.902230590218382519e-03
7.876645895618485452e-03
7.885724069120150781e-03
7.924220041318409680e-03
7.956491250633860451e-03
7.952772137269800007e-03
7.952772137269800007e-03
7.912357152782096073e-03
7.817215996639313366e-03
7.753715218371856621e-03
7.717782837121954509e-03
7.685881436588026458e-03
7.749103566645541494e-03
7.811606664592863833e-03
7.793695739903802079e-03
7.708695085442884322e-03
7.614599748322967501e-03
7.614599748322967501e-03
7.505430637592248530e-03
7.368774071267835193e-03
7.201392480421116987e-03
7.164345560848042402e-03
7.208525798298868331e-03
7.221281292180649868e-03
7.174933586240209681e-03
7.104348802918661158e-03
6.958563670399728861e-03
6.868898822832730788e-03
6.868898822832730788e-03
6.751654682430338096e-03
6.701034171206375276e-03
6.590565089311615880e-03
6.535149608471940014e-03
6.473812753656299490e-03
6.462822422505476797e-03
6.502386354989438642e-03
6.593327874900089397e-03
6.655954321151129512e-03
6.709073100901278078e-03
