3.485557809472084045e-02
3.603362664580345154e-02
3.824447840452194214e-02
3.821954503655433655e-02
3.779398277401924133e-02
3.764224797487258911e-02
3.685472533106803894e-02
3.517195209860801697e-02
3.361152857542037964e-02
3.306050226092338562e-02
3.249055519700050354e-02
3.249055519700050354e-02
3.177662566304206848e-02
3.134890273213386536e-02
3.197280317544937134e-02
3.281820565462112427e-02
3.430869057774543762e-02
3.569044917821884155e-02
3.688273951411247253e-02
3.866928443312644958e-02
4.044882580637931824e-02
4.239281639456748962e-02
4.239281639456748962e-02
4.414211958646774292e-02
4.592493176460266113e-02
4.812128841876983643e-02
5.056407675147056580e-02
5.319967493414878845e-02
5.682534351944923401e-02
6.053325533866882324e-02
6.391625851392745972e-02
6.723816692829132080e-02
7.044640928506851196e-02
7.044640928506851196e-02
7.260682433843612671e-02
7.448886334896087646e-02
7.680087536573410034e-02
7.883442193269729614e-02
8.035407960414886475e-02
8.151233941316604614e-02
8.245215564966201782e-02
8.206033706665039062e-02
8.085715025663375854e-02
7.944911718368530273e-02
7.944911718368530273e-02
7.781843096017837524e-02
7.561527937650680542e-02
7.262416929006576538e-02
6.989371031522750854e-02
6.709281355142593384e-02
6.433018296957015991e-02
6.220416724681854248e-02
6.274048238992691040e-02
6.363962590694427490e-02
6.363962590694427490e-02
6.363962590694427490e-02
6.414031237363815308e-02
6.469247490167617798e-02
6.427174061536788940e-02
6.362035870552062988e-02
6.310595571994781494e-02
6.177459657192230225e-02
6.008716300129890442e-02
5.857475474476814270e-02
5.691125988960266113e-02
5.593900755047798157e-02
5.593900755047798157e-02
5.813777074217796326e-02
6.079423427581787109e-02
6.341521441936492920e-02
6.615255028009414673e-02
6.838814169168472290e-02
7.032146304845809937e-02
7.217050343751907349e-02
7.383967190980911255e-02
7.522158324718475342e-02
7.657394558191299438e-02
7.657394558191299438e-02
7.796204090118408203e-02
7.968455553054809570e-02
8.040234446525573730e-02
8.112872391939163208e-02
8.190414309501647949e-02
8.267138153314590454e-02
8.341773599386215210e-02
8.427700400352478027e-02
8.490518480539321899e-02
8.494720607995986938e-02
8.494720607995986938e-02
8.432203531265258789e-02
8.365239948034286499e-02
8.289839327335357666e-02
8.205102384090423584e-02
8.089007437229156494e-02
8.001177012920379639e-02
7.905586063861846924e-02
7.847878336906433105e-02
7.796174287796020508e-02
7.743409276008605957e-02
7.743409276008605957e-02
7.677984982728958130e-02
7.691736519336700439e-02
7.667187601327896118e-02
7.655368745326995850e-02
7.619658112525939941e-02
7.501587271690368652e-02
7.392789423465728760e-02
7.291146367788314819e-02
7.169382274150848389e-02
7.049558311700820923e-02
7.049558311700820923e-02
6.968389451503753662e-02
6.914183497428894043e-02
6.838276982307434082e-02
6.804942339658737183e-02
6.794878095388412476e-02
6.816706061363220215e-02
6.818218529224395752e-02
6.827956438064575195e-02
6.811185181140899658e-02
6.763675808906555176e-02
6.763675808906555176e-02
6.711126118898391724e-02
6.709423661231994629e-02
6.688785552978515625e-02
6.670098006725311279e-02
6.644777953624725342e-02
6.795458495616912842e-02
6.894846260547637939e-02
6.850039213895797729e-02
6.698799133300781250e-02
6.562979519367218018e-02
6.562979519367218018e-02
6.442017108201980591e-02
6.371399015188217163e-02
6.270775198936462402e-02
6.201190873980522156e-02
6.122741103172302246e-02
6.013958901166915894e-02
5.925549566745758057e-02
5.816460028290748596e-02
5.655404925346374512e-02
5.520215630531311035e-02
