1.995474606185821710e-03
1.995474606185821710e-03
2.655615317547062922e-03
3.112543132220521157e-03
2.984755903512056798e-03
2.599921803204504039e-03
2.258996475850975037e-03
2.058917443758495613e-03
2.051500231363028934e-03
1.993939070319128253e-03
1.875641724161646604e-03
1.704649014435868221e-03
1.704649014435868221e-03
1.466713435960783013e-03
1.216008168805104202e-03
1.309588988165080780e-03
1.485535147572575321e-03
1.681257424842961179e-03
1.939496242201513374e-03
2.230345570652090582e-03
2.344409878200093798e-03
2.491082798688124249e-03
2.656926681528385369e-03
2.656926681528385369e-03
2.840351413459993313e-03
3.031043333101149286e-03
3.071266946501679130e-03
3.038824162505712745e-03
2.988105919373153577e-03
2.974670507610868275e-03
2.948857920351117840e-03
2.879091590646983868e-03
2.790611126386455254e-03
2.687840694057155432e-03
2.687840694057155432e-03
2.578253625722813375e-03
2.467034634467713070e-03
2.394518323620985472e-03
2.381277070979448667e-03
2.375464724396322749e-03
2.439279630873009141e-03
2.615782439295953436e-03
2.710689553253909766e-03
2.691671712807462875e-03
2.531055530864408359e-03
2.531055530864408359e-03
2.287009580136656599e-03
2.070407843540056619e-03
1.921235126004178966e-03
1.903398496942271343e-03
1.992632259021291652e-03
2.155041358980859696e-03
2.261503648245240684e-03
2.290751049091337924e-03
2.193586714111989567e-03
1.971488746275143651e-03
1.971488746275143651e-03
1.814698181952962468e-03
1.768627792486968456e-03
1.816757027165258331e-03
1.935386084098227608e-03
2.022223001223551284e-03
2.123395531187277467e-03
2.202699653487423699e-03
2.225990887243213534e-03
2.179893887416566034e-03
2.080501896023706412e-03
2.080501896023706412e-03
2.005095034448586052e-03
1.953561125584063040e-03
1.903654107190181277e-03
1.841743696160697951e-03
1.755707896545184894e-03
1.691791223756868500e-03
1.668278686840741652e-03
1.693282514902805886e-03
1.706643423660461189e-03
1.605458450013382389e-03
1.605458450013382389e-03
1.516700999293647345e-03
1.373540866643483674e-03
1.279040264040675126e-03
1.231022854028444987e-03
1.233831026353235253e-03
1.230415616164762553e-03
1.285138518223322233e-03
1.351008265522201995e-03
1.485712809886276025e-03
1.647936707618959974e-03
1.647936707618959974e-03
1.742169729487775100e-03
1.734997878199080138e-03
1.731009413020444601e-03
1.783119724943039519e-03
1.829979727666928690e-03
1.777679826522066174e-03
1.711101155280241384e-03
1.767577863798816757e-03
1.719281322376543233e-03
1.632560445743477416e-03
1.632560445743477416e-03
1.525448328247707873e-03
1.492911854593448719e-03
1.528269024219535950e-03
1.593855381419441528e-03
1.647480609100107369e-03
1.666455530955683129e-03
1.740229388014566912e-03
1.757113398627299606e-03
1.674576785010021499e-03
1.566275085036424519e-03
1.566275085036424519e-03
1.627519420111967581e-03
1.720678857731509524e-03
1.820336335736226019e-03
1.973933576473017090e-03
2.100090723424013171e-03
2.169832912984697836e-03
2.191665230043972346e-03
2.200974921527241741e-03
2.179131071203848323e-03
2.128854093072628500e-03
2.128854093072628500e-03
2.137295750616582338e-03
2.183973357531645426e-03
2.343261972913557138e-03
2.449523461055824053e-03
2.419161977643958811e-03
2.402678464876415679e-03
2.398271525349138320e-03
2.514131291035255102e-03
2.710387409866063264e-03
2.806712803939888888e-03
2.806712803939888888e-03
2.873547484033320970e-03
2.864255045524025968e-03
2.740023461861345027e-03
2.577092542160798038e-03
2.386914354959216930e-03
2.232820614838728918e-03
2.233093126124527719e-03
2.284151372105607935e-03
2.325018866108029356e-03
2.404043495076911563e-03
2.404043495076911563e-03
2.444553935140090280e-03
2.462938891421313954e-03
2.439445349059038773e-03
2.386759416731644001e-03
2.328607864486367807e-03
2.271498397774072628e-03
2.172743240292194979e-03
2.075920830234187150e-03
2.015262418354341490e-03
2.128353215058367311e-03
2.128353215058367311e-03
2.331913336897039474e-03
2.515983733436066502e-03
2.652765879458298358e-03
2.691319791160961140e-03
2.562641037513295472e-03
2.395319271587312022e-03
2.309879057486637771e-03
2.217495013929967305e-03
2.198975230504867078e-03
2.337979462029012717e-03
2.337979462029012717e-03
2.426222889470916206e-03
2.271056397312509745e-03
2.045188426163184036e-03
1.842980643230600650e-03
1.763540946613669251e-03
1.761578545846747548e-03
1.789146768908282453e-03
1.916793103548175645e-03
2.132787810522854700e-03
2.324682646532186519e-03
2.324682646532186519e-03
2.364913747825287543e-03
2.228872015610046040e-03
1.988711756466389740e-03
1.703656749644820619e-03
1.531329364016666963e-03
1.388819656501802044e-03
1.260074607097027297e-03
1.187512701371116509e-03
1.275880189094445684e-03
1.525213338138850126e-03
1.525213338138850126e-03
1.822145166679451115e-03
1.998665268382692969e-03
1.877053301558657007e-03
1.862620097837483285e-03
1.844731176359838253e-03
1.770792208144974546e-03
1.665609728466781658e-03
1.556987926769781488e-03
1.412414870159844861e-03
1.261931811495749494e-03
1.261931811495749494e-03
1.272963212921076606e-03
1.399161577076521662e-03
1.530607154256011628e-03
1.646287525028418495e-03
1.766560680212924533e-03
1.928619659987808885e-03
1.985665570611499196e-03
1.942349050814404666e-03
1.850215171478472370e-03
1.824615783382799302e-03
1.824615783382799302e-03
1.729163507554154662e-03
1.624506813732078201e-03
1.593713417816294440e-03
1.598928251926249938e-03
1.685343708720421930e-03
1.745705268129354613e-03
1.730805978576133945e-03
1.757873286056704006e-03
1.806861427372597915e-03
1.791714649754200337e-03
1.791714649754200337e-03
1.782405002696520451e-03
1.841586010978878488e-03
1.896117384509488600e-03
1.912665843538094868e-03
1.927647136771472617e-03
1.925763577095465206e-03
1.971382616314994521e-03
2.012614070096207294e-03
2.025511400640828043e-03
2.012722696408341793e-03
2.012722696408341793e-03
2.056891353159273021e-03
2.082066652013610675e-03
2.045984168118415714e-03
1.908722893878509255e-03
1.726666175758005987e-03
1.760985637526943631e-03
1.901678277612237414e-03
2.605110890913304826e-03
3.181057108720025759e-03
3.582075343305333049e-03
3.582075343305333049e-03
3.775167640958577726e-03
3.892964163777776557e-03
3.812050292511409613e-03
3.629956982164329621e-03
4.361737611562534200e-03
4.911063612967954406e-03
5.179278017082527066e-03
5.229606248281063602e-03
5.081868227717170443e-03
4.828456905241086151e-03
4.828456905241086151e-03
4.502754518721956319e-03
4.150768677535433132e-03
3.842410699792076379e-03
3.641830692350168062e-03
3.633459705252883778e-03
3.791392708513524959e-03
4.122814629517941934e-03
4.618187552834037389e-03
4.980240326530327444e-03
5.220092729209281461e-03
5.220092729209281461e-03
5.303231772833974164e-03
5.227065665440917136e-03
4.917369128022234734e-03
4.520334535962051634e-03
4.038129731295403251e-03
3.518614654159108596e-03
3.113830013245943561e-03
2.822685611272581288e-03
2.680693444823434649e-03
2.676454342671688753e-03
