1.461387814689979079e-03
1.461387814689979079e-03
2.873164011754330682e-03
2.374498554109883905e-03
1.550689366913148362e-03
1.271680038175207646e-03
1.297047983115041372e-03
1.431813496082971890e-03
1.842928432862165136e-03
2.300791973523425016e-03
2.733878065376373501e-03
2.765778788355802500e-03
2.765778788355802500e-03
2.632810008182654826e-03
2.421299958838009879e-03
2.238966091964055081e-03
2.182596799229548183e-03
2.247920932911252629e-03
2.322205687494869122e-03
2.466737826705412990e-03
2.540108306401076942e-03
2.569249198338262926e-03
2.486639954722922371e-03
2.486639954722922371e-03
2.214781989643902285e-03
1.920112583870072810e-03
1.819238109017969713e-03
1.789672511805768737e-03
1.840300641328319236e-03
2.029492254195572071e-03
2.277192440362882375e-03
2.457133753296128400e-03
2.466034228890079394e-03
2.420674959584826792e-03
2.420674959584826792e-03
2.291543068558824902e-03
2.141141015405071801e-03
2.060546875020248872e-03
2.039736521313877376e-03
2.052306001123251501e-03
2.095345279288690892e-03
2.139142576486612480e-03
2.171249573621440374e-03
2.162443842321580111e-03
2.197171710360087092e-03
2.197171710360087092e-03
2.172531284740280080e-03
2.105446964818132472e-03
2.127046425757898179e-03
2.150952671294886678e-03
2.213622831587367269e-03
2.307646752438129167e-03
2.355230644881769336e-03
2.452344952097357516e-03
2.647863952248405862e-03
2.896081787873352065e-03
2.896081787873352065e-03
3.014840789907009561e-03
3.064553251870623558e-03
3.100893318891085812e-03
2.998663855115797985e-03
2.801070763342188626e-03
2.670771000487133073e-03
2.593634229468989860e-03
2.634220420598622388e-03
2.724247749039427659e-03
2.825105164712905705e-03
2.825105164712905705e-03
2.805817403090436410e-03
2.699751309484528950e-03
2.594091670649252904e-03
2.454584660392502508e-03
2.457247916645469675e-03
2.421210765038098438e-03
2.157869556916581187e-03
2.000265521920739035e-03
1.983389701637306313e-03
2.104273357160100794e-03
2.104273357160100794e-03
2.176184302720810069e-03
2.143566540346398229e-03
2.154562121871067548e-03
2.166545339439876136e-03
2.284329441948364930e-03
2.480074403517297781e-03
2.566918462969542541e-03
2.478545564857854034e-03
2.423530340409350576e-03
2.480883501578431700e-03
2.480883501578431700e-03
2.541748608323511713e-03
2.645540336837321101e-03
2.595282474441340352e-03
2.507225062326660838e-03
2.424524048651697638e-03
2.395623756430452500e-03
2.437907171880718000e-03
2.600907711937791664e-03
2.788294737022622375e-03
2.866362713352002805e-03
2.866362713352002805e-03
2.752038096393544242e-03
2.596094348189205078e-03
2.504352098475351625e-03
2.477886300875713991e-03
2.474792069218770870e-03
2.558861371810844214e-03
2.655387277890669182e-03
2.706896986867115239e-03
2.622742754476980413e-03
2.398724423658935706e-03
2.398724423658935706e-03
2.050898847852375764e-03
1.827042475257294966e-03
1.492678651271150177e-03
1.580712005173134016e-03
1.782823300912332164e-03
1.940563704664700689e-03
2.052424766951579244e-03
1.996135510867266035e-03
1.884812018159417145e-03
1.788986289019353594e-03
1.788986289019353594e-03
1.547128219013999039e-03
1.486717179184849713e-03
1.539457038788382380e-03
1.614630976155076187e-03
1.721475082770138054e-03
1.892219433294396779e-03
2.010084059968557987e-03
1.980411382134740581e-03
1.704990344221025359e-03
1.300000262538359048e-03
1.300000262538359048e-03
8.959025612906500961e-04
8.272268187736085080e-04
1.051035515621068705e-03
1.444545665045090382e-03
1.822299343682287371e-03
2.075864419830489131e-03
2.122567670615171150e-03
1.921462406080958656e-03
1.557610815339638107e-03
1.173933016762817748e-03
1.173933016762817748e-03
1.058666970070220106e-03
1.076086262608591526e-03
1.239516302039137376e-03
1.305707113924208310e-03
1.317145932393606802e-03
1.347318410957859666e-03
1.339694991641762626e-03
1.332910278219809255e-03
1.317944233673555912e-03
1.390970776595739592e-03
1.390970776595739592e-03
1.550564438698819828e-03
1.674079674239016807e-03
1.602029224615921822e-03
1.486764995011409648e-03
1.367416824509688376e-03
1.331928106731193129e-03
1.347433967154865837e-03
1.382108955681605198e-03
1.462489987256000452e-03
1.532887215279558424e-03
1.532887215279558424e-03
1.516128995338985111e-03
1.480029874458695235e-03
1.434482153867615425e-03
1.366975114658698209e-03
1.336788107860363865e-03
1.324642921218532020e-03
1.267643950155067627e-03
1.256262390721553162e-03
1.294885929049627337e-03
1.315408671173644338e-03
1.315408671173644338e-03
1.349920852203456787e-03
1.355669471936313264e-03
1.300606119844041749e-03
1.224293379108236770e-03
1.159296259972994285e-03
1.136745649365294595e-03
1.117712537254309489e-03
1.174797707953426128e-03
1.215116964506301241e-03
1.252898002461151194e-03
1.252898002461151194e-03
1.317897584611506072e-03
1.400307280561547676e-03
1.454355552022546872e-03
1.445543240809746147e-03
1.398393682049281148e-03
1.359995933158190820e-03
1.373540249540393908e-03
1.431267849379767214e-03
1.540289918678232686e-03
1.604676859066884011e-03
1.604676859066884011e-03
1.724516315864350674e-03
1.874167370445383287e-03
2.026982954382857121e-03
2.121058985325892810e-03
2.152065377869908855e-03
2.183509940818800180e-03
2.233508576716823537e-03
2.268220962550479905e-03
2.251025819461058720e-03
2.319117809812460893e-03
2.319117809812460893e-03
2.301639902278419369e-03
2.154645073597930872e-03
2.068516282347721436e-03
2.115887543194544355e-03
2.219602547382153700e-03
2.360284597442773458e-03
2.503752871020862789e-03
2.440716101330076167e-03
2.270003722252244595e-03
2.114410068305307318e-03
2.114410068305307318e-03
1.967612261831394767e-03
1.793587675955585908e-03
1.734510699105054751e-03
1.724177461226675256e-03
1.660011959187600739e-03
1.585714267717546920e-03
1.526815852560542723e-03
1.493647006345218478e-03
1.527604489491744995e-03
1.588516630880743366e-03
1.588516630880743366e-03
1.737197020676630984e-03
1.902206892197639372e-03
1.999992445308021709e-03
2.021949315690788496e-03
1.949549657438038111e-03
1.884438969729679367e-03
1.863318221914544342e-03
1.843474746099730719e-03
1.809536627309503648e-03
1.872228534200183524e-03
1.872228534200183524e-03
1.905486566877592899e-03
1.906858765132169202e-03
1.863827451729923841e-03
1.794870376868975973e-03
1.806203418235188601e-03
1.870148009697725775e-03
1.978911118396421004e-03
2.064202237852983627e-03
2.066264076488289608e-03
2.008189969869505521e-03
2.008189969869505521e-03
1.938800550577647998e-03
1.910233766451081318e-03
1.857122342627009126e-03
1.816181212080738867e-03
1.768866846335141090e-03
1.746195528593665666e-03
1.710008528686395284e-03
1.652525871694661072e-03
1.583888637011184779e-03
1.579858220300258244e-03
1.579858220300258244e-03
1.665267637549579108e-03
1.801438480217555215e-03
2.015901675373351059e-03
2.283594217920089861e-03
2.369075286815021386e-03
2.367421955929969058e-03
2.189980048524627250e-03
1.971188847419166543e-03
1.857416988166093845e-03
1.825062067682922760e-03
