4.656757041811943054e-02
4.595120623707771301e-02
4.711178317666053772e-02
4.793017357587814331e-02
4.857140406966209412e-02
4.926386475563049316e-02
4.989216104149818420e-02
5.034643784165382385e-02
5.072317644953727722e-02
5.115398019552230835e-02
5.146753042936325073e-02
5.146753042936325073e-02
5.187643319368362427e-02
5.227360874414443970e-02
5.254479125142097473e-02
5.280221626162528992e-02
5.289893969893455505e-02
5.319128930568695068e-02
5.334092304110527039e-02
5.341237410902976990e-02
5.346562340855598450e-02
5.341987684369087219e-02
5.341987684369087219e-02
5.336587503552436829e-02
5.326410755515098572e-02
5.319656431674957275e-02
5.311989039182662964e-02
5.291341617703437805e-02
5.285064876079559326e-02
5.282136052846908569e-02
5.283609405159950256e-02
5.289373919367790222e-02
5.275745317339897156e-02
5.275745317339897156e-02
5.242034047842025757e-02
5.200381949543952942e-02
5.161843448877334595e-02
5.124991014599800110e-02
5.086503550410270691e-02
5.037658289074897766e-02
4.993912205100059509e-02
4.945822432637214661e-02
4.916998744010925293e-02
4.901172965764999390e-02
4.901172965764999390e-02
4.881856590509414673e-02
4.857697337865829468e-02
4.826602339744567871e-02
4.804065451025962830e-02
4.785864055156707764e-02
4.750604182481765747e-02
4.708540067076683044e-02
4.676470533013343811e-02
4.648394882678985596e-02
4.633078351616859436e-02
4.633078351616859436e-02
4.595690593123435974e-02
4.566616564989089966e-02
4.516388475894927979e-02
4.460192471742630005e-02
4.410026222467422485e-02
4.352863132953643799e-02
4.307343065738677979e-02
4.258760809898376465e-02
4.206195473670959473e-02
4.148694872856140137e-02
4.148694872856140137e-02
4.106294736266136169e-02
4.067115485668182373e-02
4.024373739957809448e-02
3.984651342034339905e-02
3.937495872378349304e-02
3.884479403495788574e-02
3.827513381838798523e-02
3.766412287950515747e-02
3.702880814671516418e-02
3.618406504392623901e-02
3.618406504392623901e-02
3.533485531806945801e-02
3.436459973454475403e-02
3.337819129228591919e-02
3.244488313794136047e-02
3.174347057938575745e-02
3.095196932554244995e-02
3.032438457012176514e-02
2.992336265742778778e-02
2.950534597039222717e-02
2.905445173382759094e-02
2.905445173382759094e-02
2.872718684375286102e-02
2.857225760817527771e-02
2.841109223663806915e-02
2.820421382784843445e-02
2.799471095204353333e-02
2.776164188981056213e-02
2.754056267440319061e-02
2.734911441802978516e-02
2.732934430241584778e-02
2.726729027926921844e-02
2.726729027926921844e-02
2.741347998380661011e-02
2.773244678974151611e-02
2.804813906550407410e-02
2.823858708143234253e-02
2.845702320337295532e-02
2.870512567460536957e-02
2.910705283284187317e-02
2.956912666559219360e-02
3.009023517370223999e-02
3.072216361761093140e-02
3.072216361761093140e-02
3.129360824823379517e-02
3.176809474825859070e-02
3.246811032295227051e-02
3.314916417002677917e-02
3.363785892724990845e-02
3.390936926007270813e-02
3.399295732378959656e-02
3.400496765971183777e-02
3.406307473778724670e-02
3.401507064700126648e-02
3.401507064700126648e-02
3.355909511446952820e-02
3.283015266060829163e-02
3.184678032994270325e-02
3.068947792053222656e-02
2.967227250337600708e-02
2.878971770405769348e-02
2.824778296053409576e-02
2.791220881044864655e-02
2.773741260170936584e-02
2.779875136911869049e-02
2.779875136911869049e-02
2.783884294331073761e-02
2.788442373275756836e-02
2.792026847600936890e-02
2.821136824786663055e-02
2.836018241941928864e-02
2.845882251858711243e-02
2.831489220261573792e-02
2.801415696740150452e-02
2.801415696740150452e-02
2.768168039619922638e-02
2.768168039619922638e-02
2.717569470405578613e-02
2.662092447280883789e-02
2.629581652581691742e-02
2.585973031818866730e-02
2.544751577079296112e-02
2.499166317284107208e-02
2.446625940501689911e-02
2.385079860687255859e-02
2.324577793478965759e-02
2.276816591620445251e-02
2.276816591620445251e-02
2.220360189676284790e-02
2.158213779330253601e-02
2.108922414481639862e-02
2.077561244368553162e-02
2.061381936073303223e-02
2.089848183095455170e-02
2.106407284736633301e-02
2.112617902457714081e-02
2.092628180980682373e-02
2.055715024471282959e-02
2.055715024471282959e-02
2.004430256783962250e-02
1.947847753763198853e-02
1.881011016666889191e-02
1.808737777173519135e-02
1.735512167215347290e-02
1.662298291921615601e-02
1.607806608080863953e-02
1.587059162557125092e-02
1.577871665358543396e-02
1.588595658540725708e-02
1.588595658540725708e-02
1.616174913942813873e-02
1.648638956248760223e-02
1.658912375569343567e-02
1.651790924370288849e-02
1.612673141062259674e-02
1.544415950775146484e-02
1.472587231546640396e-02
1.406742725521326065e-02
1.361842267215251923e-02
1.331717334687709808e-02
1.331717334687709808e-02
1.335304323583841324e-02
1.361300144344568253e-02
1.400765310972929001e-02
1.428371388465166092e-02
1.450837682932615280e-02
1.457763463258743286e-02
1.439412683248519897e-02
1.396651286631822586e-02
1.333623658865690231e-02
1.266581658273935318e-02
1.266581658273935318e-02
1.195718068629503250e-02
1.120609417557716370e-02
1.033889967948198318e-02
9.320171549916267395e-03
8.575501851737499237e-03
8.107616566121578217e-03
7.893557660281658173e-03
7.880575954914093018e-03
7.981913164258003235e-03
8.171263150870800018e-03
8.171263150870800018e-03
8.381605148315429688e-03
8.670452050864696503e-03
8.979618549346923828e-03
9.208885952830314636e-03
9.247506037354469299e-03
9.220749139785766602e-03
9.065079502761363983e-03
8.763612248003482819e-03
8.360655046999454498e-03
8.124151267111301422e-03
8.124151267111301422e-03
7.893260568380355835e-03
7.821400649845600128e-03
7.882494479417800903e-03
8.137364871799945831e-03
8.413075469434261322e-03
8.501968346536159515e-03
8.642358705401420593e-03
8.686315268278121948e-03
8.628646843135356903e-03
8.243780583143234253e-03
8.243780583143234253e-03
7.893675006926059723e-03
7.498540915548801422e-03
7.197468541562557220e-03
7.029696833342313766e-03
6.927637383341789246e-03
6.912748329341411591e-03
7.053840905427932739e-03
7.194289937615394592e-03
7.363893557339906693e-03
7.473168428987264633e-03
7.473168428987264633e-03
7.339386735111474991e-03
7.051641121506690979e-03
6.665169261395931244e-03
6.192658562213182449e-03
5.569360684603452682e-03
5.167917348444461823e-03
5.024604499340057373e-03
5.079407710582017899e-03
5.152483470737934113e-03
5.258490331470966339e-03
5.258490331470966339e-03
5.397144705057144165e-03
5.383401177823543549e-03
5.334539338946342468e-03
5.064258817583322525e-03
4.636864177882671356e-03
3.822500584647059441e-03
3.073712578043341637e-03
2.416694303974509239e-03
1.871320186182856560e-03
1.495113596320152283e-03
1.495113596320152283e-03
1.439098268747329712e-03
1.780108432285487652e-03
2.255810890346765518e-03
3.209473798051476479e-03
4.064497072249650955e-03
4.658186342567205429e-03
5.111053586006164551e-03
5.362820811569690704e-03
5.418528802692890167e-03
5.277875810861587524e-03
5.277875810861587524e-03
4.919351544231176376e-03
4.374641459435224533e-03
3.733590943738818169e-03
3.004511352628469467e-03
2.374195726588368416e-03
1.973742851987481117e-03
1.852348446846008301e-03
2.082148566842079163e-03
2.472782973200082779e-03
2.934699179604649544e-03
2.934699179604649544e-03
3.510002745315432549e-03
4.042929969727993011e-03
4.517781082540750504e-03
4.894529469311237335e-03
5.204070359468460083e-03
5.663188640028238297e-03
6.134248804301023483e-03
6.594103295356035233e-03
6.866931915283203125e-03
7.027896121144294739e-03
7.027896121144294739e-03
6.923310924321413040e-03
6.645909976214170456e-03
6.246573757380247116e-03
5.824023857712745667e-03
5.489522125571966171e-03
5.141722504049539566e-03
4.840602632611989975e-03
4.701479803770780563e-03
4.692659713327884674e-03
4.727880470454692841e-03
4.727880470454692841e-03
4.757256247103214264e-03
4.752962384372949600e-03
4.640170373022556305e-03
4.356120247393846512e-03
4.001751542091369629e-03
3.529806621372699738e-03
3.120677778497338295e-03
2.944058272987604141e-03
3.090372774749994278e-03
3.439372871071100235e-03
3.439372871071100235e-03
3.867116291075944901e-03
4.179960582405328751e-03
4.386593122035264969e-03
4.537444096058607101e-03
4.579489119350910187e-03
4.555190913379192352e-03
4.547719843685626984e-03
4.623692017048597336e-03
4.603256937116384506e-03
4.625940229743719101e-03
4.625940229743719101e-03
4.714964888989925385e-03
4.891042131930589676e-03
5.108170211315155029e-03
5.354635883122682571e-03
5.578169599175453186e-03
5.752273369580507278e-03
5.930017679929733276e-03
6.143339443951845169e-03
6.452471017837524414e-03
6.870122626423835754e-03
6.870122626423835754e-03
7.304697763174772263e-03
7.632554974406957626e-03
7.910272106528282166e-03
8.028588257730007172e-03
8.089877665042877197e-03
8.032540790736675262e-03
7.971469312906265259e-03
7.853804156184196472e-03
7.740872912108898163e-03
7.608491927385330200e-03
7.608491927385330200e-03
7.608491927385330200e-03
7.608491927385330200e-03
7.443708833307027817e-03
7.245953660458326340e-03
7.022226229310035706e-03
6.818416062742471695e-03
6.685401313006877899e-03
6.537874229252338409e-03
6.233342923223972321e-03
5.973254796117544174e-03
5.973254796117544174e-03
5.707381758838891983e-03
5.445869173854589462e-03
5.226243287324905396e-03
5.044449120759963989e-03
4.881353583186864853e-03
4.696758463978767395e-03
4.485512617975473404e-03
4.140769131481647491e-03
3.813096322119235992e-03
3.497529774904251099e-03
3.497529774904251099e-03
3.237467491999268532e-03
2.961972495540976524e-03
2.782118041068315506e-03
2.619080245494842529e-03
2.438240218907594681e-03
2.156294882297515869e-03
1.859062933363020420e-03
1.588068087585270405e-03
1.301020267419517040e-03
1.090657780878245831e-03
1.090657780878245831e-03
1.184905180707573891e-03
1.385374926030635834e-03
1.565548242069780827e-03
1.617294037714600563e-03
1.605624100193381310e-03
1.554839895106852055e-03
1.581892487592995167e-03
1.715052756480872631e-03
1.910860068164765835e-03
2.132871653884649277e-03
2.132871653884649277e-03
2.332128118723630905e-03
2.469618339091539383e-03
2.819503657519817352e-03
3.228474175557494164e-03
3.562300466001033783e-03
3.867580555379390717e-03
4.069658461958169937e-03
4.166128579527139664e-03
4.196636844426393509e-03
4.157076124101877213e-03
4.157076124101877213e-03
4.073276184499263763e-03
3.949345089495182037e-03
3.841186873614788055e-03
3.832269227132201195e-03
3.837126540020108223e-03
3.716368461027741432e-03
3.613086417317390442e-03
3.462131135165691376e-03
3.215956734493374825e-03
2.971820533275604248e-03
2.971820533275604248e-03
2.761173294857144356e-03
2.644566586241126060e-03
2.677080221474170685e-03
2.685289364308118820e-03
2.720396732911467552e-03
2.697197254747152328e-03
2.595496131107211113e-03
2.394381910562515259e-03
1.929518650285899639e-03
1.529038068838417530e-03
1.529038068838417530e-03
1.399597851559519768e-03
1.482986612245440483e-03
1.735026016831398010e-03
2.084514824673533440e-03
2.474075183272361755e-03
2.779153641313314438e-03
2.998488955199718475e-03
3.115537110716104507e-03
3.137913532555103302e-03
3.040043637156486511e-03
3.040043637156486511e-03
2.887697890400886536e-03
2.698716474696993828e-03
2.591393887996673584e-03
2.725832629948854446e-03
2.919747028499841690e-03
3.068643622100353241e-03
3.284290200099349022e-03
3.589406376704573631e-03
4.072552546858787537e-03
4.594078753143548965e-03
4.594078753143548965e-03
5.064681172370910645e-03
5.381582304835319519e-03
5.515798926353454590e-03
5.495688877999782562e-03
5.354785826057195663e-03
5.155913531780242920e-03
4.990541376173496246e-03
4.846362862735986710e-03
4.740634933114051819e-03
4.701447207480669022e-03
4.701447207480669022e-03
4.762643016874790192e-03
4.870619624853134155e-03
4.897627513855695724e-03
4.843001253902912140e-03
4.811157006770372391e-03
4.803753923624753952e-03
4.756408277899026871e-03
4.608762916177511215e-03
4.402320366352796555e-03
4.149236716330051422e-03
4.149236716330051422e-03
3.888637758791446686e-03
3.520863130688667297e-03
3.195740282535552979e-03
2.943277359008789062e-03
2.827442716807126999e-03
2.726423088461160660e-03
2.692055189982056618e-03
2.628098241984844208e-03
2.522079041227698326e-03
2.395237563177943230e-03
2.395237563177943230e-03
2.228093566372990608e-03
2.020615385845303535e-03
1.831518020480871201e-03
1.744945417158305645e-03
1.690232777036726475e-03
1.562435179948806763e-03
1.402784138917922974e-03
1.299653085879981518e-03
1.221746206283569336e-03
1.217392040416598320e-03
1.217392040416598320e-03
1.214332529343664646e-03
1.233423710800707340e-03
1.299918978475034237e-03
1.487800502218306065e-03
1.626465702429413795e-03
1.928761717863380909e-03
2.278564963489770889e-03
2.638719510287046432e-03
3.028763225302100182e-03
3.362779039889574051e-03
3.362779039889574051e-03
3.607207909226417542e-03
3.754000877961516380e-03
3.960159141570329666e-03
4.194059409201145172e-03
4.415281116962432861e-03
4.713355097919702530e-03
4.975528921931982040e-03
5.169147159904241562e-03
5.320497788488864899e-03
5.454794969409704208e-03
5.454794969409704208e-03
5.546992644667625427e-03
5.585128441452980042e-03
5.583607591688632965e-03
5.559389479458332062e-03
5.557944532483816147e-03
5.584093742072582245e-03
5.647623445838689804e-03
5.777191370725631714e-03
6.042242515832185745e-03
6.270817946642637253e-03
6.270817946642637253e-03
6.322172936052083969e-03
6.275658961385488510e-03
6.220543757081031799e-03
6.139964330941438675e-03
6.060011684894561768e-03
5.968931131064891815e-03
5.973911844193935394e-03
6.047350354492664337e-03
6.176312919706106186e-03
6.286963820457458496e-03
6.286963820457458496e-03
6.299440283328294754e-03
6.222703028470277786e-03
6.033757701516151428e-03
5.757899954915046692e-03
5.491763819009065628e-03
5.266241729259490967e-03
5.161261651664972305e-03
5.151667632162570953e-03
5.149044562131166458e-03
5.162374582141637802e-03
5.162374582141637802e-03
5.270427092909812927e-03
5.405724979937076569e-03
5.535424686968326569e-03
5.623091943562030792e-03
5.763904657214879990e-03
5.878873169422149658e-03
5.917422007769346237e-03
5.969632416963577271e-03
6.049487274140119553e-03
6.239670794457197189e-03
