1.744642961946762938e-02
1.744642961946762938e-02
1.687700315472184798e-02
1.638111383282314648e-02
1.563464083048682340e-02
1.510597663550772296e-02
1.461022568475200956e-02
1.399431745980894704e-02
1.408839229094827061e-02
1.412601241556465936e-02
1.415598863162514931e-02
1.421146042080057015e-02
1.421146042080057015e-02
1.418601634733107630e-02
1.409494923261433996e-02
1.396609763907807888e-02
1.373888544364909592e-02
1.350083701881032994e-02
1.332578979560317123e-02
1.313493359937734084e-02
1.292862863739774326e-02
1.272087228977714091e-02
1.243650635836868190e-02
1.243650635836868190e-02
1.216422678844164551e-02
1.191889036750737318e-02
1.170709261398084067e-02
1.160376873571156153e-02
1.154983377224905183e-02
1.143712978942090785e-02
1.140168911343764080e-02
1.127897145604084272e-02
1.109199349742517882e-02
1.079025455914273124e-02
1.079025455914273124e-02
1.052783535785639657e-02
1.036494570213619681e-02
1.012970755386621846e-02
9.935955172105437327e-03
9.713442827765206289e-03
9.534388306237318034e-03
9.365385130386982837e-03
9.098029128764117957e-03
8.895386799980364856e-03
8.676321023687094680e-03
8.676321023687094680e-03
8.507736419313793874e-03
8.362554260858523492e-03
8.221832568168885302e-03
7.900383766522800499e-03
7.667025529737969691e-03
7.459287800886116315e-03
7.314540402462377244e-03
7.233510417056443487e-03
7.206463474628499455e-03
7.254823204292826233e-03
7.254823204292826233e-03
7.272539186091719898e-03
7.287506250575503941e-03
7.319920662211210072e-03
7.370041339161303995e-03
7.422784721520692131e-03
7.458858928038658576e-03
7.557832792073782002e-03
7.634023834540926146e-03
7.719720466265123093e-03
7.763767018136746856e-03
7.763767018136746856e-03
7.690011076176617166e-03
7.593561694640094117e-03
7.504831019383928492e-03
7.313044639010612968e-03
7.093183471807762430e-03
6.908903079490436028e-03
6.738640339638557464e-03
6.617274840199804942e-03
6.505969105931264096e-03
6.434169656767352308e-03
6.434169656767352308e-03
6.462364780440488232e-03
6.493548913669044964e-03
6.579259644002632967e-03
6.729908968823750115e-03
6.869953756686086876e-03
7.089322798013775184e-03
7.309944094322062824e-03
7.607416496722585464e-03
7.796506891198262679e-03
7.883887399409594821e-03
7.883887399409594821e-03
7.878478232557384331e-03
8.085375413911854992e-03
8.255582618951429197e-03
8.369905410205547014e-03
8.389316796241885754e-03
8.419186755686425272e-03
8.426452687968044586e-03
8.380002156854082784e-03
8.307508215549930242e-03
8.195697024010684117e-03
8.195697024010684117e-03
8.056944686203770800e-03
7.970082988288496040e-03
7.874325430252682168e-03
7.863773731232370778e-03
7.974020789994540337e-03
8.047223248574653098e-03
8.054790075801676608e-03
8.124591024428973185e-03
8.334311934538263245e-03
8.682180283662077613e-03
8.682180283662077613e-03
9.220232906073100310e-03
9.756469410594270641e-03
1.019056846765931112e-02
1.048159431326389779e-02
1.069067116410327145e-02
1.086655619166343456e-02
1.089620975913430101e-02
1.084608134042230887e-02
1.070514551366397171e-02
1.034251006416475605e-02
1.034251006416475605e-02
9.971410379492340326e-03
9.550505097564609969e-03
9.014495390727184088e-03
8.361690855255510257e-03
8.361690855255510257e-03
8.361690855255510257e-03
7.762559801097523859e-03
7.104631450487453037e-03
6.529770482101682205e-03
6.188768750055473333e-03
6.188768750055473333e-03
6.123658736500559030e-03
6.200881774552691184e-03
6.375092182936192842e-03
6.721481902894232974e-03
7.018577706705109165e-03
7.454860192576795441e-03
8.088416528547526241e-03
8.776743427495681260e-03
9.523466725808837907e-03
1.027093110475796323e-02
1.027093110475796323e-02
1.099612559015827884e-02
1.167177612274539200e-02
1.215988377013488275e-02
1.244525535352192236e-02
1.259237188702666543e-02
1.256077962320034658e-02
1.240196191390996461e-02
1.212911193688004374e-02
1.175185262376299278e-02
1.121405041013101567e-02
1.121405041013101567e-02
1.069591477201381480e-02
1.018378292732968760e-02
9.651378141671607125e-03
9.192877365508778098e-03
8.910905807563374026e-03
8.761456043502313662e-03
8.854797875340381097e-03
9.000872821621541675e-03
9.236076761628631004e-03
9.552735326222361323e-03
9.552735326222361323e-03
9.958876499484681233e-03
1.043163966636306839e-02
1.083401689732088613e-02
1.117187543221209722e-02
1.154256971279465915e-02
1.179868486323609744e-02
1.195859220923622956e-02
1.201531975039227262e-02
1.189232458263944636e-02
1.160734834159349305e-02
1.160734834159349305e-02
1.128913345073367935e-02
1.100074856661148459e-02
1.073560157903408196e-02
1.055838553827825876e-02
1.057113517599095331e-02
1.060760153778073089e-02
1.072393860825471279e-02
1.086295036803797132e-02
1.088961688099221448e-02
1.093988453627225965e-02
1.093988453627225965e-02
1.101642031569127766e-02
1.101642031569127766e-02
1.044359310451259404e-02
9.993882492723926703e-03
9.442082933699857961e-03
9.006720372779497552e-03
8.695936367327128380e-03
8.392951261082970404e-03
8.198266178913726776e-03
8.170156952069795864e-03
8.170156952069795864e-03
8.223409463338882119e-03
8.382291467413871544e-03
8.625477450243224098e-03
8.891571463641056994e-03
9.286130841081430276e-03
9.705322523010373459e-03
9.705322523010373459e-03
1.019723989285381549e-02
1.067478864461524068e-02
1.114766217076379462e-02
1.114766217076379462e-02
1.114766217076379462e-02
1.151512875275617631e-02
1.184970693610498671e-02
1.203100728489392424e-02
1.222733870467695994e-02
1.246105690728427362e-02
1.269227406077977349e-02
1.292279352778535895e-02
1.308661371253005967e-02
1.307701793557480840e-02
1.307701793557480840e-02
1.305929399612271169e-02
1.291081257423254414e-02
1.273608622731003948e-02
1.255534047575590506e-02
1.259379263039583918e-02
1.241650263026539136e-02
1.227962443962216099e-02
1.206563135723826008e-02
1.191539874284242018e-02
1.165680774694255462e-02
1.165680774694255462e-02
1.142882310144432978e-02
1.121046506844702861e-02
1.101221148226017021e-02
1.087847959157439703e-02
1.065070652652089223e-02
1.052737222471122891e-02
1.046666459117062686e-02
1.055100428891719844e-02
1.069349226106552919e-02
1.108729641612438144e-02
1.108729641612438144e-02
1.143394292941568580e-02
1.179890396747040882e-02
1.214087800474317191e-02
1.232962203998066997e-02
1.245216312675090364e-02
1.251985942657452000e-02
1.252973287140157765e-02
1.246667223767961019e-02
1.234661885642651669e-02
1.217808323765279255e-02
1.217808323765279255e-02
1.196500203711892141e-02
1.176877103703599659e-02
1.158008377159358560e-02
1.145916763764187607e-02
1.146880759882940026e-02
1.152903305781904919e-02
1.167957265684904655e-02
1.185370219510950562e-02
1.201815012420226481e-02
1.219638243521359300e-02
1.219638243521359300e-02
1.250502817640875008e-02
1.274472366377921162e-02
1.279933427043467020e-02
1.271077300597767135e-02
1.251474116067274878e-02
1.235234332386259126e-02
1.215237619199260877e-02
1.196361015963187668e-02
1.181394000369273556e-02
1.156083637422167243e-02
1.156083637422167243e-02
1.140250441122958591e-02
1.125153584364646520e-02
1.119027319326271197e-02
1.118634120826733636e-02
1.118329996292466433e-02
1.116514266243129327e-02
1.119926553829486693e-02
1.128941294269836249e-02
1.143925200031326028e-02
1.158240702749502304e-02
1.158240702749502304e-02
1.175015553910707666e-02
1.185082366232048656e-02
1.182629806023349772e-02
1.175971765838390581e-02
1.174284948901505032e-02
1.173161848014458997e-02
1.166140094104584080e-02
1.159497705193324180e-02
1.152244728743578861e-02
1.144272619109276690e-02
1.144272619109276690e-02
1.141651935598364531e-02
1.143128883437238841e-02
1.141158838355593730e-02
1.135978475234189489e-02
1.133366753137554639e-02
1.141721909879755970e-02
1.151567278321952159e-02
1.159153201399654165e-02
1.165887126928488726e-02
1.174350672004464968e-02
1.174350672004464968e-02
1.184271258419489214e-02
1.189972144933371112e-02
1.195882846436635560e-02
1.198053813453725525e-02
1.198053813453725525e-02
1.198053813453725525e-02
1.198053813453725525e-02
1.198053813453725525e-02
1.198053813453725525e-02
1.198053813453725525e-02
1.198053813453725525e-02
1.204705920524418161e-02
1.214677512936201964e-02
1.223865573786309113e-02
1.224104408490944707e-02
1.232793435843060337e-02
1.239077983532421712e-02
1.232332550463244303e-02
1.227503204796054348e-02
1.218896905273503251e-02
1.212023056797129072e-02
1.212023056797129072e-02
1.212023056797129072e-02
1.212023056797129072e-02
1.207444438766192008e-02
1.203775768981962813e-02
1.199161269736404023e-02
1.200062804321522236e-02
1.203642575703778306e-02
1.203642575703778306e-02
1.190398594955599521e-02
1.188052831198227466e-02
1.188052831198227466e-02
1.183315099018322769e-02
1.181346285385043160e-02
1.174431953830179509e-02
1.163505157187838535e-02
1.157583504105019756e-02
1.162277776526199347e-02
1.171134510384952421e-02
1.173838329733545294e-02
1.179257430762170600e-02
1.192644773177953255e-02
1.192644773177953255e-02
1.211466461362054048e-02
1.235256708071741372e-02
1.260507704553948116e-02
1.281090169587439931e-02
1.299165871194141175e-02
1.312118437982157104e-02
1.315528348446992624e-02
1.311509703226043655e-02
1.309883734049321902e-02
1.303008988175502481e-02
1.303008988175502481e-02
1.286313412531470135e-02
1.258773228712417591e-02
1.234046234822905319e-02
1.212956002551379697e-02
1.206969607672636613e-02
1.215817148532405412e-02
1.230204817527447148e-02
1.249392799993920278e-02
1.276507990503716883e-02
1.299297644292884968e-02
1.299297644292884968e-02
1.315744423865883306e-02
1.319914093617313711e-02
1.316955089287130676e-02
1.305549549262696729e-02
1.293434588819408759e-02
1.281694047145087723e-02
1.279036357725171769e-02
1.180992695297611306e-02
1.109687206789811142e-02
1.056363256287973229e-02
1.056363256287973229e-02
1.021837624566490632e-02
1.007037373716457296e-02
1.013622806921254949e-02
1.034625461613636332e-02
1.060641619123625645e-02
1.095976268119169816e-02
1.135227656902859650e-02
1.177657434570456019e-02
1.215326536504068855e-02
1.241137620841570310e-02
1.241137620841570310e-02
1.269056471469021119e-02
1.300479985373126368e-02
1.325189485087907570e-02
1.347495820265187660e-02
1.364660037892218014e-02
1.380893012825534782e-02
1.392096265226960838e-02
1.401236123461391259e-02
1.399057996502151013e-02
1.394013080251887970e-02
1.394013080251887970e-02
1.377834649043752080e-02
1.361726207476365857e-02
1.341325809275328851e-02
1.325478711671568277e-02
1.316656238688729275e-02
1.305840741699970664e-02
1.297152089695075006e-02
1.293981098781848971e-02
1.288581772048935647e-02
1.281877334915737521e-02
1.281877334915737521e-02
1.278352064355825490e-02
1.276596038195432214e-02
1.276670604488394645e-02
1.277986034604783327e-02
1.282431864496480500e-02
1.288271569999110966e-02
1.311031089550684925e-02
1.331487098686334747e-02
1.345881744050281270e-02
1.355598453715334273e-02
