2.588558891187737326e-02
2.588558891187737326e-02
2.446756102126035337e-02
2.339409609251385733e-02
2.232176883115010585e-02
2.123532091778023920e-02
2.022861344175172493e-02
1.929205945533179339e-02
1.844207799051097996e-02
1.780020606806663463e-02
1.715695510357031703e-02
1.668267371848527678e-02
1.668267371848527678e-02
1.625109629658323673e-02
1.591630553374297208e-02
1.554847520353993227e-02
1.529091540631836825e-02
1.512050583999961263e-02
1.516925569841716046e-02
1.540909101338529263e-02
1.562986288879918140e-02
1.587979667122003946e-02
1.605613752984826753e-02
1.605613752984826753e-02
1.622754615378495940e-02
1.638594936117878167e-02
1.661083145294653743e-02
1.668152501890818665e-02
1.680118816966348280e-02
1.684203506087384589e-02
1.691337462310917722e-02
1.705663950947635885e-02
1.722933219830700968e-02
1.742668565376671169e-02
1.742668565376671169e-02
1.774982916576960459e-02
1.805134634785775932e-02
1.808366457591053036e-02
1.817946959905267224e-02
1.831615055024067920e-02
1.864941716737367541e-02
1.890681775970871545e-02
1.927209432575738290e-02
1.964181318976533988e-02
2.005989356029727264e-02
2.005989356029727264e-02
2.031777100566679178e-02
2.059081621501463247e-02
2.078832387969770795e-02
2.082268645520663278e-02
2.077873756479597239e-02
2.073765345859618359e-02
2.052546116273602436e-02
2.060958966423316607e-02
2.076513059237876033e-02
2.094909414908989811e-02
2.094909414908989811e-02
2.117691839266214182e-02
2.146806825262949012e-02
2.172041854452799389e-02
2.204818752279072078e-02
2.217641338539325102e-02
2.243613879392722735e-02
2.264839821704995801e-02
2.282729982818163667e-02
2.303093109626312349e-02
2.303332772984063512e-02
2.303332772984063512e-02
2.287429318818130081e-02
2.287429318818130081e-02
2.268640541719738057e-02
2.262508875527746710e-02
2.272478917329659454e-02
2.258879122259207367e-02
2.256437526597819196e-02
2.264863254071119991e-02
2.271246945539542525e-02
2.286067294576134626e-02
2.286067294576134626e-02
2.340201862287341270e-02
2.380411604108089579e-02
2.367384968430337813e-02
2.357073117424329442e-02
2.347395805870673008e-02
2.338276210630666971e-02
2.349576772834340715e-02
2.373150155179170814e-02
2.386213379858232592e-02
2.409661704419133535e-02
2.409661704419133535e-02
2.442083519414689138e-02
2.466980358773329662e-02
2.485833925919101600e-02
2.501648699671975631e-02
2.531016204859747390e-02
2.546870220274717253e-02
2.571011786343192079e-02
2.597814023000982742e-02
2.626553213204336351e-02
2.652552439264745793e-02
2.652552439264745793e-02
2.685343545206812094e-02
2.710263662248865724e-02
2.718819412451129944e-02
2.729792450320406641e-02
2.735703159462104378e-02
2.729791547250443734e-02
2.713994714861741112e-02
2.713994714861741112e-02
2.713994714861741112e-02
2.702977793859099448e-02
2.702977793859099448e-02
2.676787048734386235e-02
2.656605447611438617e-02
2.643797189425838370e-02
2.622257618954159861e-02
2.609098941718906300e-02
2.589466146565159305e-02
2.578670470684900351e-02
2.580143590697837538e-02
2.581104124949953199e-02
2.575182068815381337e-02
2.575182068815381337e-02
2.587399687184999131e-02
2.600278534013866771e-02
2.601446936730406403e-02
2.581286266866435544e-02
2.571244854831717525e-02
2.550811291267049766e-02
2.524311115738586339e-02
2.486440920483332789e-02
2.459196399792598284e-02
2.424903403957551912e-02
2.424903403957551912e-02
2.382952699386411965e-02
2.334369182128848488e-02
2.299734043823428720e-02
2.282387510583881035e-02
2.260671107364537261e-02
2.245140861175507277e-02
2.231493028780160565e-02
2.213162271438319159e-02
2.185177934778076425e-02
2.177900284407999557e-02
2.177900284407999557e-02
2.156411177381514430e-02
2.140156088396749992e-02
2.113859604211046003e-02
2.078626979702897018e-02
2.046499857239204509e-02
2.004698727038287456e-02
1.974272060566289663e-02
1.949014804403950696e-02
1.949869279910305259e-02
1.938508185002968745e-02
1.938508185002968745e-02
1.926577115664257142e-02
1.938951999661086764e-02
1.956959233479503568e-02
1.976748894993995628e-02
1.987690722157855333e-02
2.000010547170462047e-02
2.002430775080941971e-02
1.996394483598853617e-02
2.001557071745483848e-02
2.008420349397666005e-02
2.008420349397666005e-02
2.025076421813191280e-02
2.032478164516487648e-02
2.069315246912813849e-02
2.074024071725475565e-02
2.054083035551207068e-02
2.024113897949347818e-02
1.992094020093054113e-02
1.961892817761278635e-02
1.931972250613813238e-02
1.891518200388041943e-02
1.891518200388041943e-02
1.830092613966007031e-02
1.772602038389085519e-02
1.714083297988430732e-02
1.653550807226454936e-02
1.595170631086958654e-02
1.543045774407738983e-02
1.526084917232520266e-02
1.537069175267727524e-02
1.559827882916822901e-02
1.571442690867586034e-02
1.571442690867586034e-02
1.589059556610388294e-02
1.613712076725341144e-02
1.619577705568642917e-02
1.620407833182943222e-02
1.620072412256024982e-02
1.611566317560518199e-02
1.610682689065442638e-02
1.600634900426449111e-02
1.593493409962442459e-02
1.586981498815038388e-02
1.586981498815038388e-02
1.583130318493993979e-02
1.588506319934421609e-02
1.593402730323889224e-02
1.623051478424354654e-02
1.646421116636540699e-02
1.679007338296494706e-02
1.705118444661110275e-02
1.721759531414866415e-02
1.736657717958856040e-02
1.770387839236276309e-02
1.770387839236276309e-02
1.808949398890931370e-02
1.834871341196662314e-02
1.846711919913536504e-02
1.841933293221833384e-02
1.861776904219886522e-02
1.896134668894469341e-02
1.932376520724048141e-02
1.953833832703195938e-02
1.972656426056509579e-02
1.993640357572239868e-02
1.993640357572239868e-02
2.002677697289611744e-02
2.005087723308298514e-02
2.004081200519625822e-02
1.997186757195013040e-02
1.952516296905412382e-02
1.906993901715556619e-02
1.858032525917414565e-02
1.796458505493206750e-02
1.766900695575019872e-02
1.730016860711772880e-02
1.730016860711772880e-02
1.681057356368805336e-02
1.640357539539896714e-02
1.592422745491388694e-02
1.552613034161946098e-02
1.523974327547996700e-02
1.504702459457672899e-02
1.493356670065908338e-02
1.475707022730683368e-02
1.465489136143327542e-02
1.444229658210985368e-02
1.444229658210985368e-02
1.431032847488633401e-02
1.415503018854942854e-02
1.409203224646135046e-02
1.416829613390079359e-02
1.413651676389518497e-02
1.417244203995439954e-02
1.418262021238972728e-02
1.415298459934783738e-02
1.414552207610038012e-02
1.418274493557599228e-02
1.418274493557599228e-02
1.405014923271335689e-02
1.368948892593408774e-02
1.334148565175496091e-02
1.280429660942975813e-02
1.239005365397285660e-02
1.212755571993835539e-02
1.188751582845232885e-02
1.189683452412880135e-02
1.205717258122281955e-02
1.204673969982513262e-02
1.204673969982513262e-02
1.198886476734851644e-02
1.183858540566428211e-02
1.153279523162773108e-02
1.129394505690077197e-02
1.116650292873742033e-02
1.107905497515257291e-02
1.094938549853920369e-02
1.082062718198839417e-02
1.077693961807763175e-02
1.061124171845730796e-02
1.061124171845730796e-02
1.052652042363089353e-02
1.052700059606244756e-02
1.044434612539174752e-02
1.035671723501580856e-02
1.027214153902358471e-02
1.012967222964408082e-02
9.895431911337406253e-03
9.779078479365389473e-03
9.671672882337537316e-03
9.592732825374507971e-03
9.592732825374507971e-03
9.545362651956292716e-03
9.532413150220235554e-03
9.613434846369544456e-03
9.629928464197306734e-03
9.629928464197306734e-03
9.629928464197306734e-03
9.673632237399571940e-03
9.728028365223300930e-03
9.526002846954921555e-03
9.440585511558741150e-03
9.440585511558741150e-03
9.447922408746343287e-03
9.379066013435882754e-03
9.326503534152002020e-03
9.349949701340651981e-03
9.345099620327892292e-03
9.324913139015388389e-03
9.372252605909551018e-03
9.335776448247715478e-03
9.295039889942541267e-03
9.278643740409498950e-03
9.278643740409498950e-03
8.861577084191041981e-03
8.529271212034544164e-03
8.270440284156820032e-03
8.057884570846293379e-03
8.035670724269909637e-03
7.969692143843487911e-03
8.034681022392282587e-03
8.179475472201836947e-03
8.479954714728406284e-03
8.833078557948908713e-03
8.833078557948908713e-03
9.248826401161596919e-03
9.487328936470269120e-03
9.776488087386526679e-03
1.005123883202886995e-02
1.032197581178395836e-02
1.075633735083522842e-02
1.099874595575060440e-02
1.106801550582767364e-02
1.099900999714861251e-02
1.089091201155408146e-02
1.089091201155408146e-02
1.073792800005432015e-02
1.052226914321608212e-02
1.028066679226386990e-02
1.020042457165788383e-02
1.008130351153589850e-02
1.037130023297747408e-02
1.071965828444529541e-02
1.118160173082016241e-02
1.158380229695006938e-02
1.192200655734353479e-02
1.192200655734353479e-02
1.210110151534542731e-02
1.218724164337886377e-02
1.217775981384326689e-02
1.219769542771313026e-02
1.204313357619722462e-02
1.184287468908548635e-02
1.150837594578394546e-02
1.126852461608049069e-02
1.105391919910182590e-02
1.088850987115759332e-02
1.088850987115759332e-02
1.086798469837765325e-02
1.085490272217877646e-02
1.093985544065939966e-02
1.103228511238443961e-02
1.124294155679675909e-02
1.154019547176003864e-02
1.198926881651758355e-02
1.237142271496292564e-02
1.268620308716012987e-02
1.292502188728589067e-02
1.292502188728589067e-02
1.309346728143948729e-02
1.307545459790900727e-02
1.311782001932758172e-02
1.311502584645800676e-02
1.298988617567208709e-02
1.288270308842781597e-02
1.285136893571032536e-02
1.265473721309335817e-02
1.253638235795453623e-02
1.250190640666799455e-02
1.250190640666799455e-02
1.238864312782805149e-02
1.246209235399684673e-02
1.263646673719706973e-02
1.410785372375284417e-02
1.536010855575896047e-02
1.639830022774740881e-02
1.730841249910524196e-02
1.815624271740841345e-02
1.886770168302275008e-02
1.939106150246444962e-02
1.939106150246444962e-02
1.992695998282427092e-02
2.034650631762548179e-02
2.061767846839064611e-02
2.085884211102924379e-02
2.100917028061109401e-02
2.105745153550895449e-02
2.109805749630253371e-02
2.112502085301664473e-02
2.115861169333464742e-02
2.120103855695793307e-02
2.120103855695793307e-02
2.124092186236460622e-02
2.128455579236575301e-02
2.131509653564181775e-02
2.131728686130366507e-02
2.131597226180085777e-02
2.128039687383325232e-02
2.122026844964869721e-02
2.114698280275862166e-02
2.103616191385446893e-02
2.088481132548129088e-02
2.088481132548129088e-02
2.081921429671969304e-02
2.072026087927857779e-02
2.060984105172999209e-02
2.060088654720316353e-02
2.062854565924648886e-02
2.053177366220362496e-02
2.039520649395417523e-02
2.024656362159722722e-02
2.010159101235594811e-02
1.996728384050650007e-02
1.996728384050650007e-02
1.969847598062658342e-02
1.924911659810969386e-02
1.889525596195978235e-02
1.858258418608031703e-02
1.835066951326153398e-02
1.816442357461315812e-02
1.807215784378331941e-02
1.806336056125255884e-02
1.801936193890554816e-02
1.797014738321908028e-02
1.797014738321908028e-02
1.801669506524643943e-02
1.797057944222322026e-02
1.804774261788114759e-02
1.806349888493982356e-02
1.809274070920986049e-02
1.817543533832444158e-02
1.826863351358330723e-02
1.824220489151141822e-02
1.817942166361254802e-02
1.798850569297965815e-02
1.798850569297965815e-02
1.789395103679886426e-02
1.777130247453544837e-02
1.770259584425166316e-02
1.762693845631837369e-02
1.755532728903889256e-02
1.758556584463900896e-02
1.751275375084214089e-02
1.747402455398149035e-02
1.742002993668600661e-02
1.736068833444366979e-02
1.736068833444366979e-02
1.743356553290015959e-02
1.753787633105562474e-02
1.761109838388184856e-02
1.759248986611383972e-02
1.742088460981407877e-02
1.724369855434488424e-02
1.705430169424711206e-02
1.684765087714287443e-02
1.666637868629755603e-02
1.655288426951104230e-02
1.655288426951104230e-02
1.655983879945065879e-02
1.658164439218921121e-02
1.653084459147679056e-02
1.651423332849073430e-02
1.646466771683688379e-02
1.644344634227243654e-02
1.650853995426383031e-02
1.655482404315121100e-02
1.636881717003087905e-02
1.623276586174845701e-02
1.623276586174845701e-02
1.619865953701996736e-02
1.621013936997142343e-02
1.608800496039191827e-02
1.597436469697257819e-02
1.587272204467931810e-02
1.561309654999566351e-02
1.536560874678185445e-02
1.514876214715851592e-02
1.497187965414010190e-02
1.478246640966883983e-02
1.478246640966883983e-02
1.464580387587603727e-02
1.454410075135224856e-02
1.445282553481010666e-02
1.446361409331851401e-02
1.431361196157008089e-02
1.417516330149810010e-02
1.401093761113885415e-02
1.392269883600291691e-02
1.375368453561864532e-02
1.356396012840413272e-02
1.356396012840413272e-02
1.349904481835662029e-02
1.344652827257781721e-02
1.340959935620653944e-02
1.344983192910820247e-02
1.347938036165652158e-02
1.346084813867598658e-02
1.344196978393927440e-02
1.339207416744390630e-02
1.336759739543465046e-02
1.330562412563229997e-02
1.330562412563229997e-02
1.319687102952232273e-02
1.300095811141381390e-02
1.281251506948073021e-02
1.261824957613483407e-02
1.237845541361227118e-02
1.229733424747861403e-02
1.224786033336272735e-02
1.216012237124042099e-02
1.213374427191369134e-02
1.208338313367341571e-02
1.208338313367341571e-02
1.206674828050991258e-02
1.210611041490754040e-02
1.203036777374923670e-02
1.196678227154030459e-02
1.192577072193226791e-02
1.195906712091028036e-02
1.202901918276320058e-02
1.214071283973435639e-02
1.228595694508077645e-02
1.243188592574352887e-02
1.243188592574352887e-02
1.232141647087368896e-02
1.217163068566463717e-02
1.196375763814587836e-02
1.174237096861866468e-02
1.157645272651878186e-02
1.154282649228677120e-02
1.161480679393304613e-02
1.168456167592645326e-02
1.183962273255336102e-02
1.198047657518004454e-02
1.198047657518004454e-02
1.208518691461836318e-02
1.225576609950079082e-02
1.240302248328695005e-02
1.248316797846550988e-02
1.256241608398933618e-02
1.255917442219334559e-02
1.249979525828258560e-02
1.247124005050321595e-02
1.253862016167134157e-02
1.267105837801336780e-02
1.267105837801336780e-02
1.273017100478885180e-02
1.288034447492658260e-02
1.292422397480199811e-02
1.292832509465469300e-02
1.296157941395309314e-02
1.295562332890064922e-02
1.291409722093936514e-02
1.286845986082577400e-02
1.288854534848198410e-02
1.286362328423041636e-02
1.286362328423041636e-02
1.292106551348606858e-02
1.292106551348606858e-02
1.305887038729442243e-02
1.320302933654226608e-02
1.329720742069976161e-02
1.323860087532355290e-02
1.315340690543163708e-02
1.302864105041811639e-02
1.284730028088973061e-02
1.262123668536955200e-02
1.262123668536955200e-02
1.248477386528698031e-02
1.248010424585572521e-02
1.246709670850917190e-02
1.243150451559868475e-02
1.243443743785304333e-02
1.239347717136150655e-02
1.241083124583606048e-02
1.254540876205686474e-02
1.260674301734259276e-02
1.254560849853017176e-02
1.254560849853017176e-02
1.257461230410659297e-02
1.262323031191852317e-02
1.272952425233697671e-02
1.275068404224751623e-02
1.278462155172221254e-02
1.273316094776095336e-02
1.271043532691445641e-02
1.261172092733430124e-02
1.253217348740760448e-02
1.232607100853641037e-02
1.232607100853641037e-02
1.209470868472029004e-02
1.200218770199609937e-02
1.207796255203352938e-02
1.231088767661560682e-02
1.262852374196925601e-02
1.291069563299306576e-02
1.322119377714571845e-02
1.346599671549208316e-02
1.361365586033536773e-02
1.365264895208168419e-02
1.365264895208168419e-02
1.373668696933007770e-02
1.377263786267758292e-02
1.380008063173110248e-02
1.382489708391857093e-02
1.387715606667875266e-02
1.373313360120638656e-02
1.371796320017294388e-02
1.371796320017294388e-02
1.371796320017294388e-02
1.371796320017294388e-02
1.371796320017294388e-02
1.372588186289923698e-02
1.376602945563826057e-02
1.383146549337190001e-02
1.386748205969455874e-02
1.385309732203337217e-02
1.377712683580626686e-02
1.367075091217775061e-02
1.355313066928345335e-02
1.343885230925163758e-02
1.335569762096423287e-02
1.335569762096423287e-02
1.318102246070308216e-02
1.293345985743143620e-02
1.272036250837604854e-02
1.253110279332078983e-02
1.236550561241396562e-02
1.213042777401209318e-02
1.197808959930645248e-02
1.180457039842109680e-02
1.168142516965602409e-02
1.157628929065625777e-02
1.157628929065625777e-02
1.145446888665872798e-02
1.135733859299257152e-02
1.132934969483556653e-02
1.124306907406626491e-02
1.106946853212397060e-02
1.089554760441358537e-02
1.070689992138530548e-02
1.050247554571586035e-02
1.037256072174011674e-02
1.023365078988944417e-02
1.023365078988944417e-02
1.012197914990756523e-02
1.006102131914343202e-02
1.007698296952349616e-02
1.005189653585564745e-02
1.004101604024360342e-02
1.001086692885787624e-02
1.001154189339895258e-02
1.001305751187137917e-02
9.947531071294842334e-03
9.773952546387706594e-03
9.773952546387706594e-03
9.571526072122454182e-03
9.470790335259432827e-03
9.434003532763846761e-03
9.422820843371718103e-03
9.342537357498081202e-03
9.358166958811132280e-03
9.337136662108100338e-03
9.329456255728093075e-03
9.235197679810408164e-03
9.158820512684903020e-03
9.158820512684903020e-03
9.078965956491118552e-03
9.029194548722318386e-03
9.021305144370208792e-03
9.049738380567608556e-03
9.246305037467797763e-03
9.534741916987502647e-03
9.836128514503203468e-03
1.006299962841452483e-02
1.023616879435184160e-02
1.052290092557727451e-02
1.052290092557727451e-02
1.088631665258684919e-02
1.116465557769490656e-02
1.142140693219018295e-02
1.156621551345333662e-02
1.165512621484392046e-02
1.163488281317031324e-02
1.154702656639543593e-02
1.147260218906160159e-02
1.144032900593434585e-02
1.147934230239601623e-02
