4.830998554825782776e-02
4.306608438491821289e-02
3.793181106448173523e-02
3.362151980400085449e-02
3.522839024662971497e-02
3.659567609429359436e-02
3.734339401125907898e-02
3.743189200758934021e-02
3.859480097889900208e-02
3.928923606872558594e-02
4.028788208961486816e-02
4.028788208961486816e-02
3.961736336350440979e-02
3.987883776426315308e-02
3.982403129339218140e-02
3.891248628497123718e-02
3.845415264368057251e-02
3.796174004673957825e-02
3.693175688385963440e-02
3.576348349452018738e-02
3.492257371544837952e-02
3.368867561221122742e-02
3.368867561221122742e-02
3.230990096926689148e-02
3.122084774076938629e-02
3.024276345968246460e-02
2.952729724347591400e-02
2.840605005621910095e-02
2.706142514944076538e-02
2.537804469466209412e-02
2.342952787876129150e-02
2.207765914499759674e-02
2.032809332013130188e-02
2.032809332013130188e-02
1.886129751801490784e-02
1.746924594044685364e-02
1.688982360064983368e-02
1.625760085880756378e-02
1.592741161584854126e-02
1.515297126024961472e-02
1.367267407476902008e-02
1.191170327365398407e-02
9.764848276972770691e-03
8.152308873832225800e-03
8.152308873832225800e-03
6.865097209811210632e-03
6.668217480182647705e-03
7.924680598080158234e-03
9.067066013813018799e-03
1.055302377790212631e-02
1.228866353631019592e-02
1.426255237311124802e-02
1.619952917098999023e-02
1.803895458579063416e-02
1.977341435849666595e-02
1.977341435849666595e-02
2.170865982770919800e-02
2.331900410354137421e-02
2.478725276887416840e-02
2.660560794174671173e-02
2.837171964347362518e-02
2.975058928132057190e-02
3.054594434797763824e-02
3.150761500000953674e-02
3.267129138112068176e-02
3.394723683595657349e-02
3.394723683595657349e-02
3.582025691866874695e-02
3.739606589078903198e-02
3.883105888962745667e-02
4.038237780332565308e-02
4.136038944125175476e-02
4.254436492919921875e-02
4.398675262928009033e-02
4.526720568537712097e-02
4.690920934081077576e-02
4.794069752097129822e-02
4.794069752097129822e-02
4.854894801974296570e-02
4.813956096768379211e-02
4.792414605617523193e-02
4.732491821050643921e-02
4.684507474303245544e-02
4.657711833715438843e-02
4.641535133123397827e-02
4.588435590267181396e-02
4.572752863168716431e-02
4.542502015829086304e-02
4.542502015829086304e-02
4.462152719497680664e-02
4.435712844133377075e-02
4.371503740549087524e-02
4.353742673993110657e-02
4.351072758436203003e-02
4.203458130359649658e-02
4.082708805799484253e-02
3.939637169241905212e-02
3.418274596333503723e-02
3.014336898922920227e-02
3.014336898922920227e-02
2.717524953186511993e-02
2.515307627618312836e-02
2.551022917032241821e-02
2.631936594843864441e-02
2.726277336478233337e-02
2.888506650924682617e-02
3.004793822765350342e-02
3.098895959556102753e-02
3.141961991786956787e-02
3.153267502784729004e-02
3.153267502784729004e-02
3.200996294617652893e-02
3.267593681812286377e-02
3.289164975285530090e-02
3.324794024229049683e-02
3.342258185148239136e-02
3.315984830260276794e-02
3.227001428604125977e-02
3.149515390396118164e-02
3.073632903397083282e-02
3.002122044563293457e-02
3.002122044563293457e-02
2.973806299269199371e-02
2.922630496323108673e-02
2.826155908405780792e-02
2.795879542827606201e-02
2.893495373427867889e-02
2.996084839105606079e-02
3.220082446932792664e-02
3.430077806115150452e-02
3.668817877769470215e-02
3.842632472515106201e-02
3.842632472515106201e-02
3.974821791052818298e-02
4.146659374237060547e-02
4.328050091862678528e-02
4.432462900876998901e-02
4.489693418145179749e-02
4.569410532712936401e-02
4.562331736087799072e-02
4.450153931975364685e-02
4.345200583338737488e-02
4.249836131930351257e-02
