1.453627459704875946e-02
1.453627459704875946e-02
1.440642867237329483e-02
1.450822222977876663e-02
1.479541417211294174e-02
1.495759654790163040e-02
1.463059894740581512e-02
1.393620483577251434e-02
1.343880966305732727e-02
1.312006078660488129e-02
1.288239285349845886e-02
1.274558622390031815e-02
1.274558622390031815e-02
1.258526649326086044e-02
1.251916121691465378e-02
1.250418834388256073e-02
1.253625936806201935e-02
1.259446609765291214e-02
1.260551903396844864e-02
1.269317418336868286e-02
1.284778863191604614e-02
1.297738775610923767e-02
1.315270923078060150e-02
1.315270923078060150e-02
1.333786081522703171e-02
1.362198777496814728e-02
1.373003423213958740e-02
1.373992301523685455e-02
1.365380082279443741e-02
1.355477049946784973e-02
1.358484569936990738e-02
1.367619633674621582e-02
1.380440499633550644e-02
1.398090086877346039e-02
1.398090086877346039e-02
1.407863851636648178e-02
1.410587597638368607e-02
1.415906008332967758e-02
1.431259792298078537e-02
1.444307249039411545e-02
1.461621001362800598e-02
1.477095019072294235e-02
1.491001341491937637e-02
1.502327155321836472e-02
1.508660893887281418e-02
1.508660893887281418e-02
1.517810579389333725e-02
1.523660402745008469e-02
1.530376169830560684e-02
1.540403440594673157e-02
1.556049473583698273e-02
1.573191769421100616e-02
1.586284674704074860e-02
1.587321795523166656e-02
1.584708876907825470e-02
1.578628644347190857e-02
1.578628644347190857e-02
1.571623980998992920e-02
1.567416079342365265e-02
1.578168012201786041e-02
1.589814014732837677e-02
1.597900316119194031e-02
1.610958017408847809e-02
1.613295823335647583e-02
1.617679558694362640e-02
1.632140390574932098e-02
1.635812595486640930e-02
1.635812595486640930e-02
1.654333807528018951e-02
1.667471788823604584e-02
1.688506267964839935e-02
1.706971414387226105e-02
1.719711907207965851e-02
1.726687140762805939e-02
1.732185669243335724e-02
1.730185747146606445e-02
1.720690727233886719e-02
1.712922006845474243e-02
1.712922006845474243e-02
1.713510788977146149e-02
1.713310368359088898e-02
1.710396632552146912e-02
1.707948930561542511e-02
1.707973703742027283e-02
1.701333560049533844e-02
1.695881970226764679e-02
1.691287755966186523e-02
1.695296168327331543e-02
1.702575571835041046e-02
1.702575571835041046e-02
1.720410957932472229e-02
1.732109487056732178e-02
1.744327880442142487e-02
1.753615774214267731e-02
1.754054799675941467e-02
1.758046075701713562e-02
1.766094006597995758e-02
1.772662997245788574e-02
1.776876114308834076e-02
1.770738326013088226e-02
1.770738326013088226e-02
1.758498139679431915e-02
1.745925098657608032e-02
1.727030985057353973e-02
1.707476563751697540e-02
1.690897904336452484e-02
1.692512445151805878e-02
1.697188429534435272e-02
1.704720780253410339e-02
1.713051646947860718e-02
1.717851869761943817e-02
1.717851869761943817e-02
1.712117530405521393e-02
1.702245324850082397e-02
1.684276759624481201e-02
1.669768244028091431e-02
1.654299162328243256e-02
1.643798872828483582e-02
1.641423068940639496e-02
1.640135608613491058e-02
1.637722179293632507e-02
1.651676371693611145e-02
1.651676371693611145e-02
1.664189621806144714e-02
1.679891347885131836e-02
1.703537069261074066e-02
1.726696453988552094e-02
1.743187755346298218e-02
1.758929900825023651e-02
1.786560751497745514e-02
1.813146658241748810e-02
1.826366595923900604e-02
1.830447092652320862e-02
1.830447092652320862e-02
1.834975741803646088e-02
1.836039684712886810e-02
1.832221634685993195e-02
1.816291734576225281e-02
1.788429729640483856e-02
1.765185035765171051e-02
1.748152449727058411e-02
1.736360415816307068e-02
1.722789555788040161e-02
1.704446785151958466e-02
1.704446785151958466e-02
1.688121259212493896e-02
1.688121259212493896e-02
1.688121259212493896e-02
1.670729741454124451e-02
1.665979996323585510e-02
1.663889735937118530e-02
1.675076782703399658e-02
1.694355905055999756e-02
1.704685389995574951e-02
1.711420342326164246e-02
1.711420342326164246e-02
1.712936349213123322e-02
1.707638986408710480e-02
1.695738360285758972e-02
1.686766371130943298e-02
1.678141392767429352e-02
1.673708669841289520e-02
1.667556911706924438e-02
1.664978638291358948e-02
1.672826148569583893e-02
1.681584864854812622e-02
1.681584864854812622e-02
1.694879494607448578e-02
1.701481081545352936e-02
1.702488027513027191e-02
1.693818159401416779e-02
1.687373034656047821e-02
1.697854697704315186e-02
1.717325858771800995e-02
1.720817759633064270e-02
1.714351959526538849e-02
1.710428483784198761e-02
1.710428483784198761e-02
1.708642952144145966e-02
1.706287823617458344e-02
1.710054092109203339e-02
1.720339991152286530e-02
1.729861088097095490e-02
1.742024347186088562e-02
1.754615455865859985e-02
1.764196716248989105e-02
1.778421178460121155e-02
1.791551709175109863e-02
1.791551709175109863e-02
1.791023463010787964e-02
1.781006343662738800e-02
1.777060516178607941e-02
1.775917224586009979e-02
1.775149628520011902e-02
1.786582544445991516e-02
1.801846362650394440e-02
1.809082366526126862e-02
1.816130056977272034e-02
1.833910122513771057e-02
1.833910122513771057e-02
1.846698857843875885e-02
1.867808401584625244e-02
1.881185360252857208e-02
1.893893256783485413e-02
1.900075934827327728e-02
1.901834085583686829e-02
1.897308789193630219e-02
1.880185306072235107e-02
1.860159635543823242e-02
1.841585151851177216e-02
1.841585151851177216e-02
1.830141991376876831e-02
1.824714802205562592e-02
1.825350895524024963e-02
1.822034642100334167e-02
1.819275319576263428e-02
1.828924193978309631e-02
1.838212646543979645e-02
1.859186217188835144e-02
1.881350763142108917e-02
1.909043639898300171e-02
1.909043639898300171e-02
1.929073408246040344e-02
1.945989206433296204e-02
1.955233700573444366e-02
1.960461400449275970e-02
1.962831802666187286e-02
1.942215487360954285e-02
1.925394311547279358e-02
1.907809823751449585e-02
1.887314952909946442e-02
1.861988008022308350e-02
1.861988008022308350e-02
1.848654262721538544e-02
1.845617592334747314e-02
1.840231008827686310e-02
1.838420145213603973e-02
1.829037629067897797e-02
1.827995292842388153e-02
1.827995292842388153e-02
1.827995292842388153e-02
1.827995292842388153e-02
1.848604530096054077e-02
1.848604530096054077e-02
1.865683309733867645e-02
1.879441551864147186e-02
1.897545717656612396e-02
1.910753548145294189e-02
1.908013969659805298e-02
1.898461580276489258e-02
1.878683082759380341e-02
1.848699524998664856e-02
1.813493110239505768e-02
1.767109334468841553e-02
1.767109334468841553e-02
1.715074479579925537e-02
1.664171181619167328e-02
1.624539308249950409e-02
1.598940603435039520e-02
1.578450202941894531e-02
1.571122370660305023e-02
1.565281301736831665e-02
1.575675979256629944e-02
1.610244438052177429e-02
1.643619500100612640e-02
1.643619500100612640e-02
1.667453721165657043e-02
1.684572547674179077e-02
1.706130616366863251e-02
1.724093407392501831e-02
1.729427091777324677e-02
1.717574521899223328e-02
1.687027141451835632e-02
1.658752188086509705e-02
1.632394269108772278e-02
1.608776673674583435e-02
