9.490676224231719971e-03
9.490676224231719971e-03
1.015526894479990005e-02
9.538799524307250977e-03
8.547093719244003296e-03
7.804287597537040710e-03
7.594341412186622620e-03
7.633074186742305756e-03
7.605470716953277588e-03
7.713700644671916962e-03
7.642702665179967880e-03
7.886236533522605896e-03
7.886236533522605896e-03
8.127915672957897186e-03
8.362245745956897736e-03
8.636192418634891510e-03
8.837040513753890991e-03
9.014533832669258118e-03
9.184109047055244446e-03
9.375584311783313751e-03
9.279889985918998718e-03
9.253931231796741486e-03
9.269777685403823853e-03
9.269777685403823853e-03
9.239158593118190765e-03
9.365275502204895020e-03
9.656020440161228180e-03
9.776209481060504913e-03
1.001849398016929626e-02
1.030877698212862015e-02
1.072375755757093430e-02
1.116406545042991638e-02
1.155908312648534775e-02
1.197346951812505722e-02
1.197346951812505722e-02
1.228613406419754028e-02
1.257419027388095856e-02
1.286681741476058960e-02
1.323098689317703247e-02
1.343691814690828323e-02
1.364578492939472198e-02
1.401388645172119141e-02
1.440700609236955643e-02
1.475580222904682159e-02
1.507432479411363602e-02
1.507432479411363602e-02
1.543519552797079086e-02
1.567499712109565735e-02
1.586797460913658142e-02
1.609480753540992737e-02
1.608943752944469452e-02
1.614237390458583832e-02
1.595357619225978851e-02
1.579491607844829559e-02
1.571475341916084290e-02
1.563264802098274231e-02
1.563264802098274231e-02
1.549624558538198471e-02
1.554048154503107071e-02
1.576872542500495911e-02
1.603406108915805817e-02
1.638886705040931702e-02
1.690113544464111328e-02
1.755448617041110992e-02
1.825043559074401855e-02
1.895656995475292206e-02
1.952317729592323303e-02
1.952317729592323303e-02
2.006427198648452759e-02
2.063008397817611694e-02
2.128711901605129242e-02
2.182871848344802856e-02
2.225451543927192688e-02
2.262580581009387970e-02
2.293378114700317383e-02
2.330105192959308624e-02
2.365487255156040192e-02
2.401837334036827087e-02
2.401837334036827087e-02
2.433508448302745819e-02
2.455367520451545715e-02
2.461350709199905396e-02
2.464016713201999664e-02
2.473813295364379883e-02
2.472711354494094849e-02
2.485552988946437836e-02
2.511487342417240143e-02
2.512597851455211639e-02
2.516766823828220367e-02
2.516766823828220367e-02
2.501182816922664642e-02
2.481476776301860809e-02
2.456451579928398132e-02
2.447284385561943054e-02
2.448388561606407166e-02
2.458392828702926636e-02
2.465385384857654572e-02
2.463284321129322052e-02
2.466431260108947754e-02
2.469754964113235474e-02
2.469754964113235474e-02
2.468451857566833496e-02
2.465506270527839661e-02
2.448676899075508118e-02
2.432089112699031830e-02
2.423593774437904358e-02
2.429056726396083832e-02
2.454902790486812592e-02
2.488852292299270630e-02
2.510019578039646149e-02
2.524341456592082977e-02
2.524341456592082977e-02
2.551424503326416016e-02
2.608637325465679169e-02
2.535871602594852448e-02
2.470705844461917877e-02
2.408734150230884552e-02
2.356963418424129486e-02
2.315882407128810883e-02
2.276697568595409393e-02
2.240438014268875122e-02
2.216671966016292572e-02
2.216671966016292572e-02
2.196618728339672089e-02
2.180314250290393829e-02
2.169273421168327332e-02
2.165090851485729218e-02
2.165658585727214813e-02
2.169871702790260315e-02
2.181213907897472382e-02
2.199589461088180542e-02
2.208659984171390533e-02
2.222573012113571167e-02
2.222573012113571167e-02
2.237202413380146027e-02
2.260607108473777771e-02
2.287015691399574280e-02
2.315616607666015625e-02
2.351849153637886047e-02
2.379598654806613922e-02
2.414437197148799896e-02
2.452417463064193726e-02
2.487622015178203583e-02
2.523343078792095184e-02
2.523343078792095184e-02
2.557899430394172668e-02
2.580635063350200653e-02
2.604521624743938446e-02
2.629801630973815918e-02
2.661888673901557922e-02
2.692328952252864838e-02
2.725811675190925598e-02
2.764606103301048279e-02
2.805154770612716675e-02
2.838925831019878387e-02
2.838925831019878387e-02
2.860435843467712402e-02
2.893537096679210663e-02
2.926615811884403229e-02
2.955590747296810150e-02
2.987154386937618256e-02
3.020844236016273499e-02
3.055151179432868958e-02
3.082192316651344299e-02
3.100319020450115204e-02
3.113884851336479187e-02
3.113884851336479187e-02
3.130165860056877136e-02
3.128268569707870483e-02
3.127283230423927307e-02
3.122845105826854706e-02
3.124501183629035950e-02
3.116355463862419128e-02
3.099401667714118958e-02
3.074778430163860321e-02
3.052721545100212097e-02
3.037167526781558990e-02
3.037167526781558990e-02
3.031901270151138306e-02
3.036986663937568665e-02
3.055114857852458954e-02
3.074550069868564606e-02
3.097146004438400269e-02
3.115365095436573029e-02
3.123660013079643250e-02
3.119873628020286560e-02
3.105136193335056305e-02
3.086584806442260742e-02
3.086584806442260742e-02
3.065050579607486725e-02
3.037289716303348541e-02
3.018254600465297699e-02
3.023108467459678650e-02
3.035537712275981903e-02
3.055769950151443481e-02
3.069779090583324432e-02
3.068448789417743683e-02
3.066386841237545013e-02
3.063139319419860840e-02
3.063139319419860840e-02
3.063508681952953339e-02
3.066687658429145813e-02
3.076685778796672821e-02
3.103807754814624786e-02
3.127938508987426758e-02
3.152938559651374817e-02
3.177425265312194824e-02
3.199180960655212402e-02
3.218790143728256226e-02
3.241092711687088013e-02
3.241092711687088013e-02
3.262009844183921814e-02
3.293269872665405273e-02
3.326292335987091064e-02
3.360091149806976318e-02
3.386399149894714355e-02
3.411095589399337769e-02
3.418832272291183472e-02
3.419158980250358582e-02
3.403825312852859497e-02
3.385987132787704468e-02
3.385987132787704468e-02
3.357610106468200684e-02
3.329084813594818115e-02
3.314845263957977295e-02
3.309785574674606323e-02
3.315445780754089355e-02
3.327076882123947144e-02
3.349243849515914917e-02
3.378798440098762512e-02
3.415701910853385925e-02
3.446458280086517334e-02
3.446458280086517334e-02
3.485000133514404297e-02
3.521549329161643982e-02
3.564022481441497803e-02
3.611686825752258301e-02
3.649764508008956909e-02
3.681024909019470215e-02
3.706987574696540833e-02
3.739341348409652710e-02
3.749654069542884827e-02
3.744225203990936279e-02
3.744225203990936279e-02
3.736043721437454224e-02
3.724216669797897339e-02
3.699393942952156067e-02
3.679972887039184570e-02
3.675248101353645325e-02
3.659135848283767700e-02
3.642788156867027283e-02
3.631932660937309265e-02
3.615475073456764221e-02
3.602366894483566284e-02
3.602366894483566284e-02
3.592799231410026550e-02
3.580828756093978882e-02
3.577219694852828979e-02
3.562730550765991211e-02
3.550256416201591492e-02
3.550256416201591492e-02
3.550256416201591492e-02
3.538222610950469971e-02
3.520736470818519592e-02
3.493456542491912842e-02
3.493456542491912842e-02
3.480560705065727234e-02
3.478038311004638672e-02
3.486786037683486938e-02
3.506053984165191650e-02
3.522812202572822571e-02
3.550181537866592407e-02
3.590259328484535217e-02
3.625483810901641846e-02
3.656001389026641846e-02
3.679842129349708557e-02
3.679842129349708557e-02
3.679842129349708557e-02
3.710915148258209229e-02
3.736717626452445984e-02
3.758157789707183838e-02
3.782586753368377686e-02
3.817780688405036926e-02
3.831346705555915833e-02
3.845495358109474182e-02
3.845495358109474182e-02
3.862379491329193115e-02
3.862379491329193115e-02
3.862880542874336243e-02
3.841425478458404541e-02
3.816966339945793152e-02
3.784767538309097290e-02
3.744678571820259094e-02
3.698413819074630737e-02
3.642039000988006592e-02
3.584405779838562012e-02
3.527111932635307312e-02
3.462155535817146301e-02
3.462155535817146301e-02
3.387409076094627380e-02
3.309015929698944092e-02
3.222741931676864624e-02
3.138987720012664795e-02
3.073462285101413727e-02
3.023235313594341278e-02
2.991339378058910370e-02
2.969913370907306671e-02
2.969086728990077972e-02
2.984697744250297546e-02
2.984697744250297546e-02
3.006592579185962677e-02
3.030437789857387543e-02
3.058631904423236847e-02
3.090166859328746796e-02
3.119372762739658356e-02
3.155870735645294189e-02
3.202941641211509705e-02
3.244272246956825256e-02
3.291676938533782959e-02
3.346377983689308167e-02
3.346377983689308167e-02
3.399770706892013550e-02
3.442949056625366211e-02
3.471695631742477417e-02
3.496455773711204529e-02
3.519710898399353027e-02
3.535429015755653381e-02
3.543401136994361877e-02
3.546507284045219421e-02
3.583532199263572693e-02
3.613933548331260681e-02
3.613933548331260681e-02
3.646839410066604614e-02
3.678898140788078308e-02
3.710938245058059692e-02
3.744063526391983032e-02
3.773275762796401978e-02
3.796311095356941223e-02
3.819674625992774963e-02
3.844377771019935608e-02
3.844377771019935608e-02
3.844377771019935608e-02
3.844377771019935608e-02
3.857878595590591431e-02
3.866130486130714417e-02
3.875616192817687988e-02
3.869961202144622803e-02
3.862862288951873779e-02
3.858891129493713379e-02
3.878598660230636597e-02
3.893257677555084229e-02
3.908910229802131653e-02
3.915277868509292603e-02
3.915277868509292603e-02
3.913002088665962219e-02
3.903532773256301880e-02
3.895182535052299500e-02
3.897843509912490845e-02
3.906467184424400330e-02
3.916636854410171509e-02
3.918479382991790771e-02
3.915130719542503357e-02
3.907882794737815857e-02
3.898842260241508484e-02
3.898842260241508484e-02
3.878071531653404236e-02
3.831561282277107239e-02
3.785523772239685059e-02
3.747792169451713562e-02
3.708251938223838806e-02
3.668961673974990845e-02
3.655474632978439331e-02
3.645965456962585449e-02
3.629282861948013306e-02
3.609028831124305725e-02
3.609028831124305725e-02
3.580506145954132080e-02
3.550172597169876099e-02
3.514572978019714355e-02
3.483228012919425964e-02
3.449406474828720093e-02
3.419242426753044128e-02
3.392792865633964539e-02
3.366732597351074219e-02
3.341404348611831665e-02
3.330249339342117310e-02
3.330249339342117310e-02
3.327938169240951538e-02
3.335722535848617554e-02
3.353914618492126465e-02
3.372662514448165894e-02
3.396818041801452637e-02
3.424400836229324341e-02
3.440117463469505310e-02
3.464714065194129944e-02
3.496232628822326660e-02
3.533721342682838440e-02
3.533721342682838440e-02
3.586223348975181580e-02
3.636058792471885681e-02
3.711845353245735168e-02
3.782501444220542908e-02
3.814178705215454102e-02
3.822922706604003906e-02
3.819953650236129761e-02
3.815226629376411438e-02
3.817605227231979370e-02
3.817179054021835327e-02
3.817179054021835327e-02
3.812335804104804993e-02
3.868118673563003540e-02
3.930299729108810425e-02
4.041823744773864746e-02
4.137096926569938660e-02
4.217125475406646729e-02
4.283600673079490662e-02
4.368513077497482300e-02
4.436906799674034119e-02
4.501099884510040283e-02
4.501099884510040283e-02
4.560197889804840088e-02
4.610607773065567017e-02
4.661105945706367493e-02
4.690093919634819031e-02
4.715578258037567139e-02
4.726429656147956848e-02
4.725474864244461060e-02
4.714371636509895325e-02
4.700538888573646545e-02
4.700538888573646545e-02
