2.888559634738862777e-02
3.001758417222475522e-02
2.933512448388077981e-02
2.878009252182340064e-02
2.822211366428572718e-02
2.783637010783508378e-02
2.734942400240909788e-02
2.693239526445498355e-02
2.663213876159235480e-02
2.647370288076529576e-02
2.636878137444559692e-02
2.636878137444559692e-02
2.625630905277639288e-02
2.618201104868896761e-02
2.606155522893812554e-02
2.596041901771272906e-02
2.569229944853072822e-02
2.540853002765532456e-02
2.509153866102327088e-02
2.464045552521353100e-02
2.431685757933357492e-02
2.400093067552008450e-02
2.400093067552008450e-02
2.358673076171064961e-02
2.319971127774508868e-02
2.294389184622414035e-02
2.243485627270903546e-02
2.199541499301383221e-02
2.154327929587578766e-02
2.113464146180482617e-02
2.074400475259206844e-02
2.060842779425877888e-02
2.051809301928348914e-02
2.051809301928348914e-02
2.055063126882686678e-02
2.058711200468226268e-02
2.057055550785077611e-02
2.050455900405092138e-02
2.043540599644686623e-02
2.032909120775313813e-02
2.020020040788805121e-02
2.011412443731041416e-02
1.994999829642953720e-02
1.983433748964193860e-02
1.983433748964193860e-02
1.972637633820056163e-02
1.961095321148105530e-02
1.956358277442420829e-02
1.962627879034480050e-02
1.969658999810033201e-02
1.996787569251834774e-02
2.003741499951754157e-02
2.015453148022703159e-02
2.015421613427376135e-02
1.989509793282316988e-02
1.989509793282316988e-02
1.960902844739038572e-02
1.949407791197272852e-02
1.940142452257641661e-02
1.928743262124408761e-02
1.933006600770675529e-02
1.935044778722770989e-02
1.932204452795684146e-02
1.922110961730201170e-02
1.896866771828550902e-02
1.862123599629465082e-02
1.862123599629465082e-02
1.834400047792470942e-02
1.815464852684914657e-02
1.804427160290388021e-02
1.786142441655396915e-02
1.767972569740537334e-02
1.757859314897568942e-02
1.750618497782136310e-02
1.752620087911334334e-02
1.768683696026578100e-02
1.780523416312281004e-02
1.780523416312281004e-02
1.788444063187357921e-02
1.801687282257932732e-02
1.807830799322229440e-02
1.816794277560770943e-02
1.828255324114643268e-02
1.839381994304998408e-02
1.861563234553781018e-02
1.886587233238317188e-02
1.910625002149948792e-02
1.927366405722005446e-02
1.927366405722005446e-02
1.945604497106437000e-02
1.949907083142348937e-02
1.954107093733186556e-02
1.956416312230901608e-02
1.953123192368151281e-02
1.935100075512846685e-02
1.933747683947752150e-02
1.941867430623739690e-02
1.919757561409403054e-02
1.906532882101157414e-02
1.906532882101157414e-02
1.894015720109982689e-02
1.880540365263739036e-02
1.868907331548224846e-02
1.840668355821881153e-02
1.833471167587778089e-02
1.823190713471455060e-02
1.827110056500747676e-02
1.831257797864735762e-02
1.851631715835011516e-02
1.843543321459090514e-02
1.843543321459090514e-02
1.846441772352016425e-02
1.844299873842247806e-02
1.846026376204136510e-02
1.864671382889930909e-02
1.886585203570296382e-02
1.899439041269318854e-02
1.915691521066299058e-02
1.927120786226760307e-02
1.933364452018070806e-02
1.943165482661228516e-02
1.943165482661228516e-02
1.958089215915167353e-02
1.955469139049067703e-02
1.951123389231012792e-02
1.942360238515226586e-02
1.919810283032554257e-02
1.891923626355929144e-02
1.863828690444351704e-02
1.839637873085607500e-02
1.802776509357755658e-02
1.762400636310747573e-02
1.762400636310747573e-02
1.690184926186931100e-02
1.617060411677569490e-02
1.551247083945498685e-02
1.466187019611059524e-02
1.387191077044497636e-02
1.302449935117224941e-02
1.218131310931179663e-02
1.139700977489344416e-02
1.064379492485101157e-02
9.936956398588657133e-03
