4.458469524979591370e-02
4.291443154215812683e-02
4.139375314116477966e-02
4.058496281504631042e-02
3.944922611117362976e-02
3.835911303758621216e-02
3.723558038473129272e-02
3.619768843054771423e-02
3.536207973957061768e-02
3.454367071390151978e-02
3.373983874917030334e-02
3.373983874917030334e-02
3.301221877336502075e-02
3.255710378289222717e-02
3.200694918632507324e-02
3.151499480009078979e-02
3.103578463196754456e-02
3.064282797276973724e-02
3.043023310601711273e-02
3.036207892000675201e-02
3.038330748677253723e-02
3.039790131151676178e-02
3.039790131151676178e-02
3.025979734957218170e-02
3.028702177107334137e-02
3.028539009392261505e-02
3.034875355660915375e-02
3.027736954391002655e-02
3.032412007451057434e-02
3.037463873624801636e-02
3.020159713923931122e-02
3.020544908940792084e-02
2.989698760211467743e-02
2.989698760211467743e-02
2.964138239622116089e-02
2.941620908677577972e-02
2.944525144994258881e-02
2.956973016262054443e-02
2.956084534525871277e-02
2.943729795515537262e-02
2.941940166056156158e-02
2.947173826396465302e-02
2.942706458270549774e-02
2.944334410130977631e-02
2.944334410130977631e-02
2.946519292891025543e-02
2.948100678622722626e-02
2.938674949109554291e-02
2.933896519243717194e-02
2.945238351821899414e-02
2.942920289933681488e-02
2.937984280288219452e-02
2.933837287127971649e-02
2.938597276806831360e-02
2.937043644487857819e-02
2.937043644487857819e-02
2.944111824035644531e-02
2.952578850090503693e-02
2.944371476769447327e-02
2.917662821710109711e-02
2.884213812649250031e-02
2.836523391306400299e-02
2.785030938684940338e-02
2.712510339915752411e-02
2.653972245752811432e-02
2.597587741911411285e-02
2.597587741911411285e-02
2.556677535176277161e-02
2.512744441628456116e-02
2.485238760709762573e-02
2.461052127182483673e-02
2.438010834157466888e-02
2.424899861216545105e-02
2.412594854831695557e-02
2.401937730610370636e-02
2.393425256013870239e-02
2.396551519632339478e-02
2.396551519632339478e-02
2.399105951189994812e-02
2.395154722034931183e-02
2.410378120839595795e-02
2.413829229772090912e-02
2.413516491651535034e-02
2.400126680731773376e-02
2.381841093301773071e-02
2.361868135631084442e-02
2.343349531292915344e-02
2.321177162230014801e-02
2.321177162230014801e-02
2.292678318917751312e-02
2.270425483584403992e-02
2.254259027540683746e-02
2.227923087775707245e-02
2.200279012322425842e-02
2.165695652365684509e-02
2.130924351513385773e-02
2.096571028232574463e-02
2.060563862323760986e-02
2.025626599788665771e-02
2.025626599788665771e-02
1.992544904351234436e-02
1.976653933525085449e-02
1.948722824454307556e-02
1.919814012944698334e-02
1.896326988935470581e-02
1.859214156866073608e-02
1.813668385148048401e-02
1.772999577224254608e-02
1.743390038609504700e-02
1.713979616761207581e-02
1.713979616761207581e-02
1.686146296560764313e-02
1.670313253998756409e-02
1.631562784314155579e-02
1.602551154792308807e-02
1.576013304293155670e-02
1.552163250744342804e-02
1.526610087603330612e-02
1.507207192480564117e-02
1.478487905114889145e-02
1.447288878262042999e-02
1.447288878262042999e-02
1.420254260301589966e-02
1.391548663377761841e-02
1.358296070247888565e-02
1.330538000911474228e-02
1.321502216160297394e-02
1.321162004023790359e-02
1.322042010724544525e-02
1.316547766327857971e-02
1.316774357110261917e-02
1.317713409662246704e-02
1.317713409662246704e-02
1.306352764368057251e-02
1.308153942227363586e-02
1.300939358770847321e-02
1.301834266632795334e-02
1.294434163719415665e-02
1.289442833513021469e-02
1.292035169899463654e-02
1.304556895047426224e-02
1.317900791764259338e-02
1.332861185073852539e-02
1.332861185073852539e-02
1.337668392807245255e-02
1.336470339447259903e-02
1.370076742023229599e-02
1.414075866341590881e-02
1.452589966356754303e-02
1.482619810849428177e-02
1.497918460518121719e-02
1.505945436656475067e-02
1.501265075057744980e-02
1.485918369144201279e-02
1.485918369144201279e-02
1.461382862180471420e-02
1.418424583971500397e-02
1.382392644882202148e-02
1.365620456635951996e-02
1.361046917736530304e-02
1.354455109685659409e-02
1.349760778248310089e-02
1.323104649782180786e-02
1.290113106369972229e-02
1.242984738200902939e-02
1.242984738200902939e-02
1.184672117233276367e-02
1.131395902484655380e-02
1.071291230618953705e-02
1.027514040470123291e-02
9.989375248551368713e-03
9.722488000988960266e-03
9.435735642910003662e-03
9.125918149948120117e-03
8.704734034836292267e-03
8.403703570365905762e-03
8.403703570365905762e-03
8.128268644213676453e-03
7.874723523855209351e-03
8.080344647169113159e-03
8.161880075931549072e-03
8.132448419928550720e-03
8.196800947189331055e-03
8.145474828779697418e-03
8.177354931831359863e-03
8.086382411420345306e-03
7.960267364978790283e-03
7.960267364978790283e-03
7.874919101595878601e-03
7.814986631274223328e-03
7.784387096762657166e-03
7.789763621985912323e-03
7.693562190979719162e-03
7.620849180966615677e-03
7.477967534214258194e-03
7.312464527785778046e-03
7.128504104912281036e-03
6.887117866426706314e-03
6.887117866426706314e-03
6.757478229701519012e-03
6.696289405226707458e-03
6.698478944599628448e-03
6.650762632489204407e-03
6.579947192221879959e-03
6.439848337322473526e-03
6.288675591349601746e-03
6.121704820543527603e-03
5.766118876636028290e-03
5.390631500631570816e-03
5.390631500631570816e-03
5.121184047311544418e-03
4.825204145163297653e-03
4.401215352118015289e-03
3.934742417186498642e-03
3.498408943414688110e-03
3.102767746895551682e-03
2.629725961014628410e-03
2.269823104143142700e-03
2.102954313158988953e-03
1.991436118260025978e-03
1.991436118260025978e-03
1.943775336258113384e-03
2.054338809102773666e-03
2.148169092833995819e-03
2.084774430841207504e-03
2.119181910529732704e-03
2.331737196072936058e-03
2.657546196132898331e-03
3.153398633003234863e-03
3.790681250393390656e-03
4.444020800292491913e-03
4.444020800292491913e-03
5.166139453649520874e-03
5.796042270958423615e-03
6.326504517346620560e-03
6.705944426357746124e-03
7.059322204440832138e-03
7.263437379151582718e-03
7.305399980396032333e-03
7.255091797560453415e-03
7.152941077947616577e-03
7.093407679349184036e-03
7.093407679349184036e-03
7.131851278245449066e-03
7.252942770719528198e-03
7.389173842966556549e-03
7.568229921162128448e-03
7.774253841489553452e-03
7.845247164368629456e-03
7.841723971068859100e-03
7.763879373669624329e-03
7.578874472528696060e-03
7.374454289674758911e-03
7.374454289674758911e-03
7.264053914695978165e-03
7.166292984038591385e-03
7.108372170478105545e-03
7.039914373308420181e-03
6.960173137485980988e-03
6.882643327116966248e-03
6.853468250483274460e-03
6.859014276415109634e-03
6.834159139543771744e-03
6.792202126234769821e-03
6.792202126234769821e-03
6.700461264699697495e-03
6.574380211532115936e-03
6.535887718200683594e-03
6.491465959697961807e-03
6.456732284277677536e-03
6.439500022679567337e-03
6.387625355273485184e-03
6.277745123952627182e-03
6.174578797072172165e-03
6.112815346568822861e-03
6.112815346568822861e-03
5.998481065034866333e-03
5.812634713947772980e-03
5.534669384360313416e-03
5.745837464928627014e-03
6.191645748913288116e-03
6.734799128025770187e-03
7.299443706870079041e-03
7.836345583200454712e-03
8.363787084817886353e-03
8.930042386054992676e-03
8.930042386054992676e-03
9.563390165567398071e-03
1.022548973560333252e-02
1.082462631165981293e-02
1.140038762241601944e-02
1.191210467368364334e-02
1.229579467326402664e-02
1.241379603743553162e-02
1.244664657860994339e-02
1.236925087869167328e-02
1.218972355127334595e-02
1.218972355127334595e-02
1.206724252551794052e-02
1.194803230464458466e-02
1.213559601455926895e-02
1.244108099490404129e-02
1.285448018461465836e-02
1.323279924690723419e-02
1.356826629489660263e-02
1.378611288964748383e-02
1.400178298354148865e-02
1.422295719385147095e-02
1.422295719385147095e-02
1.447810884565114975e-02
1.482822839170694351e-02
1.510551292449235916e-02
1.544246450066566467e-02
1.584193296730518341e-02
1.616216450929641724e-02
1.632311567664146423e-02
1.630795933306217194e-02
1.609371043741703033e-02
1.578350365161895752e-02
1.578350365161895752e-02
1.535791996866464615e-02
1.494362764060497284e-02
1.470852363854646683e-02
1.449814252555370331e-02
1.436493173241615295e-02
1.441236771643161774e-02
1.451953500509262085e-02
1.447039749473333359e-02
1.442690845578908920e-02
1.438951771706342697e-02
1.438951771706342697e-02
1.414969470351934433e-02
1.384029909968376160e-02
1.341678388416767120e-02
1.288827136158943176e-02
1.249939110130071640e-02
1.208564825356006622e-02
1.171449944376945496e-02
1.136171910911798477e-02
1.074589602649211884e-02
1.038174424320459366e-02
1.038174424320459366e-02
1.017552148550748825e-02
1.021145936101675034e-02
1.038828771561384201e-02
1.067197881639003754e-02
1.086583919823169708e-02
1.097145676612854004e-02
1.087304763495922089e-02
1.070102211087942123e-02
1.044244971126317978e-02
1.015848852694034576e-02
1.015848852694034576e-02
9.716740809381008148e-03
9.567933157086372375e-03
9.568023495376110077e-03
9.883265011012554169e-03
1.034425012767314911e-02
1.084514986723661423e-02
1.131199672818183899e-02
1.163262687623500824e-02
1.185772847384214401e-02
1.188973151147365570e-02
1.188973151147365570e-02
1.179313659667968750e-02
1.155135408043861389e-02
1.122777629643678665e-02
1.102601177990436554e-02
1.094663701951503754e-02
1.098246499896049500e-02
1.112662535160779953e-02
1.133991125971078873e-02
1.150537654757499695e-02
1.164937764406204224e-02
1.164937764406204224e-02
1.167037617415189743e-02
1.156141143292188644e-02
1.131824217736721039e-02
1.100749988108873367e-02
1.059091091156005859e-02
1.008542254567146301e-02
9.460136294364929199e-03
8.721459656953811646e-03
7.959018461406230927e-03
7.280470803380012512e-03
7.280470803380012512e-03
6.765851750969886780e-03
6.444705184549093246e-03
6.140336859971284866e-03
5.823664367198944092e-03
5.657871719449758530e-03
5.523693747818470001e-03
5.419028922915458679e-03
5.340468138456344604e-03
5.167645402252674103e-03
4.951738286763429642e-03
4.951738286763429642e-03
4.806002136319875717e-03
4.672432783991098404e-03
4.572505597025156021e-03
4.620247054845094681e-03
4.731865134090185165e-03
4.892837256193161011e-03
5.034280940890312195e-03
5.207292735576629639e-03
5.340297240763902664e-03
5.457299761474132538e-03
5.457299761474132538e-03
5.538069643080234528e-03
5.444092210382223129e-03
5.262013524770736694e-03
5.077251233160495758e-03
4.867977462708950043e-03
4.731099586933851242e-03
4.763658158481121063e-03
4.927275702357292175e-03
5.131932441145181656e-03
5.326342303305864334e-03
5.326342303305864334e-03
5.411204881966114044e-03
5.443398375064134598e-03
5.465233232825994492e-03
5.399837624281644821e-03
5.383042618632316589e-03
5.358560476452112198e-03
5.312939640134572983e-03
5.342549178749322891e-03
5.350431893020868301e-03
5.332001950591802597e-03
5.332001950591802597e-03
5.319860763847827911e-03
5.314717069268226624e-03
5.337584763765335083e-03
5.493836943060159683e-03
5.665301810950040817e-03
5.830063484609127045e-03
6.008489523082971573e-03
6.119868718087673187e-03
6.213207263499498367e-03
6.276802625507116318e-03
6.276802625507116318e-03
6.350663024932146072e-03
6.404281593859195709e-03
6.434965413063764572e-03
6.501333322376012802e-03
6.598545238375663757e-03
6.704144645482301712e-03
6.916918326169252396e-03
7.116446271538734436e-03
7.338746450841426849e-03
7.524045649915933609e-03
7.524045649915933609e-03
7.671054452657699585e-03
7.774096913635730743e-03
7.900865748524665833e-03
7.933295331895351410e-03
7.925330661237239838e-03
7.974067702889442444e-03
8.083451539278030396e-03
8.215463720262050629e-03
8.281780406832695007e-03
8.325806818902492523e-03
8.325806818902492523e-03
8.291731588542461395e-03
8.198627270758152008e-03
8.045116439461708069e-03
7.866968400776386261e-03
7.759787607938051224e-03
7.752358447760343552e-03
7.676290813833475113e-03
7.620591670274734497e-03
7.539882324635982513e-03
7.425417192280292511e-03
7.425417192280292511e-03
7.307494059205055237e-03
7.305170409381389618e-03
7.408911827951669693e-03
7.557199802249670029e-03
7.653359323740005493e-03
7.709153927862644196e-03
7.722682785242795944e-03
7.656040135771036148e-03
7.548926863819360733e-03
7.362206000834703445e-03
7.362206000834703445e-03
7.213751785457134247e-03
7.054728455841541290e-03
6.975273601710796356e-03
7.009003777056932449e-03
7.078014314174652100e-03
7.110374979674816132e-03
7.035476621240377426e-03
6.787496618926525116e-03
6.447510793805122375e-03
6.040220614522695541e-03
6.040220614522695541e-03
5.714911501854658127e-03
5.489661358296871185e-03
5.383355077356100082e-03
5.346237681806087494e-03
5.380782298743724823e-03
5.368592683225870132e-03
5.242499988526105881e-03
5.242499988526105881e-03
5.048704333603382111e-03
4.777603317052125931e-03
4.777603317052125931e-03
4.519158042967319489e-03
4.306151065975427628e-03
4.203530494123697281e-03
4.219857044517993927e-03
4.237889312207698822e-03
4.210957325994968414e-03
4.168447107076644897e-03
4.159880336374044418e-03
4.163530655205249786e-03
4.316931590437889099e-03
4.316931590437889099e-03
4.632764495909214020e-03
4.980075173079967499e-03
5.415644031018018723e-03
5.951032042503356934e-03
6.528137251734733582e-03
7.127727381885051727e-03
7.750990800559520721e-03
8.341978304088115692e-03
8.956670761108398438e-03
9.512026794254779816e-03
9.512026794254779816e-03
1.004733797162771225e-02
1.053791400045156479e-02
1.098339445888996124e-02
1.131820771843194962e-02
1.164869870990514755e-02
1.198174338787794113e-02
1.234859973192214966e-02
1.258914638310670853e-02
1.286198012530803680e-02
1.314381510019302368e-02
1.314381510019302368e-02
1.348898094147443771e-02
1.380875799804925919e-02
1.410049758851528168e-02
1.441245805472135544e-02
1.476364303380250931e-02
1.511230692267417908e-02
1.546485908329486847e-02
1.584314741194248199e-02
1.623910479247570038e-02
1.670177653431892395e-02
1.670177653431892395e-02
1.697020605206489563e-02
1.726858131587505341e-02
1.755925826728343964e-02
1.792883686721324921e-02
1.831517927348613739e-02
1.878932863473892212e-02
1.925177313387393951e-02
1.969763077795505524e-02
2.013856545090675354e-02
2.061884477734565735e-02
2.061884477734565735e-02
2.110763266682624817e-02
2.166133187711238861e-02
2.223162353038787842e-02
2.285454608500003815e-02
2.355572953820228577e-02
2.438167855143547058e-02
2.523920871317386627e-02
2.621816471219062805e-02
2.719197422266006470e-02
2.816526032984256744e-02
