4.304045371044517426e-02
4.413106292952764798e-02
4.479364058250442926e-02
4.467247033924423572e-02
4.472997379859418310e-02
4.465064836037711121e-02
4.460957347734205436e-02
4.446994202212720820e-02
4.439686439846611543e-02
4.494399324589774120e-02
4.545825509349166876e-02
4.545825509349166876e-02
4.600066793397826481e-02
4.657352692331303418e-02
4.704722551153698445e-02
4.742518211296737479e-02
4.771080676383519792e-02
4.798014566810972215e-02
4.821892374900992734e-02
4.847114150364870144e-02
4.867667405515280904e-02
4.884488106343723435e-02
4.884488106343723435e-02
4.900289366023805743e-02
4.904201209654956289e-02
4.899167950663892157e-02
4.880069857508446962e-02
4.856571679385196516e-02
4.830819489797382599e-02
4.809330533877630848e-02
4.790537149638861292e-02
4.768954594149495130e-02
4.745603216990827017e-02
4.745603216990827017e-02
4.728957346608907153e-02
4.707138791270502887e-02
4.692391815484526357e-02
4.678917013589023455e-02
4.671728987732534644e-02
4.668338682735087564e-02
4.662868290367751245e-02
4.660563340933061849e-02
4.660163844671798283e-02
4.663494238661212293e-02
4.663494238661212293e-02
4.655147001885876629e-02
4.646624279903682764e-02
4.640407137997041437e-02
4.627069019657161636e-02
4.613921469122066882e-02
4.611027271319084742e-02
4.601644094424466730e-02
4.585323376178737642e-02
4.566699007632473578e-02
4.551094826025366830e-02
4.551094826025366830e-02
4.533706821915679808e-02
4.508178367532361674e-02
4.482266565814467529e-02
4.447300283257461795e-02
4.413746671762377310e-02
4.374331871009243949e-02
4.344262961935997647e-02
4.313630642965572692e-02
4.279467680668055940e-02
4.237852214635798309e-02
4.237852214635798309e-02
4.199658985026787777e-02
4.176285607278672901e-02
4.155930663200564645e-02
4.139752088603167179e-02
4.094591203900398158e-02
4.052672707189098472e-02
4.012126138118796148e-02
3.973835179455389305e-02
3.933497284962580998e-02
3.889938535531709679e-02
3.889938535531709679e-02
3.843884168896197218e-02
3.806809044124859209e-02
3.786351304428339087e-02
3.763663764315563348e-02
3.746994598494820389e-02
3.718576951908848793e-02
3.685656901011591380e-02
3.663814107759402056e-02
3.655641121012561529e-02
3.641889149362467770e-02
3.641889149362467770e-02
3.622477602376605182e-02
3.588241218633728830e-02
3.557490351080069835e-02
3.521190711224272962e-02
3.481564594522340572e-02
3.432413620979647001e-02
3.390678524214120471e-02
3.355441672488973515e-02
3.319163312407985567e-02
3.287428766699652949e-02
3.287428766699652949e-02
3.258044815227127688e-02
3.244188269562105209e-02
3.240776283853349926e-02
3.206664380562898597e-02
3.171339334213675587e-02
3.136206278529823227e-02
3.099070595736502440e-02
3.068500790129466069e-02
3.023140295316106493e-02
2.983865465759805158e-02
2.983865465759805158e-02
2.947513416510306669e-02
2.934966245949786542e-02
2.930100596773716273e-02
2.920609401123991020e-02
2.915258075826225592e-02
2.915311060051313866e-02
2.919004477880164650e-02
2.916804302570549789e-02
2.909718744420147774e-02
2.900437904207179424e-02
2.900437904207179424e-02
2.888722347751292857e-02
2.882847063363363008e-02
2.861918899382017226e-02
2.835901191953901085e-02
2.814923192643274674e-02
2.800841126081956428e-02
2.788861968783558354e-02
2.763319236032792461e-02
2.739045876116490835e-02
2.705229375169306352e-02
2.705229375169306352e-02
2.672610645262595008e-02
2.639230868849437583e-02
2.607568550519328426e-02
2.573586429052455299e-02
2.551599280737017542e-02
2.530697927263032831e-02
2.494255068051938126e-02
2.456166534148351496e-02
2.414131818922590766e-02
2.360764260993082966e-02
