1.631901599466800690e-02
1.631901599466800690e-02
1.740562357008457184e-02
1.665356755256652832e-02
1.641062088310718536e-02
1.616442203521728516e-02
1.593060046434402466e-02
1.592914387583732605e-02
1.585469767451286316e-02
1.580195687711238861e-02
1.572207547724246979e-02
1.582206413149833679e-02
1.582206413149833679e-02
1.604811660945415497e-02
1.601342856884002686e-02
1.605682820081710815e-02
1.608546264469623566e-02
1.608546264469623566e-02
1.608546264469623566e-02
1.608546264469623566e-02
1.608546264469623566e-02
1.608546264469623566e-02
1.608546264469623566e-02
