2.303719698584441589e-02
2.468548536158335013e-02
2.433733253876360289e-02
2.372413187915970931e-02
2.306367766966016530e-02
2.291088063149333831e-02
2.284577484409977544e-02
2.268150385607776293e-02
2.247151227071484889e-02
2.232372190973303319e-02
2.228149237637877533e-02
2.228149237637877533e-02
2.205477379262610685e-02
2.155093409619064995e-02
2.093795546100489513e-02
2.049051540098012492e-02
2.035632887314327982e-02
2.040703441854571643e-02
2.024896270525681358e-02
2.004795047892089094e-02
1.982759927696201366e-02
1.948392094635033323e-02
1.948392094635033323e-02
1.911213732271058521e-02
1.882831602886025912e-02
1.858880664136007207e-02
1.835291452326760775e-02
1.812929857353755281e-02
1.776514615803729755e-02
1.736669047602812724e-02
1.686901908972534073e-02
1.634177064634832754e-02
1.598356921333993208e-02
1.598356921333993208e-02
1.555504943043586018e-02
1.511390698864150707e-02
1.464663266084115234e-02
1.411180444139180368e-02
1.360127708487889921e-02
1.322852363386483807e-02
1.288656725088590908e-02
1.270357532868255507e-02
1.259767201206212980e-02
1.257861604122833404e-02
1.257861604122833404e-02
1.254823515946977205e-02
1.250199266277960373e-02
1.251440073489780078e-02
1.250505041335119201e-02
1.256916258200625053e-02
1.277054259733518236e-02
1.314234584798832164e-02
1.351696227486071274e-02
1.366890748247088887e-02
1.373942851254388205e-02
1.373942851254388205e-02
1.378687136497122774e-02
1.390057043659488796e-02
1.412385958989613097e-02
1.433588068657906493e-02
1.452620414473727341e-02
1.467658704155264809e-02
1.478069465912840337e-02
1.481607741172836362e-02
1.493814125363729026e-02
1.519554244594038990e-02
1.519554244594038990e-02
1.546447692378756511e-02
1.562773764243962499e-02
1.575692557913528635e-02
1.582999274791232341e-02
1.586691183091782850e-02
1.586237145847400887e-02
1.576390452800766062e-02
1.566609860979457577e-02
1.553907337439507444e-02
1.540723952443888781e-02
1.540723952443888781e-02
1.556078756031359714e-02
1.573002264883904128e-02
1.590778325081448896e-02
1.603274287606732892e-02
1.617581230720120666e-02
1.629461435877061978e-02
1.641558947630237034e-02
1.647287430685710069e-02
1.642651584723647112e-02
1.635991029796136226e-02
1.635991029796136226e-02
1.632403699838828881e-02
1.634179538897265888e-02
1.648403867150451466e-02
1.660330328778456682e-02
1.671515269942935519e-02
1.692092939954813538e-02
1.709669528449860032e-02
1.720867401535499178e-02
1.729171109061198100e-02
1.739300595845601205e-02
1.739300595845601205e-02
1.748088748753051994e-02
1.754933757975492628e-02
1.766270817263300777e-02
1.766792208682368623e-02
1.754529549522371168e-02
1.746853840861401289e-02
1.742412244825443032e-02
1.734634050459717483e-02
1.731078155648194117e-02
1.725884265011707469e-02
1.725884265011707469e-02
1.711790869792520139e-02
1.698675685907774513e-02
1.674883805027567105e-02
1.646574582469599243e-02
1.622887725018425098e-02
1.589179528254117818e-02
1.552281739788758004e-02
1.515840536323617531e-02
1.472085229142436856e-02
1.441183877555113520e-02
1.441183877555113520e-02
1.421027626444838939e-02
1.411281896716366606e-02
1.411492234882016222e-02
1.408885984168594709e-02
1.399549195266864589e-02
1.377649199897951378e-02
1.339305960269575844e-02
1.290874779994752655e-02
1.246169873675135979e-02
1.232861162417954459e-02
1.232861162417954459e-02
1.214316059044160366e-02
1.181600563498549222e-02
1.148868431391535973e-02
1.116609667966116451e-02
1.090882169601568863e-02
1.069814864255544742e-02
1.055551178820651054e-02
1.010736894694137626e-02
9.812456291786952889e-03
9.599682550118331104e-03
9.599682550118331104e-03
9.522707546696294184e-03
9.557997634927956065e-03
9.644938854484055163e-03
9.756709928381868471e-03
9.901492033317220096e-03
1.004035088899855703e-02
1.023900226998081774e-02
1.034765699050940214e-02
1.039808993151841027e-02
1.047410199094104752e-02
1.047410199094104752e-02
1.052616261906053237e-02
1.051672775917372564e-02
1.050448977052236867e-02
1.046937339584592778e-02
1.041876455654795579e-02
1.030116352371603962e-02
1.031481582147629299e-02
1.043712190994675049e-02
1.059413772640706991e-02
1.066964343435426385e-02
1.066964343435426385e-02
1.071736459188429337e-02
1.072165049862723422e-02
1.071836733861156535e-02
1.069774929639881640e-02
1.061995552693284842e-02
1.060312359683787675e-02
1.061518566551073600e-02
1.057314075529282305e-02
1.053573234976987183e-02
1.052931292194998758e-02
1.052931292194998758e-02
1.043281660891091402e-02
1.032108574397280591e-02
1.023822757704549377e-02
1.021222796904826258e-02
1.024698307630000395e-02
1.023249116252496899e-02
1.028910849232943236e-02
1.037222437424170293e-02
1.045187677306145049e-02
1.056096651997909079e-02
1.056096651997909079e-02
1.064786946345595495e-02
1.081596931600109675e-02
1.105291525020090683e-02
1.148343760635387942e-02
1.193320516650767278e-02
1.230517885027721491e-02
1.256902840817634807e-02
1.279588924521463805e-02
1.278770413384858369e-02
1.273420428253788789e-02
1.273420428253788789e-02
1.259374492988644435e-02
1.244178525067999794e-02
1.235554591209842359e-02
1.232001880294854128e-02
1.219027594194287134e-02
1.219027594194287134e-02
1.219027594194287134e-02
1.219027594194287134e-02
1.219027594194287134e-02
1.214790350119891900e-02
1.214790350119891900e-02
1.208273106825512311e-02
1.199307788880075824e-02
1.188546514968439639e-02
1.184850308246252620e-02
1.173107023702829078e-02
1.161681754837033329e-02
1.146649276797077725e-02
1.132089180861279264e-02
1.134488715636378618e-02
1.145962550196513892e-02
1.145962550196513892e-02
1.165605885321580916e-02
1.178056839827859061e-02
1.192750202305668285e-02
1.210245431255280862e-02
1.216985324649609568e-02
1.222633817452693610e-02
1.223206629751417106e-02
1.223257029733085428e-02
1.225326843696488907e-02
1.222446300040331592e-02
1.222446300040331592e-02
1.213633143927712529e-02
1.199768456537629244e-02
1.198219893016662201e-02
1.199731455369670852e-02
1.209454355040689988e-02
1.207079596104852943e-02
1.199639347112946113e-02
1.194185785189917463e-02
1.183128179587451118e-02
1.175312911476229620e-02
1.175312911476229620e-02
1.157975472375354260e-02
1.150526579921881329e-02
1.150776475653806676e-02
1.161942652084617215e-02
1.199548821563385138e-02
1.239104132365776052e-02
1.274688437300678691e-02
1.290523544585240809e-02
1.301051840850372607e-02
1.294153152497356206e-02
1.294153152497356206e-02
1.273308390149149698e-02
1.257362292884741696e-02
1.257178997375887029e-02
1.290311180611562226e-02
1.321179310202981808e-02
1.331504251803892168e-02
1.310577867863431563e-02
1.275968122632610210e-02
1.241414986555448158e-02
1.216163036960829676e-02
1.216163036960829676e-02
1.196185384094058946e-02
1.189215310310526817e-02
1.197094376539766143e-02
1.212935792961751351e-02
1.234922154566562950e-02
1.252470460930395386e-02
1.307036455742266803e-02
1.340643091744314098e-02
1.349699859901658770e-02
1.327990312654724926e-02
1.327990312654724926e-02
1.287564876540146265e-02
1.225749052765144273e-02
1.171121063771295677e-02
1.124686339128611046e-02
1.086517681304875228e-02
1.067456016428989206e-02
1.076448958389503684e-02
1.093005439674210946e-02
1.109970091529013936e-02
1.131590766381525108e-02
1.131590766381525108e-02
1.149113660876909665e-02
1.147285369990010996e-02
1.134191988872451651e-02
1.111901639904076637e-02
1.092262456994193796e-02
1.089728321034924216e-02
1.098572256262580690e-02
1.108166453969900052e-02
1.117354884303389979e-02
1.134176103922223539e-02
1.134176103922223539e-02
1.161212951318338869e-02
1.185908537375613553e-02
1.202229902099460380e-02
1.212479867893331668e-02
1.218876810900135048e-02
1.219004702681899047e-02
1.206395046841676408e-02
1.182548367916168124e-02
1.157132720160894412e-02
1.122088926376563905e-02
1.122088926376563905e-02
1.090167640132016710e-02
1.083056445992230422e-02
1.080267007783819108e-02
1.075326549539674069e-02
1.069358885687148736e-02
1.061412766709493236e-02
1.051785790013938168e-02
1.046880188926516825e-02
1.051866588366888629e-02
1.057038456142723841e-02
1.057038456142723841e-02
1.063408353833271598e-02
1.059202733916282842e-02
1.050997418768810296e-02
1.046752848600762328e-02
1.054840894241596862e-02
1.069544066896119770e-02
1.091378170521475205e-02
1.104563841788954066e-02
1.124004841031587751e-02
1.137447526873490433e-02
1.137447526873490433e-02
1.146561807989619763e-02
1.132242819276367378e-02
1.108460661402578366e-02
1.094807747801992796e-02
1.074301571428912944e-02
1.055285093796562608e-02
1.045221118571744087e-02
1.033576672280937282e-02
1.035328109046704421e-02
1.035154909061190495e-02
1.035154909061190495e-02
1.021632555654637328e-02
1.010630897439717193e-02
1.001802785224458273e-02
1.005612732762943204e-02
9.966002217245500949e-03
9.558826119361776841e-03
9.319400752560273032e-03
9.097265967804770564e-03
8.998047474371041049e-03
9.099548336914313126e-03
9.099548336914313126e-03
9.411864113468882548e-03
9.784086254826731763e-03
1.003274747496204350e-02
1.033880736023656648e-02
1.056067791153201228e-02
1.066272043023679290e-02
1.055546618898916753e-02
1.036581664709049742e-02
1.017190932608753699e-02
1.014335005876587301e-02
1.014335005876587301e-02
1.028427541703033458e-02
1.034299783846907503e-02
1.040609427344928693e-02
1.050465963513316607e-02
1.059564058746562468e-02
1.073629239781203303e-02
1.082284886589440255e-02
1.071818984828408310e-02
1.055715700058835506e-02
1.027761193804579455e-02
1.027761193804579455e-02
9.840166952121216087e-03
1.013606352603672184e-02
1.040845986673641192e-02
1.063078289713037181e-02
1.064899780417232975e-02
1.055842120254652655e-02
1.048847444152876777e-02
1.037984834834313440e-02
1.031833036637345123e-02
1.037940701830482489e-02
1.037940701830482489e-02
1.051168633976709392e-02
1.070801130847171857e-02
1.081689996192350921e-02
1.094117455211430188e-02
1.098178298343065011e-02
1.097870682176946971e-02
1.076000984519434427e-02
1.036884946546474603e-02
9.999816039874365875e-03
9.644673855259341955e-03
9.644673855259341955e-03
9.224711392150152650e-03
8.859181295446929769e-03
8.705563588495102839e-03
8.722944105977415916e-03
8.853615830661203459e-03
9.061011539047973684e-03
9.175392827420704098e-03
9.182872245880111320e-03
9.244207679839742606e-03
9.276294525640067096e-03
9.276294525640067096e-03
9.306409733428709988e-03
9.236759832898341210e-03
9.071703527230780273e-03
8.897989038771062995e-03
8.799561127664003515e-03
8.791825739597618899e-03
8.834882041163200084e-03
8.672386899721842846e-03
8.598252091696369920e-03
8.543407693560198246e-03
8.543407693560198246e-03
8.435373489720888324e-03
8.480511341468556161e-03
8.533889359577511227e-03
8.383666908464702458e-03
8.230957960298879161e-03
8.085150120606789462e-03
8.000888082767812839e-03
7.917454309344117147e-03
7.937015240751202350e-03
7.942447686493317102e-03
7.942447686493317102e-03
8.055242911683682325e-03
8.210144290690182811e-03
8.319601238704316115e-03
8.361498115562120831e-03
8.274441613411691668e-03
8.154241430747550048e-03
8.010977752685798092e-03
8.017145422959726098e-03
8.038804824968994248e-03
8.233410744127546074e-03
8.233410744127546074e-03
8.325745480548178354e-03
8.337037102736755134e-03
8.243965632613498712e-03
8.163952072507295668e-03
8.112369490788156126e-03
8.151082703342981545e-03
8.208619031853443826e-03
8.279748704971530773e-03
8.281717283706302446e-03
8.182937030451758673e-03
8.182937030451758673e-03
8.050901726361225572e-03
8.052253255387607431e-03
8.091352857159780226e-03
8.036021197416509318e-03
8.027440428924953117e-03
8.073760981167217923e-03
8.225057081625977706e-03
8.371825969467517822e-03
8.532248575614746061e-03
8.498747709811330445e-03
8.498747709811330445e-03
8.334797069748489662e-03
8.118528680948670570e-03
7.877290024074050379e-03
7.557138054343631728e-03
7.387802615960015369e-03
7.276611130049390197e-03
7.197143039061661487e-03
7.182720936263724612e-03
7.176980289204937247e-03
7.239012458735533465e-03
7.239012458735533465e-03
7.392428369451435957e-03
7.530417792391193646e-03
7.612020963503408726e-03
7.600865257093533146e-03
7.611517142802276016e-03
7.584656960545227943e-03
7.464690983102586705e-03
7.428952786107997225e-03
7.413070931980935037e-03
7.237908866684778127e-03
7.237908866684778127e-03
7.204115314518841177e-03
7.246839181490741418e-03
7.365813962088105932e-03
7.441278017531928121e-03
7.584528722075457689e-03
7.900686023601763419e-03
7.989947726850812892e-03
7.972907043282500411e-03
7.924503652431000994e-03
7.649783147530149832e-03
7.649783147530149832e-03
7.368845016532630902e-03
7.340946849486095285e-03
7.564672504946429003e-03
7.840285697548925528e-03
8.232254411143512945e-03
8.481312327956822689e-03
8.656152860327809284e-03
8.712264415721576033e-03
8.551358284645184382e-03
8.138175182867466925e-03
8.138175182867466925e-03
7.801124980613276770e-03
7.375143096565457690e-03
7.067836129145852950e-03
6.853037472647966095e-03
6.745200368513530262e-03
6.776947114889208569e-03
6.934288025917065626e-03
7.028171788978876747e-03
7.086190534319458494e-03
7.144322712249509197e-03
7.144322712249509197e-03
7.278255364326835161e-03
6.790154164383223681e-03
7.000086884483936595e-03
7.613813817691082904e-03
8.497980502357579610e-03
9.504057348458284579e-03
1.052123943919074274e-02
1.149085890932496218e-02
1.237918692529889862e-02
1.321517689553155031e-02
1.321517689553155031e-02
1.400133671548667649e-02
1.473238535482856992e-02
1.542315818295771947e-02
1.605951565027994438e-02
1.661851369225164979e-02
1.715045237880896689e-02
1.765887429062963643e-02
1.814621354954418231e-02
1.866246190811486280e-02
1.913290911986197107e-02
1.913290911986197107e-02
1.957240449636466276e-02
1.999647642105389922e-02
2.037080808608380048e-02
2.070024415386857025e-02
2.099311375217053841e-02
2.120214263097706942e-02
2.131575740077945938e-02
2.137077256130972755e-02
2.139042671599033704e-02
2.134481224158082252e-02
2.134481224158082252e-02
2.125290393103392017e-02
2.108763513644958815e-02
2.087800151326649201e-02
2.067779895190507630e-02
2.050196937441337020e-02
2.035008377147611708e-02
2.024627570322846612e-02
2.016078087050426557e-02
2.010672115902365290e-02
2.008183891393572340e-02
2.008183891393572340e-02
2.006507644660365103e-02
2.014201116194587471e-02
2.023644887865398700e-02
2.031978015043141989e-02
2.036588868313298287e-02
2.040897435405472291e-02
2.044640616453189536e-02
2.045711608521304931e-02
2.035527954096628955e-02
2.017775989932097877e-02
