2.543462440371513367e-02
2.543462440371513367e-02
2.698023058474063873e-02
2.806783095002174377e-02
2.905586734414100647e-02
3.013516217470169067e-02
3.086722083389759064e-02
3.107585199177265167e-02
3.131322190165519714e-02
3.183189779520034790e-02
3.204848989844322205e-02
3.237476199865341187e-02
3.237476199865341187e-02
3.261119872331619263e-02
3.272274509072303772e-02
3.294994309544563293e-02
3.353160992264747620e-02
3.393015265464782715e-02
3.432247415184974670e-02
3.480285406112670898e-02
3.523342311382293701e-02
3.550518304109573364e-02
3.593580424785614014e-02
3.593580424785614014e-02
3.636962547898292542e-02
3.660757094621658325e-02
3.688938915729522705e-02
3.692087158560752869e-02
3.673319518566131592e-02
3.677638992667198181e-02
3.699241206049919128e-02
3.713923320174217224e-02
3.745263442397117615e-02
3.779078274965286255e-02
3.779078274965286255e-02
3.815561160445213318e-02
3.825238719582557678e-02
3.836589679121971130e-02
3.851866722106933594e-02
3.869360685348510742e-02
3.892283141613006592e-02
3.908594697713851929e-02
3.910685330629348755e-02
3.914882987737655640e-02
3.943498060107231140e-02
3.943498060107231140e-02
3.979867324233055115e-02
4.015278071165084839e-02
4.045001417398452759e-02
4.067883640527725220e-02
4.089882224798202515e-02
4.111831262707710266e-02
4.142531380057334900e-02
4.183720424771308899e-02
4.226337373256683350e-02
4.251292347908020020e-02
4.251292347908020020e-02
4.269715398550033569e-02
4.290829971432685852e-02
4.331796988844871521e-02
4.356018826365470886e-02
4.397496953606605530e-02
4.440909624099731445e-02
4.475922882556915283e-02
4.508376494050025940e-02
4.538760706782341003e-02
4.576775804162025452e-02
4.576775804162025452e-02
4.609000310301780701e-02
4.618605226278305054e-02
4.608390852808952332e-02
4.599942639470100403e-02
4.589046910405158997e-02
4.582088068127632141e-02
4.560782387852668762e-02
4.541809111833572388e-02
4.535198584198951721e-02
4.530522972345352173e-02
4.530522972345352173e-02
4.523313045501708984e-02
4.538229480385780334e-02
4.565941542387008667e-02
4.583602771162986755e-02
4.574029892683029175e-02
4.556705802679061890e-02
4.542471095919609070e-02
4.517327994108200073e-02
4.492665454745292664e-02
4.472614079713821411e-02
4.472614079713821411e-02
4.463736340403556824e-02
4.458223655819892883e-02
4.449966177344322205e-02
4.453659057617187500e-02
4.454947263002395630e-02
4.452171921730041504e-02
4.450559988617897034e-02
4.452490434050559998e-02
4.459740594029426575e-02
4.482999816536903381e-02
4.482999816536903381e-02
4.510523751378059387e-02
4.548997059464454651e-02
4.603262618184089661e-02
4.643755033612251282e-02
4.680224135518074036e-02
4.703553020954132080e-02
4.717012867331504822e-02
4.710583016276359558e-02
4.700101166963577271e-02
4.680896922945976257e-02
4.680896922945976257e-02
4.665833339095115662e-02
4.628047347068786621e-02
4.568896442651748657e-02
4.523210600018501282e-02
4.494723305106163025e-02
4.460759088397026062e-02
4.432554170489311218e-02
4.423970356583595276e-02
4.418829455971717834e-02
4.421333223581314087e-02
4.421333223581314087e-02
4.420418292284011841e-02
4.417592659592628479e-02
4.414487257599830627e-02
4.410092532634735107e-02
4.398427903652191162e-02
4.384406656026840210e-02
4.361899197101593018e-02
4.350142553448677063e-02
4.327328130602836609e-02
4.304427281022071838e-02
4.304427281022071838e-02
4.282051697373390198e-02
4.268717765808105469e-02
4.267952591180801392e-02
4.270593822002410889e-02
4.272748902440071106e-02
4.269448295235633850e-02
4.284459352493286133e-02
4.315749183297157288e-02
4.352462291717529297e-02
4.377873986959457397e-02
4.377873986959457397e-02
4.398572444915771484e-02
4.411934316158294678e-02
4.424114897847175598e-02
4.440186917781829834e-02
4.469687119126319885e-02
4.499573260545730591e-02
4.524441808462142944e-02
4.540662467479705811e-02
4.556423798203468323e-02
4.567502811551094055e-02
4.567502811551094055e-02
4.577240720391273499e-02
4.586355015635490417e-02
4.590782523155212402e-02
4.594876989722251892e-02
4.603641480207443237e-02
4.609497264027595520e-02
4.603100195527076721e-02
4.589120671153068542e-02
4.584077373147010803e-02
4.582795500755310059e-02
4.582795500755310059e-02
4.578813910484313965e-02
4.576162248849868774e-02
4.580166190862655640e-02
4.592552408576011658e-02
4.607871174812316895e-02
4.633268341422080994e-02
4.675729572772979736e-02
4.724443331360816956e-02
4.766930639743804932e-02
4.797481000423431396e-02
4.797481000423431396e-02
4.807496070861816406e-02
4.800842702388763428e-02
4.773439466953277588e-02
4.734629392623901367e-02
4.707294702529907227e-02
4.694617167115211487e-02
4.689547419548034668e-02
4.688959196209907532e-02
4.697461426258087158e-02
4.703979939222335815e-02
4.703979939222335815e-02
4.696645587682723999e-02
4.693025723099708557e-02
4.671758413314819336e-02
4.638252034783363342e-02
4.627199098467826843e-02
4.600198939442634583e-02
4.582006111741065979e-02
4.575708508491516113e-02
4.570249095559120178e-02
4.555926471948623657e-02
4.555926471948623657e-02
4.545147716999053955e-02
4.525656625628471375e-02
4.519169405102729797e-02
4.499704763293266296e-02
4.491911828517913818e-02
4.441428929567337036e-02
4.385070875287055969e-02
4.325757175683975220e-02
4.275223240256309509e-02
4.238851740956306458e-02
4.238851740956306458e-02
4.220467805862426758e-02
4.216656833887100220e-02
4.209962859749794006e-02
4.212671890854835510e-02
4.214479401707649231e-02
4.213308915495872498e-02
4.219615086913108826e-02
4.206456989049911499e-02
4.192604497075080872e-02
4.174196347594261169e-02
4.174196347594261169e-02
4.149119555950164795e-02
4.095341637730598450e-02
4.030635952949523926e-02
3.968583419919013977e-02
3.908918797969818115e-02
3.847503662109375000e-02
3.795887157320976257e-02
3.769413754343986511e-02
3.763518854975700378e-02
3.763760253787040710e-02
3.763760253787040710e-02
3.757850080728530884e-02
3.753481060266494751e-02
3.753978759050369263e-02
3.763119503855705261e-02
3.777927905321121216e-02
3.773383051156997681e-02
3.755791112780570984e-02
3.725633025169372559e-02
3.679814189672470093e-02
3.623330220580101013e-02
3.623330220580101013e-02
3.550263494253158569e-02
3.461978584527969360e-02
3.368767723441123962e-02
3.274250775575637817e-02
3.193314000964164734e-02
3.121023438870906830e-02
3.049928322434425354e-02
2.972034364938735962e-02
2.907074242830276489e-02
2.849902957677841187e-02
2.849902957677841187e-02
2.805534750223159790e-02
2.773233875632286072e-02
2.749496325850486755e-02
2.736667171120643616e-02
2.730884589254856110e-02
2.731677517294883728e-02
2.728583663702011108e-02
2.729032374918460846e-02
2.712973579764366150e-02
2.691910229623317719e-02
2.691910229623317719e-02
2.673832699656486511e-02
2.653162181377410889e-02
2.635088190436363220e-02
2.629139460623264313e-02
2.636814862489700317e-02
2.646097727119922638e-02
2.652949281036853790e-02
2.660385333001613617e-02
2.649679034948348999e-02
2.629099600017070770e-02
2.629099600017070770e-02
2.619319409132003784e-02
2.615093812346458435e-02
2.612247131764888763e-02
2.623038180172443390e-02
2.644935995340347290e-02
2.662246115505695343e-02
2.688382565975189209e-02
2.713851630687713623e-02
2.735466882586479187e-02
2.740579843521118164e-02
2.740579843521118164e-02
2.735730819404125214e-02
2.720764651894569397e-02
2.696447260677814484e-02
2.677145600318908691e-02
2.655102871358394623e-02
2.638517506420612335e-02
2.605885080993175507e-02
2.567692473530769348e-02
2.532825805246829987e-02
2.511223964393138885e-02
2.511223964393138885e-02
2.505492419004440308e-02
2.516123093664646149e-02
2.521545998752117157e-02
2.542517893016338348e-02
2.572937123477458954e-02
2.608628198504447937e-02
2.650129050016403198e-02
2.701035700738430023e-02
2.751171961426734924e-02
2.788606099784374237e-02
2.788606099784374237e-02
2.810142002999782562e-02
2.821724116802215576e-02
2.822916954755783081e-02
2.818486467003822327e-02
2.816435322165489197e-02
2.803273871541023254e-02
2.788311243057250977e-02
2.781396172940731049e-02
2.785407565534114838e-02
2.800196409225463867e-02
2.800196409225463867e-02
2.829120494425296783e-02
2.851084433495998383e-02
2.868928015232086182e-02
2.895754389464855194e-02
2.931016124784946442e-02
2.955781482160091400e-02
2.976929955184459686e-02
2.986327931284904480e-02
2.972072735428810120e-02
2.941655367612838745e-02
2.941655367612838745e-02
2.908248081803321838e-02
2.881153859198093414e-02
2.859696187078952789e-02
2.840572595596313477e-02
2.827328816056251526e-02
2.819447778165340424e-02
2.826680056750774384e-02
2.849670499563217163e-02
2.875785529613494873e-02
2.895411103963851929e-02
2.895411103963851929e-02
2.907017804682254791e-02
2.924889698624610901e-02
2.939910255372524261e-02
2.951587364077568054e-02
2.956448867917060852e-02
2.962389029562473297e-02
2.980108745396137238e-02
3.013317845761775970e-02
3.050065785646438599e-02
3.086084872484207153e-02
3.086084872484207153e-02
3.122994862496852875e-02
3.163686022162437439e-02
3.185231611132621765e-02
3.185306861996650696e-02
3.180044144392013550e-02
3.167368844151496887e-02
3.151427209377288818e-02
3.133285418152809143e-02
3.111025318503379822e-02
3.091884404420852661e-02
3.091884404420852661e-02
3.074578940868377686e-02
3.057857789099216461e-02
3.053296543657779694e-02
3.045118041336536407e-02
3.037298657000064850e-02
3.034912794828414917e-02
3.024675883352756500e-02
2.996523492038249969e-02
2.982260845601558685e-02
2.966064214706420898e-02
2.966064214706420898e-02
2.955402992665767670e-02
2.942282520234584808e-02
2.925139851868152618e-02
2.910388447344303131e-02
2.893443964421749115e-02
2.875483408570289612e-02
2.863097749650478363e-02
2.862277813255786896e-02
2.861667983233928680e-02
2.855302020907402039e-02
2.855302020907402039e-02
2.848041057586669922e-02
2.843163348734378815e-02
2.841105125844478607e-02
2.836549468338489532e-02
2.831140533089637756e-02
2.830424159765243530e-02
2.827023901045322418e-02
2.816972322762012482e-02
2.776392735540866852e-02
2.743929810822010040e-02
2.743929810822010040e-02
2.736174128949642181e-02
2.737319841980934143e-02
2.736504375934600830e-02
2.734191343188285828e-02
2.725536189973354340e-02
2.720036916434764862e-02
2.707109786570072174e-02
2.697299607098102570e-02
2.689768373966217041e-02
2.684971131384372711e-02
2.684971131384372711e-02
2.666949667036533356e-02
2.645067311823368073e-02
2.621812559664249420e-02
2.600765228271484375e-02
2.587354741990566254e-02
2.569084800779819489e-02
2.565522119402885437e-02
2.569402568042278290e-02
2.584958076477050781e-02
2.595742791891098022e-02
2.595742791891098022e-02
2.609578520059585571e-02
2.617420069873332977e-02
2.638175711035728455e-02
2.653075382113456726e-02
2.651655487716197968e-02
2.667003870010375977e-02
2.676695026457309723e-02
2.677209489047527313e-02
2.662233635783195496e-02
2.640896290540695190e-02
2.640896290540695190e-02
2.612919174134731293e-02
2.580907382071018219e-02
2.547860890626907349e-02
2.518170699477195740e-02
2.503883652389049530e-02
2.495697140693664551e-02
2.505651302635669708e-02
2.512472867965698242e-02
2.516194619238376617e-02
2.512009069323539734e-02
2.512009069323539734e-02
2.502816356718540192e-02
2.494098991155624390e-02
2.478381246328353882e-02
2.453527785837650299e-02
2.429995872080326080e-02
2.397359348833560944e-02
2.364475466310977936e-02
2.355493046343326569e-02
2.345363423228263855e-02
2.342916652560234070e-02
2.342916652560234070e-02
2.341632917523384094e-02
2.350938133895397186e-02
2.370464056730270386e-02
2.377352118492126465e-02
2.381820231676101685e-02
2.374911680817604065e-02
2.366254106163978577e-02
2.348119579255580902e-02
2.328732609748840332e-02
2.310339361429214478e-02
2.310339361429214478e-02
2.302042208611965179e-02
2.304056845605373383e-02
2.321594581007957458e-02
2.354230731725692749e-02
2.394148707389831543e-02
2.428326196968555450e-02
2.454713545739650726e-02
2.475044503808021545e-02
2.487754449248313904e-02
2.493316680192947388e-02
2.493316680192947388e-02
2.510836347937583923e-02
2.532068826258182526e-02
2.544103190302848816e-02
2.534849196672439575e-02
2.514432743191719055e-02
2.489277720451354980e-02
2.464824356138706207e-02
2.431795932352542877e-02
2.397141046822071075e-02
2.353498153388500214e-02
2.353498153388500214e-02
2.318431064486503601e-02
2.283943444490432739e-02
2.249616198241710663e-02
2.213933877646923065e-02
2.185593359172344208e-02
2.162086032330989838e-02
2.150657586753368378e-02
2.145089767873287201e-02
2.143429964780807495e-02
2.141293324530124664e-02
2.141293324530124664e-02
2.140750177204608917e-02
2.144874818623065948e-02
2.149429358541965485e-02
2.151654474437236786e-02
2.156063169240951538e-02
2.146487683057785034e-02
2.126758173108100891e-02
2.102832682430744171e-02
2.082499675452709198e-02
2.058489248156547546e-02
2.058489248156547546e-02
2.035697735846042633e-02
2.012301795184612274e-02
2.001827023923397064e-02
1.987753994762897491e-02
1.973187550902366638e-02
1.957153901457786560e-02
1.938683353364467621e-02
1.919738017022609711e-02
1.917878165841102600e-02
1.937567815184593201e-02
1.937567815184593201e-02
1.957735605537891388e-02
1.982930861413478851e-02
2.002525515854358673e-02
2.006929554045200348e-02
2.007311210036277771e-02
1.999345980584621429e-02
1.989808306097984314e-02
1.960537582635879517e-02
1.922111213207244873e-02
1.885241642594337463e-02
1.885241642594337463e-02
1.850993745028972626e-02
1.818808726966381073e-02
1.790437102317810059e-02
1.769947633147239685e-02
1.759385690093040466e-02
1.754758879542350769e-02
1.696645468473434448e-02
1.643484085798263550e-02
1.591712981462478638e-02
1.559083443135023117e-02
1.559083443135023117e-02
1.536414213478565216e-02
1.527413167059421539e-02
1.514861360192298889e-02
1.507732458412647247e-02
1.504489872604608536e-02
1.505466271191835403e-02
1.520694326609373093e-02
1.546015497297048569e-02
1.582343317568302155e-02
1.622761972248554230e-02
1.622761972248554230e-02
1.663028448820114136e-02
1.695496961474418640e-02
1.717621833086013794e-02
1.730488799512386322e-02
1.725646480917930603e-02
1.719610765576362610e-02
1.713470369577407837e-02
1.701569184660911560e-02
1.696393825113773346e-02
1.686593145132064819e-02
1.686593145132064819e-02
1.674802973866462708e-02
1.656920835375785828e-02
1.627893187105655670e-02
1.579881832003593445e-02
1.542587485164403915e-02
1.504048518836498260e-02
1.471887715160846710e-02
1.452333107590675354e-02
1.435099169611930847e-02
1.430325303226709366e-02
1.430325303226709366e-02
1.422673929482698441e-02
1.418357249349355698e-02
1.428055390715599060e-02
1.443564333021640778e-02
1.456132810562849045e-02
1.466727722436189651e-02
1.475757546722888947e-02
1.485125347971916199e-02
1.495212223380804062e-02
1.504549570381641388e-02
1.504549570381641388e-02
1.518788281828165054e-02
1.537616830319166183e-02
1.549171563237905502e-02
1.553181186318397522e-02
1.548021472990512848e-02
1.528238691389560699e-02
1.501535996794700623e-02
1.462505757808685303e-02
1.419684663414955139e-02
1.380729489028453827e-02
1.380729489028453827e-02
1.357313618063926697e-02
1.347250770777463913e-02
1.354045979678630829e-02
1.376183982938528061e-02
1.400055643171072006e-02
1.427700929343700409e-02
1.453550532460212708e-02
1.478854101151227951e-02
1.496490463614463806e-02
1.505923643708229065e-02
1.505923643708229065e-02
1.523454114794731140e-02
1.536445505917072296e-02
1.540162321180105209e-02
1.546871289610862732e-02
1.557524036616086960e-02
1.565760746598243713e-02
1.563310064375400543e-02
1.555789448320865631e-02
1.547970250248908997e-02
1.543954014778137207e-02
1.543954014778137207e-02
1.540455780923366547e-02
1.525342836976051331e-02
1.529158279299736023e-02
1.540481857955455780e-02
1.554252021014690399e-02
1.567595265805721283e-02
1.577279530465602875e-02
1.577188819646835327e-02
1.572260446846485138e-02
1.567297615110874176e-02
1.567297615110874176e-02
1.561074610799551010e-02
1.551074720919132233e-02
1.535590924322605133e-02
1.514338795095682144e-02
1.487451139837503433e-02
1.470058225095272064e-02
1.457082387059926987e-02
1.450134813785552979e-02
1.448670681565999985e-02
1.463811565190553665e-02
1.463811565190553665e-02
1.464476529508829117e-02
1.457574311643838882e-02
1.455127634108066559e-02
1.451322529464960098e-02
1.448892615735530853e-02
1.439152285456657410e-02
1.432605367153882980e-02
1.432251278311014175e-02
1.434340607374906540e-02
1.437205169349908829e-02
1.437205169349908829e-02
1.446538977324962616e-02
1.461684610694646835e-02
1.481545995920896530e-02
1.485550217330455780e-02
1.497338153421878815e-02
1.513269916176795959e-02
1.523302495479583740e-02
1.533516868948936462e-02
1.572774909436702728e-02
1.612536422908306122e-02
1.612536422908306122e-02
1.649369858205318451e-02
1.676058582961559296e-02
1.696148328483104706e-02
1.703351177275180817e-02
1.707081682980060577e-02
1.705710217356681824e-02
1.684438996016979218e-02
1.656080968677997589e-02
1.619597524404525757e-02
1.582760363817214966e-02
1.582760363817214966e-02
1.555795874446630478e-02
1.521803997457027435e-02
1.482608728110790253e-02
1.448524557054042816e-02
1.417451910674571991e-02
1.383632700890302658e-02
1.351963356137275696e-02
1.327882613986730576e-02
1.310581900179386139e-02
1.297584176063537598e-02
1.297584176063537598e-02
1.292986236512660980e-02
1.296096108853816986e-02
1.310604345053434372e-02
1.335867308080196381e-02
1.362578291445970535e-02
1.386407203972339630e-02
1.413542963564395905e-02
1.440878957509994507e-02
1.470144279301166534e-02
1.505233626812696457e-02
