1.442620996385812759e-02
1.354820653796195984e-02
1.271434407681226730e-02
1.213436387479305267e-02
1.194492913782596588e-02
1.169134769588708878e-02
1.131303329020738602e-02
1.114519592374563217e-02
1.123544294387102127e-02
1.141373720020055771e-02
1.163434423506259918e-02
1.163434423506259918e-02
1.184329576790332794e-02
1.201699767261743546e-02
1.219227537512779236e-02
1.235256344079971313e-02
1.248792279511690140e-02
1.255114004015922546e-02
1.263880357146263123e-02
1.272630132734775543e-02
1.281352248042821884e-02
1.288798078894615173e-02
1.288798078894615173e-02
1.299547497183084488e-02
1.309503242373466492e-02
1.314205955713987350e-02
1.319489907473325729e-02
1.324891299009323120e-02
1.334738545119762421e-02
1.345599535852670670e-02
1.353417430073022842e-02
1.367507409304380417e-02
1.385381352156400681e-02
1.385381352156400681e-02
1.401098817586898804e-02
1.409383490681648254e-02
1.418237295001745224e-02
1.426084246486425400e-02
1.432906743139028549e-02
1.437458302825689316e-02
1.443642657250165939e-02
1.449313852936029434e-02
1.453517097979784012e-02
1.453693769872188568e-02
1.453693769872188568e-02
1.449146773666143417e-02
1.432439871132373810e-02
1.422864198684692383e-02
1.415169890969991684e-02
1.416858751326799393e-02
1.416794303804636002e-02
1.414628792554140091e-02
1.420885138213634491e-02
1.424931734800338745e-02
1.418894249945878983e-02
1.418894249945878983e-02
1.433280110359191895e-02
1.455002464354038239e-02
1.481095608323812485e-02
1.509111002087593079e-02
1.539621129631996155e-02
1.571335829794406891e-02
1.598142459988594055e-02
1.616429351270198822e-02
1.629362627863883972e-02
1.620387658476829529e-02
1.620387658476829529e-02
1.614124327898025513e-02
1.602305471897125244e-02
1.594054885208606720e-02
1.586257107555866241e-02
1.581655256450176239e-02
1.582343690097332001e-02
1.596559956669807434e-02
1.594978943467140198e-02
1.593897119164466858e-02
1.590748690068721771e-02
1.590748690068721771e-02
1.601583696901798248e-02
1.615376770496368408e-02
1.628933846950531006e-02
1.641901955008506775e-02
1.651760563254356384e-02
1.658201031386852264e-02
1.664846949279308319e-02
1.674636639654636383e-02
1.683253422379493713e-02
1.674833148717880249e-02
1.674833148717880249e-02
1.673022657632827759e-02
1.678332500159740448e-02
1.692130789160728455e-02
1.713320054113864899e-02
1.745213195681571960e-02
1.777810789644718170e-02
1.795366220176219940e-02
1.820477657020092010e-02
1.843167096376419067e-02
1.853233948349952698e-02
1.853233948349952698e-02
1.869099028408527374e-02
1.892434060573577881e-02
1.904653199017047882e-02
1.925419084727764130e-02
1.937166228890419006e-02
1.936241984367370605e-02
1.928841508924961090e-02
1.920019276440143585e-02
1.923281513154506683e-02
1.932855509221553802e-02
1.932855509221553802e-02
1.965032517910003662e-02
1.988385431468486786e-02
2.010508999228477478e-02
2.034562267363071442e-02
2.051070518791675568e-02
2.065033279359340668e-02
2.087617479264736176e-02
2.096831426024436951e-02
2.103120274841785431e-02
2.104735746979713440e-02
2.104735746979713440e-02
2.103564515709877014e-02
2.108302339911460876e-02
2.092763595283031464e-02
2.069094404578208923e-02
2.042559720575809479e-02
2.013768814504146576e-02
2.010891027748584747e-02
1.995396241545677185e-02
1.949469000101089478e-02
1.914238370954990387e-02
1.914238370954990387e-02
1.879265159368515015e-02
1.860164292156696320e-02
1.851039193570613861e-02
1.863480173051357269e-02
1.876459084451198578e-02
1.895965263247489929e-02
1.927326247096061707e-02
1.965919695794582367e-02
2.010401152074337006e-02
2.036725543439388275e-02
2.036725543439388275e-02
2.045407705008983612e-02
2.031440287828445435e-02
2.009300142526626587e-02
2.003404684364795685e-02
1.997385546565055847e-02
1.975175738334655762e-02
1.948470994830131531e-02
1.919562183320522308e-02
1.888045854866504669e-02
1.866002567112445831e-02
1.866002567112445831e-02
1.856104843318462372e-02
1.858104206621646881e-02
1.850314438343048096e-02
1.848218590021133423e-02
1.844342797994613647e-02
1.841902174055576324e-02
1.836824230849742889e-02
1.839475892484188080e-02
1.844076067209243774e-02
1.795393973588943481e-02
1.795393973588943481e-02
1.759310066699981689e-02
1.716500148177146912e-02
1.674120128154754639e-02
1.643173582851886749e-02
1.609655469655990601e-02
1.576683670282363892e-02
1.546002738177776337e-02
1.518016494810581207e-02
1.518016494810581207e-02
1.489367522299289703e-02
1.489367522299289703e-02
1.454253867268562317e-02
1.408491469919681549e-02
1.352231390774250031e-02
1.320169959217309952e-02
1.301254797726869583e-02
1.304263249039649963e-02
1.321531739085912704e-02
1.338524371385574341e-02
1.353184971958398819e-02
1.363460998982191086e-02
1.363460998982191086e-02
1.362430211156606674e-02
1.356543134897947311e-02
1.328663155436515808e-02
1.317014172673225403e-02
1.322592608630657196e-02
1.340625714510679245e-02
1.385863777250051498e-02
1.435885950922966003e-02
1.495504379272460938e-02
1.556862518191337585e-02
1.556862518191337585e-02
1.604605279862880707e-02
1.636536419391632080e-02
1.653456315398216248e-02
1.660429127514362335e-02
1.660615578293800354e-02
1.645737513899803162e-02
1.626992784440517426e-02
1.615921966731548309e-02
1.607994176447391510e-02
1.598563231527805328e-02
1.598563231527805328e-02
1.595274917781352997e-02
1.593904569745063782e-02
1.597318425774574280e-02
1.605554111301898956e-02
1.612748019397258759e-02
1.610643044114112854e-02
1.610557362437248230e-02
1.605483703315258026e-02
1.602293923497200012e-02
1.599698327481746674e-02
1.599698327481746674e-02
1.611799001693725586e-02
1.626311801373958588e-02
1.644629612565040588e-02
1.644642464816570282e-02
1.625415496528148651e-02
1.599153876304626465e-02
1.575836353003978729e-02
1.563732512295246124e-02
1.560157444328069687e-02
1.574062369763851166e-02
1.574062369763851166e-02
1.601163484156131744e-02
1.635469682514667511e-02
1.666820794343948364e-02
1.643345318734645844e-02
1.621686853468418121e-02
1.606022007763385773e-02
1.586789451539516449e-02
1.586367189884185791e-02
1.591813936829566956e-02
1.603859476745128632e-02
1.603859476745128632e-02
1.626012660562992096e-02
1.654275506734848022e-02
1.679288409650325775e-02
1.689380779862403870e-02
1.689622923731803894e-02
1.684667915105819702e-02
1.668555475771427155e-02
1.649651490151882172e-02
1.615610346198081970e-02
1.573632657527923584e-02
1.573632657527923584e-02
1.544182095676660538e-02
1.531152520328760147e-02
1.542849652469158173e-02
1.570645906031131744e-02
1.604037918150424957e-02
1.626648753881454468e-02
1.635386422276496887e-02
1.629367284476757050e-02
1.614399254322052002e-02
1.581995375454425812e-02
1.581995375454425812e-02
1.547386776655912399e-02
1.512157451361417770e-02
1.489525288343429565e-02
1.490781456232070923e-02
1.498605869710445404e-02
1.498605869710445404e-02
1.498605869710445404e-02
1.498605869710445404e-02
1.532141771167516708e-02
1.572133041918277740e-02
1.572133041918277740e-02
1.611076481640338898e-02
1.654356904327869415e-02
1.678442768752574921e-02
1.692650467157363892e-02
1.696751080453395844e-02
1.699155382812023163e-02
1.708276383578777313e-02
1.731975749135017395e-02
1.763098314404487610e-02
1.806369051337242126e-02
1.806369051337242126e-02
1.824611052870750427e-02
1.803773641586303711e-02
1.785981841385364532e-02
1.775721088051795959e-02
1.782232709228992462e-02
1.790797710418701172e-02
1.804183796048164368e-02
1.815410144627094269e-02
1.817131415009498596e-02
1.808521896600723267e-02
1.808521896600723267e-02
1.792733184993267059e-02
1.768483594059944153e-02
1.783061400055885315e-02
1.788887195289134979e-02
1.779142580926418304e-02
1.775888353586196899e-02
1.764111779630184174e-02
1.752896048128604889e-02
1.741049997508525848e-02
1.726028509438037872e-02
1.726028509438037872e-02
1.713286526501178741e-02
1.693986356258392334e-02
1.672044955193996429e-02
1.650173030793666840e-02
1.641090214252471924e-02
1.649320870637893677e-02
1.670613512396812439e-02
1.694951765239238739e-02
1.722662337124347687e-02
1.757217943668365479e-02
1.757217943668365479e-02
1.800601370632648468e-02
1.855209842324256897e-02
1.913575641810894012e-02
1.952382922172546387e-02
1.981652528047561646e-02
2.005558274686336517e-02
2.011857368052005768e-02
2.002397552132606506e-02
1.977442204952239990e-02
1.931745000183582306e-02
1.931745000183582306e-02
1.881824247539043427e-02
1.829823665320873260e-02
1.773703098297119141e-02
1.714273169636726379e-02
1.649242453277111053e-02
1.577723585069179535e-02
1.497538294643163681e-02
1.411402504891157150e-02
1.331673748791217804e-02
1.236563548445701599e-02
1.236563548445701599e-02
1.148595381528139114e-02
1.064453739672899246e-02
9.963488206267356873e-03
9.480332955718040466e-03
9.050955064594745636e-03
8.699271827936172485e-03
8.424945175647735596e-03
8.239440619945526123e-03
8.224591612815856934e-03
8.361318148672580719e-03
8.361318148672580719e-03
8.564180694520473480e-03
8.680529892444610596e-03
8.656972087919712067e-03
8.448841050267219543e-03
8.134447038173675537e-03
7.700350601226091385e-03
7.301470730453729630e-03
7.007509935647249222e-03
6.879223510622978210e-03
6.843809038400650024e-03
6.843809038400650024e-03
6.910689640790224075e-03
7.143757771700620651e-03
7.465750910341739655e-03
7.767181377857923508e-03
8.066261187195777893e-03
8.292560465633869171e-03
8.422404527664184570e-03
8.446899242699146271e-03
8.363522589206695557e-03
8.238745853304862976e-03
8.238745853304862976e-03
8.122211322188377380e-03
8.121513761579990387e-03
8.109475485980510712e-03
7.888680323958396912e-03
7.553710602223873138e-03
7.147975265979766846e-03
6.643462460488080978e-03
6.201965734362602234e-03
5.875049158930778503e-03
5.686746910214424133e-03
5.686746910214424133e-03
5.613670684397220612e-03
5.637925118207931519e-03
5.719995591789484024e-03
5.756325088441371918e-03
5.713076796382665634e-03
5.606730934232473373e-03
5.425638984888792038e-03
5.226398352533578873e-03
4.989444278180599213e-03
4.832108505070209503e-03
4.832108505070209503e-03
4.755159374326467514e-03
4.791669547557830811e-03
4.865998867899179459e-03
5.019944161176681519e-03
5.209820345044136047e-03
5.442706868052482605e-03
5.591892637312412262e-03
5.670356098562479019e-03
5.683746654540300369e-03
5.569854751229286194e-03
5.569854751229286194e-03
5.377312190830707550e-03
5.182526074349880219e-03
5.022495519369840622e-03
4.840375855565071106e-03
4.685192368924617767e-03
4.615705460309982300e-03
4.639383871108293533e-03
4.785330966114997864e-03
4.976032767444849014e-03
5.212930031120777130e-03
5.212930031120777130e-03
5.395909305661916733e-03
5.482820793986320496e-03
5.581104196608066559e-03
5.631559062749147415e-03
5.626833997666835785e-03
5.606884602457284927e-03
5.527382250875234604e-03
5.412978585809469223e-03
5.254181567579507828e-03
5.010387394577264786e-03
5.010387394577264786e-03
4.752863664180040359e-03
4.494333639740943909e-03
4.303514026105403900e-03
4.167031031101942062e-03
4.071846604347229004e-03
3.964881412684917450e-03
3.844159888103604317e-03
3.714551683515310287e-03
3.589660860598087311e-03
3.521217731758952141e-03
3.521217731758952141e-03
3.475482808426022530e-03
3.523177700117230415e-03
3.730277996510267258e-03
3.936348482966423035e-03
4.135949537158012390e-03
4.284777678549289703e-03
4.367779009044170380e-03
4.390282090753316879e-03
4.316670820116996765e-03
4.119831603020429611e-03
4.119831603020429611e-03
3.903779899701476097e-03
3.719113767147064209e-03
3.661900293081998825e-03
3.707194933667778969e-03
3.761505475267767906e-03
3.818078897893428802e-03
3.865795675665140152e-03
3.940127789974212646e-03
3.972125705331563950e-03
3.974715713411569595e-03
3.974715713411569595e-03
3.915115725249052048e-03
3.816739656031131744e-03
3.816739656031131744e-03
3.816739656031131744e-03
3.691406687721610069e-03
3.587671322748064995e-03
3.466409863904118538e-03
3.309035673737525940e-03
3.066161181777715683e-03
2.978783799335360527e-03
2.978783799335360527e-03
2.935570431873202324e-03
2.909566508606076241e-03
2.868459327146410942e-03
2.809411613270640373e-03
2.742530545219779015e-03
2.751763910055160522e-03
2.763482509180903435e-03
2.871988108381628990e-03
3.102564718574285507e-03
3.465165849775075912e-03
3.465165849775075912e-03
3.998396918177604675e-03
4.571461118757724762e-03
5.164077505469322205e-03
5.817798431962728500e-03
6.522550713270902634e-03
7.227631751447916031e-03
7.996883243322372437e-03
8.809922263026237488e-03
9.676860645413398743e-03
1.048681978136301041e-02
1.048681978136301041e-02
1.127856876701116562e-02
1.209966372698545456e-02
1.291832607239484787e-02
1.366057433187961578e-02
1.436380017548799515e-02
1.497238781303167343e-02
1.549593918025493622e-02
1.596911437809467316e-02
1.638360694050788879e-02
1.675131730735301971e-02
1.675131730735301971e-02
1.715260930359363556e-02
1.752443239092826843e-02
1.785801723599433899e-02
1.821458153426647186e-02
1.857890002429485321e-02
1.890797726809978485e-02
1.925355941057205200e-02
1.957003958523273468e-02
1.987409219145774841e-02
2.011219970881938934e-02
2.011219970881938934e-02
2.032863162457942963e-02
2.056158706545829773e-02
2.076575905084609985e-02
2.091078273952007294e-02
2.105177193880081177e-02
2.112608775496482849e-02
2.125763334333896637e-02
2.140988409519195557e-02
2.152508683502674103e-02
2.165803499519824982e-02
2.165803499519824982e-02
2.174430713057518005e-02
2.183580584824085236e-02
2.192195132374763489e-02
2.194018475711345673e-02
2.197968214750289917e-02
2.202184312045574188e-02
2.204015664756298065e-02
2.207134291529655457e-02
2.205822803080081940e-02
2.212114445865154266e-02
2.212114445865154266e-02
2.222361415624618530e-02
2.235718071460723877e-02
2.252759598195552826e-02
2.269658446311950684e-02
2.290816046297550201e-02
2.318165265023708344e-02
2.343775518238544464e-02
2.377018705010414124e-02
2.410934120416641235e-02
2.463431470096111298e-02
2.463431470096111298e-02
2.513326331973075867e-02
2.554269880056381226e-02
2.588251419365406036e-02
2.607057243585586548e-02
2.613888494670391083e-02
2.601989358663558960e-02
2.578291483223438263e-02
2.540835738182067871e-02
2.492195554077625275e-02
2.448000386357307434e-02
2.448000386357307434e-02
2.406854927539825439e-02
2.372147142887115479e-02
2.336425893008708954e-02
2.309562079608440399e-02
2.299322001636028290e-02
2.294677309691905975e-02
2.298756875097751617e-02
2.307930961251258850e-02
2.324143052101135254e-02
2.337613143026828766e-02
