1.990448794359619272e-02
2.068305462292295907e-02
2.008237238772903055e-02
1.988264905400118771e-02
1.965302352795944563e-02
1.986734513091406931e-02
2.022280054950818112e-02
2.069417049225082822e-02
2.136339633822114184e-02
2.213055334784835154e-02
2.286015481006406849e-02
2.351150645848426937e-02
2.410951324149710959e-02
2.446384054403374919e-02
2.475132561478052273e-02
2.484956048952152372e-02
2.471365794981070577e-02
2.442515784857085884e-02
2.415445160994781140e-02
2.391776943407290107e-02
2.370150093343440303e-02
2.345333303606339515e-02
2.336549405036829341e-02
2.345334222204329896e-02
2.352787310749190897e-02
2.347727921719294439e-02
2.352131251434272721e-02
2.366795386089922543e-02
2.363635943390682975e-02
2.362682122016319941e-02
2.361157854375944831e-02
2.361157854375944831e-02
2.369030413351970454e-02
2.381126164726283731e-02
2.379770321213202713e-02
2.422460600329476993e-02
2.457928676736213444e-02
2.478418870544837893e-02
2.483333248651204556e-02
2.474281082685888741e-02
2.461445176220681402e-02
2.435112054712765609e-02
2.387003347876323969e-02
2.324685127700210074e-02
2.267795988037738658e-02
2.215485757823455401e-02
2.168909952478875400e-02
2.139671067951696981e-02
2.111843174880478555e-02
2.087847488994552456e-02
2.072842621348227124e-02
2.056424462958050120e-02
2.042334226736939803e-02
2.025512880165501739e-02
1.998848239056916568e-02
1.976419844590935476e-02
1.959286586731079707e-02
1.942135358629334951e-02
1.920599522396018027e-02
1.872294789007036483e-02
1.815963936081875160e-02
1.768383012356735881e-02
