1.219135615974664688e-02
1.219135615974664688e-02
1.201845332980155945e-02
1.193191763013601303e-02
1.213333662599325180e-02
1.249926630407571793e-02
1.307137403637170792e-02
1.363543979823589325e-02
1.441329717636108398e-02
1.507545821368694305e-02
1.550548058003187180e-02
1.573551073670387268e-02
1.573551073670387268e-02
1.607459038496017456e-02
1.637312024831771851e-02
1.668311282992362976e-02
1.684887148439884186e-02
1.705545559525489807e-02
1.729611307382583618e-02
1.760374940931797028e-02
1.795552112162113190e-02
1.849399693310260773e-02
1.907361112534999847e-02
1.907361112534999847e-02
1.959857344627380371e-02
2.024115063250064850e-02
2.093277685344219208e-02
2.149738930165767670e-02
2.198538929224014282e-02
2.236476726830005646e-02
2.268556877970695496e-02
2.301106974482536316e-02
2.338727377355098724e-02
2.366699464619159698e-02
2.366699464619159698e-02
2.405305579304695129e-02
2.451323904097080231e-02
2.505169063806533813e-02
2.557406947016716003e-02
2.614548243582248688e-02
2.683617547154426575e-02
2.759087458252906799e-02
2.840427495539188385e-02
2.884100563824176788e-02
2.939921803772449493e-02
2.939921803772449493e-02
2.987722866237163544e-02
3.032952919602394104e-02
3.071728348731994629e-02
3.100703097879886627e-02
3.126522898674011230e-02
3.124189935624599457e-02
3.121810033917427063e-02
3.119648061692714691e-02
3.117431700229644775e-02
3.112245909869670868e-02
3.112245909869670868e-02
3.105032816529273987e-02
3.110879100859165192e-02
3.119673766195774078e-02
3.135383501648902893e-02
3.150748461484909058e-02
3.155619278550148010e-02
3.147186338901519775e-02
3.120520710945129395e-02
3.118335828185081482e-02
3.114453703165054321e-02
3.114453703165054321e-02
3.104888647794723511e-02
3.083855472505092621e-02
3.070500493049621582e-02
3.057006746530532837e-02
3.043279424309730530e-02
3.030342422425746918e-02
3.027712553739547729e-02
3.018856979906558990e-02
3.021776489913463593e-02
3.034711070358753204e-02
3.034711070358753204e-02
3.055375628173351288e-02
3.072969801723957062e-02
3.093942999839782715e-02
3.100690059363842010e-02
3.116187825798988342e-02
3.124049864709377289e-02
3.148090094327926636e-02
3.179707378149032593e-02
3.212424740195274353e-02
3.237741068005561829e-02
3.237741068005561829e-02
3.240832686424255371e-02
3.254353255033493042e-02
3.257012739777565002e-02
3.256475180387496948e-02
3.291643410921096802e-02
3.331028670072555542e-02
3.370200097560882568e-02
3.398215025663375854e-02
3.408437967300415039e-02
3.412094339728355408e-02
3.412094339728355408e-02
3.410064056515693665e-02
3.400125727057456970e-02
3.380035236477851868e-02
3.377497196197509766e-02
3.364126384258270264e-02
3.340552002191543579e-02
3.304842486977577209e-02
3.255841881036758423e-02
3.201787546277046204e-02
3.132146596908569336e-02
3.132146596908569336e-02
3.058256767690181732e-02
2.984245121479034424e-02
2.907569520175457001e-02
2.834366448223590851e-02
2.753117866814136505e-02
2.676354348659515381e-02
2.605547010898590088e-02
2.538804709911346436e-02
2.482079900801181793e-02
2.430343069136142731e-02
2.430343069136142731e-02
2.374955639243125916e-02
2.334535866975784302e-02
2.303852513432502747e-02
2.282987162470817566e-02
2.258740551769733429e-02
2.249272912740707397e-02
2.218287996947765350e-02
2.245637960731983185e-02
2.280277758836746216e-02
2.315966598689556122e-02
2.315966598689556122e-02
2.348670363426208496e-02
2.384812384843826294e-02
2.421929314732551575e-02
2.456188388168811798e-02
2.487373724579811096e-02
2.498866617679595947e-02
2.449107356369495392e-02
2.393013983964920044e-02
2.337711304426193237e-02
2.285333722829818726e-02
2.285333722829818726e-02
2.241906337440013885e-02
2.201889082789421082e-02
2.159577608108520508e-02
2.129882946610450745e-02
2.109597995877265930e-02
2.100681327283382416e-02
2.105925790965557098e-02
2.112518064677715302e-02
2.100175246596336365e-02
2.097398042678833008e-02
2.097398042678833008e-02
2.085272036492824554e-02
2.074497751891613007e-02
2.065739408135414124e-02
2.050432935357093811e-02
2.018769830465316772e-02
2.005625702440738678e-02
1.988000422716140747e-02
1.964151300489902496e-02
1.944774575531482697e-02
1.933447085320949554e-02
1.933447085320949554e-02
1.919540762901306152e-02
1.910028792917728424e-02
1.897065714001655579e-02
1.882730051875114441e-02
1.868111453950405121e-02
1.854688487946987152e-02
1.832368597388267517e-02
1.797761768102645874e-02
1.758173480629920959e-02
1.709606498479843140e-02
1.709606498479843140e-02
1.709606498479843140e-02
1.645639352500438690e-02
1.570286042988300323e-02
1.474939193576574326e-02
1.369581744074821472e-02
1.261262968182563782e-02
1.147329900413751602e-02
1.046278607100248337e-02
9.485369548201560974e-03
8.927598595619201660e-03
8.927598595619201660e-03
8.489204570651054382e-03
8.054312318563461304e-03
7.643416523933410645e-03
7.365690544247627258e-03
7.130296435207128525e-03
7.148285862058401108e-03
7.209795527160167694e-03
7.406149059534072876e-03
7.586543448269367218e-03
7.688802666962146759e-03
7.688802666962146759e-03
7.966552861034870148e-03
8.224572055041790009e-03
8.476288057863712311e-03
8.751227520406246185e-03
8.919015526771545410e-03
8.947608061134815216e-03
8.748879656195640564e-03
8.288610726594924927e-03
7.868472486734390259e-03
7.714497391134500504e-03
7.714497391134500504e-03
7.786287926137447357e-03
8.168709464371204376e-03
8.525354787707328796e-03
8.907317183911800385e-03
9.252763353288173676e-03
9.662645868957042694e-03
1.002410985529422760e-02
1.034564152359962463e-02
1.061122585088014603e-02
1.084991451352834702e-02
1.084991451352834702e-02
1.101740170270204544e-02
1.103341206908226013e-02
1.092086080461740494e-02
1.083181984722614288e-02
1.078387722373008728e-02
1.079810969531536102e-02
1.081236544996500015e-02
1.073819585144519806e-02
1.070925593376159668e-02
1.073650363832712173e-02
1.073650363832712173e-02
1.068596262484788895e-02
1.065226458013057709e-02
1.074785273522138596e-02
1.126294024288654327e-02
1.178839989006519318e-02
1.239077933132648468e-02
1.298062410205602646e-02
1.357085537165403366e-02
1.409788802266120911e-02
1.450141612440347672e-02
1.450141612440347672e-02
1.447175070643424988e-02
1.444984506815671921e-02
1.450647879391908646e-02
1.464970316737890244e-02
1.482240948826074600e-02
1.494830474257469177e-02
1.501684915274381638e-02
1.506594195961952209e-02
1.516026630997657776e-02
1.494853291660547256e-02
1.494853291660547256e-02
1.476322207599878311e-02
1.452749688178300858e-02
1.431748643517494202e-02
1.400712970644235611e-02
1.370027381926774979e-02
1.331041287630796432e-02
1.280367933213710785e-02
1.226379349827766418e-02
1.170021388679742813e-02
1.113392505794763565e-02
1.113392505794763565e-02
1.053674146533012390e-02
1.002352219074964523e-02
9.572884067893028259e-03
9.219387546181678772e-03
8.923032321035861969e-03
8.614047430455684662e-03
8.380541577935218811e-03
8.285521529614925385e-03
8.211863227188587189e-03
8.205472491681575775e-03
8.205472491681575775e-03
8.292148821055889130e-03
8.465770632028579712e-03
8.807701990008354187e-03
9.212438017129898071e-03
9.596048854291439056e-03
9.944645687937736511e-03
1.018789224326610565e-02
1.046245172619819641e-02
1.079067029058933258e-02
1.111539267003536224e-02
1.111539267003536224e-02
1.148385088890790939e-02
1.180798653513193130e-02
1.209750957787036896e-02
1.232593879103660583e-02
1.246748771518468857e-02
1.252326648682355881e-02
1.230165362358093262e-02
1.218016073107719421e-02
1.212534494698047638e-02
1.210454013198614120e-02
1.210454013198614120e-02
1.214368734508752823e-02
1.218899339437484741e-02
1.224007457494735718e-02
1.224514469504356384e-02
1.211098581552505493e-02
1.193570159375667572e-02
1.177307777106761932e-02
1.164448168128728867e-02
1.141396258026361465e-02
1.123207435011863708e-02
1.123207435011863708e-02
1.103086210787296295e-02
1.081879064440727234e-02
1.060276105999946594e-02
1.039800699800252914e-02
1.020849030464887619e-02
1.003184635192155838e-02
9.844298474490642548e-03
9.653772227466106415e-03
9.528886526823043823e-03
9.505899623036384583e-03
9.505899623036384583e-03
9.438387118279933929e-03
9.360593743622303009e-03
9.278462268412113190e-03
9.226622059941291809e-03
9.197396226227283478e-03
9.162994101643562317e-03
9.055636823177337646e-03
8.908323943614959717e-03
8.776161819696426392e-03
8.662063628435134888e-03
8.662063628435134888e-03
8.566884323954582214e-03
8.530782535672187805e-03
8.498790673911571503e-03
8.494242094457149506e-03
8.479173295199871063e-03
8.509350009262561798e-03
8.548435755074024200e-03
8.548435755074024200e-03
8.376986719667911530e-03
8.277100510895252228e-03
8.277100510895252228e-03
8.176944218575954437e-03
8.129602298140525818e-03
8.119096048176288605e-03
8.146663196384906769e-03
8.207065984606742859e-03
8.219189010560512543e-03
8.206934668123722076e-03
8.137458935379981995e-03
8.042377419769763947e-03
7.886765524744987488e-03
7.886765524744987488e-03
7.695406209677457809e-03
7.513470482081174850e-03
7.299612276256084442e-03
7.096208166331052780e-03
6.921855267137289047e-03
6.856504362076520920e-03
6.817088462412357330e-03
6.864723749458789825e-03
6.941851694136857986e-03
7.022762671113014221e-03
7.022762671113014221e-03
7.037936244159936905e-03
7.054365240037441254e-03
7.026507984846830368e-03
6.972325500100851059e-03
6.972922943532466888e-03
7.046884857118129730e-03
7.167761214077472687e-03
7.264159154146909714e-03
7.328054402023553848e-03
7.388840429484844208e-03
7.388840429484844208e-03
7.452205289155244827e-03
7.503820583224296570e-03
7.575160358101129532e-03
7.643089629709720612e-03
7.713446859270334244e-03
7.787394803017377853e-03
7.807677146047353745e-03
7.781045511364936829e-03
7.747009396553039551e-03
7.725050672888755798e-03
7.725050672888755798e-03
7.648185826838016510e-03
7.575313560664653778e-03
7.466444745659828186e-03
7.385902572423219681e-03
7.320425007492303848e-03
7.267197128385305405e-03
7.213040255010128021e-03
7.130603305995464325e-03
7.076913490891456604e-03
7.024763617664575577e-03
7.024763617664575577e-03
6.986523978412151337e-03
6.953971460461616516e-03
6.952874362468719482e-03
6.960080936551094055e-03
7.012325804680585861e-03
7.057118229568004608e-03
7.164755370467901230e-03
7.309928070753812790e-03
7.442069705575704575e-03
7.538417354226112366e-03
7.538417354226112366e-03
7.601250428706407547e-03
7.637097034603357315e-03
7.701362017542123795e-03
7.808004971593618393e-03
7.808004971593618393e-03
7.847560569643974304e-03
7.835170254111289978e-03
7.819175720214843750e-03
7.794384378939867020e-03
7.787202950567007065e-03
7.787202950567007065e-03
7.806267123669385910e-03
7.774780038744211197e-03
7.729460485279560089e-03
7.693803403526544571e-03
7.657899521291255951e-03
7.606496568769216537e-03
7.554435636848211288e-03
7.519599515944719315e-03
7.539995014667510986e-03
7.543447427451610565e-03
7.543447427451610565e-03
7.543778512626886368e-03
7.544019725173711777e-03
7.554503157734870911e-03
7.530604489147663116e-03
7.502084597945213318e-03
7.433208636939525604e-03
7.328244391828775406e-03
7.316408678889274597e-03
7.306740153580904007e-03
7.256406359374523163e-03
7.256406359374523163e-03
7.195159327238798141e-03
7.103484123945236206e-03
7.023745216429233551e-03
6.915024481713771820e-03
6.796890404075384140e-03
6.655682343989610672e-03
6.535707507282495499e-03
6.424603518098592758e-03
6.326891481876373291e-03
6.232153158634901047e-03
6.232153158634901047e-03
6.195977795869112015e-03
6.186477839946746826e-03
6.192839238792657852e-03
6.216167006641626358e-03
6.260970141738653183e-03
6.304955575615167618e-03
6.392532959580421448e-03
6.495059467852115631e-03
6.615149322897195816e-03
6.755950395017862320e-03
6.755950395017862320e-03
6.982234772294759750e-03
7.220464292913675308e-03
7.491349708288908005e-03
7.783676031976938248e-03
8.102404884994029999e-03
8.411425165832042694e-03
8.761299774050712585e-03
9.110858663916587830e-03
9.391191415488719940e-03
9.611654095351696014e-03
9.611654095351696014e-03
9.751759469509124756e-03
9.876533411443233490e-03
9.895863942801952362e-03
9.876917116343975067e-03
9.820207953453063965e-03
9.742839261889457703e-03
9.644724428653717041e-03
9.576033800840377808e-03
9.460545144975185394e-03
9.293961338698863983e-03
9.293961338698863983e-03
9.164954535663127899e-03
9.026228450238704681e-03
8.894715458154678345e-03
8.836969733238220215e-03
8.812448941171169281e-03
8.775163441896438599e-03
8.819613605737686157e-03
8.909962140023708344e-03
8.982327766716480255e-03
9.044818580150604248e-03
9.044818580150604248e-03
9.041803888976573944e-03
8.990105241537094116e-03
9.365549311041831970e-03
9.768155403435230255e-03
1.017806120216846466e-02
1.054194755852222443e-02
1.083999779075384140e-02
1.107914838939905167e-02
1.130710262805223465e-02
1.153135579079389572e-02
1.153135579079389572e-02
1.171739865094423294e-02
1.200474519282579422e-02
1.234582439064979553e-02
1.271817646920681000e-02
1.309202983975410461e-02
1.344245485961437225e-02
1.375470217317342758e-02
1.410591322928667068e-02
1.451909169554710388e-02
1.494015101343393326e-02
1.494015101343393326e-02
1.520068757236003876e-02
1.530775148421525955e-02
1.538293622434139252e-02
1.539024803787469864e-02
1.535961497575044632e-02
1.524482294917106628e-02
1.516654714941978455e-02
1.511730719357728958e-02
1.510306540876626968e-02
1.512574683874845505e-02
1.512574683874845505e-02
1.524602342396974564e-02
1.537105720490217209e-02
1.555750519037246704e-02
1.574047654867172241e-02
1.589498482644557953e-02
1.598982326686382294e-02
1.601553149521350861e-02
1.606796309351921082e-02
1.607971824705600739e-02
1.613848097622394562e-02
1.613848097622394562e-02
1.615512557327747345e-02
1.612543873488903046e-02
1.614800654351711273e-02
1.615355722606182098e-02
1.621027477085590363e-02
1.638117432594299316e-02
1.661715842783451080e-02
1.686724275350570679e-02
1.719729974865913391e-02
1.767268404364585876e-02
1.767268404364585876e-02
1.812716200947761536e-02
1.854863949120044708e-02
1.888394169509410858e-02
1.904513314366340637e-02
1.906032487750053406e-02
1.890903338789939880e-02
1.857913285493850708e-02
1.822143793106079102e-02
1.784348115324974060e-02
1.742293871939182281e-02
1.742293871939182281e-02
1.706497929990291595e-02
1.664643548429012299e-02
1.623513363301753998e-02
1.588456891477108002e-02
1.555178593844175339e-02
1.528087630867958069e-02
1.504708174616098404e-02
1.472517661750316620e-02
1.445911545306444168e-02
1.422245893627405167e-02
1.422245893627405167e-02
1.398286782205104828e-02
1.372428331524133682e-02
1.347177382558584213e-02
1.318545732647180557e-02
1.287580095231533051e-02
1.268891710788011551e-02
1.256268098950386047e-02
1.267508789896965027e-02
1.315416209399700165e-02
1.365829911082983017e-02
1.365829911082983017e-02
1.416553836315870285e-02
1.467556599527597427e-02
1.511825900524854660e-02
1.557193696498870850e-02
1.594251580536365509e-02
1.626838184893131256e-02
1.653835922479629517e-02
1.673827879130840302e-02
1.675476878881454468e-02
1.670391112565994263e-02
1.670391112565994263e-02
1.662590168416500092e-02
1.650741323828697205e-02
1.639234833419322968e-02
1.628235727548599243e-02
1.616877876222133636e-02
1.606871746480464935e-02
1.597700268030166626e-02
1.596290431916713715e-02
1.607800275087356567e-02
1.620985940098762512e-02
1.620985940098762512e-02
1.623292267322540283e-02
1.622359082102775574e-02
1.617356576025485992e-02
1.613493449985980988e-02
1.609454117715358734e-02
1.607934944331645966e-02
1.611256040632724762e-02
1.610174961388111115e-02
1.605010777711868286e-02
1.601254567503929138e-02
1.601254567503929138e-02
1.593349128961563110e-02
1.587778702378273010e-02
1.584976166486740112e-02
1.584389060735702515e-02
1.590448059141635895e-02
1.600994542241096497e-02
1.617970876395702362e-02
1.641220785677433014e-02
1.676229387521743774e-02
1.716752536594867706e-02
1.716752536594867706e-02
1.753278449177742004e-02
1.783582754433155060e-02
1.811197400093078613e-02
1.835701055824756622e-02
1.847294159233570099e-02
1.856110990047454834e-02
1.863926276564598083e-02
1.870088838040828705e-02
1.873384043574333191e-02
1.869664900004863739e-02
1.869664900004863739e-02
1.866582408547401428e-02
1.869026571512222290e-02
1.876301132142543793e-02
1.885792240500450134e-02
1.897916011512279510e-02
1.911971159279346466e-02
1.925427094101905823e-02
1.935114897787570953e-02
1.947240717709064484e-02
1.956263184547424316e-02
1.956263184547424316e-02
1.959719136357307434e-02
1.957810856401920319e-02
1.954603381454944611e-02
1.946121267974376678e-02
1.929696090519428253e-02
1.911368407309055328e-02
1.887277513742446899e-02
1.860595494508743286e-02
1.838186196982860565e-02
1.822094991803169250e-02
1.822094991803169250e-02
1.812114566564559937e-02
1.807730644941329956e-02
1.808474026620388031e-02
1.817210763692855835e-02
1.836705207824707031e-02
1.861882023513317108e-02
1.887715794146060944e-02
1.911213807761669159e-02
1.940426789224147797e-02
1.967301592230796814e-02
1.967301592230796814e-02
1.991082914173603058e-02
2.008845657110214233e-02
2.006569877266883850e-02
1.998732052743434906e-02
1.987729780375957489e-02
1.969367079436779022e-02
1.944130472838878632e-02
1.915946230292320251e-02
1.880428381264209747e-02
1.847391389310359955e-02
1.847391389310359955e-02
1.814014092087745667e-02
1.785618625581264496e-02
1.757805980741977692e-02
1.730643957853317261e-02
1.706553064286708832e-02
1.686342060565948486e-02
1.664121448993682861e-02
1.647243462502956390e-02
1.627809740602970123e-02
1.617459766566753387e-02
