3.985742131084232787e-04
3.985742131084232787e-04
2.002987827070199997e-03
2.709727810055838695e-03
2.204732216321801663e-03
1.554251944683367756e-03
1.128100773569438260e-03
1.015859702134697421e-03
1.179306145984816874e-03
1.474819619253504854e-03
1.855976400866919370e-03
2.086859300074124773e-03
2.086859300074124773e-03
2.182251885465545573e-03
2.167208192949645305e-03
1.940370033163610602e-03
1.673522524705640252e-03
1.508690772594259866e-03
1.528994022274738143e-03
1.680995159858156241e-03
1.800447503727422779e-03
1.931305549317673077e-03
1.963949229284419132e-03
1.963949229284419132e-03
1.945079418662473128e-03
1.878088016450571137e-03
1.812015379494324356e-03
1.825657618123833863e-03
2.216994008479987455e-03
2.566016402753751313e-03
2.679248780014369027e-03
2.652547970545590834e-03
2.479138328116231322e-03
2.281884541187917045e-03
2.281884541187917045e-03
2.102943851503637912e-03
2.046519385583939459e-03
2.064464246535551318e-03
2.042539131395125149e-03
2.059947119121394946e-03
1.999186651558407506e-03
1.782515942677325230e-03
1.556092901723139322e-03
1.461281642220748191e-03
1.528267619194074957e-03
1.528267619194074957e-03
1.629231633146071244e-03
1.780540783188095484e-03
1.876275773464186093e-03
1.892226649831123047e-03
1.742350505215377928e-03
1.610175778836949942e-03
1.532567153511467514e-03
1.490624763194379294e-03
1.550254417628658260e-03
1.634043131560649698e-03
1.634043131560649698e-03
1.801199139218161160e-03
1.893587515872274763e-03
1.914131709443326907e-03
1.782679091644100199e-03
1.593611621567064948e-03
1.489814543992030787e-03
1.446520046726373606e-03
1.541147104714391545e-03
1.683678919220164046e-03
1.755743681402817348e-03
1.755743681402817348e-03
1.798993943405016466e-03
1.785090886800896849e-03
1.742596827116780567e-03
1.545894685668684288e-03
1.457282090059779578e-03
1.528075497151581454e-03
1.693426791199303819e-03
1.841852689554855432e-03
1.918329441886268980e-03
1.957590998133045771e-03
1.957590998133045771e-03
1.868981448458623129e-03
1.778949509151369008e-03
1.738903050934015879e-03
1.737826254734633601e-03
1.853620324704977583e-03
2.025866477218380129e-03
2.024011451335106914e-03
1.863310141649535817e-03
1.694003336755476718e-03
1.732892343553750318e-03
1.732892343553750318e-03
1.829325263003070846e-03
2.005104978841929560e-03
1.952750225924100667e-03
1.864478188640898617e-03
1.923702907778758638e-03
2.054689891270598291e-03
2.148786652930825911e-03
2.153220121655858525e-03
2.106207850252730333e-03
2.076495113274469048e-03
2.076495113274469048e-03
1.948517224143911418e-03
1.873414854836248557e-03
1.866062491071303559e-03
1.955018999409163707e-03
2.102910194167461558e-03
2.232802975427746698e-03
2.287507182754927766e-03
2.121005491389096973e-03
1.998563707734677796e-03
1.999465055831852779e-03
1.999465055831852779e-03
1.869476019688468861e-03
1.718562683191161063e-03
1.623561155758737650e-03
1.673513383029637692e-03
1.770581270317566746e-03
1.773309790614430734e-03
1.780329916639933428e-03
1.731452196313169141e-03
1.636477771589928566e-03
1.586165111059960114e-03
1.586165111059960114e-03
1.398357197804471833e-03
1.219281407790627448e-03
1.151143913762567219e-03
1.234967084923805844e-03
1.413113990774462819e-03
1.621565555856951989e-03
1.769432769596103894e-03
1.701585005554711238e-03
1.544533408226781649e-03
1.385721068442726011e-03
1.385721068442726011e-03
1.329585794550432491e-03
1.521102895739440391e-03
1.762034653709764268e-03
1.901044524912056700e-03
1.805025061084975868e-03
1.568280440662290099e-03
1.358471508198569148e-03
1.416003299889319854e-03
1.572597591315518049e-03
1.709120985898148880e-03
1.709120985898148880e-03
1.695076195254902529e-03
1.559834307192634138e-03
1.376137087141278068e-03
1.258525125210551267e-03
1.242514644527556228e-03
1.328075090790589849e-03
1.475756200896391045e-03
1.449992070470573378e-03
1.263085974944146411e-03
1.076781373075669929e-03
1.076781373075669929e-03
1.039252522411539216e-03
1.114172212755600759e-03
1.271712773914152094e-03
1.376775016294739000e-03
1.303217728436532408e-03
1.165313845523645959e-03
1.042950436780207442e-03
1.011894442527435864e-03
1.051295677717682155e-03
1.127182643153519601e-03
1.127182643153519601e-03
1.127738973260050768e-03
1.064326941007687124e-03
9.713422310099747515e-04
8.933665600336278007e-04
8.925083523002248819e-04
9.309487414278628083e-04
1.011986665062149758e-03
1.021459379077082610e-03
1.015378052317667716e-03
8.384998758396332774e-04
8.384998758396332774e-04
6.339056148470247846e-04
5.332826087129196365e-04
5.974011787782324608e-04
7.880534930970545466e-04
1.020206914099793969e-03
1.159591901696505186e-03
1.114434556772436399e-03
8.672069170607876916e-04
6.208400325132882843e-04
5.121913189900509020e-04
5.121913189900509020e-04
6.000694395787267753e-04
1.129953192606761216e-03
1.405399218246154757e-03
1.422742808297768405e-03
1.174954321764602782e-03
9.317692958664550770e-04
8.838299634109471944e-04
1.026461820879983125e-03
1.244551396585739933e-03
1.417101012977622487e-03
1.417101012977622487e-03
1.497385228719295405e-03
1.368183469756757394e-03
1.141076776935056854e-03
1.031822994365665493e-03
1.131908250810227884e-03
1.324121677031293593e-03
1.538295561788780279e-03
1.503166601501373673e-03
1.207797259962379351e-03
8.972405538071650524e-04
8.972405538071650524e-04
5.801254380404615623e-04
5.472296891624892166e-04
6.893979239284439651e-04
9.627346982463993140e-04
1.157586297480209681e-03
1.180159855614705241e-03
1.095573293278629757e-03
9.820371302892052633e-04
9.403671457179435750e-04
9.771372156306380122e-04
9.771372156306380122e-04
1.035649094777790682e-03
1.036233683729583053e-03
9.921806095292925488e-04
9.277200759278146419e-04
8.959152132677444509e-04
9.212816142383523782e-04
9.880941821957193571e-04
1.087176837897718901e-03
1.046120847865835259e-03
1.002471595463501428e-03
1.002471595463501428e-03
1.006790837239771030e-03
9.962291833412061006e-04
1.001497253150297230e-03
9.725718901967717479e-04
9.636165762411913038e-04
9.731418715526059769e-04
1.010119118864990844e-03
1.056743861481288177e-03
1.100501712394848664e-03
1.145858047921032843e-03
1.145858047921032843e-03
1.183934848687345645e-03
1.193397562593378905e-03
1.180156174859696297e-03
1.122188328865313112e-03
1.091433256872522328e-03
1.070780039327339471e-03
1.044646835283415988e-03
9.830036936365189708e-04
9.267428650521390091e-04
9.146076430131169343e-04
9.146076430131169343e-04
1.023293957528928532e-03
1.243957464010314292e-03
1.417668758072073831e-03
1.329914265814028740e-03
1.150190914848207759e-03
9.773561265108870241e-04
9.320768280153698092e-04
1.080661649537455627e-03
1.272780297156942764e-03
1.285697242908278052e-03
1.285697242908278052e-03
1.200447951352129339e-03
1.122625877160924766e-03
1.101322648151077145e-03
1.232671988811126799e-03
1.355744559894468985e-03
1.387132856573577598e-03
1.292921961974503571e-03
1.131494423694007646e-03
1.011794614334533653e-03
9.718660128258109921e-04
