3.573985577950088144e-02
3.745656233453668882e-02
3.848028584354368925e-02
3.897401353510717564e-02
3.872250577266475591e-02
3.868123113106849975e-02
3.861707584484080913e-02
3.832196775306227765e-02
3.814098705133034395e-02
3.841463520510158408e-02
3.887044356226059677e-02
3.887044356226059677e-02
3.896671795492559487e-02
3.920339485240610655e-02
3.928171082496582922e-02
3.928260191569186294e-02
3.915880429490371795e-02
3.895552042013856325e-02
3.870988753719097064e-02
3.852450099236554015e-02
3.834297872301893617e-02
3.804032752435523163e-02
3.804032752435523163e-02
3.755367110343766496e-02
3.704124936935099949e-02
3.636189635078777155e-02
3.577405568076282016e-02
3.552222408200397114e-02
3.525238964218245508e-02
3.511718950949279522e-02
3.489583080335213749e-02
3.470664709697932060e-02
3.469100975145453236e-02
3.469100975145453236e-02
3.473051072789199584e-02
3.488164548976088741e-02
3.522902340813559297e-02
3.541595729529928988e-02
3.574936556231291668e-02
3.602548751031344615e-02
3.632198494141297002e-02
3.650949617086160504e-02
3.660261845610294357e-02
3.659020178412852875e-02
3.659020178412852875e-02
3.669556373950209893e-02
3.675428752207849509e-02
3.691885047624251376e-02
3.699439891774339989e-02
3.672137699578512104e-02
3.628537590125437834e-02
3.575053107686905485e-02
3.508375444400217702e-02
3.442600362878142639e-02
3.388749452166256448e-02
3.388749452166256448e-02
3.341352371724856662e-02
3.305693378428412044e-02
3.309507815593926150e-02
3.336788243723346620e-02
3.359029495302161966e-02
3.385896218516054601e-02
3.407597052073586819e-02
3.415203327327712840e-02
3.398763183134449056e-02
3.375477171707775420e-02
3.375477171707775420e-02
3.340481777795550195e-02
3.316930846397907195e-02
3.318108459550662276e-02
3.324023291596295282e-02
3.321046659703495718e-02
3.303245618644852499e-02
3.260885254055222865e-02
3.237357763742394756e-02
3.236023219539312795e-02
3.229713298670654209e-02
3.229713298670654209e-02
3.220086474435936152e-02
3.205025624296851949e-02
3.167758490094597923e-02
3.145844209398005603e-02
3.133864161541655147e-02
3.138135402798430257e-02
3.141441806982207818e-02
3.140431913260531560e-02
3.125996408104710772e-02
3.111357117475116452e-02
3.111357117475116452e-02
3.110957122422139745e-02
3.112959896809133417e-02
3.118126973754381873e-02
3.122420582645503428e-02
3.126957070984693471e-02
3.126693933338231535e-02
3.135020072330412660e-02
3.120636357013421153e-02
3.102848067028528625e-02
3.097990503213546992e-02
3.097990503213546992e-02
3.086982906493626611e-02
3.074197555095988313e-02
3.064071043012893750e-02
3.075021056290973970e-02
3.085829283390674818e-02
3.078889251998597615e-02
3.050615428397012580e-02
3.010071965839221028e-02
2.982578956911912868e-02
2.997059199420870623e-02
2.997059199420870623e-02
3.012691086951654884e-02
3.031150617071102366e-02
3.028581589179205058e-02
3.007019721470306772e-02
2.967384867141097810e-02
2.916803860190715636e-02
2.891529562134449727e-02
2.886042533680617528e-02
2.882978915349204349e-02
2.866786686090873337e-02
2.866786686090873337e-02
2.848028730617781917e-02
2.825132570102151588e-02
2.838854930072820179e-02
2.876955721029619481e-02
2.898517847283490004e-02
2.904300362814594277e-02
2.907503849113313166e-02
2.903030917001515193e-02
2.886079808086256318e-02
2.855121873660825677e-02
2.855121873660825677e-02
2.829229883819480568e-02
2.821885082425456756e-02
2.805887306273010390e-02
2.809507986084969558e-02
2.816349461034485524e-02
2.813971297443109559e-02
2.815603588799929502e-02
2.823862343863207600e-02
2.822106959961812045e-02
2.802520180601807132e-02
2.802520180601807132e-02
2.809046201207354015e-02
2.785698486765725984e-02
2.777174775238349172e-02
2.779631809286503899e-02
2.778826433970293594e-02
2.752776037699806305e-02
2.744472406760176120e-02
2.725261247369844750e-02
2.688831244167122492e-02
2.673661324643001463e-02
2.673661324643001463e-02
2.658195738579318887e-02
2.655229653668544909e-02
2.668757127374629320e-02
2.664725612561866935e-02
2.655198510057842076e-02
2.642765568360392475e-02
2.613373621161782512e-02
2.578089266271263794e-02
2.565350912271117598e-02
2.589167153891202763e-02
2.589167153891202763e-02
2.636343824576627484e-02
2.670432907271870146e-02
2.647736030147861477e-02
2.601759222160223914e-02
2.548967385414998774e-02
2.513524204154814548e-02
2.524112632934174746e-02
2.535382731320075592e-02
2.547352912034297687e-02
2.561429375622674767e-02
2.561429375622674767e-02
2.581258742958122965e-02
2.610567796588652775e-02
2.586292871440903571e-02
2.553959533492724393e-02
2.522000775065076292e-02
2.501323448478631750e-02
2.486471504311078481e-02
2.496931269361993277e-02
2.518317066179675059e-02
2.528437298099713362e-02
2.528437298099713362e-02
2.541016786195058816e-02
2.550708507889381388e-02
2.570951437944026668e-02
2.566683111039247747e-02
2.576440831368018505e-02
2.575819256960031750e-02
2.554750351715440182e-02
2.527710976966467127e-02
2.480197957170958423e-02
2.448812768566664341e-02
2.448812768566664341e-02
2.442190100060249655e-02
2.454550454256531830e-02
2.469991961699147601e-02
2.456804082468237033e-02
2.440873724827230182e-02
2.412298184620726565e-02
2.400073779068993482e-02
2.388002874188412117e-02
2.393670427276049437e-02
2.384204551531314553e-02
2.384204551531314553e-02
2.368224775845861191e-02
2.373872168524474371e-02
2.399308847243085754e-02
2.421890437530646936e-02
2.433676042520574109e-02
2.419524956531436677e-02
2.385335108219458974e-02
2.353894043671494671e-02
2.350506489051427603e-02
2.362640455738360470e-02
2.362640455738360470e-02
2.361247561372753836e-02
2.377028418802177787e-02
2.415659235004558730e-02
2.437595449456781901e-02
2.438789191740692308e-02
2.412452840024584266e-02
2.383605438647133992e-02
2.360363707811751616e-02
2.375537631399753449e-02
2.380001885428507588e-02
2.380001885428507588e-02
2.390954996676389679e-02
2.392485884871329085e-02
2.389593600042629745e-02
2.412093874717604475e-02
2.437128997221352927e-02
2.439877287320464661e-02
2.453522982379559292e-02
2.466227560863443538e-02
2.470673965420804377e-02
2.463569276061449223e-02
2.463569276061449223e-02
2.450978118053384266e-02
2.422859545021259151e-02
2.443144515347032975e-02
2.503724407211027625e-02
2.528371339524571396e-02
2.504254638867291216e-02
2.485443295094620295e-02
2.459312605744574595e-02
2.461958068051493809e-02
2.460247978071325101e-02
2.460247978071325101e-02
2.454546488897727322e-02
2.446996903702849946e-02
2.461583886591154832e-02
2.465604683267328193e-02
2.443827056866373221e-02
2.423727609709561137e-02
2.409465902470307036e-02
2.430960468939061953e-02
2.433545842209593538e-02
2.415266537730246382e-02
2.415266537730246382e-02
2.409816935906455154e-02
2.420423798393221693e-02
2.444476487527022859e-02
2.459032455867555395e-02
2.472324289065657571e-02
2.468512877616112558e-02
2.472034142015764116e-02
2.462819491251607915e-02
2.453112810836300534e-02
2.436153974890670898e-02
2.436153974890670898e-02
2.404857619895328646e-02
2.379664606138626529e-02
2.370922986333381596e-02
2.364420437992985000e-02
2.362660043311189118e-02
2.377687983128331725e-02
2.388912454043489939e-02
2.386674569436543492e-02
2.367646644287769997e-02
2.352623373279966873e-02
2.352623373279966873e-02
2.335672641748059997e-02
2.296236816541646214e-02
2.266076379463771370e-02
2.265319857466113404e-02
2.299178338923013945e-02
2.329724543181027618e-02
2.361363548828398010e-02
2.376885743530372103e-02
2.368841168329316807e-02
2.322890983593918490e-02
2.322890983593918490e-02
2.273094192652373030e-02
2.259664916973376861e-02
2.279601373878194573e-02
2.307120347385994280e-02
2.351333395739201373e-02
2.382188837373640927e-02
2.400854337221638990e-02
2.406956388312668157e-02
2.392568297003020913e-02
2.382091716444159971e-02
2.382091716444159971e-02
2.366037168901061541e-02
2.347939007280411272e-02
2.355861879524144900e-02
2.389841548723259726e-02
2.423323488217375352e-02
2.433108800435717159e-02
2.415640679257021264e-02
2.396225773769316073e-02
2.387534890106301003e-02
2.406103216112130683e-02
2.406103216112130683e-02
2.452645010120846000e-02
2.490468199946738528e-02
2.498197578590251669e-02
2.482307259263186530e-02
2.426401634054063672e-02
2.399365752351242942e-02
2.364750297169666143e-02
2.372815119319476862e-02
2.391160894219592978e-02
2.418657010609452651e-02
2.418657010609452651e-02
2.446210846287909593e-02
2.474884167194425777e-02
2.469830195519352387e-02
2.457959936080746782e-02
2.430604832777414140e-02
2.383074219714272773e-02
2.363611098918343145e-02
2.360461802474314238e-02
2.377849082877524917e-02
2.402313774420181125e-02
2.402313774420181125e-02
2.435525475354548622e-02
2.461940382992814855e-02
2.491926582113114519e-02
2.518158539448005911e-02
2.516783853412904448e-02
2.534317336283692032e-02
2.549418289624710149e-02
2.545050533455554820e-02
2.525078607132856187e-02
2.515052480908490720e-02
2.515052480908490720e-02
2.511199566940177860e-02
2.520366892393911470e-02
2.551100954937879708e-02
2.584143478168596589e-02
2.622378488386047091e-02
2.639441601759854109e-02
2.655321692193414115e-02
2.648164283205669406e-02
2.601148100404153743e-02
2.565700323492240212e-02
2.565700323492240212e-02
2.564667769678134063e-02
2.578092522511532883e-02
2.614463464839893864e-02
2.663995965882130779e-02
2.703112737588549835e-02
2.735248117454413749e-02
2.751772865749681218e-02
2.758845372571325227e-02
2.745309293142064733e-02
2.700479018204000881e-02
2.700479018204000881e-02
2.652858408094439097e-02
2.643006598103331620e-02
2.628917521608477303e-02
2.636161208819314677e-02
2.644908451808624175e-02
2.674624514450469823e-02
2.692919423328289305e-02
2.717010691868721947e-02
2.741138365296642843e-02
2.753057335329561414e-02
2.753057335329561414e-02
2.763451824423346012e-02
2.758191212385093308e-02
2.730972465031436536e-02
2.694828382970838182e-02
2.654068455578578387e-02
2.613761107528503325e-02
2.595176074827192439e-02
2.596415221161078868e-02
2.608531277893925970e-02
2.635598638623361245e-02
2.635598638623361245e-02
2.659221192577332360e-02
2.657969909835734487e-02
2.652640906521052874e-02
2.635240475565582205e-02
2.619760545243037669e-02
2.615261896615008255e-02
2.615261896615008255e-02
2.613437698434858611e-02
2.626183807879090698e-02
2.651339749975739277e-02
2.651339749975739277e-02
2.677667649915278433e-02
2.682368832744511100e-02
2.657752638478073914e-02
2.628767486375033907e-02
2.620801167199625359e-02
2.637577375694143134e-02
2.671976390755113548e-02
2.715100394612200360e-02
2.741879680087950730e-02
2.741073599494836185e-02
2.741073599494836185e-02
2.712237554520832011e-02
2.675791943191028685e-02
2.646492482705863070e-02
2.625233955466630895e-02
2.635946305903208789e-02
2.647164743838138420e-02
2.649590115628821033e-02
2.655388806701347582e-02
2.663020413265120706e-02
2.659917239624404531e-02
2.659917239624404531e-02
2.648272053162734410e-02
2.617877700947064679e-02
2.580876344189194163e-02
2.551449241700869466e-02
2.550196560919056402e-02
2.560294568551148980e-02
2.566770461585961977e-02
2.560778936905792544e-02
2.564214825115280344e-02
2.571081468111498236e-02
2.571081468111498236e-02
2.575333734311534631e-02
2.577111913222435158e-02
2.559284873866856866e-02
2.543607449607079157e-02
2.534009684739071608e-02
2.513884141832982075e-02
2.496671011985251987e-02
2.492293325230652765e-02
2.486863744147455729e-02
2.488371070565155094e-02
2.488371070565155094e-02
2.478900951515006570e-02
2.481316380710200942e-02
2.490825959433050352e-02
2.503085393581271426e-02
2.509177085436992138e-02
2.509177085436992138e-02
2.509177085436992138e-02
2.510351421296077440e-02
2.508683535877559781e-02
2.489411146247923548e-02
2.489411146247923548e-02
2.476824851732507826e-02
2.468349939908662249e-02
2.472641912389396054e-02
2.478845934083645508e-02
2.465759405449836558e-02
2.447320252130892951e-02
2.438229804347831486e-02
2.429866629009740098e-02
2.440188240581808374e-02
2.458390580523319921e-02
2.458390580523319921e-02
2.479483266724817267e-02
2.498878907851513273e-02
2.526408347452314268e-02
2.531814474924475034e-02
2.526513663164612830e-02
2.490333644271858909e-02
2.454480782521260146e-02
2.442793984566297288e-02
2.445563515765707824e-02
2.457908595914827521e-02
2.457908595914827521e-02
2.472728413086316968e-02
2.495243006567597274e-02
2.507927214426577608e-02
2.484384446280618955e-02
2.453371154363025164e-02
2.427356637281856758e-02
2.426202697614452883e-02
2.430804306054244052e-02
2.419526629109684107e-02
2.420033657931572324e-02
2.420033657931572324e-02
2.412757146902055200e-02
2.417979744646679696e-02
2.420648224139334420e-02
2.438031390290280181e-02
2.453958449772618636e-02
2.451366951255882012e-02
2.422664386863021893e-02
2.397054792616437266e-02
2.376104006658052645e-02
2.368896991861762016e-02
2.368896991861762016e-02
2.371543882767815359e-02
2.395859722664187008e-02
2.416865873632078124e-02
2.436383228743259008e-02
2.443032788599620517e-02
2.435292473404378905e-02
2.424665063524186065e-02
2.413171093810477161e-02
2.396087926533715592e-02
2.379900586984740399e-02
2.379900586984740399e-02
2.371129764864351661e-02
2.366447718035202818e-02
2.363327835431144192e-02
2.359711200963271818e-02
2.356153025830588776e-02
2.360783198803583643e-02
2.377119728227702899e-02
2.380919850380779079e-02
2.373953930910142202e-02
2.357634719730368825e-02
2.357634719730368825e-02
2.339540162566345477e-02
2.339277896216892735e-02
2.358057271591587276e-02
2.371558959238203104e-02
2.395342777152772301e-02
2.419488250578414115e-02
2.414633667497319627e-02
2.427996236770592689e-02
2.419772166964563598e-02
2.413916071665823254e-02
2.413916071665823254e-02
2.401687873640589999e-02
2.393970185014134694e-02
2.394534980346142705e-02
2.411404630382263034e-02
2.413637003895432315e-02
2.400474008286737279e-02
2.420513404085845865e-02
2.439108691348441590e-02
2.452110524846367115e-02
2.454455506110556420e-02
2.454455506110556420e-02
2.443943528853622857e-02
2.429849227793496810e-02
2.414952017546642335e-02
2.405628833833397401e-02
2.414961486528089535e-02
2.422319772554069883e-02
2.431688643468912780e-02
2.432694259708326895e-02
2.417100371149020349e-02
2.378568663139982858e-02
2.378568663139982858e-02
2.355340621225829670e-02
2.348566573003291885e-02
2.351394562052733228e-02
2.367563893129687180e-02
2.376501021499844227e-02
2.389822879574341613e-02
2.392213642301925861e-02
2.393160081383120460e-02
2.379373992336267923e-02
2.388786019014023029e-02
