3.139464184641838074e-02
3.139464184641838074e-02
3.002259321510791779e-02
2.946181781589984894e-02
2.890424430370330811e-02
2.817168645560741425e-02
2.793902903795242310e-02
2.779483795166015625e-02
2.782282792031764984e-02
2.777037024497985840e-02
2.769690006971359253e-02
2.770414017140865326e-02
2.770414017140865326e-02
2.792692556977272034e-02
2.804217487573623657e-02
2.832100167870521545e-02
2.850139141082763672e-02
2.851488813757896423e-02
2.854827232658863068e-02
2.843034267425537109e-02
2.836794778704643250e-02
2.827196940779685974e-02
2.817434445023536682e-02
