3.375615256632730904e-02
3.506808871780832393e-02
3.489794527799423840e-02
3.492548890979178117e-02
3.455697370481608521e-02
3.401541898354074750e-02
3.353657384211541914e-02
3.287283962688464234e-02
3.225664744092486547e-02
3.169226016916872751e-02
3.118232456065185912e-02
3.118232456065185912e-02
3.075441609348333882e-02
3.030513157967477250e-02
2.974201820097840260e-02
2.928169437947846648e-02
2.864917984799059819e-02
2.828477981469990424e-02
2.792039683174352138e-02
2.765940168035589328e-02
2.741324308498270176e-02
2.707080174136482567e-02
2.707080174136482567e-02
2.685814128329980927e-02
2.663739663733516796e-02
2.625393779937815197e-02
2.601136976809838297e-02
2.578895677149038723e-02
2.556501833033984761e-02
2.535826503210165256e-02
2.510140170958953185e-02
2.485442814180422247e-02
2.468165559489843980e-02
2.468165559489843980e-02
2.448048370703250973e-02
2.418449645761690595e-02
2.380005614350037824e-02
2.345360744183405330e-02
2.312005326779001391e-02
2.288901910052348887e-02
2.264064842403539987e-02
2.255581706043605084e-02
2.250908404215596834e-02
2.253512245016602716e-02
2.253512245016602716e-02
2.248636322652066907e-02
2.241886827984005195e-02
2.226073937469229963e-02
2.210875295531516613e-02
2.188833438409409568e-02
2.170599152374661292e-02
2.151668626327069012e-02
2.135079083164893171e-02
2.130754431604067051e-02
2.131656840337728051e-02
2.131656840337728051e-02
2.128430014178494048e-02
2.138268490175408015e-02
2.152151691888285964e-02
2.168118970462561482e-02
2.176511552261336385e-02
2.205641054810232246e-02
2.240206885988571539e-02
2.278967846353010737e-02
2.318362335355063711e-02
2.348808618600333256e-02
2.348808618600333256e-02
2.362484955855534766e-02
2.365345489775122489e-02
2.365785072866507036e-02
2.362849694100460987e-02
2.369768280437207011e-02
2.387316360441190180e-02
2.415536581382590753e-02
2.429500651269437747e-02
2.443726821812886724e-02
2.466600688089476759e-02
2.466600688089476759e-02
2.492832798080575965e-02
2.516177099944641449e-02
2.531986881043942275e-02
2.551906060866532613e-02
2.569268073149720208e-02
2.602829209246774328e-02
2.633650741606857748e-02
2.656832528805560395e-02
2.712646263582344647e-02
2.765406955802808889e-02
2.765406955802808889e-02
2.795035504733675916e-02
2.823328320713101164e-02
2.830151623431361244e-02
2.822840307789626149e-02
2.808975788443344654e-02
2.803449063274160089e-02
2.795353054216246497e-02
2.788656029314615786e-02
2.767080871280161447e-02
2.745512679094034778e-02
2.745512679094034778e-02
2.723215157915899465e-02
2.701549788322060372e-02
2.681644869481218663e-02
2.668648555820743104e-02
2.648898891560304628e-02
2.625702888493637935e-02
2.608058458913509528e-02
2.595418384484506069e-02
2.595090926259316019e-02
2.590314583661707665e-02
2.590314583661707665e-02
2.568780549830642149e-02
2.547689511960357645e-02
2.530146977181057036e-02
2.517741107419765520e-02
2.504310870313728940e-02
2.494743113721997405e-02
2.484621100053845469e-02
2.465181875507387738e-02
2.421920291106452461e-02
2.367682840411574480e-02
2.367682840411574480e-02
2.325339256083935185e-02
2.299904660036307044e-02
2.262492491194551675e-02
2.218830857797526174e-02
2.167890127179891366e-02
2.122325501162232453e-02
2.072833421591971023e-02
2.019285421052741461e-02
1.960793503660355000e-02
1.905236720025505967e-02
1.905236720025505967e-02
1.846898979893625906e-02
1.787067668516340718e-02
1.715295231398007367e-02
1.640455136681866558e-02
1.569315865778581412e-02
1.507278847118213340e-02
1.468395141959689086e-02
1.444351913461610834e-02
1.436665975897356493e-02
1.404138080886386045e-02
1.404138080886386045e-02
1.375882003229195009e-02
1.326123770763778555e-02
1.261763128883416733e-02
1.219817859217046073e-02
1.170576214264787765e-02
1.128728016646478143e-02
1.102108213517853999e-02
1.088762434204396980e-02
1.078762823361585979e-02
1.092204286113475885e-02
1.092204286113475885e-02
1.117738330932318072e-02
1.117738330932318072e-02
1.140547016836711454e-02
1.145403877072636092e-02
1.129439968656361336e-02
1.095743079011767332e-02
1.031867669563655068e-02
9.561083149738969222e-03
8.909545223729749622e-03
8.247519235220072617e-03
8.247519235220072617e-03
7.919889575486355887e-03
7.871122116667536237e-03
8.087077305669260543e-03
8.493677619713578889e-03
8.938345893846649792e-03
9.384186032326954571e-03
9.653947483589810086e-03
9.774330693153516700e-03
9.601090825007634749e-03
9.129609010414277415e-03
9.129609010414277415e-03
8.732988522697908082e-03
8.413846760660308177e-03
8.199821732343796216e-03
8.155694408487608113e-03
8.590699115462195612e-03
8.844779695815997364e-03
8.954452277096043925e-03
8.744030497889763998e-03
8.494022648721455404e-03
8.189524249033122358e-03
8.189524249033122358e-03
7.968201857413549291e-03
7.620714732578238310e-03
7.537943404102764346e-03
7.481579276052239581e-03
7.862537138217818439e-03
8.144170535675608960e-03
8.324422656310729446e-03
8.480880719205408438e-03
8.537815976796011078e-03
8.239823060398852872e-03
8.239823060398852872e-03
7.854828314199495745e-03
7.389612827629037616e-03
6.828905834980396154e-03
6.387876598349104436e-03
6.086446227484330548e-03
5.825498446045413413e-03
5.644115732902222314e-03
5.550993852084394956e-03
5.537699042321606382e-03
5.525320209600757121e-03
5.525320209600757121e-03
5.525320209600757121e-03
5.525320209600757121e-03
5.676006691373658777e-03
5.857814614211701715e-03
6.133936757536475812e-03
6.318335489117118779e-03
6.443842534000726423e-03
6.486451095215967771e-03
6.422675055106067364e-03
6.222132142517974862e-03
6.222132142517974862e-03
5.951498803759960009e-03
5.622353553131204107e-03
5.269827325268681278e-03
5.005431792681808503e-03
4.901918992981912741e-03
4.979210173725438088e-03
5.113905306782990691e-03
5.203437098780148116e-03
5.287718517895068256e-03
5.348956226600004582e-03
5.348956226600004582e-03
5.300422946287410356e-03
5.252997581279215435e-03
5.260079440610611334e-03
5.201559064299538480e-03
5.164594088635462467e-03
5.041315312979063011e-03
4.956628996964444409e-03
4.900548626387611281e-03
5.018676019677924781e-03
5.056022621785481036e-03
5.056022621785481036e-03
5.200443992550416762e-03
5.200443992550416762e-03
5.200443992550416762e-03
5.311807239796450912e-03
5.330902723129866093e-03
5.227832283828051305e-03
5.016263042547215723e-03
4.715266560666512424e-03
4.318241179117880690e-03
4.111108560353632889e-03
4.111108560353632889e-03
3.791931618934935109e-03
3.761207440321314918e-03
4.034267885075796742e-03
4.463821803037639618e-03
4.858791695683443469e-03
5.251152211128797855e-03
5.558526626497676919e-03
5.483031738765794388e-03
5.086284036021906756e-03
4.654777476713322162e-03
4.654777476713322162e-03
4.312009166636314450e-03
4.088328684193030804e-03
3.894707516072852278e-03
3.793739522328477744e-03
3.871004672262013356e-03
4.068328904370204988e-03
4.305008317397197859e-03
4.447470705236059030e-03
4.326844715005204178e-03
4.178652298587278748e-03
4.178652298587278748e-03
3.877349990354721394e-03
3.541805204018351558e-03
3.235730658879069823e-03
3.118879651795765547e-03
3.130976206480578453e-03
3.216299992630124518e-03
3.383702603135307907e-03
3.644733408972792525e-03
3.977714687421277269e-03
4.245106657911357564e-03
4.245106657911357564e-03
4.339683315451813538e-03
4.325347437344975558e-03
4.246885103153505425e-03
4.178322300968724708e-03
4.193179421468646445e-03
4.175415127860543363e-03
4.294061374748411181e-03
4.448232003487084633e-03
4.841372777853415396e-03
5.180136461380276114e-03
5.180136461380276114e-03
5.421975574786055442e-03
5.551310963951146607e-03
5.554501616636964463e-03
5.337462250784470730e-03
4.961672626306642270e-03
4.512537949533205160e-03
4.097829887141543267e-03
3.856124971311810767e-03
3.796622761828351202e-03
3.804889150736725286e-03
3.804889150736725286e-03
3.917065211438311260e-03
4.151927274472768867e-03
4.438461160105420557e-03
4.742273279077348878e-03
5.129226255301640690e-03
5.172809046416703381e-03
5.090973270341964466e-03
4.970963683824275968e-03
4.787258128681886292e-03
4.496446950008674455e-03
4.496446950008674455e-03
4.185107893626715571e-03
3.880793439475813383e-03
3.614855933601073771e-03
3.458545166941807535e-03
3.452729258131476131e-03
3.549669954672780153e-03
3.649161731996466203e-03
3.810342851629803119e-03
4.128050237082238685e-03
4.435776397298960005e-03
4.435776397298960005e-03
4.648475877144601746e-03
4.646978534855818882e-03
4.649703180875645013e-03
4.644118073461516415e-03
4.545850683760031818e-03
4.434592075334183557e-03
4.301364370155469005e-03
4.264903333038967508e-03
4.188248558164488038e-03
4.156640190330382172e-03
4.156640190330382172e-03
4.065080963659158109e-03
4.073236672341279049e-03
4.058812825850899135e-03
4.159276544924500434e-03
4.159276544924500434e-03
4.293717803446025702e-03
4.414097088305165770e-03
4.533748739489276008e-03
4.591033515793246228e-03
4.624879571849309368e-03
4.624879571849309368e-03
4.595246784229022746e-03
4.465489351330736642e-03
4.348160992893823802e-03
4.243355253164729501e-03
4.081626259130797206e-03
4.034849863049839135e-03
4.051532629463519553e-03
4.175557912322796182e-03
4.376861473466877803e-03
4.556806319489278834e-03
4.556806319489278834e-03
4.637631217380780609e-03
4.700526582823150862e-03
4.757849634390639605e-03
4.824111295679531057e-03
4.946466776922585351e-03
5.120140531156291280e-03
5.287457968611385291e-03
5.422733570706861871e-03
5.467306209183037981e-03
5.592551151634645237e-03
5.592551151634645237e-03
5.709993398653410643e-03
5.748861896569812391e-03
5.764778834636222898e-03
5.779563846060154809e-03
5.724446747541138587e-03
5.716283095023034534e-03
5.843159516951103132e-03
6.075470149104117423e-03
6.341620293624700144e-03
6.516466646847666848e-03
6.516466646847666848e-03
6.614878346314655155e-03
6.797234012404246989e-03
6.849387871077107330e-03
6.826165634053065617e-03
6.721371439990330050e-03
6.617351162312776550e-03
6.338564169319432264e-03
6.020901006703370008e-03
5.760477192884863422e-03
5.538348590937241210e-03
5.538348590937241210e-03
5.406679901280086326e-03
5.256013529209850772e-03
5.214475308132542584e-03
5.158120774590001928e-03
5.140141101252854172e-03
5.193557111268164508e-03
5.289398096489352809e-03
5.490677774760764455e-03
5.711382752651105593e-03
5.775357800982521689e-03
5.775357800982521689e-03
5.775650522532054312e-03
5.540717722513729092e-03
5.347637501605591835e-03
5.194030255272119936e-03
5.084253762786762089e-03
5.171667996515264855e-03
5.516807713806553236e-03
5.805099712895246504e-03
5.999165761127470825e-03
6.158631240558933365e-03
6.158631240558933365e-03
6.301156901068156319e-03
6.441892013973424258e-03
6.562489938502487005e-03
6.646226656641415591e-03
6.698850668242742508e-03
6.710616719701105112e-03
6.671904860347733363e-03
6.590480599991639828e-03
6.503377273809052110e-03
6.427342979913182666e-03
6.427342979913182666e-03
6.347549323208066287e-03
6.402603600787547949e-03
6.406132998080429214e-03
6.396076247499086001e-03
6.423012484238870001e-03
6.346362788172198871e-03
6.180398607692063478e-03
5.969929282154643954e-03
5.724053521051960906e-03
5.404666476497899975e-03
5.404666476497899975e-03
5.113405947181869082e-03
4.682757141872093132e-03
4.330220539303928848e-03
4.320544559437901333e-03
4.411461646873664211e-03
4.636188155207369814e-03
4.841583655611036811e-03
5.149522077717603313e-03
5.285591638146466299e-03
5.297829154140901858e-03
5.297829154140901858e-03
5.121989425492614635e-03
4.866502697599175455e-03
4.531129831141702397e-03
4.229993898661419185e-03
3.978270297599614987e-03
3.796704037399454331e-03
3.728068000561380116e-03
3.724781643575302784e-03
3.641472920167216926e-03
3.730911714381341358e-03
3.730911714381341358e-03
3.897587893903431411e-03
4.038347174553156942e-03
4.144021108225280636e-03
4.153327209872921186e-03
4.063428924090570563e-03
3.879291755320353127e-03
3.684057498624590098e-03
3.594376210963217636e-03
3.529490770258824316e-03
3.611669589988965746e-03
3.611669589988965746e-03
3.740882403778268261e-03
3.856644493383748571e-03
3.969471542530280707e-03
4.122982685531435300e-03
4.180521685176913013e-03
4.043066043121874668e-03
3.797326407403832631e-03
3.578620215879114736e-03
3.407622309606356086e-03
3.304859024311035658e-03
3.304859024311035658e-03
3.283364878941032790e-03
3.378202449507829250e-03
3.545361193873909460e-03
3.718900606475515017e-03
3.845902071570247993e-03
3.971283838390674524e-03
4.031931918831142998e-03
4.036408139304389214e-03
3.974581349250014793e-03
3.893684925888250305e-03
3.893684925888250305e-03
3.755527366818075738e-03
3.732266767130279581e-03
3.728694624642485585e-03
3.725021227012827174e-03
3.800166531310938175e-03
4.321794479939247528e-03
4.772033547055645752e-03
5.082332737622817162e-03
5.196881486532351282e-03
5.197356399509639978e-03
5.197356399509639978e-03
5.034391150678009172e-03
4.838697643504005601e-03
4.619008434943334789e-03
4.619008434943334789e-03
4.619008434943334789e-03
4.446189590313841776e-03
4.432464165855999616e-03
4.453159903603150574e-03
4.550942116710244428e-03
4.704395050265298105e-03
4.704395050265298105e-03
4.821912749880980474e-03
4.760086391221947377e-03
4.725100247190887857e-03
4.583275478587969104e-03
4.448976326690746823e-03
4.314855287223199470e-03
4.254890902284615833e-03
4.226635768349008837e-03
4.270286387948622753e-03
4.311432920188907301e-03
4.311432920188907301e-03
4.289557438198733641e-03
4.258028509260188346e-03
4.170770157095146646e-03
4.236253967098006432e-03
4.215093485443723899e-03
4.111804791661884638e-03
4.026904627670000597e-03
3.920811857237197634e-03
3.817371200966130848e-03
3.723200242963038871e-03
3.723200242963038871e-03
3.655780434893913817e-03
3.601701918329040970e-03
3.660392493644735491e-03
3.751270258410653678e-03
3.877760322218433420e-03
4.045025431919606687e-03
4.116446809582926039e-03
4.103915524621466575e-03
3.931481703130978479e-03
3.783748627993209924e-03
3.783748627993209924e-03
3.610432938469041852e-03
3.527553651092280897e-03
3.480628526702631096e-03
3.463472629513967855e-03
3.512124392022530038e-03
3.670133305125379292e-03
3.820819936178714449e-03
3.932010862223816322e-03
4.055085838210494009e-03
4.055085838210494009e-03
4.055085838210494009e-03
4.107865135765054188e-03
4.064965959434133948e-03
3.880251954165262352e-03
3.589956997014602004e-03
3.254703481839178649e-03
2.845221816716670196e-03
2.584120714864604224e-03
2.590718088624782960e-03
2.683192833598142812e-03
2.732189734182533230e-03
