4.031027480959892273e-02
3.190023452043533325e-02
2.790011093020439148e-02
2.698253281414508820e-02
2.472606860101222992e-02
2.248799614608287811e-02
2.079936489462852478e-02
1.974661462008953094e-02
2.039334177970886230e-02
2.144487574696540833e-02
2.251213416457176208e-02
2.251213416457176208e-02
2.456972748041152954e-02
2.678863331675529480e-02
2.877839095890522003e-02
3.080687858164310455e-02
3.323855251073837280e-02
3.539464995265007019e-02
3.726034983992576599e-02
3.912589699029922485e-02
4.070945084095001221e-02
4.190202802419662476e-02
4.190202802419662476e-02
4.294605925679206848e-02
4.388554021716117859e-02
4.454498738050460815e-02
4.368811100721359253e-02
4.266558215022087097e-02
4.197962582111358643e-02
4.127620533108711243e-02
4.094178602099418640e-02
4.062738642096519470e-02
4.066896811127662659e-02
4.066896811127662659e-02
4.089862480759620667e-02
4.094321280717849731e-02
4.113787040114402771e-02
4.160921648144721985e-02
4.216490685939788818e-02
4.273852333426475525e-02
4.300180450081825256e-02
4.300809651613235474e-02
4.226543754339218140e-02
4.169943556189537048e-02
4.169943556189537048e-02
4.117301106452941895e-02
3.998418152332305908e-02
3.928643092513084412e-02
3.808583319187164307e-02
3.706850856542587280e-02
3.601147606968879700e-02
3.475098684430122375e-02
3.327118605375289917e-02
3.187811747193336487e-02
3.063231892883777618e-02
3.063231892883777618e-02
2.951463311910629272e-02
2.783484943211078644e-02
2.638669870793819427e-02
2.503591403365135193e-02
2.387665212154388428e-02
2.299210987985134125e-02
2.241802215576171875e-02
2.336683683097362518e-02
2.452271990478038788e-02
2.636822126805782318e-02
2.636822126805782318e-02
2.820389717817306519e-02
2.970206364989280701e-02
3.068096190690994263e-02
3.161937743425369263e-02
3.220194205641746521e-02
3.223218396306037903e-02
3.203909844160079956e-02
3.118236362934112549e-02
3.022697567939758301e-02
2.953219413757324219e-02
2.953219413757324219e-02
2.853023819625377655e-02
2.759080380201339722e-02
2.775304391980171204e-02
2.824778482317924500e-02
2.872050367295742035e-02
2.872737124562263489e-02
2.877468615770339966e-02
2.860643900930881500e-02
2.815867960453033447e-02
2.801694720983505249e-02
2.801694720983505249e-02
2.763335034251213074e-02
2.749124541878700256e-02
2.727922983467578888e-02
2.740782685577869415e-02
2.778300829231739044e-02
2.853438816964626312e-02
2.901781350374221802e-02
2.908688597381114960e-02
2.863144874572753906e-02
2.848944813013076782e-02
2.848944813013076782e-02
2.792498841881752014e-02
2.735926024615764618e-02
2.710594981908798218e-02
2.639609947800636292e-02
2.576299011707305908e-02
2.437484264373779297e-02
2.353032864630222321e-02
2.344229444861412048e-02
2.389776334166526794e-02
2.493301779031753540e-02
2.493301779031753540e-02
2.607223391532897949e-02
2.653957530856132507e-02
2.606092020869255066e-02
2.546138130128383636e-02
2.439964935183525085e-02
2.363214083015918732e-02
2.316779829561710358e-02
2.252118848264217377e-02
2.199994400143623352e-02
2.245274372398853302e-02
2.245274372398853302e-02
2.249744720757007599e-02
2.267471328377723694e-02
2.255333401262760162e-02
2.207017503678798676e-02
2.080482803285121918e-02
1.958877593278884888e-02
1.928804256021976471e-02
1.864009536802768707e-02
1.732496917247772217e-02
1.591060124337673187e-02
1.591060124337673187e-02
1.454242412000894547e-02
1.374310813844203949e-02
1.327443961054086685e-02
1.339315809309482574e-02
1.361923292279243469e-02
1.344710588455200195e-02
1.289385464042425156e-02
1.258233655244112015e-02
1.220780052244663239e-02
1.190878637135028839e-02
