2.597850224967626631e-02
2.597850224967626631e-02
2.515358067106458068e-02
2.454354181465962653e-02
2.412575182440817798e-02
2.367204653380838505e-02
2.326302345163764468e-02
2.306853875660719658e-02
2.281715198175485182e-02
2.252244145107382828e-02
2.219018224395861993e-02
2.192889733040027586e-02
2.192889733040027586e-02
2.115380044044467764e-02
2.051123066051635524e-02
1.997801844162400142e-02
1.946696857732740926e-02
1.903094549951635239e-02
1.856530109077565369e-02
1.803436250431799878e-02
1.752344359503375457e-02
1.701239977565581832e-02
1.658656376563735074e-02
1.658656376563735074e-02
1.618034541243381502e-02
1.579356388274788872e-02
1.538774105887360036e-02
1.500789701722328277e-02
1.467560693690770669e-02
1.449680471431077228e-02
1.432090150066587728e-02
1.414344804226236318e-02
1.399445929140373350e-02
1.385643186287503943e-02
1.385643186287503943e-02
1.372276917875207662e-02
1.362797009506661050e-02
1.355185808386948597e-02
1.348701193438519609e-02
1.349046524083916294e-02
1.342461447373877181e-02
1.334125314271307310e-02
1.319458724152765619e-02
1.305958261972506654e-02
1.311154569536058904e-02
1.311154569536058904e-02
1.318408352130244314e-02
1.330373241895596755e-02
1.348514014727443186e-02
1.366318254478580962e-02
1.383754273308382236e-02
1.402111910241683052e-02
1.414796333027269933e-02
1.430172383890409085e-02
1.443406033330173199e-02
1.451790983060637259e-02
1.451790983060637259e-02
1.464103983254399360e-02
1.474184137583258239e-02
1.478094480174095907e-02
1.477849693142731236e-02
1.467012275133621271e-02
1.457550106672154781e-02
1.429140860379653905e-02
1.394374230648502688e-02
1.366166860504160023e-02
1.339805648445289987e-02
1.339805648445289987e-02
1.316078742397495949e-02
1.292032238443842698e-02
1.275899640241358671e-02
1.260571949470662076e-02
1.241711105125966295e-02
1.224149311608522042e-02
1.200214287851891770e-02
1.183113391095847594e-02
1.168068177678748681e-02
1.153660918302095925e-02
1.153660918302095925e-02
1.139208171674530728e-02
1.121607270316852742e-02
1.109727260076621112e-02
1.106329695909490790e-02
1.109395473396638035e-02
1.111713836355496775e-02
1.108455775924291516e-02
1.105495365484478881e-02
1.088256210053373078e-02
1.071200138733141571e-02
1.071200138733141571e-02
1.057472122460953630e-02
1.048084710645294515e-02
1.043499652643430434e-02
1.039579769517084279e-02
1.036328575805692959e-02
1.030537370589974452e-02
1.031751334604844896e-02
1.031498074614263169e-02
1.029316510566228443e-02
1.018006806138354800e-02
1.018006806138354800e-02
1.008099820346429823e-02
1.011388079316610789e-02
1.023205342662051806e-02
1.035360537565369748e-02
1.049442314373844054e-02
1.061088290317962514e-02
1.069686021310224666e-02
1.076285331710149715e-02
1.080392234886284712e-02
1.079986043032705144e-02
1.079986043032705144e-02
1.075577395679361108e-02
1.074305676055048106e-02
1.076415761923989536e-02
1.086444317607716988e-02
1.094332270593291294e-02
1.103364454225232161e-02
1.102881971202656318e-02
1.088805954918792632e-02
1.074608360637681684e-02
1.068339311940742949e-02
1.068339311940742949e-02
1.060095822038052867e-02
1.055845398055553844e-02
1.051616744942450617e-02
1.044121263680804559e-02
1.044121263680804559e-02
1.044121263680804559e-02
1.044121263680804559e-02
1.036098068337011797e-02
1.028437583973578449e-02
1.012839251107854749e-02
1.012839251107854749e-02
9.878581807264667433e-03
9.599560465926580341e-03
9.459420593643240102e-03
9.410283302677622738e-03
9.390075028130901585e-03
9.405686782459335080e-03
9.475514455471012454e-03
9.567914987549637831e-03
9.639273159970141586e-03
9.667302372464140273e-03
9.667302372464140273e-03
9.641459104092012580e-03
9.575615003360325034e-03
9.510537408340619461e-03
9.405871138635954823e-03
9.354544985988068329e-03
9.321597667304290860e-03
9.296619431456770374e-03
9.309292772066293103e-03
9.348049505261650863e-03
9.352685474185974679e-03
9.352685474185974679e-03
9.390700165319195922e-03
9.418443363005051666e-03
9.434256724480467177e-03
9.484306055181464939e-03
9.529935860509550563e-03
9.571332068647480165e-03
9.650735696896246135e-03
9.775342982059379363e-03
9.892280030288410492e-03
9.968832581716085411e-03
9.968832581716085411e-03
1.003711223755893167e-02
1.005841413146094619e-02
1.003688381178534199e-02
1.000305241206020553e-02
9.903679760869909046e-03
9.856635463445641981e-03
9.829536558197305915e-03
9.789579278392036496e-03
9.773116367122348241e-03
9.791718219920114707e-03
9.791718219920114707e-03
9.812622557028749526e-03
9.802441371640416637e-03
9.715221566960143343e-03
9.661669857015440718e-03
9.584991401993765703e-03
9.584991401993765703e-03
9.536967143647524792e-03
9.523660966846233047e-03
9.497043108003174264e-03
9.702498614757351300e-03
9.702498614757351300e-03
9.831453528822800200e-03
9.985614222862673056e-03
1.013658767937813086e-02
1.028347582934025818e-02
1.032961843974795381e-02
1.026839662693981858e-02
1.019054738506601672e-02
1.019054738506601672e-02
1.019054738506601672e-02
1.013861509568497223e-02
1.013861509568497223e-02
1.012786073191973904e-02
1.010806704089844618e-02
1.015985768815713154e-02
1.017025463792302874e-02
1.019847181178008474e-02
1.021994891064386714e-02
1.024365430734249828e-02
1.023085710294730638e-02
1.023173083531209691e-02
1.041572333943379010e-02
1.041572333943379010e-02
1.059320282810468500e-02
1.073012080169115021e-02
1.082139900190853300e-02
1.092600507177530524e-02
1.098526435682694279e-02
1.099706698365598111e-02
1.100203356759789017e-02
1.097859068310704303e-02
1.095533931663956149e-02
1.090050829345017187e-02
1.090050829345017187e-02
1.085713397064038722e-02
1.080441401149464554e-02
1.073280004733859379e-02
1.065851942286522372e-02
1.061360729516301789e-02
1.059308900488381902e-02
1.057526478790701482e-02
1.050584502044279132e-02
1.044092129633759393e-02
1.036543985518556185e-02
1.036543985518556185e-02
1.029399571210013430e-02
1.021748103190107775e-02
1.014110758325615334e-02
1.008314631648214200e-02
1.004039750563306618e-02
1.013242956593763712e-02
1.025750733955826076e-02
1.037259673427814652e-02
1.042569007701962293e-02
1.042310912462178496e-02
1.042310912462178496e-02
1.035561592352210111e-02
1.031315430662178324e-02
1.031315430662178324e-02
1.024681119598814735e-02
1.019933491157168012e-02
1.016204415860507554e-02
1.013231587760495683e-02
1.011253047494561561e-02
1.004761775559418271e-02
9.973583254001043563e-03
9.973583254001043563e-03
9.908934496406859513e-03
9.884511859713590587e-03
9.914708071975529211e-03
9.921632616260478085e-03
9.924955561263302389e-03
9.931383651052318184e-03
9.912382551592090543e-03
9.903430082781456562e-03
9.817631072009936483e-03
9.760506723270374538e-03
9.760506723270374538e-03
9.726683128378191615e-03
9.715965197194458697e-03
9.764154890903216366e-03
9.834223892982220730e-03
9.950982645410664726e-03
1.017252798802332353e-02
1.038039908062852665e-02
1.062955815294094365e-02
1.079481316886546707e-02
1.095761164239801577e-02
1.095761164239801577e-02
1.091747799866442381e-02
1.084363821499494292e-02
1.073288528499336154e-02
1.033614596443181710e-02
9.948176266858017869e-03
9.638091695193308842e-03
9.329678636001766112e-03
9.019692258128592446e-03
8.719617370207795662e-03
8.502392179662258270e-03
8.502392179662258270e-03
8.270553161301803444e-03
8.148598649586337797e-03
8.042086800498367619e-03
7.941138242683904586e-03
7.880871276954295665e-03
7.824845527312525653e-03
7.802961051435243836e-03
7.831687413907204021e-03
7.891067250601556740e-03
7.927302662317354393e-03
7.927302662317354393e-03
8.010982445580020622e-03
8.062268802493442396e-03
8.101624045934797611e-03
8.113623979414487375e-03
8.177480036698098545e-03
8.231610280580933803e-03
8.226442334726819655e-03
8.238186960819720434e-03
8.234305283174739656e-03
8.223308533438916657e-03
8.223308533438916657e-03
8.223958986700037610e-03
8.264350583438157330e-03
8.312134460985285203e-03
8.446187769790388516e-03
8.578857382893888966e-03
8.653190009469140589e-03
8.685373674713090658e-03
8.621208669177765280e-03
8.528548990993561896e-03
8.401126994447468896e-03
8.401126994447468896e-03
8.306547997919652357e-03
8.274613896218821485e-03
8.198031963826001370e-03
8.145250152634075230e-03
8.107059890788765461e-03
8.036423066939956186e-03
8.026546716837735726e-03
8.037226125840060340e-03
8.110035654472245309e-03
8.157913057237349552e-03
8.157913057237349552e-03
8.166348674392030424e-03
8.079460670145118331e-03
8.073323663578787709e-03
8.105853583275186500e-03
8.159345587131123373e-03
8.258084918746522174e-03
8.410010319742512730e-03
8.551081102938350859e-03
8.712882101600840506e-03
8.829888892753524898e-03
8.829888892753524898e-03
8.884028991732411881e-03
8.881155087659809919e-03
8.742975971677531891e-03
8.605486172236965006e-03
8.417727638743360136e-03
8.182400999655822793e-03
7.919911485068148807e-03
7.652870263932783600e-03
7.465966270494059538e-03
7.273058351155974738e-03
7.273058351155974738e-03
7.113944591631700745e-03
6.774647836449811285e-03
6.569642009834597216e-03
6.480033211693150483e-03
6.509187550585365974e-03
6.702349367316033299e-03
6.906598186698572304e-03
7.057582096205029798e-03
7.171348488103758932e-03
7.334838013373873832e-03
7.334838013373873832e-03
7.458905126940131199e-03
7.568715857770001894e-03
7.710502580075915408e-03
7.893791345472214033e-03
8.159545142607705845e-03
8.449398762381602618e-03
8.726044173043354460e-03
9.024935228400367618e-03
9.319485825461541750e-03
9.499872589934723818e-03
9.499872589934723818e-03
9.640887860889176680e-03
9.751725083894310919e-03
9.593690566179072579e-03
9.403432627627822740e-03
9.200041987587800549e-03
8.638646538842605777e-03
8.190233805803253872e-03
7.841926534865130416e-03
7.619738194448979519e-03
7.439130183948112346e-03
7.439130183948112346e-03
7.409305200103138631e-03
7.382080660239458657e-03
7.410375177183834740e-03
7.472765882376564313e-03
7.578768941411588057e-03
7.737332242508629908e-03
7.917676025288608241e-03
7.743842241889748595e-03
7.678380447919206341e-03
7.573871062648285246e-03
7.573871062648285246e-03
7.406467946675593730e-03
7.250261092497067329e-03
7.197112781561869344e-03
7.256648638807656169e-03
7.377366435035656589e-03
7.591640262908695008e-03
7.787613155642749210e-03
7.991593091784461936e-03
8.167891984573929370e-03
8.339984710782037333e-03
8.339984710782037333e-03
8.477239543361218127e-03
8.543661567811437763e-03
8.576085196507541794e-03
8.582063191782165687e-03
8.602678784097735412e-03
8.600679679979661083e-03
8.558081592740240939e-03
8.278601104779827191e-03
7.987476704885150547e-03
7.703733181788901575e-03
7.703733181788901575e-03
7.466515751113607033e-03
7.366277001230501879e-03
7.339676939579174719e-03
7.362994026794808002e-03
7.395383398327281047e-03
7.470924778231524677e-03
7.552484160753364546e-03
7.643252882399970485e-03
7.596718892317532064e-03
7.542052937863059393e-03
7.542052937863059393e-03
7.521750228162645685e-03
7.559820630424158271e-03
7.696646860755513436e-03
7.874107323790530827e-03
8.021837213295227378e-03
8.145412021268443048e-03
8.259520669918252178e-03
8.363356216903167911e-03
8.455641046723010729e-03
8.579761660287052449e-03
