2.562507241964340210e-02
2.562507241964340210e-02
2.602334320545196533e-02
2.645003236830234528e-02
2.672331780195236206e-02
2.711719274520874023e-02
2.708955481648445129e-02
2.685173787176609039e-02
2.657150663435459137e-02
2.616117149591445923e-02
2.571636810898780823e-02
2.526700869202613831e-02
2.526700869202613831e-02
2.491508983075618744e-02
2.462054602801799774e-02
2.429339848458766937e-02
2.393727190792560577e-02
2.360629662871360779e-02
2.316181361675262451e-02
2.260977402329444885e-02
2.207801677286624908e-02
2.153764478862285614e-02
2.092440612614154816e-02
2.092440612614154816e-02
2.026587352156639099e-02
1.955014653503894806e-02
1.874965243041515350e-02
1.795908436179161072e-02
1.715483702719211578e-02
1.631160452961921692e-02
1.552329678088426590e-02
1.485880278050899506e-02
1.423034630715847015e-02
1.369751989841461182e-02
1.369751989841461182e-02
1.335324812680482864e-02
1.324185635894536972e-02
1.327463984489440918e-02
1.334857288748025894e-02
1.349380612373352051e-02
1.365484856069087982e-02
1.365292444825172424e-02
1.362626999616622925e-02
1.360028982162475586e-02
1.351669151335954666e-02
1.351669151335954666e-02
1.327764149755239487e-02
1.289491169154644012e-02
1.253408472985029221e-02
1.223083958029747009e-02
1.202311087399721146e-02
1.187805086374282837e-02
1.172656472772359848e-02
1.156032551079988480e-02
1.143052894622087479e-02
1.131652388721704483e-02
1.131652388721704483e-02
1.128551550209522247e-02
1.123469043523073196e-02
1.118633709847927094e-02
1.126545388251543045e-02
1.159092318266630173e-02
1.200317218899726868e-02
1.242777705192565918e-02
1.287112943828105927e-02
1.327871344983577728e-02
1.365280430763959885e-02
1.365280430763959885e-02
1.401754934340715408e-02
1.434895023703575134e-02
1.452998816967010498e-02
1.457168255001306534e-02
1.460664905607700348e-02
1.465567853301763535e-02
1.465126499533653259e-02
1.459609437733888626e-02
1.459922082722187042e-02
1.464256830513477325e-02
1.464256830513477325e-02
1.481377147138118744e-02
1.502227038145065308e-02
1.528503559529781342e-02
1.550846546888351440e-02
1.571628265082836151e-02
1.595801673829555511e-02
1.618006825447082520e-02
1.644832082092761993e-02
1.670273952186107635e-02
1.665314100682735443e-02
1.665314100682735443e-02
1.650673151016235352e-02
1.626002043485641479e-02
1.591332815587520599e-02
1.560976821929216385e-02
1.540072169154882431e-02
1.516314782202243805e-02
1.492077484726905823e-02
1.465791370719671249e-02
1.441126130521297455e-02
1.422989554703235626e-02
1.422989554703235626e-02
1.405058428645133972e-02
1.383966300636529922e-02
1.376190967857837677e-02
1.377571281045675278e-02
1.377849187701940536e-02
1.390625908970832825e-02
1.400710642337799072e-02
1.409144327044487000e-02
1.412175036966800690e-02
1.414401456713676453e-02
1.414401456713676453e-02
1.387434266507625580e-02
1.373780891299247742e-02
1.362822111696004868e-02
1.343892328441143036e-02
1.332422066479921341e-02
1.311058271676301956e-02
1.289963535964488983e-02
1.243942230939865112e-02
1.182877551764249802e-02
1.131552550941705704e-02
1.131552550941705704e-02
1.093005482107400894e-02
1.068105455487966537e-02
1.065475400537252426e-02
1.072560064494609833e-02
1.091415807604789734e-02
1.106212008744478226e-02
1.120149996131658554e-02
1.172956544905900955e-02
1.216608844697475433e-02
1.249627489596605301e-02
1.249627489596605301e-02
1.261354610323905945e-02
1.269327662885189056e-02
1.280074939131736755e-02
1.296730991452932358e-02
1.313200965523719788e-02
1.325013767927885056e-02
1.320105791091918945e-02
1.296182814985513687e-02
1.253740303218364716e-02
1.207341905683279037e-02
1.207341905683279037e-02
1.157387159764766693e-02
1.119766570627689362e-02
1.090582460165023804e-02
1.080312766134738922e-02
1.079182978719472885e-02
1.082235295325517654e-02
9.842904284596443176e-03
8.958473801612854004e-03
8.156753145158290863e-03
7.480370812118053436e-03
7.480370812118053436e-03
7.025355938822031021e-03
6.720813456922769547e-03
6.526066921651363373e-03
6.354401819407939911e-03
6.276052910834550858e-03
6.185249425470829010e-03
6.054000928997993469e-03
5.921319127082824707e-03
5.838283803313970566e-03
5.881321150809526443e-03
5.881321150809526443e-03
5.995453801006078720e-03
6.162713281810283661e-03
6.421295460313558578e-03
6.767823360860347748e-03
7.052247412502765656e-03
7.004931569099426270e-03
7.006188388913869858e-03
7.149355486035346985e-03
7.365312427282333374e-03
7.627908140420913696e-03
7.627908140420913696e-03
7.945673540234565735e-03
8.307508192956447601e-03
8.633208461105823517e-03
8.878455497324466705e-03
9.036174044013023376e-03
9.148421697318553925e-03
9.270629845559597015e-03
9.395909495651721954e-03
9.663511998951435089e-03
9.885782375931739807e-03
9.885782375931739807e-03
1.007272675633430481e-02
1.022808253765106201e-02
1.026749331504106522e-02
1.031321845948696136e-02
1.032490842044353485e-02
1.031596213579177856e-02
1.032234635204076767e-02
1.043166778981685638e-02
1.038674544543027878e-02
1.037793047726154327e-02
1.037793047726154327e-02
1.028365269303321838e-02
1.018543727695941925e-02
1.119085215032100677e-02
1.202441193163394928e-02
1.276301778852939606e-02
1.340450625866651535e-02
1.399158034473657608e-02
1.451633311808109283e-02
1.496556028723716736e-02
1.534916274249553680e-02
1.534916274249553680e-02
1.571311429142951965e-02
1.600456051528453827e-02
1.626380346715450287e-02
1.649288088083267212e-02
1.668425276875495911e-02
1.682974956929683685e-02
1.693946123123168945e-02
1.702296733856201172e-02
1.710709184408187866e-02
1.719815097749233246e-02
1.719815097749233246e-02
1.725184358656406403e-02
1.733646355569362640e-02
1.743526197969913483e-02
1.755445636808872223e-02
1.759669743478298187e-02
1.763015612959861755e-02
1.767221093177795410e-02
1.760801859200000763e-02
1.752711087465286255e-02
1.745849102735519409e-02
1.745849102735519409e-02
1.737229526042938232e-02
1.725343801081180573e-02
1.718715764582157135e-02
1.721815578639507294e-02
1.726453937590122223e-02
1.728800497949123383e-02
1.732501015067100525e-02
1.734538003802299500e-02
1.734510436654090881e-02
1.729772053658962250e-02
1.729772053658962250e-02
1.727686636149883270e-02
1.731857471168041229e-02
1.735505647957324982e-02
1.736071519553661346e-02
1.735360734164714813e-02
1.733623072504997253e-02
1.726083084940910339e-02
1.716295257210731506e-02
1.701416261494159698e-02
1.682553254067897797e-02
1.682553254067897797e-02
1.662727072834968567e-02
1.638601161539554596e-02
1.606296375393867493e-02
1.564200408756732941e-02
1.517767645418643951e-02
1.466453913599252701e-02
1.419815793633460999e-02
1.378607749938964844e-02
1.343097910284996033e-02
1.308542769402265549e-02
1.308542769402265549e-02
1.276416424661874771e-02
1.237591356039047241e-02
1.186697371304035187e-02
1.128733251243829727e-02
1.075196452438831329e-02
1.025443337857723236e-02
9.866706095635890961e-03
9.618963114917278290e-03
9.471892379224300385e-03
9.312057867646217346e-03
