2.473033033311367035e-02
2.473033033311367035e-02
2.361765690147876740e-02
2.382059395313262939e-02
2.428178489208221436e-02
2.501022256910800934e-02
2.506896108388900757e-02
2.516195550560951233e-02
2.524572238326072693e-02
2.487270347774028778e-02
2.468475885689258575e-02
2.487098611891269684e-02
2.487098611891269684e-02
2.481351047754287720e-02
2.469726279377937317e-02
2.442022040486335754e-02
2.399988472461700439e-02
2.363021671772003174e-02
2.327373810112476349e-02
2.296632714569568634e-02
2.271138317883014679e-02
2.239920385181903839e-02
2.200314775109291077e-02
2.200314775109291077e-02
2.138214185833930969e-02
2.057963237166404724e-02
1.988331973552703857e-02
1.921273767948150635e-02
1.831289194524288177e-02
1.741019636392593384e-02
1.640387810766696930e-02
1.543965656310319901e-02
1.445561647415161133e-02
1.363568101078271866e-02
1.363568101078271866e-02
1.285863202065229416e-02
1.197035238146781921e-02
1.108683645725250244e-02
1.044367253780364990e-02
1.022016443312168121e-02
9.974888525903224945e-03
9.790798649191856384e-03
9.720167145133018494e-03
9.676941670477390289e-03
9.800794534385204315e-03
9.800794534385204315e-03
9.997968561947345734e-03
1.017210446298122406e-02
1.031860709190368652e-02
1.035457104444503784e-02
1.036341488361358643e-02
1.054067723453044891e-02
1.057850010693073273e-02
1.067726314067840576e-02
1.100212056189775467e-02
1.137776765972375870e-02
1.137776765972375870e-02
1.164925005286931992e-02
1.200534217059612274e-02
1.235700305551290512e-02
1.277507003396749496e-02
1.317337714135646820e-02
1.336497906595468521e-02
1.364045776426792145e-02
1.394380908459424973e-02
1.373678073287010193e-02
1.372650079429149628e-02
1.372650079429149628e-02
1.373126823455095291e-02
1.352316793054342270e-02
1.334389019757509232e-02
1.334143057465553284e-02
1.338225789368152618e-02
1.352862641215324402e-02
1.375511940568685532e-02
1.400714647024869919e-02
1.425154227763414383e-02
1.450422592461109161e-02
1.450422592461109161e-02
1.471877004951238632e-02
1.499431859701871872e-02
1.525258831679821014e-02
1.552547421306371689e-02
1.579944044351577759e-02
1.610413193702697754e-02
1.635954342782497406e-02
1.665042527019977570e-02
1.682141609489917755e-02
1.697249524295330048e-02
1.697249524295330048e-02
1.710013113915920258e-02
1.713139005005359650e-02
1.727925240993499756e-02
1.738483645021915436e-02
1.763808913528919220e-02
1.772082783281803131e-02
1.775249838829040527e-02
1.787750236690044403e-02
1.804942078888416290e-02
1.821615919470787048e-02
1.821615919470787048e-02
1.862055249512195587e-02
1.904090680181980133e-02
1.953895762562751770e-02
2.004168182611465454e-02
2.053032629191875458e-02
2.077689953148365021e-02
2.095371857285499573e-02
2.102544531226158142e-02
2.112441137433052063e-02
2.128111571073532104e-02
2.128111571073532104e-02
2.145276591181755066e-02
2.163673937320709229e-02
2.172248996794223785e-02
2.173643931746482849e-02
2.176467888057231903e-02
2.158563956618309021e-02
2.151783742010593414e-02
2.134047076106071472e-02
2.121951803565025330e-02
2.092117071151733398e-02
2.092117071151733398e-02
2.133710868656635284e-02
2.171330526471138000e-02
2.208820171654224396e-02
2.219913713634014130e-02
2.219990082085132599e-02
2.202379889786243439e-02
2.194019779562950134e-02
2.179977297782897949e-02
2.157730236649513245e-02
2.120476402342319489e-02
2.120476402342319489e-02
2.096884138882160187e-02
2.061695046722888947e-02
2.041167207062244415e-02
2.016689628362655640e-02
1.973373815417289734e-02
1.942702941596508026e-02
1.899629831314086914e-02
1.840784214437007904e-02
1.795068196952342987e-02
1.802492700517177582e-02
1.802492700517177582e-02
1.811159215867519379e-02
1.820375770330429077e-02
1.843802258372306824e-02
1.881586201488971710e-02
1.921545900404453278e-02
1.954731158912181854e-02
1.971692964434623718e-02
1.996977627277374268e-02
2.006386965513229370e-02
2.012836188077926636e-02
2.012836188077926636e-02
2.021472901105880737e-02
2.019448764622211456e-02
2.031273767352104187e-02
2.049120888113975525e-02
2.069081366062164307e-02
2.090710401535034180e-02
2.123574353754520416e-02
2.168130315840244293e-02
2.205990441143512726e-02
2.238933742046356201e-02
2.238933742046356201e-02
2.270494028925895691e-02
2.302368357777595520e-02
2.311856299638748169e-02
2.297723665833473206e-02
2.264422550797462463e-02
2.232476510107517242e-02
2.210695669054985046e-02
2.187300100922584534e-02
2.178404293954372406e-02
2.155939862132072449e-02
2.155939862132072449e-02
2.131456695497035980e-02
2.116062119603157043e-02
2.111002244055271149e-02
2.095189318060874939e-02
2.081200666725635529e-02
2.060597576200962067e-02
2.043035253882408142e-02
2.014822512865066528e-02
1.973994262516498566e-02
1.973994262516498566e-02
1.973994262516498566e-02
1.922540366649627686e-02
1.864615641534328461e-02
1.815341226756572723e-02
1.758602075278759003e-02
1.700257137417793274e-02
1.644506119191646576e-02
1.602510735392570496e-02
1.558987423777580261e-02
1.517592743039131165e-02
1.479526236653327942e-02
1.479526236653327942e-02
1.442461740225553513e-02
1.437276974320411682e-02
1.449168939143419266e-02
1.463009696453809738e-02
1.473269239068031311e-02
1.475678943097591400e-02
1.460572425276041031e-02
1.439647749066352844e-02
1.419706456363201141e-02
1.402423996478319168e-02
1.402423996478319168e-02
1.385793182998895645e-02
1.322699524462223053e-02
1.271142344921827316e-02
1.237779203802347183e-02
1.213690731674432755e-02
1.197552029043436050e-02
1.200108695775270462e-02
1.217557862401008606e-02
1.249976363033056259e-02
1.270336471498012543e-02
1.270336471498012543e-02
1.300287619233131409e-02
1.342713925987482071e-02
1.402376405894756317e-02
1.459501218050718307e-02
1.504933834075927734e-02
1.547564659267663956e-02
1.573778875172138214e-02
1.594431698322296143e-02
1.655362360179424286e-02
1.728812791407108307e-02
1.728812791407108307e-02
1.808117888867855072e-02
1.860778778791427612e-02
1.882352493703365326e-02
1.881243661046028137e-02
1.874692738056182861e-02
1.872116513550281525e-02
1.876529864966869354e-02
1.874121464788913727e-02
1.871645450592041016e-02
1.869563199579715729e-02
1.869563199579715729e-02
1.853744685649871826e-02
1.824663020670413971e-02
1.830755546689033508e-02
1.822040788829326630e-02
1.795267127454280853e-02
1.743657328188419342e-02
1.650841161608695984e-02
1.590517722070217133e-02
1.573492027819156647e-02
1.579800061881542206e-02
1.579800061881542206e-02
1.598175801336765289e-02
1.605500653386116028e-02
1.601287163794040680e-02
1.608153246343135834e-02
1.631397940218448639e-02
1.664267666637897491e-02
1.712391525506973267e-02
1.773500815033912659e-02
1.817202568054199219e-02
1.851144619286060333e-02
1.851144619286060333e-02
1.865820772945880890e-02
1.871487125754356384e-02
1.854531466960906982e-02
1.843280345201492310e-02
1.845900900661945343e-02
1.847199536859989166e-02
1.872815750539302826e-02
1.890712045133113861e-02
1.899381726980209351e-02
1.890978962182998657e-02
1.890978962182998657e-02
1.893703080713748932e-02
1.912673003971576691e-02
1.940617151558399200e-02
1.973285339772701263e-02
2.014936693012714386e-02
2.055651135742664337e-02
2.096040919423103333e-02
2.121495455503463745e-02
2.133045345544815063e-02
2.140771597623825073e-02
2.140771597623825073e-02
2.130801044404506683e-02
2.124499715864658356e-02
2.108659222722053528e-02
2.078841626644134521e-02
2.049413323402404785e-02
2.026093378663063049e-02
2.011554129421710968e-02
2.012618444859981537e-02
2.008748427033424377e-02
2.000252157449722290e-02
2.000252157449722290e-02
1.997639052569866180e-02
1.970344781875610352e-02
1.921657845377922058e-02
1.896873116493225098e-02
1.871590688824653625e-02
1.843874156475067139e-02
1.803228631615638733e-02
1.766149140894412994e-02
1.766149140894412994e-02
1.720467768609523773e-02
1.720467768609523773e-02
1.624783687293529510e-02
1.545006036758422852e-02
1.469198707491159439e-02
1.391971297562122345e-02
1.326229423284530640e-02
1.268108561635017395e-02
1.222153007984161377e-02
1.184433232992887497e-02
1.166398357599973679e-02
1.159640029072761536e-02
1.159640029072761536e-02
1.152921374887228012e-02
1.143908686935901642e-02
1.133350841701030731e-02
1.089796610176563263e-02
1.043365895748138428e-02
1.003277208656072617e-02
9.735364466905593872e-03
9.593714028596878052e-03
9.434333071112632751e-03
9.404417127370834351e-03
9.404417127370834351e-03
9.356767870485782623e-03
9.242781437933444977e-03
9.128883481025695801e-03
8.990910835564136505e-03
9.058855473995208740e-03
9.692779742181301117e-03
1.029281597584486008e-02
1.086034066975116730e-02
1.128891389816999435e-02
1.153466105461120605e-02
1.153466105461120605e-02
1.159825921058654785e-02
1.167258433997631073e-02
1.182542461901903152e-02
1.208721380680799484e-02
1.229830365628004074e-02
1.238279603421688080e-02
1.251067221164703369e-02
1.265877205878496170e-02
1.293953508138656616e-02
1.334936078637838364e-02
1.334936078637838364e-02
1.387997437268495560e-02
1.428392995148897171e-02
1.462391111999750137e-02
1.476799324154853821e-02
1.486808340996503830e-02
1.478844042867422104e-02
1.472867187112569809e-02
1.463790237903594971e-02
1.446402072906494141e-02
1.434532925486564636e-02
1.434532925486564636e-02
1.408268325030803680e-02
1.383529976010322571e-02
1.365856360644102097e-02
1.356958877295255661e-02
1.351370010524988174e-02
1.347923278808593750e-02
1.346699520945549011e-02
1.358031388372182846e-02
1.359708048403263092e-02
1.361044496297836304e-02
1.361044496297836304e-02
1.363666355609893799e-02
1.367674116045236588e-02
1.367182377725839615e-02
1.360061299055814743e-02
1.344075798988342285e-02
1.320474781095981598e-02
1.293903868645429611e-02
1.268046349287033081e-02
1.239474304020404816e-02
1.205030921846628189e-02
1.205030921846628189e-02
1.177622564136981964e-02
1.175708975642919540e-02
1.168296206742525101e-02
1.172927394509315491e-02
1.174996141344308853e-02
1.170061435550451279e-02
1.163476705551147461e-02
1.136669423431158066e-02
1.103926077485084534e-02
1.067920587956905365e-02
1.067920587956905365e-02
1.059049926698207855e-02
1.056323666125535965e-02
1.061693672090768814e-02
1.069550495594739914e-02
1.076515484601259232e-02
1.084173191338777542e-02
1.082984916865825653e-02
1.084365695714950562e-02
1.086760405451059341e-02
1.095683593302965164e-02
1.095683593302965164e-02
1.119444239884614944e-02
1.151532679796218872e-02
1.186202652752399445e-02
1.215955894440412521e-02
1.239415258169174194e-02
1.256557460874319077e-02
1.264879200607538223e-02
1.269416231662034988e-02
1.283834781497716904e-02
1.297002471983432770e-02
1.297002471983432770e-02
1.315730530768632889e-02
1.340048946440219879e-02
1.364306639879941940e-02
1.379289105534553528e-02
1.388908550143241882e-02
1.403524819761514664e-02
1.425648853182792664e-02
1.430533174425363541e-02
1.432667765766382217e-02
1.426792051643133163e-02
1.426792051643133163e-02
1.418095268309116364e-02
1.415526028722524643e-02
1.411011815071105957e-02
1.402078289538621902e-02
1.391579955816268921e-02
1.402101013809442520e-02
1.416705362498760223e-02
1.432460453361272812e-02
1.432460453361272812e-02
1.451925933361053467e-02
1.451925933361053467e-02
1.466308720409870148e-02
1.487877033650875092e-02
1.507959607988595963e-02
1.535455789417028427e-02
1.547357346862554550e-02
1.559775508940219879e-02
1.562600582838058472e-02
1.564224809408187866e-02
1.568529009819030762e-02
1.570688746869564056e-02
1.570688746869564056e-02
1.559570524841547012e-02
1.559570524841547012e-02
1.543956808745861053e-02
1.529693976044654846e-02
1.516130939126014709e-02
1.504407078027725220e-02
1.492714509367942810e-02
1.491495408117771149e-02
1.491599343717098236e-02
1.497399061918258667e-02
1.497399061918258667e-02
1.498624309897422791e-02
1.497373543679714203e-02
1.483242120593786240e-02
1.467766053974628448e-02
1.445846725255250931e-02
1.424245629459619522e-02
1.397551782429218292e-02
1.367080397903919220e-02
1.335998345166444778e-02
1.309941522777080536e-02
1.309941522777080536e-02
1.275871600955724716e-02
1.239812094718217850e-02
1.212332304567098618e-02
1.191366557031869888e-02
1.173934247344732285e-02
1.163510233163833618e-02
1.161562651395797729e-02
1.158657483756542206e-02
1.161413546651601791e-02
1.166476495563983917e-02
1.166476495563983917e-02
1.165987085551023483e-02
1.176019012928009033e-02
1.178455445915460587e-02
1.178686786442995071e-02
1.176774501800537109e-02
1.177335251122713089e-02
1.185252703726291656e-02
1.203406602144241333e-02
1.217251736670732498e-02
1.239265315234661102e-02
1.239265315234661102e-02
1.248140260577201843e-02
1.265377085655927658e-02
1.283151190727949142e-02
1.284088287502527237e-02
1.278442423790693283e-02
1.263647805899381638e-02
1.239833887666463852e-02
1.215180847793817520e-02
1.198913808912038803e-02
1.191475894302129745e-02
1.191475894302129745e-02
1.194388978183269501e-02
1.193904038518667221e-02
1.196193415671586990e-02
1.188200246542692184e-02
1.178257819265127182e-02
1.159251667559146881e-02
1.137119345366954803e-02
1.146444119513034821e-02
1.165666431188583374e-02
1.177542749792337418e-02
1.177542749792337418e-02
1.181867439299821854e-02
1.199156418442726135e-02
1.209783274680376053e-02
1.217537932097911835e-02
1.218268554657697678e-02
1.210390031337738037e-02
1.205042004585266113e-02
1.199251133948564529e-02
1.193940825760364532e-02
1.184829510748386383e-02
1.184829510748386383e-02
1.175468694418668747e-02
1.156060304492712021e-02
1.144957263022661209e-02
1.136137079447507858e-02
1.145661622285842896e-02
1.148585416376590729e-02
1.133745070546865463e-02
1.138797495514154434e-02
1.142626255750656128e-02
1.141296699643135071e-02
1.141296699643135071e-02
1.130905281752347946e-02
1.120793074369430542e-02
1.115613523870706558e-02
1.132034044712781906e-02
1.144293602555990219e-02
1.141475513577461243e-02
1.160502433776855469e-02
1.164007745683193207e-02
1.158117130398750305e-02
1.163512654602527618e-02
1.163512654602527618e-02
1.166546251624822617e-02
1.164820138365030289e-02
1.166036445647478104e-02
1.168028172105550766e-02
1.177073549479246140e-02
1.187651418149471283e-02
1.201225165277719498e-02
1.205208804458379745e-02
1.207294128835201263e-02
1.208409480750560760e-02
1.208409480750560760e-02
1.198813039809465408e-02
1.184365991503000259e-02
1.166947651654481888e-02
1.167201902717351913e-02
1.166375726461410522e-02
1.167756132781505585e-02
1.163773331791162491e-02
1.153263915330171585e-02
1.140728872269392014e-02
1.121645327657461166e-02
1.121645327657461166e-02
1.099655125290155411e-02
1.076992414891719818e-02
1.058222353458404541e-02
1.044236123561859131e-02
1.050034910440444946e-02
1.057730335742235184e-02
1.046314649283885956e-02
1.028561312705278397e-02
1.010137237608432770e-02
9.940413758158683777e-03
9.940413758158683777e-03
9.859937243163585663e-03
9.713135659694671631e-03
9.659539908170700073e-03
9.559676982462406158e-03
9.454253129661083221e-03
9.415369480848312378e-03
9.413150139153003693e-03
9.429758414626121521e-03
9.702732786536216736e-03
9.897826239466667175e-03
9.897826239466667175e-03
9.920944459736347198e-03
9.987164288759231567e-03
9.986593388020992279e-03
9.981494396924972534e-03
9.967513382434844971e-03
1.001318451017141342e-02
1.013279706239700317e-02
1.030469872057437897e-02
1.061731670051813126e-02
1.103951409459114075e-02
1.103951409459114075e-02
1.146441977471113205e-02
1.190964784473180771e-02
1.239050272852182388e-02
1.281052175909280777e-02
1.317403744906187057e-02
1.349427085369825363e-02
1.377234794199466705e-02
1.413045637309551239e-02
1.440689247101545334e-02
1.444014348089694977e-02
1.444014348089694977e-02
1.438807789236307144e-02
1.432841084897518158e-02
1.425881776958703995e-02
1.426754891872406006e-02
1.435193326324224472e-02
1.450012065470218658e-02
1.477911230176687241e-02
1.503454521298408508e-02
1.517126709222793579e-02
1.527597382664680481e-02
1.527597382664680481e-02
1.535098161548376083e-02
1.539582293480634689e-02
1.536851935088634491e-02
1.536004524677991867e-02
1.523569505661725998e-02
1.493397168815135956e-02
1.461988594383001328e-02
1.436006370931863785e-02
1.417533587664365768e-02
1.392531115561723709e-02
1.392531115561723709e-02
1.365008205175399780e-02
1.346237771213054657e-02
1.323009748011827469e-02
1.303209923207759857e-02
1.284868549555540085e-02
1.280026696622371674e-02
1.278799399733543396e-02
1.274576410651206970e-02
1.266428455710411072e-02
1.259072311222553253e-02
1.259072311222553253e-02
1.247553341090679169e-02
1.232605986297130585e-02
1.210958790034055710e-02
1.200667954981327057e-02
1.195159181952476501e-02
1.194530911743640900e-02
1.198889035731554031e-02
1.203736662864685059e-02
1.206620130687952042e-02
1.210251916199922562e-02
1.210251916199922562e-02
1.208097022026777267e-02
1.202653162181377411e-02
1.191997155547142029e-02
1.188341528177261353e-02
1.190035883337259293e-02
1.194990053772926331e-02
1.195403840392827988e-02
1.204677950590848923e-02
1.220172084867954254e-02
1.238550525158643723e-02
1.238550525158643723e-02
1.254844665527343750e-02
1.256463211029767990e-02
1.248677074909210205e-02
1.248677074909210205e-02
1.248677074909210205e-02
1.248677074909210205e-02
1.227452047169208527e-02
1.205476559698581696e-02
1.182046066969633102e-02
1.166115235537290573e-02
1.166115235537290573e-02
1.158235780894756317e-02
1.153730601072311401e-02
1.144772581756114960e-02
1.135576516389846802e-02
1.150430832058191299e-02
1.170266419649124146e-02
1.186427474021911621e-02
1.205543521791696548e-02
1.219398993998765945e-02
1.224514655768871307e-02
