1.801059451387453797e-02
1.801059451387453797e-02
1.699851577045958378e-02
1.603584618690296129e-02
1.593092044127369239e-02
1.604982196334449676e-02
1.619607369981771253e-02
1.668248782814187384e-02
1.686679942869943535e-02
1.707580750344313975e-02
1.714334259150394890e-02
1.710285266775704582e-02
1.710285266775704582e-02
1.683170454630784907e-02
1.661330918700841888e-02
1.647272427726507657e-02
1.640864688568115931e-02
1.667256080940195812e-02
1.689315730422265641e-02
1.714980191738584361e-02
1.739866310612268874e-02
1.759634487576372183e-02
1.777302729955462443e-02
