1.414245580208051828e-02
1.381019554605227191e-02
1.373869028157386624e-02
1.383465744897947533e-02
1.428560587430007661e-02
1.497978689077384025e-02
1.560392367264994661e-02
1.602278160378135807e-02
1.644197873455604739e-02
1.643616342465076263e-02
1.642122616149103986e-02
1.642122616149103986e-02
1.658725385044404824e-02
1.680251515006802795e-02
1.684724301456156856e-02
1.696341669985787504e-02
1.700867606784886230e-02
1.697076036457619355e-02
1.688108914352256032e-02
1.664584569838820083e-02
1.647380824154867293e-02
1.634396396994965833e-02
1.634396396994965833e-02
1.621595105232349204e-02
1.624472503726827680e-02
1.621017955600338040e-02
1.602310790019020187e-02
1.588002985990527582e-02
1.569561241628630865e-02
1.553324427009117846e-02
1.535137397761775213e-02
1.513883946889392311e-02
1.475132242705889593e-02
1.475132242705889593e-02
1.438492673815250020e-02
1.400826759867464764e-02
1.356138616003993436e-02
1.310537700614632442e-02
1.277028686106076311e-02
1.229672013845939035e-02
1.199793301330360357e-02
1.162666637293201244e-02
1.138260132484046269e-02
1.098873083229180876e-02
1.098873083229180876e-02
1.055984564432359794e-02
1.005731247785771748e-02
9.625835468808583220e-03
9.253520573774872554e-03
8.892857696881365653e-03
8.456834450691215130e-03
8.312033048558575485e-03
8.151528590779893654e-03
7.999855057367489392e-03
7.782776941702027051e-03
7.782776941702027051e-03
7.592470654990411336e-03
7.397748349145606521e-03
7.301365858938075812e-03
7.287417405921195988e-03
7.320886592039991224e-03
7.482067702276854089e-03
7.618259216507959619e-03
7.716554563383478359e-03
7.739341491515839590e-03
7.880965874186253092e-03
7.880965874186253092e-03
7.987986289231321924e-03
8.308451197022300935e-03
8.641252305612790591e-03
8.949559819125060475e-03
9.240766247690731724e-03
9.477950680760056576e-03
9.745083026509167995e-03
1.006263447869358736e-02
1.036570204635723323e-02
1.048866868336225527e-02
1.048866868336225527e-02
1.061122759676542612e-02
1.075985375348159287e-02
1.089989455980345731e-02
1.115145780823528603e-02
1.148497289535340554e-02
1.186147749114088885e-02
1.213825108975897724e-02
1.236844552483829657e-02
1.245809531885631698e-02
1.252699232752321236e-02
1.252699232752321236e-02
1.249922140138636124e-02
1.245917944925474703e-02
1.243447852276967185e-02
1.238838940701181973e-02
1.220654335417449728e-02
1.195392315388607400e-02
1.165093971347429432e-02
1.119196859992257868e-02
1.073064857454999500e-02
1.035571066204886252e-02
1.035571066204886252e-02
1.021291333508755894e-02
1.025419232790826182e-02
1.054149546176987202e-02
1.084796353816013317e-02
1.103061719680351049e-02
1.134397791295223452e-02
1.161472308663599219e-02
1.178156610162590066e-02
1.196475039696477324e-02
1.195634177856076501e-02
1.195634177856076501e-02
1.190045715811398688e-02
1.177540553299213054e-02
1.142014125930017332e-02
1.089897159701740115e-02
1.050995032792070329e-02
1.030897654720675481e-02
1.027817117709283953e-02
1.030401321413262211e-02
1.027981251364459316e-02
1.023333521100857312e-02
1.023333521100857312e-02
1.023123855214184974e-02
1.022876599204538932e-02
1.028626356264972230e-02
1.035353051394516735e-02
1.031190570744317490e-02
1.026033557112646967e-02
1.032153712942771896e-02
1.021627835735779144e-02
1.038520613866438826e-02
1.049578632990603826e-02
1.049578632990603826e-02
1.063473930781207340e-02
1.055102641480333732e-02
1.041502122160880943e-02
1.031074978163873217e-02
1.009838301957443826e-02
1.016269188885399882e-02
9.945369799896117136e-03
9.958203914662951822e-03
9.837985188367124462e-03
9.759861315269170029e-03
