3.569154742099248101e-02
3.569154742099248101e-02
3.738272370529938798e-02
3.822985352341488896e-02
3.795755037617736666e-02
3.794934478622041113e-02
3.825176063236111756e-02
3.807189240369977107e-02
3.765354838199863607e-02
3.758418143276090473e-02
3.780585294694804865e-02
3.812828874886169811e-02
3.812828874886169811e-02
3.849900917361656627e-02
3.878325613267923772e-02
3.885317752092040666e-02
3.902904938009641583e-02
3.913534055165458075e-02
3.912286719364178184e-02
3.894182348711421049e-02
3.861407379598197354e-02
3.837109862035752161e-02
3.782813184602783207e-02
3.782813184602783207e-02
3.716939987087058972e-02
3.665788839524715403e-02
3.634022127352664472e-02
3.621115038637435363e-02
3.604773928680981426e-02
3.585044765674888501e-02
3.562823055933703881e-02
3.541483958380373109e-02
3.522885943855513097e-02
3.493696330185457749e-02
3.493696330185457749e-02
3.470627851986159834e-02
3.441677088445796451e-02
3.395193069170163169e-02
3.365438825025156983e-02
3.355273567622964193e-02
3.351962249619196144e-02
3.334965328380409821e-02
3.322703413998922412e-02
3.299691337196897223e-02
3.296259693882120506e-02
3.296259693882120506e-02
3.272994292357875312e-02
3.259269594377518092e-02
3.231444389042585630e-02
3.193793855756792144e-02
3.136890855119245369e-02
3.102099657734545476e-02
3.056557919178391758e-02
3.022572372240007327e-02
3.026214981715966146e-02
3.000115285075388716e-02
3.000115285075388716e-02
2.967079798398659235e-02
2.943894110955201301e-02
2.931035319965012015e-02
2.930875394173641790e-02
2.926062594105505524e-02
2.921948200010031707e-02
2.936434111798254948e-02
2.959936709769366708e-02
2.969495982897287639e-02
2.994056768961664283e-02
2.994056768961664283e-02
3.023723243247601264e-02
3.042263400103031173e-02
3.021244178194959495e-02
3.012044752705634112e-02
3.010976324469044965e-02
3.011225854800289939e-02
3.005713590155235232e-02
3.000067380819572763e-02
3.011896974741894856e-02
3.019057680469831514e-02
3.019057680469831514e-02
3.025543531882993534e-02
3.020782278921616687e-02
3.029278418604359341e-02
3.041409451606909287e-02
3.054232335782615729e-02
3.060843423528772020e-02
3.065949942201292439e-02
3.070234300922553700e-02
3.080898844948642967e-02
3.089589430890852736e-02
3.089589430890852736e-02
3.081992217348480251e-02
3.090034303082039510e-02
3.104608959214958178e-02
3.114639942094652586e-02
3.118199579173813740e-02
3.116600721426995152e-02
3.127074608358075547e-02
3.139800433317853356e-02
3.149260494439827529e-02
3.154458480733558778e-02
3.154458480733558778e-02
3.160310811542614562e-02
3.154488688461357798e-02
3.149851613883896534e-02
3.140930736753311248e-02
3.115601823980351792e-02
3.077801818477239951e-02
3.038370640143293194e-02
2.999671335924591550e-02
2.967729154219154661e-02
2.936346951097504668e-02
2.936346951097504668e-02
2.905826097258831439e-02
2.871956488127874393e-02
2.851715372477458751e-02
2.814778529147328456e-02
2.773237218489453884e-02
2.731196001444080590e-02
2.686826785221751654e-02
2.656747670302602934e-02
2.593413344046239730e-02
2.524853239398723581e-02
2.524853239398723581e-02
2.465155554090430953e-02
2.417049864306933596e-02
2.366401893260873870e-02
2.321459314458393375e-02
2.275885163663256272e-02
2.229037123704181306e-02
2.184754970143721123e-02
2.115861458065188688e-02
2.031661298696508730e-02
1.949585806151762565e-02
1.949585806151762565e-02
1.887396426140331915e-02
1.829551139317315764e-02
1.759374551990026611e-02
1.687262601572151258e-02
1.624399253048361066e-02
1.570760260191725322e-02
1.503264049734339379e-02
1.445610850227176981e-02
1.385153581811427066e-02
1.324457564218410252e-02
1.324457564218410252e-02
1.229960756531762317e-02
1.140551056972609681e-02
1.050687725009004023e-02
9.645740981305071793e-03
8.743364097881600391e-03
7.791279129077588808e-03
6.937403699642602506e-03
6.362415346377348416e-03
5.914279738309577254e-03
5.562943169330369052e-03
5.562943169330369052e-03
5.360361899151868531e-03
5.303080072876704618e-03
5.275858182588495995e-03
5.276629344321112983e-03
5.420096889598671752e-03
5.712019762381612305e-03
6.132863805004083041e-03
6.491990546563017501e-03
6.748562593117017790e-03
6.834295069323034939e-03
6.834295069323034939e-03
6.785351332259754661e-03
6.714374408444325620e-03
6.776634095000567438e-03
6.976658590491516959e-03
7.076698532773931065e-03
6.968676296367818344e-03
6.883383109978978044e-03
6.830245959494757498e-03
6.836459921720896248e-03
6.892538077424280665e-03
6.892538077424280665e-03
6.897141621746824894e-03
6.863920323185686463e-03
6.816797897797860668e-03
6.780100841202344603e-03
6.737881514905575894e-03
6.794329609724488774e-03
6.839601516038540732e-03
6.958321103423502352e-03
7.104839300449619990e-03
7.026838783466863962e-03
7.026838783466863962e-03
7.020713061561267843e-03
6.998396340177161223e-03
6.910508359452653508e-03
6.783890153917155816e-03
6.747186442124706272e-03
6.858761410865484541e-03
6.988341860381575357e-03
7.103432784888625250e-03
7.195485524827472008e-03
7.136545550711585924e-03
7.136545550711585924e-03
7.173755651121847821e-03
7.180750668473135853e-03
7.342662416266196659e-03
7.533279960586963635e-03
7.779788350208379812e-03
7.891262484578493233e-03
7.839764147725695326e-03
7.708791256846285120e-03
7.698522982923197006e-03
7.753007465450346795e-03
7.753007465450346795e-03
7.843294139454925692e-03
7.995498632677582387e-03
8.104886454217478248e-03
8.260577142216472823e-03
8.226998561226033652e-03
8.141874973364691265e-03
8.024999524743298834e-03
7.908723249795144086e-03
7.913405137943608017e-03
8.039410556822957840e-03
8.039410556822957840e-03
8.207693208005769139e-03
8.005464623958973361e-03
7.910401895764316085e-03
8.018500786755406937e-03
8.365733404295874753e-03
8.808939429505922153e-03
9.319597132083561747e-03
9.775243205451391443e-03
1.009398711747556791e-02
1.045171856022114251e-02
1.045171856022114251e-02
1.080037822770612069e-02
1.107756469341211226e-02
1.107756469341211226e-02
1.127679112392604606e-02
1.138286242215448031e-02
1.144935271826169956e-02
1.147074796259915999e-02
1.152248088223647646e-02
1.156507304535924624e-02
1.147300164945338173e-02
1.147300164945338173e-02
1.124984367569964970e-02
1.107067222947429389e-02
1.090937819599329360e-02
1.090301601778677701e-02
1.096506492473071741e-02
1.103520593800993814e-02
1.113085903385615041e-02
1.108740822618550781e-02
1.106359858751286215e-02
1.105724289308727612e-02
1.105724289308727612e-02
1.130172426294688386e-02
1.174819689009565238e-02
1.227654016840542227e-02
1.279589913529296206e-02
1.326193477530804993e-02
1.367598740033602531e-02
1.421969318115313963e-02
1.465795766335333157e-02
1.505041232266239766e-02
1.531845432230899764e-02
1.531845432230899764e-02
1.534612819292950278e-02
1.527028100756107690e-02
1.514612122632138201e-02
1.504776090529479082e-02
1.502143108127087200e-02
1.503420659136855617e-02
1.512200463332336389e-02
1.527724717801566198e-02
1.536966794331300762e-02
1.539783634212601830e-02
1.539783634212601830e-02
1.537145909914021391e-02
1.527236440751420822e-02
1.506827839833229689e-02
1.484752124664334705e-02
1.464094213012407004e-02
1.447466048272508417e-02
1.440233794197244566e-02
1.433215105860740496e-02
1.425267419560822049e-02
1.425301756477793426e-02
1.425301756477793426e-02
1.423847549047224138e-02
1.415469837869424638e-02
1.401523506558415184e-02
1.386047246764751488e-02
1.371341316854337786e-02
1.354479616292848625e-02
1.345021243327672485e-02
1.344462558004554630e-02
1.348733352052140441e-02
1.360260796259013007e-02
1.360260796259013007e-02
1.370750635224159825e-02
1.376105549103725720e-02
1.373516006187660080e-02
1.371070958984153300e-02
1.369848424718785214e-02
1.367166247784720214e-02
1.364193045437710715e-02
1.376010824036814906e-02
1.389106119146777014e-02
1.407316331604206890e-02
1.407316331604206890e-02
1.426612833192920232e-02
1.444551669429566983e-02
1.458091212202790657e-02
1.460992147546513395e-02
1.449963458344022404e-02
1.452262762960427472e-02
1.463729547232231823e-02
1.474540152932781074e-02
1.483403870745983802e-02
1.491455650896882437e-02
1.491455650896882437e-02
1.496206181043718136e-02
1.504710185332350757e-02
1.518299893750928858e-02
1.532051820230308573e-02
1.544618683772080656e-02
1.549088969578304130e-02
1.550920879636914426e-02
1.546924046222076382e-02
1.537188074293304764e-02
1.515281492817508596e-02
1.515281492817508596e-02
1.488714523017798698e-02
1.463102199511040306e-02
1.440210028662884320e-02
1.421078620097890322e-02
1.410408369646041181e-02
1.406639348721463838e-02
1.404243845150618744e-02
1.402528751315598038e-02
1.398619733072743038e-02
1.397571809724995270e-02
1.397571809724995270e-02
1.390718717748038250e-02
1.382846821857720322e-02
1.373594524953756883e-02
1.365515410902257143e-02
1.356017430758461872e-02
1.350858807994823746e-02
1.349254117822584580e-02
1.353427215620375997e-02
1.361718256464396204e-02
1.371149229316809964e-02
1.371149229316809964e-02
1.378461954332153849e-02
1.384646452050375745e-02
1.383720999179179761e-02
1.374699597235923450e-02
1.374852405517010788e-02
1.378438902924984145e-02
1.388767340653151126e-02
1.394519443344584275e-02
1.397719851544323467e-02
1.395198868434133557e-02
1.395198868434133557e-02
1.391949622924013377e-02
1.392843887322924891e-02
1.397170280110402937e-02
1.405521625359859757e-02
1.414644089397927573e-02
1.420344807232532501e-02
1.418466647724667476e-02
1.409822665262284308e-02
1.398351858798080501e-02
1.387676329062166244e-02
1.387676329062166244e-02
1.385496274871745107e-02
1.387383921377241015e-02
1.394424903814697574e-02
1.403565435166534078e-02
1.408849815194862694e-02
1.410463383990125281e-02
1.413504648323730441e-02
1.414057241889465563e-02
1.411750128379470406e-02
1.412355835742469187e-02
1.412355835742469187e-02
1.416310262677460824e-02
1.408409048656770503e-02
1.404643857843011941e-02
1.409085858637209969e-02
1.418390000272598019e-02
1.440125681038812930e-02
1.464373375224962623e-02
1.482436910208792188e-02
1.493274466062590768e-02
1.498867486205590627e-02
1.498867486205590627e-02
1.500958404987284486e-02
1.500864204088357169e-02
1.495009113731475894e-02
1.490854146104269272e-02
1.488055369752252360e-02
1.484489016241799172e-02
1.485416279695371544e-02
1.484694455598358637e-02
1.481476108983523915e-02
1.479444880187117187e-02
1.479444880187117187e-02
1.471507812693477642e-02
1.461268591266017165e-02
1.456341841704543449e-02
1.450901995265660265e-02
1.452420304807448305e-02
1.457733735595015574e-02
1.456922279958552946e-02
1.452357174873344578e-02
1.447004420883616846e-02
1.441426785722071773e-02
1.441426785722071773e-02
1.436942079380666877e-02
1.430991169060634970e-02
1.426358041166782449e-02
1.422176074173291983e-02
1.419025250716283645e-02
1.419447822394709693e-02
1.420910862008788536e-02
1.424015573159902008e-02
1.430084475055429585e-02
1.432464079463307421e-02
1.432464079463307421e-02
1.442589522069949448e-02
1.458368651171440371e-02
1.469259015626535499e-02
1.477849613939565855e-02
1.482525651448161896e-02
1.483451689718962192e-02
1.482311582588769980e-02
1.483575962805231546e-02
1.485093701724124644e-02
1.488507559057356162e-02
1.488507559057356162e-02
1.490545474666755098e-02
1.499118162565404345e-02
1.506423237519586081e-02
1.506081879547137466e-02
1.505221983241281612e-02
1.506511493334354926e-02
1.505566410596428407e-02
1.498808813786759939e-02
1.490019912707877051e-02
1.490019912707877051e-02
1.490019912707877051e-02
1.478552140636740786e-02
1.467164386491670754e-02
1.463192107865652659e-02
1.463801242209087500e-02
1.466975121305205514e-02
1.472150518802167914e-02
1.484710386157059823e-02
1.492479758597412692e-02
1.492547120984982593e-02
1.486814700018643763e-02
1.486814700018643763e-02
1.481489612043971477e-02
1.480614564114527895e-02
1.482721670785145003e-02
1.484491131446739019e-02
1.487543639518954311e-02
1.490985788131477148e-02
1.496601274358198494e-02
1.500524426440711517e-02
1.509107121301877727e-02
1.526269214562107207e-02
1.526269214562107207e-02
1.540161326716583609e-02
1.548404424706555961e-02
1.550429643762371579e-02
1.551565506335413937e-02
1.551869107944237394e-02
1.557770528597500481e-02
1.560688288427425005e-02
1.569652212983936243e-02
1.579410060722580278e-02
1.594922362489856540e-02
1.594922362489856540e-02
1.610249887370791486e-02
1.624852509036276565e-02
1.635476507822090225e-02
1.637450265560255400e-02
1.639655187764224933e-02
1.631951485418312031e-02
1.634562051653166287e-02
1.643310027107882168e-02
1.658430856400608736e-02
1.675985804017000522e-02
1.675985804017000522e-02
1.694631296255904446e-02
1.712156891871979142e-02
1.726044648726449832e-02
1.730385797380372404e-02
1.734456881534934478e-02
1.739558866316680275e-02
1.745768167194461720e-02
1.750427871981283939e-02
1.755403175543147898e-02
1.762776420011553588e-02
1.762776420011553588e-02
1.769699356762385184e-02
1.778704975216707784e-02
1.784417458909584933e-02
1.782909798654440381e-02
1.774626878793215262e-02
1.764308638429000833e-02
1.755981124196138998e-02
1.751330322730869360e-02
1.754595029833950354e-02
1.761909941393708517e-02
1.761909941393708517e-02
1.770623648885307627e-02
1.777225192069459975e-02
1.781596720373078077e-02
1.779538875847463605e-02
1.767197987637174686e-02
1.752948595265629503e-02
1.741189124829400914e-02
1.736291023465331290e-02
1.739064064783652636e-02
1.747699626386262084e-02
1.747699626386262084e-02
1.755732339771547829e-02
1.762381532921518390e-02
1.767982023410612918e-02
1.769150252624967015e-02
1.764214150829521502e-02
1.758943058482636754e-02
1.757047253643198928e-02
1.756817094970143309e-02
1.761271992123816799e-02
1.764931549969264366e-02
1.764931549969264366e-02
1.765902738960593507e-02
1.764544546809892686e-02
1.757102953518286520e-02
1.747999770394505561e-02
1.744835749018985513e-02
1.743892164138909073e-02
1.745528166814401538e-02
1.750246973797863967e-02
1.752984078777823987e-02
1.752311680465288429e-02
1.752311680465288429e-02
1.747439014037390284e-02
1.744045595930277318e-02
1.742497929877606655e-02
1.740263576951649183e-02
1.741296128013658864e-02
1.746155834822358741e-02
1.752794061595581293e-02
1.756062565627199493e-02
1.756984358494330725e-02
1.757608959730790066e-02
1.757608959730790066e-02
1.746414575112316403e-02
1.734754490375049404e-02
1.732647114775107480e-02
1.733391888895182906e-02
1.737656335351636661e-02
1.744806285421522316e-02
1.751119593583457326e-02
1.754510050903433996e-02
1.754676616323512517e-02
1.754573333097112289e-02
1.754573333097112289e-02
1.748740958226069342e-02
1.746162725658638101e-02
1.740831693248343776e-02
1.738443926813620574e-02
1.739516396516182714e-02
1.741874304444227320e-02
1.745386962014158772e-02
1.750858457621373016e-02
1.760967271490543676e-02
1.771141640147419830e-02
1.771141640147419830e-02
1.778041370088696491e-02
1.783948269999890285e-02
1.783252440373617187e-02
1.770727732485334605e-02
1.759596898033343598e-02
1.753130536920365426e-02
1.755548965715021670e-02
1.766127122353082501e-02
1.777203487364878431e-02
1.782221480574990372e-02
1.782221480574990372e-02
1.784091145307676804e-02
1.780385302920479626e-02
1.774662632611958418e-02
1.765211325910264611e-02
1.754163103461330378e-02
1.743474342813363526e-02
1.741075001312102771e-02
1.745824719653472565e-02
1.750140622970785403e-02
1.757625154991535391e-02
1.757625154991535391e-02
1.765499618028601794e-02
1.766184376599744948e-02
1.762336499812825960e-02
1.759983066533626558e-02
1.764946025286734735e-02
1.771896070809253834e-02
1.777198584098717629e-02
1.785945542789086141e-02
1.791010615269678433e-02
1.791981043793746189e-02
1.791981043793746189e-02
1.792920776318405671e-02
1.794845046601139041e-02
1.799944758121304125e-02
1.805540593875018876e-02
1.808046745241616293e-02
1.807131752341370121e-02
1.807467592104590112e-02
1.802526481247605089e-02
1.793869791751718720e-02
1.783245120418524426e-02
1.783245120418524426e-02
1.782146907948628858e-02
1.786021030386443498e-02
1.797703652925786849e-02
1.808793418587583551e-02
1.820681622040729725e-02
1.836512070275508890e-02
1.848928128510122712e-02
1.856204053318170899e-02
1.857247218848030040e-02
1.852599755363693382e-02
1.852599755363693382e-02
1.853901863283433440e-02
1.855185387421217844e-02
1.862731020974202345e-02
1.874589044480365341e-02
1.891395441712775266e-02
1.905461883840036882e-02
1.919402753874587322e-02
1.928331448144933111e-02
1.937402279577200154e-02
1.940052753303956809e-02
1.940052753303956809e-02
1.937002099626871157e-02
1.932258376272160197e-02
1.930586050643760820e-02
1.937228686195540880e-02
1.947220901752772654e-02
1.963173886983123756e-02
1.979165127611865263e-02
1.993740693312159862e-02
2.005721149566767197e-02
2.016352966351539835e-02
2.016352966351539835e-02
2.022025201080227333e-02
2.022390121518950756e-02
2.018773508316756490e-02
2.019402888900567392e-02
2.021312003860217116e-02
2.029490917426489752e-02
2.041162185560225703e-02
2.054880861654136137e-02
2.078315571314935314e-02
2.094109140344978248e-02
2.094109140344978248e-02
2.101022125553907161e-02
2.097402349601197244e-02
2.096879497670310274e-02
2.089231215781352929e-02
2.075960135044447805e-02
2.065204785086545772e-02
2.058560826503772617e-02
2.056011921864238368e-02
2.057039380767933245e-02
2.061235406466797176e-02
2.061235406466797176e-02
2.065179012597522651e-02
2.071203591415708353e-02
2.076793304057856018e-02
2.078230934460476714e-02
2.075001113113722831e-02
2.062309832108072741e-02
2.056485326276881812e-02
2.059126997590662173e-02
2.063359224764165639e-02
2.062978904592585941e-02
