4.416141715158647396e-02
4.416141715158647396e-02
4.265454550476079770e-02
4.239791291698136871e-02
4.195787672181440497e-02
4.141776645686540831e-02
4.145740810654651581e-02
4.167101556068193019e-02
4.139052818948023293e-02
4.109169327088385559e-02
4.088684729958090569e-02
4.102171579168008980e-02
4.102171579168008980e-02
4.106234070535242503e-02
4.102464162509889684e-02
4.062368322779624091e-02
4.038400382908435837e-02
4.001199965971964645e-02
3.993634420139807739e-02
3.973265591693472126e-02
3.950247708854539436e-02
3.941995424076061294e-02
3.897189412980911483e-02
