1.376248523592948914e-02
1.376248523592948914e-02
1.442180946469306946e-02
1.364621892571449280e-02
1.281876768916845322e-02
1.207244303077459335e-02
1.137317810207605362e-02
1.076739560812711716e-02
1.036225631833076477e-02
1.009479723870754242e-02
9.872187860310077667e-03
9.691458195447921753e-03
9.691458195447921753e-03
9.660013020038604736e-03
9.795867837965488434e-03
1.004693284630775452e-02
1.046556513756513596e-02
1.102489046752452850e-02
1.177752111107110977e-02
1.252642367035150528e-02
1.335741765797138214e-02
1.428361609578132629e-02
1.509577315300703049e-02
1.509577315300703049e-02
1.566067896783351898e-02
1.627101749181747437e-02
1.692905463278293610e-02
1.752292364835739136e-02
1.811447925865650177e-02
1.875765807926654816e-02
1.945118978619575500e-02
2.019934915006160736e-02
2.092990465462207794e-02
2.163291908800601959e-02
2.163291908800601959e-02
2.233563922345638275e-02
2.296504005789756775e-02
2.351340837776660919e-02
2.406342327594757080e-02
2.449633181095123291e-02
2.491682767868041992e-02
2.527424320578575134e-02
2.551748789846897125e-02
2.549033425748348236e-02
2.544259838759899139e-02
2.544259838759899139e-02
2.549455501139163971e-02
2.549744769930839539e-02
2.556546963751316071e-02
2.577434293925762177e-02
2.613221481442451477e-02
2.649954147636890411e-02
2.696618251502513885e-02
2.741092629730701447e-02
2.775117382407188416e-02
2.802982740104198456e-02
2.802982740104198456e-02
2.822067029774188995e-02
2.843999490141868591e-02
2.859098836779594421e-02
2.873551845550537109e-02
2.873744443058967590e-02
2.869833260774612427e-02
2.839007973670959473e-02
2.810537628829479218e-02
2.775930427014827728e-02
2.749559655785560608e-02
2.749559655785560608e-02
2.734002470970153809e-02
2.736868709325790405e-02
2.747610397636890411e-02
2.754785120487213135e-02
2.740270271897315979e-02
2.759021706879138947e-02
2.787276543676853180e-02
2.821258641779422760e-02
2.862787060439586639e-02
2.911912649869918823e-02
2.911912649869918823e-02
2.957836352288722992e-02
3.006432950496673584e-02
3.032594360411167145e-02
3.065618500113487244e-02
3.095813281834125519e-02
3.122816421091556549e-02
3.154702112078666687e-02
3.172364830970764160e-02
3.184906393289566040e-02
3.190781548619270325e-02
3.190781548619270325e-02
3.200037404894828796e-02
3.196503221988677979e-02
3.195980936288833618e-02
3.190422430634498596e-02
3.163992613554000854e-02
3.156584501266479492e-02
3.150280937552452087e-02
3.128278627991676331e-02
3.105574660003185272e-02
3.081147372722625732e-02
3.081147372722625732e-02
3.051463700830936432e-02
3.013616614043712616e-02
2.973771281540393829e-02
2.932051941752433777e-02
2.888928912580013275e-02
2.845979668200016022e-02
2.803587354719638824e-02
2.762100473046302795e-02
2.726559713482856750e-02
2.691840566694736481e-02
2.691840566694736481e-02
2.662130258977413177e-02
2.641206979751586914e-02
2.623162418603897095e-02
2.591938897967338562e-02
2.547911927103996277e-02
2.509287372231483459e-02
2.486961893737316132e-02
2.463504485785961151e-02
2.445657551288604736e-02
2.426685579121112823e-02
2.426685579121112823e-02
2.404170483350753784e-02
2.382464706897735596e-02
2.355181798338890076e-02
2.331292070448398590e-02
2.311828173696994781e-02
2.306076139211654663e-02
2.306076139211654663e-02
2.306076139211654663e-02
2.298815362155437469e-02
2.300937287509441376e-02
2.300937287509441376e-02
2.296784520149230957e-02
2.292829565703868866e-02
2.287454903125762939e-02
2.289536595344543457e-02
2.283958904445171356e-02
2.275724150240421295e-02
2.264915965497493744e-02
2.242639660835266113e-02
2.208224684000015259e-02
2.175382710993289948e-02
2.175382710993289948e-02
2.140520140528678894e-02
2.105338498950004578e-02
2.093739062547683716e-02
2.078359946608543396e-02
2.055435068905353546e-02
2.029156312346458435e-02
1.996373198926448822e-02
1.953012496232986450e-02
1.900387555360794067e-02
1.843431405723094940e-02
1.843431405723094940e-02
1.766825094819068909e-02
1.676673069596290588e-02
1.575812883675098419e-02
1.480501238256692886e-02
1.394180487841367722e-02
1.321905571967363358e-02
1.250575017184019089e-02
1.171584054827690125e-02
1.075496710836887360e-02
9.785203263163566589e-03
9.785203263163566589e-03
9.785203263163566589e-03
8.977361023426055908e-03
8.548260666429996490e-03
8.274883031845092773e-03
7.999468594789505005e-03
7.999468594789505005e-03
7.999468594789505005e-03
7.999468594789505005e-03
7.894790731370449066e-03
7.702720351517200470e-03
7.702720351517200470e-03
7.689505815505981445e-03
7.689505815505981445e-03
7.689505815505981445e-03
7.810080423951148987e-03
7.988037541508674622e-03
8.243594318628311157e-03
8.540994487702846527e-03
8.737743832170963287e-03
8.823701180517673492e-03
8.831079117953777313e-03
8.831079117953777313e-03
8.805940859019756317e-03
8.667430840432643890e-03
8.499476127326488495e-03
8.135020732879638672e-03
7.751191966235637665e-03
7.512169890105724335e-03
7.315733470022678375e-03
7.147279102355241776e-03
7.081660442054271698e-03
7.185267284512519836e-03
7.185267284512519836e-03
7.254134397953748703e-03
7.284457329660654068e-03
7.286846637725830078e-03
7.257090415805578232e-03
7.317690178751945496e-03
7.317690178751945496e-03
7.355615030974149704e-03
7.163675036281347275e-03
6.951963063329458237e-03
6.675481796264648438e-03
6.675481796264648438e-03
6.391395349055528641e-03
6.083564832806587219e-03
5.840122699737548828e-03
5.603630095720291138e-03
5.446530412882566452e-03
5.328405648469924927e-03
5.215290002524852753e-03
5.218998994678258896e-03
5.263880826532840729e-03
5.451154429465532303e-03
5.451154429465532303e-03
5.832844413816928864e-03
6.350557785481214523e-03
6.933358032256364822e-03
7.552386727184057236e-03
8.124636486172676086e-03
8.684149011969566345e-03
9.241077117621898651e-03
9.690341539680957794e-03
9.895350784063339233e-03
9.883363731205463409e-03
9.883363731205463409e-03
9.852384217083454132e-03
9.799688123166561127e-03
9.637110866606235504e-03
9.490394033491611481e-03
9.367133490741252899e-03
9.400329552590847015e-03
9.378556162118911743e-03
9.388315491378307343e-03
9.359274059534072876e-03
9.351880289614200592e-03
9.351880289614200592e-03
9.440271183848381042e-03
9.559937752783298492e-03
9.737591259181499481e-03
9.793843142688274384e-03
9.774747304618358612e-03
9.647500701248645782e-03
9.397715330123901367e-03
9.227600879967212677e-03
9.621412493288516998e-03
1.012266613543033600e-02
1.012266613543033600e-02
1.064505986869335175e-02
1.116393320262432098e-02
1.157267484813928604e-02
1.186886616051197052e-02
1.198776345700025558e-02
1.209194026887416840e-02
1.226624287664890289e-02
1.246563158929347992e-02
1.265081018209457397e-02
1.263694092631340027e-02
1.263694092631340027e-02
1.244129240512847900e-02
1.210177596658468246e-02
1.177197322249412537e-02
1.154989656060934067e-02
1.142779737710952759e-02
1.134209241718053818e-02
1.123296190053224564e-02
1.127912476658821106e-02
1.155121251940727234e-02
1.177256088703870773e-02
1.177256088703870773e-02
1.200913917273283005e-02
1.228974573314189911e-02
1.261074654757976532e-02
1.263343449681997299e-02
1.263343449681997299e-02
1.256552711129188538e-02
1.230256631970405579e-02
1.204872131347656250e-02
1.174421235918998718e-02
1.134655904024839401e-02
1.134655904024839401e-02
1.105612050741910934e-02
1.104312390089035034e-02
1.107514649629592896e-02
1.111404038965702057e-02
1.120237726718187332e-02
1.175867952406406403e-02
1.221866440027952194e-02
1.258053816854953766e-02
1.284561865031719208e-02
1.309000235050916672e-02
1.309000235050916672e-02
1.339108962565660477e-02
1.383347343653440475e-02
1.426123641431331635e-02
1.477927155792713165e-02
1.517120283097028732e-02
1.547547895461320877e-02
1.583543792366981506e-02
1.618060283362865448e-02
1.647281646728515625e-02
1.663804426789283752e-02
1.663804426789283752e-02
1.684943214058876038e-02
1.699265278875827789e-02
1.712323538959026337e-02
1.725195348262786865e-02
1.731046289205551147e-02
1.738359220325946808e-02
1.747645251452922821e-02
1.746390014886856079e-02
1.759350486099720001e-02
1.758246868848800659e-02
1.758246868848800659e-02
1.761283911764621735e-02
1.761123538017272949e-02
1.758808828890323639e-02
1.750057563185691833e-02
1.736573688685894012e-02
1.714461110532283783e-02
1.684330962598323822e-02
1.652047969400882721e-02
1.619865931570529938e-02
1.593707315623760223e-02
1.593707315623760223e-02
1.576969213783740997e-02
1.569279469549655914e-02
1.564133353531360626e-02
1.558666583150625229e-02
1.568261347711086273e-02
1.544682681560516357e-02
1.514863967895507812e-02
1.471327058970928192e-02
1.419301237910985947e-02
1.356997992843389511e-02
1.356997992843389511e-02
1.295871287584304810e-02
1.239776238799095154e-02
1.194273959845304489e-02
1.168202701956033707e-02
1.163467299193143845e-02
1.162955909967422485e-02
1.158173568546772003e-02
1.148036587983369827e-02
1.123693026602268219e-02
1.094887405633926392e-02
1.094887405633926392e-02
1.062541455030441284e-02
1.040475349873304367e-02
1.033952645957469940e-02
1.062862575054168701e-02
1.087618805468082428e-02
1.236126013100147247e-02
1.361372880637645721e-02
1.459874026477336884e-02
1.537671592086553574e-02
1.601715944707393646e-02
1.601715944707393646e-02
1.653699204325675964e-02
1.695512607693672180e-02
1.730925031006336212e-02
1.756829209625720978e-02
1.776416599750518799e-02
1.801723986864089966e-02
1.820396445691585541e-02
1.844627410173416138e-02
1.867775246500968933e-02
1.884226687252521515e-02
1.884226687252521515e-02
1.896318979561328888e-02
1.893399469554424286e-02
1.868639141321182251e-02
1.839228719472885132e-02
1.814802549779415131e-02
1.791222952306270599e-02
1.780010759830474854e-02
1.769091002643108368e-02
1.769555546343326569e-02
1.773196831345558167e-02
1.773196831345558167e-02
1.779115386307239532e-02
1.760489679872989655e-02
1.748377270996570587e-02
1.726073585450649261e-02
1.700183190405368805e-02
1.669133268296718597e-02
1.639079488813877106e-02
1.612888649106025696e-02
1.589130051434040070e-02
1.581726223230361938e-02
1.581726223230361938e-02
1.569754816591739655e-02
1.556687057018280029e-02
1.555399969220161438e-02
1.553748641163110733e-02
1.544904429465532303e-02
1.522532384842634201e-02
1.481098681688308716e-02
1.436364930123090744e-02
1.363613735884428024e-02
1.290941890329122543e-02
1.290941890329122543e-02
1.224051322788000107e-02
1.173918042331933975e-02
1.139574497938156128e-02
1.121163927018642426e-02
1.117246970534324646e-02
1.129495818167924881e-02
1.145250163972377777e-02
1.166387647390365601e-02
1.184815447777509689e-02
1.204209774732589722e-02
1.204209774732589722e-02
1.231323741376399994e-02
1.252617035061120987e-02
1.264890469610691071e-02
1.277167070657014847e-02
1.282399985939264297e-02
1.289433427155017853e-02
1.293141394853591919e-02
1.297320984303951263e-02
1.293924171477556229e-02
1.298175100237131119e-02
1.298175100237131119e-02
1.303413696587085724e-02
1.312355697154998779e-02
1.330337673425674438e-02
1.350108347833156586e-02
1.364158000797033310e-02
1.373693160712718964e-02
1.378782745450735092e-02
1.384636480361223221e-02
1.388515811413526535e-02
1.386719197034835815e-02
