3.286220092322172937e-02
3.237371930308243634e-02
3.172388543577910752e-02
3.045251536416895138e-02
2.937780659733752950e-02
2.854450195396149997e-02
2.791044516465815417e-02
2.703788687664644003e-02
2.596018613859688712e-02
2.479473729953186184e-02
2.371690379262350948e-02
2.273073021477387337e-02
2.183156701117005410e-02
2.104544978963832774e-02
2.015249411694352774e-02
1.932405082716740288e-02
1.851569339264642552e-02
1.764877190150219988e-02
1.688648910990234869e-02
1.615736536603477880e-02
1.550766149693257219e-02
1.480661824197071659e-02
1.418297367184714886e-02
1.353202508096036129e-02
1.296402073011527697e-02
1.246855647475495973e-02
1.195238493287436102e-02
1.143338963694896619e-02
1.109660049157823632e-02
1.093577151485712780e-02
1.091409465711843003e-02
