1.832684496435227697e-02
1.856269103228144063e-02
1.966808259813967660e-02
2.075605285101971356e-02
2.156649483746632401e-02
2.192066298215462547e-02
2.233675475923679529e-02
2.260983749418729247e-02
2.232381587157929170e-02
2.175797475335460376e-02
2.099997397757085230e-02
2.099997397757085230e-02
2.031144138648308811e-02
1.963817372539785125e-02
1.890371495031566845e-02
1.824212910504508650e-02
1.756431560584040957e-02
1.724785723007706342e-02
1.678341567417174218e-02
1.641635244066679336e-02
1.612027419557309285e-02
1.591237759360145457e-02
1.591237759360145457e-02
1.582622169160009459e-02
1.577212706474307932e-02
1.577516482862144701e-02
1.604380579181270694e-02
1.632019540538800356e-02
1.679507494645332902e-02
1.726328823913876251e-02
1.774812360105158110e-02
1.812567933432729025e-02
1.839487393881284946e-02
1.839487393881284946e-02
1.874511349442780847e-02
1.899858493941632143e-02
1.916014947638242441e-02
1.913306230581308942e-02
1.907244343968926212e-02
1.913893586223033849e-02
1.918189758782091331e-02
1.927846559825718495e-02
1.933603844165925414e-02
1.945415490543681708e-02
1.945415490543681708e-02
1.963609790364338747e-02
1.979677485086424674e-02
1.980547811986808557e-02
1.974021850499766209e-02
1.975199740832306664e-02
1.976581096439516613e-02
1.981071832338787003e-02
1.981757142624089238e-02
1.967657024944874031e-02
1.951479533844368425e-02
1.951479533844368425e-02
1.940767313106782355e-02
1.915954247433499999e-02
1.886101877173341004e-02
1.878577194678220791e-02
1.885348297782029475e-02
1.893001461536229085e-02
1.911337249063227092e-02
1.976449177885761244e-02
2.026569389484175407e-02
2.090121398142959566e-02
2.090121398142959566e-02
2.157113568724034966e-02
2.226187083162258981e-02
2.283944023706595966e-02
2.332931921023126062e-02
2.389475188483277876e-02
2.427566707997773354e-02
2.446642139655419435e-02
2.457705630389625875e-02
2.440002209185340026e-02
2.424725948450529717e-02
2.424725948450529717e-02
2.418926589288764029e-02
2.436085543807063256e-02
2.445512114784930205e-02
2.466857971594476825e-02
2.484070649831808877e-02
2.496926942683188114e-02
2.507857356584194952e-02
2.564567283662953778e-02
2.611088259363369274e-02
2.649461045152113128e-02
2.649461045152113128e-02
2.668509488229722088e-02
2.692007983539383351e-02
2.731365000038639759e-02
2.769105092746701816e-02
2.798970233981217318e-02
2.816589969730050325e-02
2.828110790004987121e-02
2.826893864787351565e-02
2.847748727828365925e-02
2.872945095257848844e-02
2.872945095257848844e-02
2.913435950677636943e-02
2.938924139197953908e-02
2.969185165469820017e-02
2.985120931087135998e-02
2.990294252421838925e-02
2.997190187714268358e-02
2.992049667972810495e-02
2.989225066088112628e-02
2.985321555558673873e-02
2.973672256385800211e-02
2.973672256385800211e-02
2.946237499094918680e-02
2.905184844958308074e-02
2.874304763057626208e-02
2.837570091478802681e-02
2.792577651749187859e-02
2.757081021984841493e-02
2.708441997850220134e-02
2.656137903945508458e-02
2.612493306326189174e-02
2.583337281893320625e-02
2.583337281893320625e-02
2.560964239298152423e-02
2.530826303282310979e-02
2.508981678482581287e-02
2.481099361025311534e-02
2.455510129223625534e-02
2.433145791594219787e-02
2.405800938178683651e-02
2.375026536963209881e-02
2.351219836949605332e-02
2.319503780711919955e-02
2.319503780711919955e-02
2.293415524580161638e-02
2.275731588970926131e-02
2.248679850780336067e-02
2.232515525757305247e-02
2.218650563549531482e-02
2.206956931142059486e-02
2.203781520838598781e-02
2.200229704007445469e-02
2.197113874150821364e-02
2.190605198599852518e-02
