5.307751148939132690e-02
5.141770839691162109e-02
5.045085400342941284e-02
5.004761368036270142e-02
4.938046261668205261e-02
4.858094453811645508e-02
4.793345555663108826e-02
4.734102636575698853e-02
4.656241089105606079e-02
4.582563042640686035e-02
4.486968368291854858e-02
4.486968368291854858e-02
4.387767612934112549e-02
4.296148195862770081e-02
4.213507100939750671e-02
4.130496457219123840e-02
4.057396948337554932e-02
3.990390151739120483e-02
3.928671404719352722e-02
3.867790848016738892e-02
3.818954899907112122e-02
3.777828067541122437e-02
3.777828067541122437e-02
3.729661926627159119e-02
3.696886450052261353e-02
3.665798902511596680e-02
3.629386052489280701e-02
3.570370748639106750e-02
3.516677021980285645e-02
3.472138941287994385e-02
3.423411771655082703e-02
3.382301330566406250e-02
3.351251035928726196e-02
3.351251035928726196e-02
3.324092924594879150e-02
3.296396508812904358e-02
3.271382674574851990e-02
3.225356340408325195e-02
3.180039301514625549e-02
3.131615370512008667e-02
3.073383867740631104e-02
3.025003708899021149e-02
2.973153069615364075e-02
2.932311594486236572e-02
2.932311594486236572e-02
2.900937758386135101e-02
2.883843705058097839e-02
2.873101457953453064e-02
2.868503145873546600e-02
2.862867526710033417e-02
2.854202687740325928e-02
2.840824052691459656e-02
2.831283584237098694e-02
2.811345085501670837e-02
2.785837836563587189e-02
2.785837836563587189e-02
2.759850956499576569e-02
2.719193324446678162e-02
2.673735097050666809e-02
2.604869566857814789e-02
2.530773729085922241e-02
2.451621182262897491e-02
2.383989095687866211e-02
2.324739284813404083e-02
2.263956889510154724e-02
2.216662093997001648e-02
2.216662093997001648e-02
2.177645266056060791e-02
2.137667499482631683e-02
2.114605344831943512e-02
2.097788825631141663e-02
2.090138755738735199e-02
2.083096280694007874e-02
2.064103260636329651e-02
2.051302790641784668e-02
2.053180895745754242e-02
2.066932804882526398e-02
2.066932804882526398e-02
2.075022645294666290e-02
2.078538388013839722e-02
2.075901813805103302e-02
2.078197151422500610e-02
2.077254839241504669e-02
2.079970017075538635e-02
2.126493304967880249e-02
2.176510728895664215e-02
2.221084199845790863e-02
2.261209860444068909e-02
2.261209860444068909e-02
2.299263514578342438e-02
2.334426343441009521e-02
2.366395667195320129e-02
2.393071725964546204e-02
2.418461814522743225e-02
2.442396245896816254e-02
2.465511858463287354e-02
2.484175376594066620e-02
2.490640617907047272e-02
2.498808503150939941e-02
2.498808503150939941e-02
2.509724535048007965e-02
2.520282752811908722e-02
2.531968429684638977e-02
2.544147707521915436e-02
2.553862705826759338e-02
2.563689090311527252e-02
2.573669515550136566e-02
2.582235448062419891e-02
2.589424513280391693e-02
2.597494050860404968e-02
2.597494050860404968e-02
2.605083398520946503e-02
2.610419131815433502e-02
2.613235451281070709e-02
2.613749168813228607e-02
2.617993205785751343e-02
2.619372308254241943e-02
2.620945125818252563e-02
2.621135115623474121e-02
2.622396126389503479e-02
2.624958753585815430e-02
2.624958753585815430e-02
2.624567039310932159e-02
2.622979134321212769e-02
2.620369754731655121e-02
2.621899545192718506e-02
2.623149193823337555e-02
2.622993104159832001e-02
2.621741779148578644e-02
2.621736004948616028e-02
2.627974748611450195e-02
2.633178606629371643e-02
2.633178606629371643e-02
2.635987102985382080e-02
2.640098147094249725e-02
2.643885463476181030e-02
2.647082880139350891e-02
2.652710303664207458e-02
2.659257501363754272e-02
2.663201838731765747e-02
2.667090483009815216e-02
2.670090459287166595e-02
2.676009945571422577e-02
2.676009945571422577e-02
2.681079879403114319e-02
2.685082331299781799e-02
2.688328735530376434e-02
2.690569870173931122e-02
2.690774947404861450e-02
2.688673511147499084e-02
2.687754668295383453e-02
2.688914351165294647e-02
2.689078077673912048e-02
2.690330892801284790e-02
2.690330892801284790e-02
2.693882770836353302e-02
2.697375416755676270e-02
2.704263851046562195e-02
2.713238447904586792e-02
2.723778225481510162e-02
2.733255736529827118e-02
2.740331180393695831e-02
2.748240344226360321e-02
2.756861411035060883e-02
2.764343097805976868e-02
2.764343097805976868e-02
2.765871025621891022e-02
2.765169553458690643e-02
2.764344401657581329e-02
2.759968303143978119e-02
2.754409611225128174e-02
2.744705602526664734e-02
2.737209573388099670e-02
2.732042595744132996e-02
2.726301178336143494e-02
2.722361125051975250e-02
2.722361125051975250e-02
2.718017622828483582e-02
2.713356725871562958e-02
2.713075093924999237e-02
2.713782340288162231e-02
2.710950933396816254e-02
2.707443013787269592e-02
2.708456479012966156e-02
2.713039889931678772e-02
2.718089707195758820e-02
2.723439410328865051e-02
2.723439410328865051e-02
2.726465649902820587e-02
2.730251289904117584e-02
2.730303071439266205e-02
2.730553224682807922e-02
2.730642631649971008e-02
2.727161534130573273e-02
2.722230926156044006e-02
2.716335095465183258e-02
2.711591124534606934e-02
2.707083895802497864e-02
2.707083895802497864e-02
2.699699997901916504e-02
2.674554288387298584e-02
2.648496627807617188e-02
2.624001726508140564e-02
2.600059658288955688e-02
2.577861025929450989e-02
2.548997849225997925e-02
2.517114579677581787e-02
2.489225380122661591e-02
2.464804612100124359e-02
2.464804612100124359e-02
2.442897669970989227e-02
2.422653324902057648e-02
2.407135069370269775e-02
2.394084259867668152e-02
2.382107451558113098e-02
2.376002632081508636e-02
2.369162067770957947e-02
2.362081967294216156e-02
2.353437803685665131e-02
2.342279255390167236e-02
2.342279255390167236e-02
2.334667369723320007e-02
2.332754246890544891e-02
2.330986037850379944e-02
2.333596907556056976e-02
2.337300777435302734e-02
2.341762557625770569e-02
2.350932359695434570e-02
2.356596104800701141e-02
2.360405214130878448e-02
2.364463545382022858e-02
2.364463545382022858e-02
2.363415434956550598e-02
2.360931783914566040e-02
2.362796105444431305e-02
2.363550476729869843e-02
2.367151342332363129e-02
2.367803640663623810e-02
2.374488301575183868e-02
2.378162741661071777e-02
2.382891438901424408e-02
2.388739213347434998e-02
2.388739213347434998e-02
2.395383454859256744e-02
2.407521568238735199e-02
2.424825727939605713e-02
2.439198642969131470e-02
2.448853291571140289e-02
2.454910799860954285e-02
2.460217103362083435e-02
2.464315481483936310e-02
2.472856827080249786e-02
2.491041086614131927e-02
2.491041086614131927e-02
2.507526613771915436e-02
2.519630827009677887e-02
2.528972923755645752e-02
2.539216727018356323e-02
2.550543472170829773e-02
2.567561529576778412e-02
2.580757066607475281e-02
2.591020986437797546e-02
2.602876909077167511e-02
2.610991895198822021e-02
2.610991895198822021e-02
2.613429166376590729e-02
2.613615058362483978e-02
2.618587948381900787e-02
2.620096132159233093e-02
2.615408413112163544e-02
2.612114511430263519e-02
2.602796815335750580e-02
2.596942707896232605e-02
2.587127126753330231e-02
2.577152661979198456e-02
2.577152661979198456e-02
2.571756951510906219e-02
2.558881789445877075e-02
2.547987550497055054e-02
2.546041272580623627e-02
2.546138875186443329e-02
2.543862909078598022e-02
2.544795162975788116e-02
2.547797001898288727e-02
2.553130686283111572e-02
2.559319697320461273e-02
2.559319697320461273e-02
2.567115053534507751e-02
2.579831145703792572e-02
2.594179846346378326e-02
2.618693932890892029e-02
2.652329020202159882e-02
2.675332315266132355e-02
2.688312157988548279e-02
2.715498395264148712e-02
2.745373360812664032e-02
2.775286696851253510e-02
2.775286696851253510e-02
2.807911485433578491e-02
2.839669398963451385e-02
2.858451753854751587e-02
2.882711775600910187e-02
2.901588752865791321e-02
2.926834672689437866e-02
2.953798323869705200e-02
2.970895357429981232e-02
2.989338338375091553e-02
3.003874048590660095e-02
3.003874048590660095e-02
3.011922910809516907e-02
3.019299730658531189e-02
3.020112030208110809e-02
3.022030740976333618e-02
3.029212914407253265e-02
3.046230413019657135e-02
3.070887923240661621e-02
3.110831975936889648e-02
3.157217428088188171e-02
3.193341195583343506e-02
3.193341195583343506e-02
3.231169655919075012e-02
3.282172232866287231e-02
3.342333808541297913e-02
3.393505886197090149e-02
3.435513004660606384e-02
3.474548086524009705e-02
3.516004979610443115e-02
3.531538695096969604e-02
3.538305684924125671e-02
3.543854132294654846e-02
3.543854132294654846e-02
3.543854132294654846e-02
3.538685664534568787e-02
3.528543934226036072e-02
3.519527614116668701e-02
3.514723479747772217e-02
3.508197888731956482e-02
3.499643504619598389e-02
3.491585329174995422e-02
3.486217558383941650e-02
3.481220453977584839e-02
3.481220453977584839e-02
3.475363925099372864e-02
3.481364250183105469e-02
3.484881296753883362e-02
3.480235114693641663e-02
3.471395373344421387e-02
3.470985218882560730e-02
3.467432036995887756e-02
3.468705341219902039e-02
3.473626449704170227e-02
3.480760380625724792e-02
3.480760380625724792e-02
3.495574742555618286e-02
3.495584428310394287e-02
3.495259582996368408e-02
3.493202477693557739e-02
3.484160080552101135e-02
3.473325818777084351e-02
3.469097614288330078e-02
3.456993401050567627e-02
3.438672795891761780e-02
3.414080664515495300e-02
3.414080664515495300e-02
3.421643376350402832e-02
3.434055298566818237e-02
3.451558202505111694e-02
3.460899367928504944e-02
3.468931093811988831e-02
3.477485105395317078e-02
3.485223278403282166e-02
3.487278148531913757e-02
3.489218279719352722e-02
3.490182384848594666e-02
3.490182384848594666e-02
3.480365499854087830e-02
3.479489311575889587e-02
3.484826162457466125e-02
3.488686680793762207e-02
3.486073762178421021e-02
3.486073762178421021e-02
3.486073762178421021e-02
3.486073762178421021e-02
3.497743234038352966e-02
3.513751178979873657e-02
3.513751178979873657e-02
3.526793047785758972e-02
3.534426912665367126e-02
3.538204357028007507e-02
3.537612035870552063e-02
3.528659045696258545e-02
3.527631238102912903e-02
3.522975742816925049e-02
3.517164289951324463e-02
3.512348234653472900e-02
3.507342189550399780e-02
3.507342189550399780e-02
3.513361513614654541e-02
3.513245657086372375e-02
3.508161753416061401e-02
3.509898111224174500e-02
3.511059284210205078e-02
3.506670519709587097e-02
3.504247590899467468e-02
3.503523021936416626e-02
3.499947115778923035e-02
3.493970632553100586e-02
3.493970632553100586e-02
3.488362580537796021e-02
3.481733426451683044e-02
3.487159684300422668e-02
3.494704887270927429e-02
3.498895466327667236e-02
3.505094349384307861e-02
3.504268825054168701e-02
3.509164601564407349e-02
3.513879701495170593e-02
3.504894673824310303e-02
3.504894673824310303e-02
3.500203415751457214e-02
3.496126085519790649e-02
3.501665592193603516e-02
3.500528261065483093e-02
3.498414158821105957e-02
3.498704731464385986e-02
3.503213077783584595e-02
3.510277718305587769e-02
3.521688655018806458e-02
3.530497476458549500e-02
3.530497476458549500e-02
3.552131354808807373e-02
3.571935370564460754e-02
3.589795902371406555e-02
3.614153340458869934e-02
3.637140989303588867e-02
3.657601401209831238e-02
3.673503920435905457e-02
3.698131442070007324e-02
3.723933175206184387e-02
3.741535916924476624e-02
3.741535916924476624e-02
3.750329464673995972e-02
3.755765780806541443e-02
3.747974336147308350e-02
3.740604594349861145e-02
3.718739375472068787e-02
3.685465827584266663e-02
3.656782582402229309e-02
3.634227067232131958e-02
3.599882870912551880e-02
3.564048558473587036e-02
3.564048558473587036e-02
3.529169410467147827e-02
3.496227040886878967e-02
3.470278531312942505e-02
3.456218540668487549e-02
3.440887853503227234e-02
3.428078815340995789e-02
3.411156684160232544e-02
3.395497426390647888e-02
3.372495993971824646e-02
3.345825150609016418e-02
3.345825150609016418e-02
3.318082168698310852e-02
3.293667733669281006e-02
3.268757462501525879e-02
3.241825103759765625e-02
3.212830051779747009e-02
3.187331184744834900e-02
3.180823475122451782e-02
3.177896142005920410e-02
3.172565624117851257e-02
3.171784430742263794e-02
3.171784430742263794e-02
3.165220841765403748e-02
3.163631260395050049e-02
3.156420961022377014e-02
3.151195123791694641e-02
3.144373744726181030e-02
3.150624036788940430e-02
3.142302483320236206e-02
3.118381649255752563e-02
3.111787326633930206e-02
3.100921399891376495e-02
3.100921399891376495e-02
3.085845522582530975e-02
3.077483922243118286e-02
3.065510466694831848e-02
3.057806380093097687e-02
3.051157295703887939e-02
3.042901493608951569e-02
3.031905926764011383e-02
3.033392503857612610e-02
3.049226850271224976e-02
3.063393384218215942e-02
3.063393384218215942e-02
3.080019168555736542e-02
3.076139092445373535e-02
3.075248561799526215e-02
3.065604902803897858e-02
3.060917183756828308e-02
3.050245344638824463e-02
3.044792823493480682e-02
3.043152950704097748e-02
3.038313426077365875e-02
3.034888580441474915e-02
3.034888580441474915e-02
3.026042878627777100e-02
3.025590069591999054e-02
3.024614602327346802e-02
3.023835271596908569e-02
3.015308640897274017e-02
3.021370619535446167e-02
3.037586808204650879e-02
3.053656592965126038e-02
3.069597296416759491e-02
3.088779933750629425e-02
3.088779933750629425e-02
3.107665292918682098e-02
3.132481500506401062e-02
3.159235790371894836e-02
3.183940052986145020e-02
3.204193711280822754e-02
3.217363357543945312e-02
3.217887505888938904e-02
3.221808373928070068e-02
3.228807449340820312e-02
3.233231604099273682e-02
3.233231604099273682e-02
3.249561786651611328e-02
3.257786110043525696e-02
3.254615515470504761e-02
3.248444572091102600e-02
3.245569765567779541e-02
3.245041519403457642e-02
3.242766857147216797e-02
3.241134434938430786e-02
3.244563564658164978e-02
3.228810057044029236e-02
3.228810057044029236e-02
3.223729133605957031e-02
3.213628754019737244e-02
3.203047439455986023e-02
3.201085329055786133e-02
3.201387822628021240e-02
3.197497129440307617e-02
3.189837932586669922e-02
3.185888379812240601e-02
3.188456222414970398e-02
3.196312487125396729e-02
3.196312487125396729e-02
3.206921368837356567e-02
3.210828453302383423e-02
3.205372020602226257e-02
3.202313929796218872e-02
3.191327303647994995e-02
3.178689628839492798e-02
3.165856376290321350e-02
3.159130364656448364e-02
3.145924210548400879e-02
3.122918121516704559e-02
3.122918121516704559e-02
3.099424019455909729e-02
3.083056956529617310e-02
3.071091696619987488e-02
3.059928491711616516e-02
3.054386563599109650e-02
3.051125444471836090e-02
3.045438975095748901e-02
3.045121207833290100e-02
3.044786863029003143e-02
3.051578626036643982e-02
