4.641276597976684570e-02
4.567991942167282104e-02
4.683474823832511902e-02
4.757151380181312561e-02
4.780989885330200195e-02
4.805517569184303284e-02
4.825630411505699158e-02
4.850903525948524475e-02
4.886097833514213562e-02
4.912622645497322083e-02
4.934815689921379089e-02
4.934815689921379089e-02
4.966865479946136475e-02
5.006224289536476135e-02
5.049224942922592163e-02
5.094714462757110596e-02
5.138774961233139038e-02
5.175035819411277771e-02
5.209298804402351379e-02
5.244349688291549683e-02
5.273776128888130188e-02
5.295049026608467102e-02
5.295049026608467102e-02
5.309664458036422729e-02
5.321567133069038391e-02
5.334664136171340942e-02
5.352202430367469788e-02
5.353497341275215149e-02
5.352206155657768250e-02
5.364592373371124268e-02
5.375508219003677368e-02
5.390462279319763184e-02
5.415007099509239197e-02
5.415007099509239197e-02
5.442154780030250549e-02
5.477176979184150696e-02
5.497828125953674316e-02
5.518414452672004700e-02
5.532748252153396606e-02
5.552690848708152771e-02
5.561696738004684448e-02
5.580891296267509460e-02
5.590616539120674133e-02
5.601036921143531799e-02
5.601036921143531799e-02
5.609053745865821838e-02
5.610566586256027222e-02
5.612279847264289856e-02
5.612924695014953613e-02
5.627766624093055725e-02
5.640362203121185303e-02
5.650677531957626343e-02
5.658826604485511780e-02
5.663989856839179993e-02
5.682276934385299683e-02
5.682276934385299683e-02
5.698550865054130554e-02
5.704232305288314819e-02
5.703370645642280579e-02
5.699465423822402954e-02
5.692191049456596375e-02
5.686040222644805908e-02
5.696266889572143555e-02
5.710845068097114563e-02
5.701893195509910583e-02
5.692810565233230591e-02
5.692810565233230591e-02
5.699468404054641724e-02
5.713500827550888062e-02
5.727847665548324585e-02
5.729806795716285706e-02
5.735967680811882019e-02
5.747256800532341003e-02
5.753775686025619507e-02
5.757123604416847229e-02
5.760709196329116821e-02
5.759830772876739502e-02
5.759830772876739502e-02
5.755357071757316589e-02
5.798055976629257202e-02
5.818606168031692505e-02
5.832595750689506531e-02
5.849980190396308899e-02
5.858879536390304565e-02
5.875214189291000366e-02
5.889256671071052551e-02
5.909453332424163818e-02
5.918898060917854309e-02
5.918898060917854309e-02
5.939851701259613037e-02
5.980047583580017090e-02
6.024234741926193237e-02
6.062861159443855286e-02
6.099235266447067261e-02
6.131443008780479431e-02
6.161094084382057190e-02
6.175376847386360168e-02
6.185092031955718994e-02
6.188556551933288574e-02
6.188556551933288574e-02
6.194876134395599365e-02
6.194043159484863281e-02
6.190370395779609680e-02
6.183797866106033325e-02
6.184572353959083557e-02
6.167430430650711060e-02
6.164051219820976257e-02
6.161726266145706177e-02
6.173668429255485535e-02
6.193286925554275513e-02
6.193286925554275513e-02
6.203152984380722046e-02
6.210109591484069824e-02
6.219761446118354797e-02
6.217020750045776367e-02
6.214713677763938904e-02
6.215015798807144165e-02
6.210070475935935974e-02
6.205852329730987549e-02
6.199840456247329712e-02
6.194301694631576538e-02
6.194301694631576538e-02
6.198182702064514160e-02
6.207636371254920959e-02
6.211585178971290588e-02
6.197758764028549194e-02
6.181623414158821106e-02
6.155364587903022766e-02
6.126694381237030029e-02
6.104971095919609070e-02
6.088005751371383667e-02
6.073662266135215759e-02
6.073662266135215759e-02
6.072112172842025757e-02
6.077342852950096130e-02
6.087971106171607971e-02
6.101966649293899536e-02
6.113332509994506836e-02
6.124096363782882690e-02
6.135217472910881042e-02
6.130765378475189209e-02
6.129633635282516479e-02
6.138005480170249939e-02
6.138005480170249939e-02
6.129518896341323853e-02
6.124768033623695374e-02
6.107766926288604736e-02
6.082434579730033875e-02
6.063208729028701782e-02
6.041115149855613708e-02
6.019740179181098938e-02
5.996379628777503967e-02
5.980163440108299255e-02
5.958171561360359192e-02
5.958171561360359192e-02
5.931086838245391846e-02
5.904933065176010132e-02
5.888993293046951294e-02
5.874073877930641174e-02
5.860477313399314880e-02
5.837703496217727661e-02
5.833422020077705383e-02
5.807312950491905212e-02
5.787007510662078857e-02
5.775608494877815247e-02
5.775608494877815247e-02
5.778197571635246277e-02
5.778566002845764160e-02
5.784393101930618286e-02
5.778561905026435852e-02
5.756936967372894287e-02
5.731019005179405212e-02
5.694105476140975952e-02
5.648407340049743652e-02
5.592674016952514648e-02
5.541776493191719055e-02
5.541776493191719055e-02
5.488535761833190918e-02
5.449755862355232239e-02
5.434362217783927917e-02
5.433326214551925659e-02
5.423535779118537903e-02
5.402408167719841003e-02
5.372416600584983826e-02
5.330720543861389160e-02
5.269425734877586365e-02
5.202095955610275269e-02
5.202095955610275269e-02
5.135692283511161804e-02
5.081467330455780029e-02
5.047969147562980652e-02
5.047969147562980652e-02
5.047969147562980652e-02
5.028800666332244873e-02
5.011508241295814514e-02
4.983423650264739990e-02
4.950715601444244385e-02
4.905276000499725342e-02
4.905276000499725342e-02
4.813958704471588135e-02
4.714097827672958374e-02
4.618792235851287842e-02
4.524005204439163208e-02
4.431990906596183777e-02
4.352948442101478577e-02
4.296557605266571045e-02
4.265118762850761414e-02
4.232647642493247986e-02
4.203140735626220703e-02
4.203140735626220703e-02
4.172844812273979187e-02
4.127111658453941345e-02
4.072377830743789673e-02
4.003752395510673523e-02
3.919208049774169922e-02
3.835356235504150391e-02
3.744531050324440002e-02
3.671241551637649536e-02
3.608476743102073669e-02
3.551290184259414673e-02
3.551290184259414673e-02
3.485957533121109009e-02
3.424873203039169312e-02
3.373591229319572449e-02
3.318685293197631836e-02
3.266913443803787231e-02
3.216593340039253235e-02
3.161667659878730774e-02
3.099736198782920837e-02
3.042396344244480133e-02
2.990249544382095337e-02
2.990249544382095337e-02
2.953047491610050201e-02
2.915385551750659943e-02
2.879957854747772217e-02
2.850381284952163696e-02
2.833368442952632904e-02
2.813788317143917084e-02
2.804951556026935577e-02
2.794462628662586212e-02
2.778346464037895203e-02
2.749876305460929871e-02
2.749876305460929871e-02
2.717499993741512299e-02
2.683721482753753662e-02
2.656933851540088654e-02
2.643213234841823578e-02
2.633476629853248596e-02
2.626138925552368164e-02
2.624530531466007233e-02
2.619733847677707672e-02
2.632413059473037720e-02
2.674411050975322723e-02
2.674411050975322723e-02
2.725624851882457733e-02
2.786355279386043549e-02
2.880115620791912079e-02
2.973025664687156677e-02
3.042060695588588715e-02
3.099573962390422821e-02
3.126490861177444458e-02
3.141535073518753052e-02
3.129456192255020142e-02
3.107071295380592346e-02
3.107071295380592346e-02
3.089106827974319458e-02
3.062705136835575104e-02
3.047607280313968658e-02
3.047357313334941864e-02
3.065875917673110962e-02
3.089675121009349823e-02
3.090733848512172699e-02
3.086415678262710571e-02
3.079301677644252777e-02
3.069771453738212585e-02
3.069771453738212585e-02
3.063301183283329010e-02
3.048657625913619995e-02
3.031173720955848694e-02
3.003732301294803619e-02
3.003732301294803619e-02
2.972365915775299072e-02
2.937124110758304596e-02
2.905763313174247742e-02
2.882743626832962036e-02
2.862490713596343994e-02
2.862490713596343994e-02
2.853368222713470459e-02
2.840316109359264374e-02
2.826771698892116547e-02
2.791837230324745178e-02
2.743472717702388763e-02
2.680972218513488770e-02
2.628886327147483826e-02
2.600140683352947235e-02
2.588948048651218414e-02
2.583368308842182159e-02
2.583368308842182159e-02
2.594048157334327698e-02
2.605761215090751648e-02
2.606239728629589081e-02
2.591722831130027771e-02
2.555222809314727783e-02
2.503566257655620575e-02
2.445461042225360870e-02
2.392786927521228790e-02
2.359824627637863159e-02
2.356138639152050018e-02
2.356138639152050018e-02
2.373248897492885590e-02
2.395101450383663177e-02
2.402626350522041321e-02
2.397151477634906769e-02
2.377538569271564484e-02
2.369585260748863220e-02
2.360746264457702637e-02
2.356061711907386780e-02
2.368190698325634003e-02
2.380458079278469086e-02
2.380458079278469086e-02
2.381654083728790283e-02
2.357332222163677216e-02
2.323280461132526398e-02
2.277777902781963348e-02
2.230693213641643524e-02
2.190108969807624817e-02
2.149644121527671814e-02
2.132035791873931885e-02
2.123899757862091064e-02
2.126877568662166595e-02
2.126877568662166595e-02
2.120866626501083374e-02
2.105481736361980438e-02
2.091674879193305969e-02
2.069192007184028625e-02
2.040642127394676208e-02
2.019609697163105011e-02
1.998157799243927002e-02
1.979727856814861298e-02
1.966261677443981171e-02
1.958997175097465515e-02
1.958997175097465515e-02
1.954497583210468292e-02
1.947598904371261597e-02
1.929476857185363770e-02
1.909446530044078827e-02
1.887787878513336182e-02
1.870365627110004425e-02
1.859109476208686829e-02
1.852112822234630585e-02
1.850101351737976074e-02
1.863641850650310516e-02
1.863641850650310516e-02
1.861947402358055115e-02
1.854336634278297424e-02
1.828769780695438385e-02
1.799630559980869293e-02
1.758996210992336273e-02
1.733068376779556274e-02
1.715437322854995728e-02
1.703675650060176849e-02
1.706365495920181274e-02
1.719954982399940491e-02
1.719954982399940491e-02
1.743465662002563477e-02
1.756888814270496368e-02
1.784443296492099762e-02
1.814893819391727448e-02
1.867815852165222168e-02
1.933879591524600983e-02
2.021713554859161377e-02
2.117375098168849945e-02
2.209812030196189880e-02
2.296508662402629852e-02
2.296508662402629852e-02
2.360004745423793793e-02
2.392699010670185089e-02
2.406772598624229431e-02
2.409284189343452454e-02
2.407004125416278839e-02
2.398330345749855042e-02
2.405348792672157288e-02
2.421646378934383392e-02
2.432798407971858978e-02
2.458029799163341522e-02
2.458029799163341522e-02
2.482037246227264404e-02
2.492884919047355652e-02
2.491957135498523712e-02
2.468334883451461792e-02
2.430311031639575958e-02
2.382799051702022552e-02
2.346669510006904602e-02
2.318328805267810822e-02
2.302537299692630768e-02
2.301242388784885406e-02
2.301242388784885406e-02
2.304195985198020935e-02
2.302795276045799255e-02
2.293081581592559814e-02
2.276883088052272797e-02
2.273795567452907562e-02
2.280121669173240662e-02
2.295146323740482330e-02
2.305258810520172119e-02
2.304676920175552368e-02
2.297972142696380615e-02
2.297972142696380615e-02
2.310043014585971832e-02
2.332132495939731598e-02
2.363868057727813721e-02
2.394757419824600220e-02
2.418027445673942566e-02
2.425098791718482971e-02
2.414546161890029907e-02
2.387114800512790680e-02
2.354071103036403656e-02
2.319776080548763275e-02
2.319776080548763275e-02
2.301830984652042389e-02
2.297358214855194092e-02
2.299392409622669220e-02
2.294854074716567993e-02
2.298599854111671448e-02
2.285796403884887695e-02
2.252781204879283905e-02
2.175833843648433685e-02
2.084059454500675201e-02
1.999572291970252991e-02
1.999572291970252991e-02
1.937309466302394867e-02
1.885299570858478546e-02
1.859459839761257172e-02
1.843163371086120605e-02
1.829652115702629089e-02
1.815256290137767792e-02
1.793179288506507874e-02
1.754925400018692017e-02
1.791733503341674805e-02
1.808159984648227692e-02
1.808159984648227692e-02
1.820811629295349121e-02
1.837999187409877777e-02
1.869846135377883911e-02
1.921071857213973999e-02
1.977673918008804321e-02
2.032849006354808807e-02
2.081662230193614960e-02
2.114137075841426849e-02
2.136618830263614655e-02
2.152424305677413940e-02
2.152424305677413940e-02
2.159911394119262695e-02
2.160877734422683716e-02
2.145444229245185852e-02
2.126434817910194397e-02
2.115228772163391113e-02
2.114385552704334259e-02
2.119007520377635956e-02
2.129812352359294891e-02
2.147911302745342255e-02
2.166332677006721497e-02
2.166332677006721497e-02
2.177738584578037262e-02
2.182099409401416779e-02
2.178130485117435455e-02
2.159371413290500641e-02
2.139041945338249207e-02
2.121052891016006470e-02
2.111639454960823059e-02
2.108823508024215698e-02
2.111780643463134766e-02
2.107868343591690063e-02
2.107868343591690063e-02
2.100724168121814728e-02
2.086468599736690521e-02
2.069001272320747375e-02
2.046197466552257538e-02
2.021762169897556305e-02
2.000143937766551971e-02
1.998610049486160278e-02
1.999847963452339172e-02
2.005189657211303711e-02
2.017104625701904297e-02
2.017104625701904297e-02
2.021342515945434570e-02
2.021962590515613556e-02
2.016997151076793671e-02
2.007169276475906372e-02
1.988730020821094513e-02
1.973207853734493256e-02
1.960133388638496399e-02
1.957537606358528137e-02
1.962679438292980194e-02
1.967745274305343628e-02
1.967745274305343628e-02
1.979439705610275269e-02
1.986418664455413818e-02
1.986317522823810577e-02
1.961481571197509766e-02
1.929555274546146393e-02
1.885359734296798706e-02
1.842671260237693787e-02
1.802792213857173920e-02
1.778691820800304413e-02
1.771525852382183075e-02
1.771525852382183075e-02
1.777950115501880646e-02
1.796471327543258667e-02
1.812063343822956085e-02
1.820821501314640045e-02
1.813511364161968231e-02
1.796641759574413300e-02
1.774082146584987640e-02
1.749577000737190247e-02
1.733823865652084351e-02
1.722848974168300629e-02
1.722848974168300629e-02
1.715589500963687897e-02
1.704879291355609894e-02
1.686441898345947266e-02
1.661174930632114410e-02
1.634635590016841888e-02
1.614757627248764038e-02
1.599993370473384857e-02
1.588013395667076111e-02
1.582060009241104126e-02
1.575231924653053284e-02
1.575231924653053284e-02
1.571415551006793976e-02
1.565424166619777679e-02
1.557942572981119156e-02
1.550992764532566071e-02
1.537549775093793869e-02
1.526716351509094238e-02
1.552187465131282806e-02
1.573288626968860626e-02
1.595860347151756287e-02
1.611528173089027405e-02
1.611528173089027405e-02
1.618416979908943176e-02
1.621657423675060272e-02
1.617636717855930328e-02
1.616593450307846069e-02
1.625835336744785309e-02
1.634632237255573273e-02
1.640055701136589050e-02
1.662357896566390991e-02
1.662357896566390991e-02
1.662357896566390991e-02
1.662357896566390991e-02
1.678829081356525421e-02
1.680904254317283630e-02
1.675129868090152740e-02
1.663224212825298309e-02
1.652660779654979706e-02
1.670417003333568573e-02
1.688005030155181885e-02
1.707714796066284180e-02
1.728211343288421631e-02
1.744415797293186188e-02
