4.405442625284194946e-02
5.221257731318473816e-02
5.385840684175491333e-02
5.450988188385963440e-02
5.534947663545608521e-02
5.556607618927955627e-02
5.424934625625610352e-02
5.184504762291908264e-02
5.016067624092102051e-02
4.800083115696907043e-02
4.694708064198493958e-02
4.694708064198493958e-02
4.588942602276802063e-02
4.467287659645080566e-02
4.539822787046432495e-02
4.713682085275650024e-02
4.808196797966957092e-02
4.862089827656745911e-02
4.911329597234725952e-02
4.932423308491706848e-02
5.001454427838325500e-02
5.039161816239356995e-02
5.039161816239356995e-02
5.076825618743896484e-02
5.125815793871879578e-02
5.134877189993858337e-02
5.124393478035926819e-02
5.130590498447418213e-02
5.122876539826393127e-02
5.035772547125816345e-02
4.954915866255760193e-02
4.911172017455101013e-02
4.836086183786392212e-02
4.836086183786392212e-02
4.741485044360160828e-02
4.610345140099525452e-02
4.489965364336967468e-02
4.298416152596473694e-02
4.004883021116256714e-02
3.726306930184364319e-02
3.459229692816734314e-02
3.359851241111755371e-02
3.236915916204452515e-02
3.114209510385990143e-02
3.114209510385990143e-02
2.962426096200942993e-02
2.920485287904739380e-02
2.923188917338848114e-02
2.957443892955780029e-02
3.018079139292240143e-02
3.059848397970199585e-02
3.152708336710929871e-02
3.268514946103096008e-02
3.211874514818191528e-02
3.108375892043113708e-02
3.108375892043113708e-02
2.993149496614933014e-02
2.928023785352706909e-02
2.854818664491176605e-02
2.884470298886299133e-02
3.009656257927417755e-02
3.116120584309101105e-02
3.205920755863189697e-02
3.238187730312347412e-02
3.231277689337730408e-02
3.011747263371944427e-02
3.011747263371944427e-02
2.847242169082164764e-02
2.652332745492458344e-02
2.568285167217254639e-02
2.571786753833293915e-02
2.617510780692100525e-02
2.708159014582633972e-02
2.798224426805973053e-02
2.952482923865318298e-02
3.156038001179695129e-02
3.328976780176162720e-02
3.328976780176162720e-02
3.385707736015319824e-02
3.463817387819290161e-02
3.534322977066040039e-02
3.488728776574134827e-02
3.406520560383796692e-02
3.345368057489395142e-02
3.220892697572708130e-02
3.109487891197204590e-02
3.011006489396095276e-02
2.933014556765556335e-02
2.933014556765556335e-02
2.892084419727325439e-02
2.936309017241001129e-02
2.964307367801666260e-02
3.066817484796047211e-02
3.179867938160896301e-02
3.354421630501747131e-02
3.600293025374412537e-02
3.759801015257835388e-02
3.882034495472908020e-02
4.021354019641876221e-02
4.021354019641876221e-02
4.166167601943016052e-02
4.310292005538940430e-02
4.487950727343559265e-02
4.730155318975448608e-02
4.911085218191146851e-02
4.950679838657379150e-02
4.954720661044120789e-02
4.842754080891609192e-02
4.671676456928253174e-02
4.496932774782180786e-02
4.496932774782180786e-02
4.242894798517227173e-02
4.060224443674087524e-02
3.937559574842453003e-02
3.934083506464958191e-02
3.932198882102966309e-02
4.061043262481689453e-02
4.145121201872825623e-02
4.326647892594337463e-02
4.477296024560928345e-02
4.475955665111541748e-02
4.475955665111541748e-02
4.424316436052322388e-02
4.338154196739196777e-02
4.230051860213279724e-02
4.169284552335739136e-02
4.034249857068061829e-02
3.929502144455909729e-02
3.740732371807098389e-02
3.552849590778350830e-02
3.362820297479629517e-02
3.223151341080665588e-02
3.223151341080665588e-02
3.008012101054191589e-02
2.815617434680461884e-02
2.709726430475711823e-02
2.618854865431785583e-02
2.568231150507926941e-02
2.494013309478759766e-02
2.460403554141521454e-02
2.471517398953437805e-02
2.606803923845291138e-02
2.782006002962589264e-02
