4.474107921123504639e-02
4.474107921123504639e-02
4.323019832372665405e-02
4.195842519402503967e-02
4.142477363348007202e-02
4.139149561524391174e-02
4.128739610314369202e-02
4.149113595485687256e-02
4.154337942600250244e-02
4.159947857260704041e-02
4.157639667391777039e-02
4.182827472686767578e-02
4.182827472686767578e-02
4.207558184862136841e-02
4.218261688947677612e-02
4.227008298039436340e-02
4.259204491972923279e-02
4.296505451202392578e-02
4.338050261139869690e-02
4.384624958038330078e-02
4.428091272711753845e-02
4.452358931303024292e-02
4.483773186802864075e-02
