2.609115532113557429e-02
2.609115532113557429e-02
2.442274417956903990e-02
2.384942239419940088e-02
2.361802670349182759e-02
2.372062069119810004e-02
2.430672082715617729e-02
2.474343305021248912e-02
2.527781909490359885e-02
2.543796975231260582e-02
2.543526420472874347e-02
2.544368008538111514e-02
2.544368008538111514e-02
2.563448549502375662e-02
2.582556998657280223e-02
2.609672821520068325e-02
2.605429747640693530e-02
2.623378812724919823e-02
2.640323026879681789e-02
2.668040185339445175e-02
2.702749131488077494e-02
2.723472456006808401e-02
2.747174732974032307e-02
2.747174732974032307e-02
2.763948319775254986e-02
2.771828458130940614e-02
2.783519833794553117e-02
2.800982228526041271e-02
2.816666543367941575e-02
2.834184971463115862e-02
2.855945759452196281e-02
2.884451182721210760e-02
2.907171692139626229e-02
2.896661821946485207e-02
2.896661821946485207e-02
2.903428808753958854e-02
2.925851185676426464e-02
2.947146270088756015e-02
2.964810716385122766e-02
2.971733621528720171e-02
2.991835027304167241e-02
3.028284737815489444e-02
3.054345787300688161e-02
3.074226920389796364e-02
3.081024474916357545e-02
3.081024474916357545e-02
3.094823256912091272e-02
3.105189210357707855e-02
3.131571309993511770e-02
3.158424430181828307e-02
3.189475081514291793e-02
3.212943591902560347e-02
3.236934512038520950e-02
3.266862596985915107e-02
3.283716845634951365e-02
3.291788096398928082e-02
3.291788096398928082e-02
3.318145015718750729e-02
3.318605441578453136e-02
3.307470938732554738e-02
3.289655446810637457e-02
3.259206440276903038e-02
3.232712867349763625e-02
3.204771285424550670e-02
3.183571617327905778e-02
3.176098860284832376e-02
3.171520080015199222e-02
3.171520080015199222e-02
3.148552761045038395e-02
3.109997831922882428e-02
3.085742556543979651e-02
3.053164425623981770e-02
3.022456897632955566e-02
2.952391061979771011e-02
2.892267343033571442e-02
2.876624031473333509e-02
2.863939131777094513e-02
2.876609465064001656e-02
2.876609465064001656e-02
2.889055688611215714e-02
2.905851050707754235e-02
2.937350570406922767e-02
2.959843353668712221e-02
2.995647640348279156e-02
3.024339046031060407e-02
3.039661543772504901e-02
3.056906336621537101e-02
3.066905208815079789e-02
3.078577883236470122e-02
3.078577883236470122e-02
3.087764614221739923e-02
3.106499032528287074e-02
3.122567657099492924e-02
3.131485319151709051e-02
3.145783808701437673e-02
3.139170244515129132e-02
3.105698284521387492e-02
3.075283113497042503e-02
3.046978622433465025e-02
3.025955513117629253e-02
3.025955513117629253e-02
3.020180143827016009e-02
3.013274074233654107e-02
3.010356284664409549e-02
3.009715759579721997e-02
3.011089746677034565e-02
3.025699034809695501e-02
3.029527110756673886e-02
3.024869007236746440e-02
3.029712592210924774e-02
3.033340001779718381e-02
3.033340001779718381e-02
3.039676499834498280e-02
3.029783904999017521e-02
3.015920292933800886e-02
3.003440458048314832e-02
2.996303738397828806e-02
3.011756404871050383e-02
3.025612674290228607e-02
3.038090110373758632e-02
3.041669246091188369e-02
3.049837435249953127e-02
3.049837435249953127e-02
3.080076979212956201e-02
3.106657621265801819e-02
3.151904427332125752e-02
3.177478492954256828e-02
3.192785031047792876e-02
3.202901032579708041e-02
3.197383881160423963e-02
3.203337404172595937e-02
3.213553052032201707e-02
3.224913842337236852e-02
3.224913842337236852e-02
3.254042429643039247e-02
3.288580833064794900e-02
3.292461504255085603e-02
3.288982659875156617e-02
3.267690629320548629e-02
3.253610874483998244e-02
3.239867750805144192e-02
3.217410034953145648e-02
3.212499524320190647e-02
3.216179373847510847e-02
3.216179373847510847e-02
3.205786827258988447e-02
3.203106339481400638e-02
3.204554766786801845e-02
3.202735761449389956e-02
3.193382913019349872e-02
3.171134767261400006e-02
3.165563816657551710e-02
3.165593595060486182e-02
3.153983788218046175e-02
3.132519412721359447e-02
3.132519412721359447e-02
3.116754699093209069e-02
3.098682818081360466e-02
3.084318353728937936e-02
3.070385077372238258e-02
3.051644431519226486e-02
3.036687286609501824e-02
3.026183808448605628e-02
3.011460344960318475e-02
2.991635968987034142e-02
2.978020952072446548e-02
2.978020952072446548e-02
2.972492358760046860e-02
2.967455165540458864e-02
2.955689764168722283e-02
2.941715547178337317e-02
2.889523637390285435e-02
2.843956111984859494e-02
2.802933190610410949e-02
2.765549778047754481e-02
2.730360756003099090e-02
2.698983509941794284e-02
2.698983509941794284e-02
2.675912999658433544e-02
2.655897289692994365e-02
2.650664140468563315e-02
2.646929591771760362e-02
2.636213256330407692e-02
2.641578400776374916e-02
2.655975905647176352e-02
2.669433196853237406e-02
2.689834707125698249e-02
2.689062642271529413e-02
2.689062642271529413e-02
2.688957836993979833e-02
2.677273320213082244e-02
2.670528226371036290e-02
2.664834420435265375e-02
2.669574207485988018e-02
2.657973096336380125e-02
2.653576153920363806e-02
2.656881020332327661e-02
2.661521247975777091e-02
2.665353132309124934e-02
2.665353132309124934e-02
2.680666461503827466e-02
2.695232004033054629e-02
2.703516671412653158e-02
2.698373101638425545e-02
2.689037684376510348e-02
2.673768533373620249e-02
2.670282813709069433e-02
2.662470713181236404e-02
2.659000519860215545e-02
2.651500536009235298e-02
2.651500536009235298e-02
2.645927072390952609e-02
2.632881133245884922e-02
2.616385715549096255e-02
2.587263040566383301e-02
2.565704864449878594e-02
2.549400851240360422e-02
2.518909734661235397e-02
2.459579396214329333e-02
2.398649050782454897e-02
2.349258761759473110e-02
2.349258761759473110e-02
2.308811660329975965e-02
2.282559322991723622e-02
2.270164611699701865e-02
2.259778997601548031e-02
2.268043485645539550e-02
2.275467313128888211e-02
2.274991029264846962e-02
2.293846716802547953e-02
2.341602686834871536e-02
2.380650656792994077e-02
2.380650656792994077e-02
2.391877473499471121e-02
2.395226069980341960e-02
2.377829319602696792e-02
2.346805414420876160e-02
2.300690097040052062e-02
2.283964795328854644e-02
2.275033430693116157e-02
2.256991607258300447e-02
2.251028367616954989e-02
2.254171111538108563e-02
2.254171111538108563e-02
2.260318393381140559e-02
2.268338607980489516e-02
2.269574346347086324e-02
2.264242215600720601e-02
2.250079728922386307e-02
2.225833572689920117e-02
2.192722368772840463e-02
2.157055971296006902e-02
2.145955102027262765e-02
2.130529839708202380e-02
2.130529839708202380e-02
2.116408331680311519e-02
2.094344786389465418e-02
2.087555051679472820e-02
2.069287518841974108e-02
2.054259626733018207e-02
2.042869185720666211e-02
2.022130314228473558e-02
1.994859152792595458e-02
1.970522441832587776e-02
1.961692917480858944e-02
1.961692917480858944e-02
1.945600351499116032e-02
1.952995979372940463e-02
1.967151902011348569e-02
1.977158329977977622e-02
1.999280799797132496e-02
2.007680007130031169e-02
1.998651475417323811e-02
1.972970961145728910e-02
1.950237894668506097e-02
1.925795369752111505e-02
1.925795369752111505e-02
1.883538991641599269e-02
1.843112838019981409e-02
1.804276200875684980e-02
1.795869700116464740e-02
1.798908355774586285e-02
1.813952187975180139e-02
1.831629066406476047e-02
1.852032486560488758e-02
1.893535543025688661e-02
1.939345658328043773e-02
1.939345658328043773e-02
1.992957373346876046e-02
2.035132719436771875e-02
2.047216218035381383e-02
2.063674535659439785e-02
2.079046843080814555e-02
2.098625172313147921e-02
2.111388577093452693e-02
2.125129957851357859e-02
2.123809930570544000e-02
2.130459573635877860e-02
2.130459573635877860e-02
2.139662027508527561e-02
2.151108480280296970e-02
2.175137186231987027e-02
2.202542404667603287e-02
2.225373118525036595e-02
2.244878106858136727e-02
2.248974195013163715e-02
2.253718243151057316e-02
2.250835970627670587e-02
2.247163349155332709e-02
2.247163349155332709e-02
2.239817619172152635e-02
2.229020412467651313e-02
2.229230851609290479e-02
2.239513249100785058e-02
2.218744016933788324e-02
2.215126098408498612e-02
2.208837690836704462e-02
2.212670807889960747e-02
2.215743821945628800e-02
2.212156009527716655e-02
2.212156009527716655e-02
2.210765855191129670e-02
2.198084372987361979e-02
2.199394079995826978e-02
2.198813613153967339e-02
2.209722147680073107e-02
2.226920451551630750e-02
2.237326742774901900e-02
2.249293301163496697e-02
2.250172215037315668e-02
2.241166641827803049e-02
2.241166641827803049e-02
2.221589521659953978e-02
2.206141909511788804e-02
2.199700120684780144e-02
2.231611725829278983e-02
2.260813232905443601e-02
2.289825487040094559e-02
2.310391201242925630e-02
2.374093619829800716e-02
2.426224418073528663e-02
2.471861809082617073e-02
2.471861809082617073e-02
2.503481058108645088e-02
2.528398679834750751e-02
2.562041038205656318e-02
2.590712930385852958e-02
2.614051088719556229e-02
2.639659488620954217e-02
2.659014700862882483e-02
2.673088492011936254e-02
2.683277209449657502e-02
2.700632405193818461e-02
2.700632405193818461e-02
2.710071041752639201e-02
2.718516529524156455e-02
2.738502544705079256e-02
2.767675832692895882e-02
2.800476405532185270e-02
2.803273808482272325e-02
2.812795360631691402e-02
2.830630122647557340e-02
2.857121604258006445e-02
2.875975726040211344e-02
2.875975726040211344e-02
2.895160338182680912e-02
2.896166359466604764e-02
2.902311757638215486e-02
2.907755571190616048e-02
2.899699266256808641e-02
2.882170178607690314e-02
2.867780959435972318e-02
2.863992019607192879e-02
2.860694212389432861e-02
2.887583803001841920e-02
2.887583803001841920e-02
2.911001590706865580e-02
2.927643678369433802e-02
2.930100803465195830e-02
2.935881848504427044e-02
2.943540081788970433e-02
2.942880632533129148e-02
2.946248027420334328e-02
2.938289865010141125e-02
2.935989282554187299e-02
2.929509130993394536e-02
2.929509130993394536e-02
2.924419170756564421e-02
2.918206900517207603e-02
2.915496737607517486e-02
2.927573552951839853e-02
2.934304707121499975e-02
2.940756478758919240e-02
2.958212841734548723e-02
2.973014194470009752e-02
2.984658172922797018e-02
2.982624804179831446e-02
2.982624804179831446e-02
2.990740618768805009e-02
3.002476127823295454e-02
3.024695409942875640e-02
3.045858986831114987e-02
3.059784241780729927e-02
3.070950704396085279e-02
3.072643024412535784e-02
3.070017655223722039e-02
3.065749228937702034e-02
3.061243354956379517e-02
3.061243354956379517e-02
3.050952076762680418e-02
3.054712012647798833e-02
3.044184586102367113e-02
3.030208501932650858e-02
3.024459583703884707e-02
3.023946471905821637e-02
3.032086574428607614e-02
3.036171098027153764e-02
3.034402528358002074e-02
3.040863554127715487e-02
3.040863554127715487e-02
3.069088956141340432e-02
3.108985291484343480e-02
3.144182724655440048e-02
3.182268093682417281e-02
3.213202916682798838e-02
3.247365526806811342e-02
3.277256373719841104e-02
3.289059218006935154e-02
3.277979104809232436e-02
3.265474111832120802e-02
3.265474111832120802e-02
3.263079633139091829e-02
3.261940636582735809e-02
3.254942880621455870e-02
3.250642781793843666e-02
3.248642223178409283e-02
3.250364836521810186e-02
3.239128915367225220e-02
3.234207110047980505e-02
3.237899653632109881e-02
3.234493960029267978e-02
3.234493960029267978e-02
3.221920125768964333e-02
3.222199582110837207e-02
3.227878031247422702e-02
3.230329725976048560e-02
3.234507293039208531e-02
3.250473587266033276e-02
3.260769656288020624e-02
3.284701171425781496e-02
3.322640687975166734e-02
3.365474330834913874e-02
3.365474330834913874e-02
3.395848477693899636e-02
3.426235085264667246e-02
3.440554216985488439e-02
3.458387284981615656e-02
3.466651874541806788e-02
3.449563862109881335e-02
3.425608409491975870e-02
3.403669384737583598e-02
3.380738381425325845e-02
3.367105987611547502e-02
3.367105987611547502e-02
3.354925708937508272e-02
3.352083007878031706e-02
3.361491283847913014e-02
3.367636403750663698e-02
3.386558923078146488e-02
3.401227049129928320e-02
3.407768959079195137e-02
3.416109909825058855e-02
3.420531594294962813e-02
3.412824471150627953e-02
3.412824471150627953e-02
3.403527973137201318e-02
3.386412301021306942e-02
3.377822580485057707e-02
3.368741301124664189e-02
3.363033176446130618e-02
3.347253961278418705e-02
3.332125730617183784e-02
3.330453321270174238e-02
3.338083613435348374e-02
3.351413264926163954e-02
3.351413264926163954e-02
3.365435263893133688e-02
3.365964307613190237e-02
3.369514557407169569e-02
3.368895712505237672e-02
3.375467455547982026e-02
3.370852424075777148e-02
3.367397418964126338e-02
3.375720684305123787e-02
3.368175037163088220e-02
3.356323769737219048e-02
3.356323769737219048e-02
3.345858445444324647e-02
3.324876166467052863e-02
3.308327369946479496e-02
3.298350773051654528e-02
3.296039853438542666e-02
3.296856434202725256e-02
3.287118191490861346e-02
3.278198035796740795e-02
3.270360191852557386e-02
3.284606173444227367e-02
3.284606173444227367e-02
3.282731004555962395e-02
3.280008958154344290e-02
3.271589887233283811e-02
3.262512972509350878e-02
3.257195102109892992e-02
3.234736247841034362e-02
3.213021280317254758e-02
3.198186308202399797e-02
3.188106518788262622e-02
3.178449702660393617e-02
3.178449702660393617e-02
3.174652898385869892e-02
3.165422190301484667e-02
3.166744125724868519e-02
3.171846859456563944e-02
3.195318303226832302e-02
3.216816187122105430e-02
3.232399108313689651e-02
3.242721536522927273e-02
3.263700641228086535e-02
3.269481095979349244e-02
3.269481095979349244e-02
3.268325544518722869e-02
3.265218831170808855e-02
3.253753578394805168e-02
3.241044299248525828e-02
3.233400446168988029e-02
3.217204849155747698e-02
3.206848112014261398e-02
3.201538602985676968e-02
3.203488821395385211e-02
3.191492586106812329e-02
3.191492586106812329e-02
3.189874322380525928e-02
3.196328103422173272e-02
3.206621059020862280e-02
3.208226936257391193e-02
3.201433471953562399e-02
3.212985281775388585e-02
3.218498848094354658e-02
3.226008390304926227e-02
3.199678501391885893e-02
3.170878055904893106e-02
3.170878055904893106e-02
3.145252617502922871e-02
3.124762137256071812e-02
3.110718385810186046e-02
3.094794075629128324e-02
3.087417589814984639e-02
3.086116669262266993e-02
3.098208985449601299e-02
3.098320855094414614e-02
3.089217281646638655e-02
3.085195575922623432e-02
3.085195575922623432e-02
3.082170745909987991e-02
3.079573901507606098e-02
3.059527776671024102e-02
3.035862953526951083e-02
3.017699995964031115e-02
2.998633799249143458e-02
2.971740681865102721e-02
2.960672929498513878e-02
2.961876967114183967e-02
2.958324060444148668e-02
2.958324060444148668e-02
2.961123388529416159e-02
2.966939746692703536e-02
2.960472127382283991e-02
2.939410266698386925e-02
2.932653149113707836e-02
2.913015524151544092e-02
2.883609541403231447e-02
2.852189962620483438e-02
2.836625227074278041e-02
2.830121599008286748e-02
2.830121599008286748e-02
2.822715638296429547e-02
2.810628219523462340e-02
2.801037301811797053e-02
2.799550682675827282e-02
2.809407899681024695e-02
2.815032223232598330e-02
2.817692754265398516e-02
2.824647153557992979e-02
2.832840086862230614e-02
2.840829230044538897e-02
2.840829230044538897e-02
2.841183108892036957e-02
2.834423751651357279e-02
2.816905809746882497e-02
2.805376762247583505e-02
2.792417704599701664e-02
2.771070550752274819e-02
2.762416500850399526e-02
2.767837046293655442e-02
2.772348614965436039e-02
2.786299184347549099e-02
2.786299184347549099e-02
2.809013733916984265e-02
2.840457300180344521e-02
2.861755334074671600e-02
2.870124494915703844e-02
2.867653193135609110e-02
2.862521649517445893e-02
2.853867617237177204e-02
2.834989865931041714e-02
2.810142604765304003e-02
2.779546639132597294e-02
2.779546639132597294e-02
2.762282080480240806e-02
2.753075308537730054e-02
2.742610817783598665e-02
2.747978113881461085e-02
2.766838067860791575e-02
2.777930908882938685e-02
2.796185034080370807e-02
2.828496575376801894e-02
2.861785453776533039e-02
2.868589981709785547e-02
2.868589981709785547e-02
2.851288074821203833e-02
2.853062627491280076e-02
2.853691480166615016e-02
2.855335690643196617e-02
2.854030369844379189e-02
2.851120479327181115e-02
2.873324141911000329e-02
2.897781073755662656e-02
2.916850902923906128e-02
2.925063550977281476e-02
2.925063550977281476e-02
2.926800214516479814e-02
2.932785922168603537e-02
2.939341772591660268e-02
2.939341772591660268e-02
2.939341772591660268e-02
2.936363102599973129e-02
2.942169931611161859e-02
2.963057998042516877e-02
2.986690801264416453e-02
3.000158722645795278e-02
3.000158722645795278e-02
3.015236429792660794e-02
3.015202997200416152e-02
3.022459498094132516e-02
3.029935870714966714e-02
3.023494805105748570e-02
3.024359772699817747e-02
3.034481046285713787e-02
3.034911840126722909e-02
3.033775030064940481e-02
3.023069089463117573e-02
3.023069089463117573e-02
3.011716823343174587e-02
3.002637705489620557e-02
2.990334211902439740e-02
2.969939714248283694e-02
2.956690018042174711e-02
2.941146696368469871e-02
2.936627065470268777e-02
2.924459335485992198e-02
2.922018347755503745e-02
2.916056376801095737e-02
2.916056376801095737e-02
2.929534320649201593e-02
2.938385643616935744e-02
2.934673732789931655e-02
2.933622228112985064e-02
2.937974494970573697e-02
2.943302996492951074e-02
2.941201993442814355e-02
2.933120889599689224e-02
2.934204682418637550e-02
2.933566360920266888e-02
2.933566360920266888e-02
2.937781817933635131e-02
2.928263838209117093e-02
2.913450773750225764e-02
2.904686203303060571e-02
2.887656660688676935e-02
2.887405876927645609e-02
2.887795084653926175e-02
2.896888103990447397e-02
2.908539788606702425e-02
2.928484884709225272e-02
