3.317257389426231384e-02
3.317257389426231384e-02
3.244461119174957275e-02
3.158438205718994141e-02
3.132357075810432434e-02
3.069897741079330444e-02
3.040825016796588898e-02
3.021217882633209229e-02
3.014258667826652527e-02
2.968721650540828705e-02
2.922302670776844025e-02
2.887363545596599579e-02
2.887363545596599579e-02
2.836689166724681854e-02
2.755221165716648102e-02
2.666041813790798187e-02
2.590617537498474121e-02
2.503829635679721832e-02
2.406744658946990967e-02
2.317124046385288239e-02
2.240380831062793732e-02
2.160331793129444122e-02
2.073696441948413849e-02
2.073696441948413849e-02
2.028057724237442017e-02
1.975099928677082062e-02
1.916551217436790466e-02
1.873105205595493317e-02
1.861566305160522461e-02
1.853869855403900146e-02
1.835737749934196472e-02
1.845545135438442230e-02
1.865599118173122406e-02
1.875078864395618439e-02
1.875078864395618439e-02
1.871153712272644043e-02
1.866019703447818756e-02
1.883858628571033478e-02
1.900594681501388550e-02
1.917208358645439148e-02
1.915223896503448486e-02
1.921249739825725555e-02
1.918473839759826660e-02
1.903901994228363037e-02
1.902720518410205841e-02
1.902720518410205841e-02
1.894719339907169342e-02
1.869657076895236969e-02
1.837077178061008453e-02
1.811331883072853088e-02
1.797054894268512726e-02
1.783666945993900299e-02
1.784158498048782349e-02
1.790387183427810669e-02
1.799171045422554016e-02
1.815522462129592896e-02
1.815522462129592896e-02
1.813331991434097290e-02
1.805414631962776184e-02
1.787394657731056213e-02
1.751604676246643066e-02
1.696917414665222168e-02
1.651281677186489105e-02
1.593305915594100952e-02
1.533294282853603363e-02
1.488163229078054428e-02
1.452328637242317200e-02
1.452328637242317200e-02
1.432889886200428009e-02
1.422292832285165787e-02
1.418073661625385284e-02
1.417122222483158112e-02
1.412124000489711761e-02
1.414067484438419342e-02
1.419144310057163239e-02
1.423405483365058899e-02
1.431925687938928604e-02
1.433472614735364914e-02
1.433472614735364914e-02
1.434411574155092239e-02
1.418801490217447281e-02
1.386447902768850327e-02
1.331298984587192535e-02
1.258809026330709457e-02
1.183233037590980530e-02
1.104598958045244217e-02
1.028014253824949265e-02
9.526642970740795135e-03
8.685130625963211060e-03
8.685130625963211060e-03
7.873147726058959961e-03
7.400461006909608841e-03
6.995293311774730682e-03
6.884932983666658401e-03
6.897885352373123169e-03
7.265233434736728668e-03
7.911946624517440796e-03
8.735645562410354614e-03
9.450549259781837463e-03
1.007950492203235626e-02
1.007950492203235626e-02
1.074671931564807892e-02
1.136471331119537354e-02
1.188736967742443085e-02
1.233538985252380371e-02
1.277229283004999161e-02
1.314899232238531113e-02
1.349692326039075851e-02
1.366029493510723114e-02
1.384085137397050858e-02
1.396609842777252197e-02
1.396609842777252197e-02
1.405051629990339279e-02
1.415035780519247055e-02
1.429680828005075455e-02
1.420291606336832047e-02
1.410334743559360504e-02
1.419929042458534241e-02
1.417872402817010880e-02
1.423932705074548721e-02
1.431312970817089081e-02
1.448838971555233002e-02
1.448838971555233002e-02
1.466324459761381149e-02
1.463073957711458206e-02
1.459533441811800003e-02
1.446099393069744110e-02
1.451456081122159958e-02
1.479141600430011749e-02
1.501012686640024185e-02
1.542289368808269501e-02
1.588835194706916809e-02
1.625249348580837250e-02
1.625249348580837250e-02
1.639700494706630707e-02
1.631896570324897766e-02
1.603961363434791565e-02
1.575467362999916077e-02
1.555022317916154861e-02
1.546103321015834808e-02
1.551465038210153580e-02
1.564060524106025696e-02
1.582714356482028961e-02
1.574022509157657623e-02
1.574022509157657623e-02
1.553859189152717590e-02
1.523195765912532806e-02
1.501102652400732040e-02
1.462895795702934265e-02
1.447409950196743011e-02
1.440316066145896912e-02
1.457809284329414368e-02
1.484475564211606979e-02
1.501599140465259552e-02
1.519331801682710648e-02
1.519331801682710648e-02
1.547936163842678070e-02
1.566853001713752747e-02
1.580427959561347961e-02
1.606691256165504456e-02
1.614753901958465576e-02
1.616036333143711090e-02
1.609132625162601471e-02
1.591075584292411804e-02
1.574619486927986145e-02
1.560296490788459778e-02
1.560296490788459778e-02
1.534700859338045120e-02
1.519535854458808899e-02
1.479945890605449677e-02
1.427396852523088455e-02
1.380917895585298538e-02
1.356188580393791199e-02
1.355165708810091019e-02
1.374017633497714996e-02
1.405502855777740479e-02
1.419915817677974701e-02
1.419915817677974701e-02
1.426183525472879410e-02
1.415559556335210800e-02
1.386592350900173187e-02
1.367561239749193192e-02
1.351706217974424362e-02
1.343028619885444641e-02
1.325463689863681793e-02
1.331704854965209961e-02
1.359503716230392456e-02
1.387790497392416000e-02
1.387790497392416000e-02
1.410794071853160858e-02
1.443637162446975708e-02
1.456002704799175262e-02
1.505116187036037445e-02
1.533515471965074539e-02
1.556133944541215897e-02
1.558988355100154877e-02
1.536535751074552536e-02
1.504181884229183197e-02
1.467854436486959457e-02
1.467854436486959457e-02
1.415267214179039001e-02
1.385644916445016861e-02
1.357623934745788574e-02
1.350163482129573822e-02
1.338286511600017548e-02
1.326800324022769928e-02
1.313244272023439407e-02
1.252003945410251617e-02
1.187135279178619385e-02
1.127867586910724640e-02
1.127867586910724640e-02
1.059884577989578247e-02
9.941610507667064667e-03
9.026316925883293152e-03
8.257469162344932556e-03
7.432112935930490494e-03
6.790235172957181931e-03
6.451793946325778961e-03
6.437558680772781372e-03
6.703914143145084381e-03
7.101714611053466797e-03
7.101714611053466797e-03
7.400323636829853058e-03
7.781152147799730301e-03
8.308058604598045349e-03
8.814903907477855682e-03
9.444685652852058411e-03
1.007084734737873077e-02
1.062696333974599838e-02
1.106847729533910751e-02
1.137188449501991272e-02
1.159655116498470306e-02
1.159655116498470306e-02
1.175781618803739548e-02
1.184551417827606201e-02
1.200431585311889648e-02
1.199158094823360443e-02
1.224985718727111816e-02
1.254298817366361618e-02
1.287331338971853256e-02
1.304914243519306183e-02
1.308109331876039505e-02
1.303999312222003937e-02
1.303999312222003937e-02
1.299539580941200256e-02
1.277494244277477264e-02
1.262774318456649780e-02
1.272111758589744568e-02
1.294044684618711472e-02
1.326981838792562485e-02
1.377362478524446487e-02
1.433658413589000702e-02
1.485556736588478088e-02
1.507359556853771210e-02
1.507359556853771210e-02
1.514518447220325470e-02
1.509438455104827881e-02
1.498426403850317001e-02
1.468927972018718719e-02
1.430973038077354431e-02
1.389587670564651489e-02
1.356875244528055191e-02
1.316790375858545303e-02
1.272912323474884033e-02
1.224336307495832443e-02
1.224336307495832443e-02
1.183350104838609695e-02
1.164254080504179001e-02
1.172614563256502151e-02
1.201744191348552704e-02
1.250946149230003357e-02
1.316580735146999359e-02
1.383279077708721161e-02
1.436937600374221802e-02
1.491940394043922424e-02
1.538821402937173843e-02
1.538821402937173843e-02
1.593449711799621582e-02
1.646891795098781586e-02
1.697277091443538666e-02
1.750280149281024933e-02
1.809362508356571198e-02
1.875991933047771454e-02
1.934826560318470001e-02
1.988477818667888641e-02
2.024362795054912567e-02
2.039513550698757172e-02
2.039513550698757172e-02
2.041222341358661652e-02
2.033181488513946533e-02
2.018507570028305054e-02
2.006518095731735229e-02
1.981120184063911438e-02
1.935207471251487732e-02
1.884930208325386047e-02
1.831574924290180206e-02
1.767370849847793579e-02
1.767370849847793579e-02
1.767370849847793579e-02
1.706962659955024719e-02
1.646290160715579987e-02
1.622318662703037262e-02
1.606619916856288910e-02
1.589697226881980896e-02
1.564860530197620392e-02
1.537542231380939484e-02
1.510947570204734802e-02
1.489457208663225174e-02
1.478708814829587936e-02
1.478708814829587936e-02
1.481983810663223267e-02
1.511576212942600250e-02
1.539812795817852020e-02
1.568862423300743103e-02
1.596894860267639160e-02
1.615293510258197784e-02
1.624431088566780090e-02
1.613495126366615295e-02
1.587531901895999908e-02
1.549542974680662155e-02
1.549542974680662155e-02
1.519002858549356461e-02
1.488018780946731567e-02
1.481567882001399994e-02
1.491742208600044250e-02
1.519814413040876389e-02
1.547640562057495117e-02
1.583801768720149994e-02
1.625986769795417786e-02
1.672332920134067535e-02
1.715203933417797089e-02
1.715203933417797089e-02
1.756549254059791565e-02
1.800929382443428040e-02
1.831067912280559540e-02
1.846149936318397522e-02
1.849032565951347351e-02
1.843523979187011719e-02
1.854673214256763458e-02
1.885935850441455841e-02
1.933007873594760895e-02
1.969846710562705994e-02
1.969846710562705994e-02
1.995478942990303040e-02
1.892713643610477448e-02
1.794875413179397583e-02
1.705479435622692108e-02
1.681925728917121887e-02
1.669821143150329590e-02
1.673538610339164734e-02
1.684193126857280731e-02
1.708739437162876129e-02
1.751506887376308441e-02
1.751506887376308441e-02
1.807643473148345947e-02
1.849144697189331055e-02
1.885964907705783844e-02
1.875866763293743134e-02
1.857716962695121765e-02
1.839943602681159973e-02
1.827790960669517517e-02
1.821248419582843781e-02
1.826614886522293091e-02
1.837336458265781403e-02
1.837336458265781403e-02
1.846606656908988953e-02
1.846606656908988953e-02
1.846606656908988953e-02
1.846606656908988953e-02
1.846606656908988953e-02
1.846606656908988953e-02
1.856346428394317627e-02
1.873652450740337372e-02
1.892663352191448212e-02
1.915932260453701019e-02
1.915932260453701019e-02
1.940174587070941925e-02
1.968484185636043549e-02
1.992901600897312164e-02
2.009361051023006439e-02
2.018987759947776794e-02
2.021997421979904175e-02
2.007616311311721802e-02
1.980629190802574158e-02
1.941630803048610687e-02
1.909198798239231110e-02
1.909198798239231110e-02
1.887566782534122467e-02
1.883192360401153564e-02
1.878160052001476288e-02
1.873579248785972595e-02
1.868935674428939819e-02
1.863159611821174622e-02
1.846912689507007599e-02
1.834683120250701904e-02
1.825340092182159424e-02
1.819137483835220337e-02
1.819137483835220337e-02
1.815895549952983856e-02
1.815743744373321533e-02
1.815210841596126556e-02
1.819319836795330048e-02
1.817457191646099091e-02
1.810332760214805603e-02
1.805139705538749695e-02
1.803724281489849091e-02
1.808524690568447113e-02
1.802544854581356049e-02
1.802544854581356049e-02
1.798652485013008118e-02
1.787711866199970245e-02
1.787133328616619110e-02
1.786081679165363312e-02
1.781860738992691040e-02
1.778049021959304810e-02
1.798642985522747040e-02
1.835992373526096344e-02
1.852612569928169250e-02
1.863856986165046692e-02
1.863856986165046692e-02
1.867240108549594879e-02
1.866420917212963104e-02
1.836174726486206055e-02
1.806103065609931946e-02
1.788074336946010590e-02
1.774661801755428314e-02
1.768508926033973694e-02
1.758988760411739349e-02
1.748177036643028259e-02
1.745229400694370270e-02
1.745229400694370270e-02
1.740676350891590118e-02
1.730494014918804169e-02
1.707548834383487701e-02
1.679466851055622101e-02
1.658325828611850739e-02
1.643895544111728668e-02
1.638662070035934448e-02
1.637532562017440796e-02
1.645707339048385620e-02
1.644898205995559692e-02
