2.636547386646270752e-02
2.127628028392791748e-02
2.128361351788043976e-02
2.118410170078277588e-02
2.309680171310901642e-02
2.522502467036247253e-02
2.685007639229297638e-02
2.947223000228404999e-02
3.177201002836227417e-02
3.183202818036079407e-02
3.247727081179618835e-02
3.247727081179618835e-02
3.112689219415187836e-02
2.974559925496578217e-02
2.843841910362243652e-02
2.871106751263141632e-02
2.953849546611309052e-02
2.922413125634193420e-02
2.884563803672790527e-02
2.916765958070755005e-02
3.041503019630908966e-02
3.163002058863639832e-02
3.163002058863639832e-02
3.317640349268913269e-02
3.434997424483299255e-02
3.534816950559616089e-02
3.710161149501800537e-02
3.777960315346717834e-02
3.900386393070220947e-02
4.173289611935615540e-02
4.380138963460922241e-02
4.586537927389144897e-02
4.718704894185066223e-02
4.718704894185066223e-02
4.844758287072181702e-02
4.868042841553688049e-02
4.879485815763473511e-02
4.896361753344535828e-02
4.889581352472305298e-02
4.908633977174758911e-02
4.912999644875526428e-02
5.024114623665809631e-02
5.133211612701416016e-02
5.206447839736938477e-02
5.206447839736938477e-02
5.231364816427230835e-02
5.210256576538085938e-02
5.181989446282386780e-02
5.171356350183486938e-02
5.101893097162246704e-02
4.997656121850013733e-02
4.969947040081024170e-02
4.919919744133949280e-02
4.894696548581123352e-02
4.847049713134765625e-02
4.847049713134765625e-02
4.811712726950645447e-02
4.714154079556465149e-02
4.615767300128936768e-02
4.564644768834114075e-02
4.521625488996505737e-02
4.517189785838127136e-02
4.439190775156021118e-02
4.283369332551956177e-02
4.163160547614097595e-02
4.082300141453742981e-02
4.082300141453742981e-02
3.983232006430625916e-02
3.734539449214935303e-02
3.611410781741142273e-02
3.555169329047203064e-02
3.579358756542205811e-02
3.648415207862854004e-02
3.735488653182983398e-02
3.856559097766876221e-02
3.969991952180862427e-02
4.059782996773719788e-02
4.059782996773719788e-02
4.211466759443283081e-02
4.276698455214500427e-02
4.261133447289466858e-02
4.206007719039916992e-02
4.131108149886131287e-02
4.064945131540298462e-02
4.068718478083610535e-02
4.080900549888610840e-02
4.109698906540870667e-02
4.154247790575027466e-02
4.154247790575027466e-02
4.163826629519462585e-02
4.171023517847061157e-02
4.166672751307487488e-02
4.175639152526855469e-02
4.122571274638175964e-02
4.128903523087501526e-02
4.192597419023513794e-02
4.204979538917541504e-02
4.197915643453598022e-02
4.144059866666793823e-02
4.144059866666793823e-02
4.107441753149032593e-02
4.134097695350646973e-02
4.103047400712966919e-02
4.073989391326904297e-02
4.070063680410385132e-02
4.083194956183433533e-02
4.086695984005928040e-02
4.024478048086166382e-02
3.950800746679306030e-02
3.907408565282821655e-02
3.907408565282821655e-02
3.883335366845130920e-02
3.835868462920188904e-02
3.735719248652458191e-02
3.704642131924629211e-02
3.681095689535140991e-02
3.621558472514152527e-02
3.488947078585624695e-02
3.256158530712127686e-02
3.081680648028850555e-02
2.954878471791744232e-02
2.954878471791744232e-02
2.783614955842494965e-02
2.716421708464622498e-02
2.694457024335861206e-02
2.694370038807392120e-02
2.757727354764938354e-02
2.866974286735057831e-02
3.062484972178936005e-02
3.277476876974105835e-02
3.489019349217414856e-02
3.634862974286079407e-02
3.634862974286079407e-02
3.803941607475280762e-02
3.924836963415145874e-02
4.005514085292816162e-02
4.054182022809982300e-02
4.094449058175086975e-02
4.053024202585220337e-02
4.030733555555343628e-02
4.054659232497215271e-02
4.075916111469268799e-02
4.113984480500221252e-02
