2.146262489259243011e-02
1.984071917831897736e-02
1.880711689591407776e-02
1.911399140954017639e-02
1.939710415899753571e-02
1.997522823512554169e-02
2.069794759154319763e-02
2.134815417230129242e-02
2.179846540093421936e-02
2.208909951150417328e-02
2.217629365622997284e-02
2.217629365622997284e-02
2.222228981554508209e-02
2.233561128377914429e-02
2.256892621517181396e-02
2.276036143302917480e-02
2.281996980309486389e-02
2.286990545690059662e-02
2.313925512135028839e-02
2.334324643015861511e-02
2.357821352779865265e-02
2.387439459562301636e-02
2.387439459562301636e-02
2.430071495473384857e-02
2.472773194313049316e-02
2.497801557183265686e-02
2.530394867062568665e-02
2.569603361189365387e-02
2.608647383749485016e-02
2.662060968577861786e-02
2.714453823864459991e-02
2.770139276981353760e-02
2.819159626960754395e-02
2.819159626960754395e-02
2.872678451240062714e-02
2.919686399400234222e-02
2.973178029060363770e-02
3.023680672049522400e-02
3.083802014589309692e-02
3.140009194612503052e-02
3.203988820314407349e-02
3.242738544940948486e-02
3.276046365499496460e-02
3.299793228507041931e-02
3.299793228507041931e-02
3.336910158395767212e-02
3.359270468354225159e-02
3.421846032142639160e-02
3.465243801474571228e-02
3.494995087385177612e-02
3.494995087385177612e-02
3.494995087385177612e-02
3.516347333788871765e-02
3.534337133169174194e-02
3.535607829689979553e-02
3.535607829689979553e-02
3.519209474325180054e-02
3.496526926755905151e-02
3.469806164503097534e-02
3.444729372859001160e-02
3.430522605776786804e-02
3.421890363097190857e-02
3.404549136757850647e-02
3.383433446288108826e-02
3.354199975728988647e-02
3.329010680317878723e-02
3.329010680317878723e-02
3.296499326825141907e-02
3.280701860785484314e-02
3.273371234536170959e-02
3.265647962689399719e-02
3.251110389828681946e-02
3.197096288204193115e-02
3.147715702652931213e-02
3.101428039371967316e-02
3.066691756248474121e-02
3.036309219896793365e-02
3.036309219896793365e-02
3.006899915635585785e-02
2.976986207067966461e-02
2.950225770473480225e-02
2.926106564700603485e-02
2.904529497027397156e-02
2.882734686136245728e-02
2.864099852740764618e-02
2.842061594128608704e-02
2.821727469563484192e-02
2.792350016534328461e-02
2.792350016534328461e-02
2.766743116080760956e-02
2.734470367431640625e-02
2.705110609531402588e-02
2.673948183655738831e-02
2.632926031947135925e-02
2.580983750522136688e-02
2.529804781079292297e-02
2.471714839339256287e-02
2.422664500772953033e-02
2.346907369792461395e-02
2.346907369792461395e-02
2.266812883317470551e-02
2.198137529194355011e-02
2.134427800774574280e-02
2.068191953003406525e-02
2.003556862473487854e-02
1.947912946343421936e-02
1.903220824897289276e-02
1.865023560822010040e-02
1.816995441913604736e-02
1.771111227571964264e-02
1.771111227571964264e-02
1.736217178404331207e-02
1.708992011845111847e-02
1.695148460566997528e-02
1.688508316874504089e-02
1.691591925919055939e-02
1.706108823418617249e-02
1.738662645220756531e-02
1.775619201362133026e-02
1.807866059243679047e-02
1.838609203696250916e-02
1.838609203696250916e-02
1.865666918456554413e-02
1.885270327329635620e-02
1.892314851284027100e-02
1.888664253056049347e-02
1.878707110881805420e-02
1.852731220424175262e-02
1.804162189364433289e-02
1.753185316920280457e-02
1.716965250670909882e-02
1.700397767126560211e-02
1.700397767126560211e-02
1.682797260582447052e-02
1.659375987946987152e-02
1.636847481131553650e-02
1.617986150085926056e-02
1.601813174784183502e-02
1.611985079944133759e-02
1.622754894196987152e-02
1.621943898499011993e-02
1.613902300596237183e-02
1.619964465498924255e-02
1.619964465498924255e-02
1.620262116193771362e-02
1.621236465871334076e-02
1.613361760973930359e-02
1.601014658808708191e-02
1.583216339349746704e-02
1.570832915604114532e-02
1.554154977202415466e-02
1.528871897608041763e-02
1.505615282803773880e-02
1.479810010641813278e-02
1.479810010641813278e-02
1.431832090020179749e-02
1.391361281275749207e-02
1.341869868338108063e-02
1.315195672214031219e-02
1.313575264066457748e-02
1.335176639258861542e-02
1.362550724297761917e-02
1.393434964120388031e-02
1.437135878950357437e-02
1.473706495016813278e-02
1.473706495016813278e-02
1.506329048424959183e-02
1.531747356057167053e-02
1.559699140489101410e-02
1.607981137931346893e-02
1.656762510538101196e-02
1.684912852942943573e-02
1.705117896199226379e-02
1.713105104863643646e-02
1.715840399265289307e-02
1.712068729102611542e-02
1.712068729102611542e-02
1.700933463871479034e-02
1.678873226046562195e-02
1.651110872626304626e-02
1.625802367925643921e-02
1.607394963502883911e-02
1.595063321292400360e-02
1.593245938420295715e-02
1.591633446514606476e-02
1.592660136520862579e-02
1.595804654061794281e-02
1.595804654061794281e-02
1.597431860864162445e-02
1.600927859544754028e-02
1.608043350279331207e-02
1.611943915486335754e-02
1.613726653158664703e-02
1.617042161524295807e-02
1.619450747966766357e-02
1.622398756444454193e-02
1.623395271599292755e-02
1.639695093035697937e-02
1.639695093035697937e-02
1.653087139129638672e-02
1.664094254374504089e-02
1.672840304672718048e-02
1.682677678763866425e-02
1.692699082195758820e-02
1.698399707674980164e-02
1.705957949161529541e-02
1.718251034617424011e-02
1.731370203197002411e-02
1.744524948298931122e-02
1.744524948298931122e-02
1.737886108458042145e-02
1.725572533905506134e-02
1.714904233813285828e-02
1.706765592098236084e-02
1.703930273652076721e-02
1.699177920818328857e-02
1.697279512882232666e-02
1.706204377114772797e-02
1.721477881073951721e-02
1.738807000219821930e-02
1.738807000219821930e-02
1.765695028007030487e-02
1.795451343059539795e-02
1.828433945775032043e-02
1.869908347725868225e-02
1.895718649029731750e-02
1.911170780658721924e-02
1.915608160197734833e-02
1.910206861793994904e-02
1.894663833081722260e-02
1.870853826403617859e-02
1.870853826403617859e-02
1.839488372206687927e-02
1.791296526789665222e-02
1.747378520667552948e-02
1.709201186895370483e-02
1.673146709799766541e-02
1.644111983478069305e-02
1.662036962807178497e-02
1.662036962807178497e-02
1.672117225825786591e-02
1.750551722943782806e-02
1.750551722943782806e-02
1.816570013761520386e-02
1.870092749595642090e-02
1.870092749595642090e-02
1.870092749595642090e-02
1.870092749595642090e-02
1.870092749595642090e-02
1.870092749595642090e-02
1.912702620029449463e-02
1.912702620029449463e-02
1.945734396576881409e-02
1.945734396576881409e-02
1.968458667397499084e-02
1.981412991881370544e-02
1.981412991881370544e-02
1.990742236375808716e-02
2.001539058983325958e-02
2.012604847550392151e-02
2.025363966822624207e-02
2.038783580064773560e-02
2.055284194648265839e-02
2.075526118278503418e-02
2.075526118278503418e-02
2.095151506364345551e-02
2.118540555238723755e-02
2.145395427942276001e-02
2.161870338022708893e-02
2.174843102693557739e-02
2.174658142030239105e-02
2.168586105108261108e-02
2.162582613527774811e-02
2.152085490524768829e-02
2.142672613263130188e-02
2.142672613263130188e-02
2.132473327219486237e-02
2.118180505931377411e-02
2.104066312313079834e-02
2.094016037881374359e-02
2.085923030972480774e-02
2.081934176385402679e-02
2.076444029808044434e-02
2.073295414447784424e-02
2.074407413601875305e-02
2.072947472333908081e-02
2.072947472333908081e-02
2.070676349103450775e-02
2.064640447497367859e-02
2.062557823956012726e-02
2.053157985210418701e-02
2.042036689817905426e-02
2.032071352005004883e-02
2.017800137400627136e-02
1.997062191367149353e-02
1.991987600922584534e-02
1.988828927278518677e-02
1.988828927278518677e-02
1.983429305255413055e-02
1.969350315630435944e-02
1.953494921326637268e-02
1.932279393076896667e-02
1.900723017752170563e-02
1.882480643689632416e-02
1.862828060984611511e-02
1.837047748267650604e-02
1.818733476102352142e-02
1.812264509499073029e-02
1.812264509499073029e-02
1.802180521190166473e-02
1.794786378741264343e-02
1.787462085485458374e-02
1.787462085485458374e-02
1.787462085485458374e-02
1.783451624214649200e-02
1.784634962677955627e-02
1.791052892804145813e-02
1.800809986889362335e-02
1.812406256794929504e-02
1.812406256794929504e-02
1.842577755451202393e-02
1.870527304708957672e-02
1.906383223831653595e-02
1.945706643164157867e-02
1.992745697498321533e-02
2.034494467079639435e-02
2.073854021728038788e-02
2.104323729872703552e-02
2.131374366581439972e-02
2.153956703841686249e-02
2.153956703841686249e-02
2.171786688268184662e-02
2.187695167958736420e-02
2.197456173598766327e-02
2.198738232254981995e-02
2.194801159203052521e-02
2.191736549139022827e-02
2.187400497496128082e-02
2.184332720935344696e-02
2.187216095626354218e-02
2.188094705343246460e-02
2.188094705343246460e-02
2.191849239170551300e-02
2.188522927463054657e-02
2.176934666931629181e-02
2.161635272204875946e-02
2.140401303768157959e-02
2.110536769032478333e-02
2.074746973812580109e-02
2.035720273852348328e-02
1.989218965172767639e-02
1.943231560289859772e-02
1.943231560289859772e-02
1.903990469872951508e-02
1.864788122475147247e-02
1.828355342149734497e-02
1.797065697610378265e-02
1.772832311689853668e-02
1.753572933375835419e-02
1.742257736623287201e-02
1.726395636796951294e-02
1.714541576802730560e-02
1.699313335120677948e-02
1.699313335120677948e-02
1.687609963119029999e-02
1.682331226766109467e-02
1.684373989701271057e-02
1.685955561697483063e-02
1.694059371948242188e-02
1.700964197516441345e-02
1.708718389272689819e-02
1.713620871305465698e-02
1.718120649456977844e-02
1.726096682250499725e-02
1.726096682250499725e-02
1.738859899342060089e-02
1.733011193573474884e-02
1.719999499619007111e-02
1.697070710361003876e-02
1.667593233287334442e-02
1.637878082692623138e-02
1.611252315342426300e-02
1.592062227427959442e-02
1.583909057080745697e-02
1.590173691511154175e-02
1.590173691511154175e-02
1.606366969645023346e-02
1.618763618171215057e-02
1.632820442318916321e-02
1.633292064070701599e-02
1.624600216746330261e-02
1.607922650873661041e-02
1.586225815117359161e-02
1.533682271838188171e-02
1.479623839259147644e-02
1.431605871766805649e-02
1.431605871766805649e-02
1.386226993054151535e-02
1.341430470347404480e-02
1.301454007625579834e-02
1.267499383538961411e-02
1.249039452522993088e-02
1.240456290543079376e-02
1.240955106914043427e-02
1.242810860276222229e-02
1.251224335283041000e-02
1.263652648776769638e-02
1.263652648776769638e-02
1.277062576264142990e-02
1.286803092807531357e-02
1.289691962301731110e-02
1.278659515082836151e-02
1.264805812388658524e-02
1.238066423684358597e-02
1.202754583209753036e-02
1.162546779960393906e-02
1.124835014343261719e-02
1.078839041292667389e-02
1.078839041292667389e-02
1.024465635418891907e-02
9.707051329314708710e-03
9.149020537734031677e-03
8.704853244125843048e-03
8.257758803665637970e-03
7.925409823656082153e-03
7.715901359915733337e-03
7.590519264340400696e-03
7.489142473787069321e-03
7.434849627315998077e-03
7.434849627315998077e-03
7.471974007785320282e-03
7.604212965816259384e-03
7.772099226713180542e-03
7.961902767419815063e-03
8.155945688486099243e-03
8.310796692967414856e-03
8.502699434757232666e-03
8.685215376317501068e-03
8.763252757489681244e-03
8.769256062805652618e-03
8.769256062805652618e-03
8.671274408698081970e-03
8.671274408698081970e-03
8.535905741155147552e-03
8.413262665271759033e-03
8.296532556414604187e-03
8.161786943674087524e-03
8.046284317970275879e-03
7.980736903846263885e-03
7.924397476017475128e-03
7.898131385445594788e-03
7.898131385445594788e-03
7.810630835592746735e-03
7.696280721575021744e-03
7.555073592811822891e-03
7.373054511845111847e-03
7.205198518931865692e-03
7.166669704020023346e-03
7.201482076197862625e-03
7.330027874559164047e-03
7.467953022569417953e-03
7.564645726233720779e-03
7.564645726233720779e-03
7.578971330076456070e-03
7.664531935006380081e-03
7.735753897577524185e-03
7.812212686985731125e-03
7.781188003718852997e-03
7.729960605502128601e-03
7.728851865977048874e-03
7.716709282249212265e-03
7.667361758649349213e-03
7.641800213605165482e-03
7.641800213605165482e-03
7.566603831946849823e-03
8.218592964112758636e-03
8.740600198507308960e-03
9.011975489556789398e-03
9.073825553059577942e-03
8.975056931376457214e-03
8.803605102002620697e-03
8.544886484742164612e-03
8.163657039403915405e-03
7.868526503443717957e-03
7.868526503443717957e-03
7.531132083386182785e-03
7.361794821918010712e-03
7.300538010895252228e-03
7.271474227309226990e-03
7.404087111353874207e-03
7.545334752649068832e-03
7.765935268253087997e-03
8.003444410860538483e-03
8.230641484260559082e-03
8.286256343126296997e-03
8.286256343126296997e-03
8.117007091641426086e-03
7.936943322420120239e-03
7.757033221423625946e-03
7.539715152233839035e-03
7.308702450245618820e-03
7.082761730998754501e-03
6.869553588330745697e-03
6.767014972865581512e-03
6.701680365949869156e-03
6.699023768305778503e-03
6.699023768305778503e-03
6.745926570147275925e-03
6.791329942643642426e-03
6.836434360593557358e-03
6.848074030131101608e-03
6.766483653336763382e-03
6.584285758435726166e-03
6.275508087128400803e-03
6.007755175232887268e-03
5.782292690128087997e-03
5.615261383354663849e-03
5.615261383354663849e-03
5.497575737535953522e-03
5.451201461255550385e-03
5.482303909957408905e-03
5.518078338354825974e-03
5.400305613875389099e-03
5.363193340599536896e-03
5.390442907810211182e-03
5.424567032605409622e-03
5.502949003130197525e-03
5.620336160063743591e-03
5.620336160063743591e-03
5.748401861637830734e-03
5.801661871373653412e-03
5.794237833470106125e-03
5.702390801161527634e-03
5.584767088294029236e-03
5.501334555447101593e-03
5.431078840047121048e-03
5.417018197476863861e-03
5.471913143992424011e-03
5.562475882470607758e-03
5.562475882470607758e-03
5.676841363310813904e-03
5.599027499556541443e-03
5.591476336121559143e-03
5.592816974967718124e-03
5.648699123412370682e-03
5.819520447403192520e-03
6.122312042862176895e-03
6.464526988565921783e-03
6.852502003312110901e-03
7.190422154963016510e-03
7.190422154963016510e-03
7.420882582664489746e-03
7.529938593506813049e-03
7.424647919833660126e-03
7.159363944083452225e-03
6.835297681391239166e-03
6.269862875342369080e-03
5.513006821274757385e-03
4.731313791126012802e-03
3.934588748961687088e-03
3.256028983741998672e-03
3.256028983741998672e-03
2.752446103841066360e-03
2.477581845596432686e-03
2.561719156801700592e-03
2.885894849896430969e-03
3.369008423760533333e-03
3.935431595891714096e-03
4.497333429753780365e-03
5.006873514503240585e-03
5.361597985029220581e-03
5.569682922214269638e-03
