7.686590310186147690e-03
7.686590310186147690e-03
7.801583502441644669e-03
7.605318911373615265e-03
7.555997464805841446e-03
7.705407682806253433e-03
7.919345982372760773e-03
8.097542449831962585e-03
8.100653067231178284e-03
8.019094355404376984e-03
7.959730923175811768e-03
7.897983305156230927e-03
7.897983305156230927e-03
7.909102365374565125e-03
7.913871668279170990e-03
7.835970260202884674e-03
7.791241630911827087e-03
7.790451869368553162e-03
7.818600162863731384e-03
7.890215143561363220e-03
7.999330759048461914e-03
8.052199147641658783e-03
7.998141460120677948e-03
7.998141460120677948e-03
7.903853431344032288e-03
7.773600053042173386e-03
7.596471812576055527e-03
7.467140909284353256e-03
7.374476175755262375e-03
7.245431188493967056e-03
7.145456504076719284e-03
7.040182128548622131e-03
6.945941597223281860e-03
6.896046455949544907e-03
6.896046455949544907e-03
6.982617545872926712e-03
7.191739510744810104e-03
7.416298147290945053e-03
7.686650380492210388e-03
8.054536767303943634e-03
8.464628830552101135e-03
8.888946846127510071e-03
9.287479333579540253e-03
9.654222056269645691e-03
9.992890991270542145e-03
9.992890991270542145e-03
1.026345789432525635e-02
1.032987982034683228e-02
1.035330537706613541e-02
1.029455289244651794e-02
1.021556463092565536e-02
1.015195343643426895e-02
1.004434749484062195e-02
1.002201065421104431e-02
1.003244053572416306e-02
1.013643946498632431e-02
1.013643946498632431e-02
1.032146718353033066e-02
1.065652444958686829e-02
1.098775863647460938e-02
1.133387535810470581e-02
1.157768815755844116e-02
1.165879424661397934e-02
1.167749520391225815e-02
1.157772354781627655e-02
1.138636190444231033e-02
1.111765857785940170e-02
1.111765857785940170e-02
1.086260471493005753e-02
1.063992455601692200e-02
1.055591832846403122e-02
1.055068615823984146e-02
1.061561703681945801e-02
1.046688016504049301e-02
1.022481918334960938e-02
9.865202009677886963e-03
9.363534860312938690e-03
8.903067559003829956e-03
8.903067559003829956e-03
8.518793620169162750e-03
8.138513192534446716e-03
7.871804758906364441e-03
7.676409091800451279e-03
7.565098349004983902e-03
7.482858374714851379e-03
7.331417407840490341e-03
7.191125769168138504e-03
6.982764229178428650e-03
6.664921995252370834e-03
6.664921995252370834e-03
6.228690501302480698e-03
5.736291408538818359e-03
5.433019250631332397e-03
5.173469893634319305e-03
4.942886997014284134e-03
4.689307417720556259e-03
4.486103542149066925e-03
4.287360236048698425e-03
4.056253936141729355e-03
3.852365072816610336e-03
3.852365072816610336e-03
3.669945290312170982e-03
3.574880771338939667e-03
3.542797174304723740e-03
3.530848072841763496e-03
3.603872843086719513e-03
3.595157293602824211e-03
3.623296739533543587e-03
3.786222310736775398e-03
3.930884879082441330e-03
4.128911532461643219e-03
4.128911532461643219e-03
4.262864589691162109e-03
4.414838738739490509e-03
4.621022846549749374e-03
4.818214103579521179e-03
4.986403044313192368e-03
5.123316776007413864e-03
5.305083002895116806e-03
5.517169367522001266e-03
5.671331658959388733e-03
5.782987922430038452e-03
5.782987922430038452e-03
5.925203207880258560e-03
6.139916833490133286e-03
6.363710388541221619e-03
6.557255517691373825e-03
6.644603796303272247e-03
6.622203160077333450e-03
6.549055222421884537e-03
6.407635286450386047e-03
6.260334048420190811e-03
6.087078247219324112e-03
6.087078247219324112e-03
6.025377660989761353e-03
6.122665479779243469e-03
6.178271025419235229e-03
6.173511967062950134e-03
6.073346361517906189e-03
5.888526327908039093e-03
5.775417201220989227e-03
5.636139772832393646e-03
5.448611918836832047e-03
5.260374397039413452e-03
5.260374397039413452e-03
5.300538148730993271e-03
5.335688591003417969e-03
5.407650023698806763e-03
5.482272244989871979e-03
5.554168950766324997e-03
5.656824912875890732e-03
5.749690812081098557e-03
5.812836345285177231e-03
5.970092490315437317e-03
6.148704327642917633e-03
6.148704327642917633e-03
6.337170489132404327e-03
6.544158793985843658e-03
6.752135697752237320e-03
6.941391155123710632e-03
7.097280118614435196e-03
7.224742788821458817e-03
7.279242388904094696e-03
7.262548431754112244e-03
7.122832816094160080e-03
6.991495843976736069e-03
6.991495843976736069e-03
6.944218184798955917e-03
6.945007480680942535e-03
6.894439458847045898e-03
6.864517461508512497e-03
6.710328627377748489e-03
6.530194543302059174e-03
6.394005380570888519e-03
6.453861482441425323e-03
6.607893854379653931e-03
6.759468000382184982e-03
6.759468000382184982e-03
6.846158299595117569e-03
6.874001584947109222e-03
6.804942153394222260e-03
6.668333429843187332e-03
6.355510093271732330e-03
6.003974471241235733e-03
5.655536893755197525e-03
5.395569372922182083e-03
5.403823219239711761e-03
5.512165371328592300e-03
5.512165371328592300e-03
5.628806073218584061e-03
5.683512892574071884e-03
5.707392469048500061e-03
5.622655153274536133e-03
5.491789896041154861e-03
5.328170023858547211e-03
5.227135028690099716e-03
5.147238727658987045e-03
5.102431867271661758e-03
5.078739952296018600e-03
5.078739952296018600e-03
4.928469657897949219e-03
4.694865550845861435e-03
4.399564582854509354e-03
4.252250306308269501e-03
4.128437954932451248e-03
4.121220670640468597e-03
4.233212675899267197e-03
4.510605242103338242e-03
4.842588212341070175e-03
5.124359857290983200e-03
5.124359857290983200e-03
5.293401889503002167e-03
5.390568170696496964e-03
5.449023563414812088e-03
5.442185327410697937e-03
5.502576474100351334e-03
5.629890132695436478e-03
5.871540866792201996e-03
6.177925970405340195e-03
6.414909381419420242e-03
6.669931579381227493e-03
6.669931579381227493e-03
6.828092504292726517e-03
6.883717607706785202e-03
6.863212678581476212e-03
6.828879937529563904e-03
6.757223047316074371e-03
6.667198147624731064e-03
6.448695901781320572e-03
6.186164449900388718e-03
5.928807426244020462e-03
5.583950784057378769e-03
5.583950784057378769e-03
5.264256615191698074e-03
4.971071612089872360e-03
4.775097128003835678e-03
4.681234247982501984e-03
4.697306081652641296e-03
4.711948335170745850e-03
4.663552157580852509e-03
4.537111613899469376e-03
4.279422573745250702e-03
3.981238696724176407e-03
3.981238696724176407e-03
3.857172559946775436e-03
3.890805644914507866e-03
4.126699175685644150e-03
4.471417516469955444e-03
4.724690690636634827e-03
5.034979898482561111e-03
5.285299383103847504e-03
5.359801463782787323e-03
5.353047046810388565e-03
5.316123832017183304e-03
5.316123832017183304e-03
5.244667176157236099e-03
5.203208420425653458e-03
5.233506206423044205e-03
5.365335848182439804e-03
5.547483451664447784e-03
5.778114311397075653e-03
6.160567980259656906e-03
6.675677839666604996e-03
7.077830377966165543e-03
7.423900533467531204e-03
7.423900533467531204e-03
7.799980696290731430e-03
8.184328675270080566e-03
8.472600020468235016e-03
8.609462529420852661e-03
8.715716190636157990e-03
8.828789927065372467e-03
8.958511985838413239e-03
8.985071443021297455e-03
8.980705402791500092e-03
9.038527496159076691e-03
