5.944412364792255737e-02
5.810295835157468225e-02
5.726498833552901707e-02
5.629084919557448413e-02
5.560919469613279098e-02
5.532658521545807950e-02
5.509766970786195844e-02
5.511764437372091568e-02
5.491134355125897037e-02
5.481976104230140007e-02
5.462995745882440191e-02
5.462995745882440191e-02
5.463444234078519701e-02
5.464450060337228132e-02
5.452219977074576618e-02
5.434205242389117396e-02
5.417992668391579530e-02
5.387039835470427973e-02
5.358470244522921255e-02
5.344082587340614338e-02
5.335782846486515629e-02
5.322290922623065107e-02
5.322290922623065107e-02
5.300482118132408826e-02
5.284841732396393377e-02
5.237544424243512770e-02
5.207336253784241448e-02
5.185284735312936655e-02
5.156788718572920954e-02
5.128707005325642415e-02
5.081687303134889422e-02
5.046377830703321216e-02
5.017480519604686218e-02
5.017480519604686218e-02
4.990370748646832944e-02
4.966673021267930394e-02
4.931519279991863208e-02
4.886715945919694465e-02
4.831555332117132978e-02
4.776547897919676544e-02
4.736516655129763970e-02
4.695577473156976184e-02
4.650769079655922567e-02
4.598554314219979039e-02
4.598554314219979039e-02
4.556225031367279465e-02
4.519394186141582892e-02
4.485487552127430388e-02
4.427215835858250292e-02
4.373146291471361607e-02
4.317617783198579584e-02
4.260530935008115250e-02
4.209346340965781919e-02
4.165683674829259719e-02
4.128268781054658665e-02
4.128268781054658665e-02
4.087734732091402590e-02
4.053961208913997583e-02
4.019144177306976928e-02
3.980572206638988836e-02
3.947270388069773484e-02
3.899780146595510644e-02
3.848291527132804285e-02
3.804169964408848914e-02
3.765279071968166691e-02
3.733272763644138181e-02
3.733272763644138181e-02
3.708730758511273595e-02
3.679075073091514492e-02
3.653409033677668116e-02
3.640030528265562892e-02
3.632031868082570558e-02
3.646475365419862141e-02
3.647420802740027751e-02
3.651658808391870792e-02
3.673785467348759937e-02
3.668553512589563248e-02
3.668553512589563248e-02
3.666408988021504362e-02
3.647833278156578651e-02
3.617237849655315779e-02
3.581393847877459985e-02
3.546760942565212182e-02
3.508119411427329526e-02
3.472211594043947414e-02
3.439270067875624393e-02
3.429981686759017712e-02
3.416761448278581026e-02
3.416761448278581026e-02
3.408210264335041761e-02
3.392494294715425740e-02
3.366862125232528841e-02
3.346299137306629062e-02
3.332833450040977030e-02
3.316945475947550431e-02
3.291688988951781136e-02
3.270902550556352428e-02
3.252570895888518693e-02
3.228129774446673872e-02
3.228129774446673872e-02
3.196247112895669873e-02
3.153805553637360065e-02
3.106598368129135854e-02
3.075844463919845048e-02
3.062409658935499879e-02
3.053690331254907409e-02
3.044810052529654462e-02
3.043622620543487770e-02
3.041455583502448295e-02
3.038273011150711272e-02
3.038273011150711272e-02
3.023409827096651056e-02
3.003446792512396574e-02
2.988568428153798306e-02
2.978744662055797174e-02
2.963939743328604728e-02
2.951250355863278482e-02
2.929882850950792442e-02
2.915117758176870646e-02
2.898943622201564235e-02
2.888036206440757966e-02
2.888036206440757966e-02
2.881808168092185943e-02
2.879177513441814190e-02
2.876839158397318658e-02
2.867254292296379098e-02
2.870204104525696936e-02
2.874205876282756242e-02
2.888558617833995520e-02
2.909398684962443554e-02
2.931391176927995376e-02
2.956283289240183021e-02
2.956283289240183021e-02
2.981391408524280279e-02
3.000900371643311706e-02
3.014137866271747110e-02
3.022305794308210308e-02
3.025171709768287309e-02
3.002520158298882871e-02
2.974190923133183603e-02
2.948521072416315780e-02
2.917238191843248007e-02
2.880357967708966835e-02
