4.299737513065338135e-02
5.115786939859390259e-02
4.869115352630615234e-02
4.862862452864646912e-02
4.827719554305076599e-02
4.870013892650604248e-02
4.894437640905380249e-02
4.975945129990577698e-02
5.051666498184204102e-02
5.136138200759887695e-02
5.227009207010269165e-02
5.227009207010269165e-02
5.281784757971763611e-02
5.334438756108283997e-02
5.380963534116744995e-02
5.396178737282752991e-02
5.378079414367675781e-02
5.334718525409698486e-02
5.282079428434371948e-02
5.276909843087196350e-02
5.320536345243453979e-02
5.343580618500709534e-02
5.343580618500709534e-02
5.360396206378936768e-02
5.379371717572212219e-02
5.369538068771362305e-02
5.353610590100288391e-02
5.331155657768249512e-02
5.322571843862533569e-02
5.324725806713104248e-02
5.314829573035240173e-02
5.271454155445098877e-02
5.215205997228622437e-02
5.215205997228622437e-02
5.207147449254989624e-02
5.224532634019851685e-02
5.257710441946983337e-02
5.221987888216972351e-02
5.162494257092475891e-02
5.106391012668609619e-02
5.034906044602394104e-02
4.936846718192100525e-02
4.879483208060264587e-02
4.897455126047134399e-02
4.897455126047134399e-02
4.906585812568664551e-02
4.914434254169464111e-02
4.978017136454582214e-02
5.014185234904289246e-02
5.091691389679908752e-02
5.193096026778221130e-02
5.282643064856529236e-02
5.400842428207397461e-02
5.540288612246513367e-02
5.560344457626342773e-02
5.560344457626342773e-02
5.614901706576347351e-02
5.499082058668136597e-02
5.282656103372573853e-02
5.046129599213600159e-02
4.822760447859764099e-02
4.861017689108848572e-02
4.919848218560218811e-02
4.963050782680511475e-02
4.991479590535163879e-02
5.046389624476432800e-02
5.046389624476432800e-02
5.056843161582946777e-02
5.034702271223068237e-02
4.987100884318351746e-02
4.931192845106124878e-02
4.880394414067268372e-02
4.798070713877677917e-02
4.698362201452255249e-02
4.575334489345550537e-02
4.462096095085144043e-02
4.359720274806022644e-02
4.359720274806022644e-02
4.266578704118728638e-02
4.198933765292167664e-02
4.139213636517524719e-02
4.060117900371551514e-02
4.096706211566925049e-02
4.155402258038520813e-02
4.222285747528076172e-02
4.303453490138053894e-02
4.423490539193153381e-02
4.534761235117912292e-02
4.534761235117912292e-02
4.575132206082344055e-02
4.591964185237884521e-02
4.625294730067253113e-02
4.667785391211509705e-02
4.714882001280784607e-02
4.678175225853919983e-02
4.581996053457260132e-02
4.486383125185966492e-02
4.369901865720748901e-02
4.260603338479995728e-02
4.260603338479995728e-02
4.156329482793807983e-02
4.084097594022750854e-02
3.950326517224311829e-02
3.824551776051521301e-02
3.719073906540870667e-02
3.624723851680755615e-02
3.548694774508476257e-02
3.453821316361427307e-02
3.352238982915878296e-02
3.277152404189109802e-02
3.277152404189109802e-02
3.210693225264549255e-02
3.196704015135765076e-02
3.176341205835342407e-02
3.189346939325332642e-02
3.218590468168258667e-02
3.283860906958580017e-02
3.346418961882591248e-02
3.405493125319480896e-02
3.515438735485076904e-02
3.641211986541748047e-02
3.641211986541748047e-02
3.726515918970108032e-02
3.806265071034431458e-02
3.801502287387847900e-02
3.736267611384391785e-02
3.588663786649703979e-02
3.436031937599182129e-02
3.320704028010368347e-02
3.236262500286102295e-02
3.129333257675170898e-02
3.009609319269657135e-02
3.009609319269657135e-02
2.918283455073833466e-02
2.851032651960849762e-02
2.792232669889926910e-02
2.725103870034217834e-02
2.677560411393642426e-02
2.756468020379543304e-02
2.852806448936462402e-02
2.963431924581527710e-02
3.061712533235549927e-02
3.102999366819858551e-02
