8.614769205451011658e-03
8.614769205451011658e-03
7.336266804486513138e-03
7.317229639738798141e-03
7.769766729325056076e-03
7.722782436758279800e-03
7.480649743229150772e-03
7.245101500302553177e-03
6.959680467844009399e-03
6.718046031892299652e-03
6.364918313920497894e-03
6.023445166647434235e-03
6.023445166647434235e-03
6.118371151387691498e-03
6.381856743246316910e-03
6.797009147703647614e-03
7.156595122069120407e-03
7.414293475449085236e-03
7.564929313957691193e-03
7.483262103050947189e-03
7.357156369835138321e-03
7.309293374419212341e-03
7.389090489596128464e-03
7.389090489596128464e-03
7.601096294820308685e-03
7.873362861573696136e-03
8.114819414913654327e-03
8.316567167639732361e-03
8.568825200200080872e-03
8.781684562563896179e-03
8.881318382918834686e-03
8.820180781185626984e-03
8.656073361635208130e-03
8.333642035722732544e-03
8.333642035722732544e-03
7.966458797454833984e-03
7.586357649415731430e-03
7.299674209207296371e-03
7.104581687599420547e-03
7.004041224718093872e-03
7.023204583674669266e-03
7.102745119482278824e-03
7.166308816522359848e-03
7.228921167552471161e-03
7.068255916237831116e-03
7.068255916237831116e-03
6.777190137654542923e-03
6.307345349341630936e-03
5.779188591986894608e-03
5.274846218526363373e-03
4.873917903751134872e-03
4.697854630649089813e-03
4.688087850809097290e-03
4.833507351577281952e-03
5.190329626202583313e-03
5.524755921214818954e-03
5.524755921214818954e-03
5.861477926373481750e-03
6.114133633673191071e-03
6.327279377728700638e-03
6.455250084400177002e-03
6.523152813315391541e-03
6.454367656260728836e-03
6.370424758642911911e-03
6.331721786409616470e-03
6.350607611238956451e-03
6.574080791324377060e-03
6.574080791324377060e-03
6.865887902677059174e-03
7.262823637574911118e-03
7.664571050554513931e-03
8.092374540865421295e-03
8.443593047559261322e-03
8.632732555270195007e-03
8.744579739868640900e-03
8.698330260813236237e-03
8.525062352418899536e-03
8.275284431874752045e-03
8.275284431874752045e-03
7.976489141583442688e-03
7.721115835011005402e-03
7.547331973910331726e-03
7.481980137526988983e-03
7.552919909358024597e-03
7.597841788083314896e-03
7.565988693386316299e-03
7.542506791651248932e-03
7.445086725056171417e-03
7.353221997618675232e-03
7.353221997618675232e-03
7.205451838672161102e-03
7.020605728030204773e-03
6.751958280801773071e-03
6.521018221974372864e-03
6.339184939861297607e-03
6.231973879039287567e-03
6.177325267344713211e-03
6.202494725584983826e-03
6.276796106249094009e-03
6.336481310427188873e-03
6.336481310427188873e-03
6.386246532201766968e-03
6.467035505920648575e-03
6.470251828432083130e-03
6.412515416741371155e-03
6.254055071622133255e-03
6.003138143569231033e-03
5.767585244029760361e-03
5.605320446193218231e-03
5.542560480535030365e-03
5.597237497568130493e-03
5.597237497568130493e-03
5.795390345156192780e-03
5.994476843625307083e-03
6.205798592418432236e-03
6.393354851752519608e-03
6.434496026486158371e-03
6.409263238310813904e-03
6.267080549150705338e-03
6.096174009144306183e-03
5.996196530759334564e-03
5.940377712249755859e-03
5.940377712249755859e-03
6.102743092924356461e-03
6.373620126396417618e-03
6.669581402093172073e-03
6.921244785189628601e-03
7.103320676833391190e-03
7.142878137528896332e-03
6.986415479332208633e-03
6.800774484872817993e-03
6.612845230847597122e-03
6.428523920476436615e-03
6.428523920476436615e-03
6.287329364567995071e-03
6.321449764072895050e-03
6.453510839492082596e-03
6.626286543905735016e-03
6.733376998454332352e-03
6.766971666365861893e-03
6.662209052592515945e-03
6.490195170044898987e-03
6.292672827839851379e-03
6.115239113569259644e-03
6.115239113569259644e-03
6.245226133614778519e-03
6.450148299336433411e-03
6.661751307547092438e-03
6.841314025223255157e-03
6.788512691855430603e-03
6.641885731369256973e-03
6.407400593161582947e-03
6.259409710764884949e-03
6.268526427447795868e-03
6.434443406760692596e-03
6.434443406760692596e-03
6.745029706507921219e-03
7.141320500522851944e-03
7.444835267961025238e-03
7.655523717403411865e-03
7.749885320663452148e-03
7.672615814954042435e-03
7.552579045295715332e-03
7.423678413033485413e-03
7.348838727921247482e-03
7.266565691679716110e-03
7.266565691679716110e-03
7.249594666063785553e-03
7.356182672083377838e-03
7.501592393964529037e-03
7.580203935503959656e-03
7.628986611962318420e-03
7.542619947344064713e-03
7.390154525637626648e-03
7.175718899816274643e-03
6.971122696995735168e-03
6.828838959336280823e-03
6.828838959336280823e-03
6.712618283927440643e-03
6.540096830576658249e-03
6.300817243754863739e-03
6.028114352375268936e-03
5.851135123521089554e-03
5.728837568312883377e-03
5.683707073330879211e-03
5.693629384040832520e-03
5.698221269994974136e-03
5.679842550307512283e-03
5.679842550307512283e-03
5.508218426257371902e-03
5.263043567538261414e-03
5.000325385481119156e-03
4.816072992980480194e-03
4.827482625842094421e-03
5.039274226874113083e-03
5.349392071366310120e-03
5.646200384944677353e-03
5.856435745954513550e-03
5.905863363295793533e-03
5.905863363295793533e-03
5.844066850841045380e-03
5.716864950954914093e-03
5.610274616628885269e-03
5.595683585852384567e-03
5.719526205211877823e-03
5.875817965716123581e-03
6.147858686745166779e-03
6.428740452975034714e-03
6.677567958831787109e-03
6.926393136382102966e-03
6.926393136382102966e-03
7.038821466267108917e-03
7.112260442227125168e-03
7.061776239424943924e-03
6.940387189388275146e-03
6.784236989915370941e-03
6.616448052227497101e-03
6.515455897897481918e-03
6.481290329247713089e-03
6.513352971524000168e-03
6.526988465338945389e-03
6.526988465338945389e-03
6.568510085344314575e-03
6.537739187479019165e-03
6.539822090417146683e-03
6.649513728916645050e-03
6.796745117753744125e-03
6.950634997338056564e-03
7.045011967420578003e-03
7.062493357807397842e-03
6.979280151426792145e-03
6.855235900729894638e-03
6.855235900729894638e-03
6.780131720006465912e-03
6.759061012417078018e-03
6.771251559257507324e-03
6.811167113482952118e-03
6.932042539119720459e-03
7.139569148421287537e-03
7.367182057350873947e-03
7.565633859485387802e-03
7.638462353497743607e-03
7.597758900374174118e-03
7.597758900374174118e-03
7.455871440470218658e-03
7.257015444338321686e-03
6.982260849326848984e-03
6.638251710683107376e-03
6.218916736543178558e-03
5.833489820361137390e-03
5.605050362646579742e-03
5.481808446347713470e-03
5.443143192678689957e-03
5.477399565279483795e-03
5.477399565279483795e-03
5.481223110109567642e-03
5.515178199857473373e-03
5.467600189149379730e-03
5.393623840063810349e-03
5.251334980130195618e-03
5.046725738793611526e-03
4.869451746344566345e-03
4.778126720339059830e-03
4.800052847713232040e-03
4.933607764542102814e-03
4.933607764542102814e-03
5.089389625936746597e-03
5.218111444264650345e-03
5.266689695417881012e-03
5.334216170012950897e-03
5.341408308595418930e-03
5.243329796940088272e-03
5.033622030168771744e-03
4.830465186387300491e-03
4.575365222990512848e-03
4.447463899850845337e-03
