2.225369115903253620e-02
2.077478207078631289e-02
1.961376280855044174e-02
1.846677031492193963e-02
1.737699425043813875e-02
1.670980479378716965e-02
1.623042187891422100e-02
1.593711206502703218e-02
1.600978745261348243e-02
1.594670861604709222e-02
1.582613897587306293e-02
1.582613897587306293e-02
1.576982844952545468e-02
1.564452328535153799e-02
1.560701474580349947e-02
1.558241068777422439e-02
1.573554586417736864e-02
1.583440019447126049e-02
1.601503599175723921e-02
1.624233570747556088e-02
1.644008554443612477e-02
1.650525784970516274e-02
1.650525784970516274e-02
1.621987672010141712e-02
1.595827542118034847e-02
1.546111449965490922e-02
1.483138654349133549e-02
1.425641102871493676e-02
1.372933442546133906e-02
1.316122966347530072e-02
1.269839506976086843e-02
1.219678255877008205e-02
1.177655848304891457e-02
1.177655848304891457e-02
1.146057907603172284e-02
1.114933081367291273e-02
1.081499205444898769e-02
1.054680542357661586e-02
1.022346532041108237e-02
9.697995972084913485e-03
9.124751167552513920e-03
8.598405386402144593e-03
8.124113843862417958e-03
7.684439179248160959e-03
7.684439179248160959e-03
7.418346902903856857e-03
7.119601045980525518e-03
6.829326830794045684e-03
6.577499155046291450e-03
6.360517567020758031e-03
6.220884638356872012e-03
6.066786533827636836e-03
5.888129017804126855e-03
5.841325529886807685e-03
5.887366599137879714e-03
5.887366599137879714e-03
6.139290435478137430e-03
6.495811971676272202e-03
6.848054846464911305e-03
7.120565649559788476e-03
7.312628315920327061e-03
7.441254785862484906e-03
7.506101534067166625e-03
7.534356668299548379e-03
7.608802682313555062e-03
7.716707743027347716e-03
7.716707743027347716e-03
7.790950471572132517e-03
7.708202383073144322e-03
7.546378888093645786e-03
7.420141877975005955e-03
7.283234335071264547e-03
7.168948875589785212e-03
7.078683957798074904e-03
6.964008344734707624e-03
6.822513966551629200e-03
6.683653228263997451e-03
6.683653228263997451e-03
6.460270789240852088e-03
6.178532943186839863e-03
5.945741664820785276e-03
5.805054033356073576e-03
5.720344728925926166e-03
5.693980019531820133e-03
5.794164575330065792e-03
5.835861366425129301e-03
5.854216368916883781e-03
6.055811688514976289e-03
6.055811688514976289e-03
6.150159656095120601e-03
6.150159656095120601e-03
6.150159656095120601e-03
6.138837008007855083e-03
6.152731389718302593e-03
6.125472082919078583e-03
6.003950745247896466e-03
5.890570123006541939e-03
5.759287396213398115e-03
5.618341210161137411e-03
5.618341210161137411e-03
5.281879306657901937e-03
4.697275165700455848e-03
4.052149569983076911e-03
3.450296752214510564e-03
3.104643079490578862e-03
2.920981431886483619e-03
2.924100220459688055e-03
3.153886004547699733e-03
3.329168158127493709e-03
3.376866391538943697e-03
3.376866391538943697e-03
3.388799528542931708e-03
3.187569148649030924e-03
3.025881803541966269e-03
2.754595366349851804e-03
2.454532310600193723e-03
2.096100736414231724e-03
1.957352574889827026e-03
1.809899724879389382e-03
1.699743289023178958e-03
1.736173890735956057e-03
1.736173890735956057e-03
2.280592184896465448e-03
2.761226804917399531e-03
3.563868769562017827e-03
4.198842836871783182e-03
4.539515306620275220e-03
4.617201124889207947e-03
4.587480977906076111e-03
4.469446260561411172e-03
4.193134564717400717e-03
3.585484540198551583e-03
3.585484540198551583e-03
2.450718743063772138e-03
1.490493310616775643e-03
7.557024782796125523e-04
6.933032303295742467e-04
1.264569613733210847e-03
1.928567477437657506e-03
2.612344344388260482e-03
3.503525989480800636e-03
4.258015635720558204e-03
4.937761764335735042e-03
4.937761764335735042e-03
5.698898875824771199e-03
6.450036702681585798e-03
6.947163207183170049e-03
7.309917970449435198e-03
7.537574106719867328e-03
7.500357555795323858e-03
7.273943274246719680e-03
6.906273498313394987e-03
6.525824235136980581e-03
6.069443602735378855e-03
6.069443602735378855e-03
5.705715898121461842e-03
5.348623478586828420e-03
4.901978034782723988e-03
4.461685973518716986e-03
4.189635977415634253e-03
4.080033591470007791e-03
4.144692543629682237e-03
4.200614499138049553e-03
4.536687510317611270e-03
4.950656341910325900e-03
4.950656341910325900e-03
5.378387812504484798e-03
5.621356324159944642e-03
5.674708676510574652e-03
5.598289295773477107e-03
5.369581051767664814e-03
5.205004074021720231e-03
4.962325495138628084e-03
4.821709839013597725e-03
4.764229952321185485e-03
4.763324281776787870e-03
4.763324281776787870e-03
4.865234748572439677e-03
4.890404467990463327e-03
4.883066286931653927e-03
4.843301986297334112e-03
4.775189478878768233e-03
4.707715619193853646e-03
4.679409979831912481e-03
5.491381048221904808e-03
6.323889048773271952e-03
6.982121426143608235e-03
6.982121426143608235e-03
7.533465713222829360e-03
7.533465713222829360e-03
7.533465713222829360e-03
7.949249733576663202e-03
8.190249768842644204e-03
8.311165156304946983e-03
8.291828811824993734e-03
8.121392701175844664e-03
7.911370071223377057e-03
7.723619003694632418e-03
7.723619003694632418e-03
7.617677333746168504e-03
7.640239177990404591e-03
7.759866761470884423e-03
7.982004203918167951e-03
8.478431665531371147e-03
9.050523404164727281e-03
9.598578288667745928e-03
1.010991062383655680e-02
1.044814086777744178e-02
1.073728704405359224e-02
1.073728704405359224e-02
1.086824457205552534e-02
1.100646542098130017e-02
1.101562806657878715e-02
1.090603896438251813e-02
1.066131366781989352e-02
1.027035666484676056e-02
9.869558287638002456e-03
9.520007147159639110e-03
9.197454966589357905e-03
8.880742088294911810e-03
8.880742088294911810e-03
8.579581334596455763e-03
8.214321848735684287e-03
8.020874938743394536e-03
8.020874938743394536e-03
8.020874938743394536e-03
8.020874938743394536e-03
8.020874938743394536e-03
7.871874636521981883e-03
7.732247138091165491e-03
7.654646854478295605e-03
7.654646854478295605e-03
7.620260872718317979e-03
7.565121283529428406e-03
7.472711820998731609e-03
7.357313398895851987e-03
7.247887177241725369e-03
7.140845804843852854e-03
6.932578115696899114e-03
6.707106659859904570e-03
6.602952240997959910e-03
6.550706722107512564e-03
6.550706722107512564e-03
6.548585231438092645e-03
6.621954483078141065e-03
6.722377861259036178e-03
6.925995714294316298e-03
7.125107312341520151e-03
7.264303330358610859e-03
7.364130030937835608e-03
7.369924098814220614e-03
7.250494591235676425e-03
7.012280202934473121e-03
7.012280202934473121e-03
6.856466393288046524e-03
6.739596435001322765e-03
6.652422263345367064e-03
6.635787145651560887e-03
6.699443792023974421e-03
6.779730312953730943e-03
6.852028741568305485e-03
6.916694358303549298e-03
7.054756224800383738e-03
7.204965071669383776e-03
7.204965071669383776e-03
7.261966614408448505e-03
7.278876421661606769e-03
7.138934756908358464e-03
7.020522998576215166e-03
6.843351703956076712e-03
6.774012936798566933e-03
6.845166272733758939e-03
6.923386438586046944e-03
7.013805706152595291e-03
7.085519264653314213e-03
7.085519264653314213e-03
7.153436432327854068e-03
7.232881984260486515e-03
7.286994214131585490e-03
7.364316111682984133e-03
7.423494045617300835e-03
7.482130148857586878e-03
7.471428580794804188e-03
7.446335285300640858e-03
7.387078194851538597e-03
7.328948566338871692e-03
7.328948566338871692e-03
7.217602431054946990e-03
7.219645813935310873e-03
7.235622186182137996e-03
7.209375742038489319e-03
7.192618738654297898e-03
7.186958868181846961e-03
7.272838301868071557e-03
7.323381843645126316e-03
7.408761485629591047e-03
7.466704060776092715e-03
7.466704060776092715e-03
7.498532220061626501e-03
7.182782986725162917e-03
6.868175152521969681e-03
6.605268349638706085e-03
6.396431464094859062e-03
6.247708202115811321e-03
6.214888254285664583e-03
6.229948084801506872e-03
6.351716429067484973e-03
6.515994818512477194e-03
6.515994818512477194e-03
6.691869664297035378e-03
6.798288341149240355e-03
6.843480542475627662e-03
6.833929453351899296e-03
6.585343156732510229e-03
6.292180037114214995e-03
6.049414546370756283e-03
5.948290729964348690e-03
5.876144972498727193e-03
5.885788076205464986e-03
5.885788076205464986e-03
5.926583982555811911e-03
5.917568885510816369e-03
5.874040653905942926e-03
5.702472927830689112e-03
5.620405330787971859e-03
5.483602003497378349e-03
5.407462033578922661e-03
5.356322589153365149e-03
5.305219566848086606e-03
5.236556662719450347e-03
5.236556662719450347e-03
5.171162286507836534e-03
5.019667352631500615e-03
4.931131141220086896e-03
4.845610838909487211e-03
4.806289687451362376e-03
4.776584441816078899e-03
4.774611353077942537e-03
4.810951196609591397e-03
4.816638842510526444e-03
4.823147511926843649e-03
4.823147511926843649e-03
4.790839777946189967e-03
4.805096433614516709e-03
4.953154541851672449e-03
5.061467195709780029e-03
5.100966557736790960e-03
5.279507846125229033e-03
5.456910421294394048e-03
5.499991125700928046e-03
5.555833112828745951e-03
5.525464121552760809e-03
5.525464121552760809e-03
5.432740168738727990e-03
5.449221027817372290e-03
5.447446739905419805e-03
5.447446739905419805e-03
5.423280491336177414e-03
5.357677192258057490e-03
5.326758129622396164e-03
5.320896700150082315e-03
5.249779208844897530e-03
5.192756334952901981e-03
5.192756334952901981e-03
5.053919802180905502e-03
4.980286693862325670e-03
4.872253969299220749e-03
4.782953856371352681e-03
4.879012596001602517e-03
5.062843711042730802e-03
5.221501001279702826e-03
5.317454280984981914e-03
5.309670137175368128e-03
5.264403549231562972e-03
5.264403549231562972e-03
5.264403549231562972e-03
5.180399521204431638e-03
5.045918372877660971e-03
4.940854556352416993e-03
4.924717915379904151e-03
5.040757885008560236e-03
5.209664337631511426e-03
5.518043901828960721e-03
5.848988661958970554e-03
6.102323670765207042e-03
6.102323670765207042e-03
6.255899907794147674e-03
6.281577140503838592e-03
6.220845116449318091e-03
6.081482959858029898e-03
5.892539407780826057e-03
5.887777508750574075e-03
5.919373835529965870e-03
5.924597367717404466e-03
5.982291139958972187e-03
5.923836396386113201e-03
5.923836396386113201e-03
5.756165579059083388e-03
5.568125997250430829e-03
5.416903335613176829e-03
5.294964791900609417e-03
5.273661081242804818e-03
5.321634999438032768e-03
5.312917732944560413e-03
5.367331575065531143e-03
5.418501099992738962e-03
5.451994759575304501e-03
5.451994759575304501e-03
5.463613600889928937e-03
5.547555936068927253e-03
5.810714049630441927e-03
6.019557433073650758e-03
6.133910738213849655e-03
6.178418871810266097e-03
6.134110847770228928e-03
6.065858948546570643e-03
6.030635549657996537e-03
5.827662992726572767e-03
5.827662992726572767e-03
5.719572924094217838e-03
5.788296075403750150e-03
5.919296420908836537e-03
6.067988481833520853e-03
6.218440478673303677e-03
6.353995763951933266e-03
6.469956090761201303e-03
6.581357430532530119e-03
6.728832782306759866e-03
6.848433831183972469e-03
6.848433831183972469e-03
6.865291450629289888e-03
6.835825758593609171e-03
6.575504287734066852e-03
6.270187626437272697e-03
6.021801167762594852e-03
5.801607256284316977e-03
5.559098561587176232e-03
5.416968756239985000e-03
5.329374777484448787e-03
5.214020265001816264e-03
5.214020265001816264e-03
5.146747317883107985e-03
5.245267955807053802e-03
5.360187103406926883e-03
5.487041125212016764e-03
5.605361737932438790e-03
5.757130926835106986e-03
5.787556116232395360e-03
5.780478538887245075e-03
5.817505729124536513e-03
5.807335824515568075e-03
5.807335824515568075e-03
5.860396688244688158e-03
5.804898361812109962e-03
5.794966283131579299e-03
5.666780232135436475e-03
5.541936543799971110e-03
5.381692898512871297e-03
5.229973800595203587e-03
5.181501265146922462e-03
5.183747358370019258e-03
5.160262701473222920e-03
5.160262701473222920e-03
5.105376673288488341e-03
5.033260467854881910e-03
4.913511474099731442e-03
4.818543878377930072e-03
4.907517239267664838e-03
5.001915318207011962e-03
5.084497095144331104e-03
5.126748430406384560e-03
5.095331030499973893e-03
5.068286040246064265e-03
5.068286040246064265e-03
5.062568411175594370e-03
5.039983052420037545e-03
5.221132736313364303e-03
5.440768987832212203e-03
5.664041846144302061e-03
5.843980345884141996e-03
5.944905440993230109e-03
6.028971802716623363e-03
6.079020399549302581e-03
6.035772993040532629e-03
6.035772993040532629e-03
5.880198589981616188e-03
5.653390938991512474e-03
5.486384546649455268e-03
5.345921974428326229e-03
5.289218218723691980e-03
5.257628903025274650e-03
5.276163986432700660e-03
5.207304118144417265e-03
5.149095343163548159e-03
5.309903296770073292e-03
5.309903296770073292e-03
5.561746251452818861e-03
5.742663728907860567e-03
5.773640503756644927e-03
5.735904495864621935e-03
5.524320789210316121e-03
5.294378258632962894e-03
5.011900222110111242e-03
4.793211768217658236e-03
4.640233882201733225e-03
4.635156942880982144e-03
4.635156942880982144e-03
4.810623758811946420e-03
5.047724914518663883e-03
5.290052163391635240e-03
5.480724752961147611e-03
5.583435721370054276e-03
5.675354955207887256e-03
5.594756367877466545e-03
5.484069325907446266e-03
5.267588165464335941e-03
5.000009295250314352e-03
5.000009295250314352e-03
4.734230259742787904e-03
4.569586933545610220e-03
4.514651361813363725e-03
4.535882256229558165e-03
4.586452002387267878e-03
4.658473407819242566e-03
4.711937819292064122e-03
4.815068550330758000e-03
4.931804530151104142e-03
4.910017618811891513e-03
4.910017618811891513e-03
4.873411292709993632e-03
4.640585136890145075e-03
4.384978837006565065e-03
4.118241025725845848e-03
4.017783299333995556e-03
3.886932973975995402e-03
3.827370419372835581e-03
3.870045535750570986e-03
3.888707370410339481e-03
3.920268926136677087e-03
3.920268926136677087e-03
3.948812577380278466e-03
3.915084660777549096e-03
3.864113878437390286e-03
3.769829403752606150e-03
3.622292195296828235e-03
3.475698034418053632e-03
3.425913003788157336e-03
3.457024295454890969e-03
3.517082265844887271e-03
3.519470271717903189e-03
3.519470271717903189e-03
3.597788172938380831e-03
3.746560445997264201e-03
3.911367583072115559e-03
4.106853060120489902e-03
4.213473186690096239e-03
4.253535292857661861e-03
4.393985044010602012e-03
4.486765475971084792e-03
4.537868629748577527e-03
4.505812669358579513e-03
4.505812669358579513e-03
4.438106684768509946e-03
4.343850571387191696e-03
4.238496705395619103e-03
4.153915148203669166e-03
4.059341854719245198e-03
3.962799243112302347e-03
3.960437569625488083e-03
3.949747802053931063e-03
3.850546079103816209e-03
3.722888194133910054e-03
