5.387726199090933643e-02
5.256490441325993579e-02
5.144546879172147424e-02
5.039332907644011178e-02
4.960952540302528829e-02
4.932349943148900406e-02
4.890828880735484385e-02
4.836679723691596905e-02
4.765444817452926113e-02
4.709856926645347719e-02
4.673799539241851181e-02
4.673799539241851181e-02
4.640467898066804459e-02
4.612490121276226901e-02
4.565078887178158212e-02
4.524454725640841835e-02
4.496881651871674490e-02
4.457134581599832279e-02
4.424207991537762452e-02
4.388912864851374218e-02
4.359659593672101513e-02
4.328308151822153615e-02
4.328308151822153615e-02
4.289061438260986792e-02
4.259127887320473399e-02
4.229390628927259810e-02
4.208945191440401079e-02
4.228689696931373782e-02
4.228197857838295048e-02
4.216740065296590428e-02
4.212718100103584468e-02
4.208061507169291726e-02
4.196211888278486568e-02
4.196211888278486568e-02
4.174125097825621272e-02
4.161082150053654893e-02
4.151205602970666625e-02
4.137271436772173988e-02
4.130884310061532644e-02
4.135789244182141999e-02
4.150637080539486962e-02
4.179650639988864713e-02
4.198652722583910007e-02
4.201420876598958160e-02
4.201420876598958160e-02
4.206942564629762016e-02
4.210039566672189870e-02
4.199489183105488410e-02
4.190281745103908995e-02
4.167413634080957552e-02
4.134584515295033902e-02
4.118593020495235624e-02
4.096662001773841710e-02
4.071980017271812496e-02
4.046410494495582960e-02
4.046410494495582960e-02
3.999274515689022619e-02
3.950643547348721418e-02
3.907214658603318930e-02
3.866813356709200566e-02
3.805641560632231496e-02
3.748068480504745253e-02
3.698176497960791592e-02
3.650111903183680256e-02
3.601937371114957709e-02
3.546002171364701777e-02
3.546002171364701777e-02
3.493657629788590041e-02
3.457566228142328058e-02
3.422886686899821035e-02
3.384637503525327051e-02
3.350295310700140278e-02
3.322057149036505147e-02
3.282758522698756704e-02
3.234810733594137289e-02
3.179571780157721544e-02
3.124570697089964350e-02
3.124570697089964350e-02
3.060301048264410517e-02
3.009142925240441274e-02
2.960085894726492348e-02
2.923821949188949373e-02
2.879547681271362944e-02
2.834000495162033659e-02
2.795483333259975167e-02
2.723224683390385384e-02
2.639223722198926619e-02
2.564548928167499631e-02
2.564548928167499631e-02
2.501787857821776567e-02
2.454538534658604401e-02
2.408211058187398335e-02
2.356306457962652895e-02
2.303987444640631654e-02
2.263758047772101989e-02
2.231858618980328557e-02
2.215572406090853680e-02
2.214978325893293687e-02
2.214978325893293687e-02
2.214978325893293687e-02
2.215162093750997624e-02
2.220116002175515427e-02
2.231525606358500738e-02
2.247840085374989971e-02
2.274510408772648096e-02
2.291855608446652023e-02
2.303376377506276274e-02
2.284385754215308151e-02
2.260338587966616297e-02
2.242409903318839590e-02
2.242409903318839590e-02
2.228830651866301610e-02
2.225215569773356106e-02
2.220804157208012067e-02
2.228896037199786309e-02
2.221876626346876160e-02
2.217036394838431748e-02
2.221594580250507364e-02
2.215956267355390433e-02
2.224698597983821788e-02
2.231144079252718807e-02
2.231144079252718807e-02
2.234008292621536551e-02
2.243055525284190152e-02
2.244287815706641487e-02
2.246968825135338757e-02
2.244379103631890041e-02
2.242951432747451387e-02
2.235739793981623286e-02
2.233563709622030449e-02
2.213653399730507870e-02
2.190578408670275368e-02
2.190578408670275368e-02
2.173441044734956973e-02
2.143042378520369426e-02
2.110616466695422813e-02
2.110616466695422813e-02
2.069797405494951115e-02
2.020768482831357404e-02
1.981869013757867407e-02
1.945146842348617622e-02
1.915977841467180962e-02
1.881963186326889026e-02
1.881963186326889026e-02
1.864630216657161416e-02
1.848095048345465424e-02
1.828179128375847715e-02
1.810539984927247298e-02
1.790923829742533183e-02
1.779838049714714196e-02
1.771567509691301598e-02
1.764234752736431114e-02
1.747988647944820687e-02
1.733317869746240844e-02
1.733317869746240844e-02
1.717245104329732930e-02
1.702038883869147479e-02
1.690756567458156015e-02
1.685324918099715200e-02
1.659072986012859879e-02
1.638490531832413957e-02
1.624026080244204279e-02
1.615145780920407975e-02
1.606301864581563196e-02
1.591058201938396616e-02
1.591058201938396616e-02
1.561113282184871213e-02
1.532168947908418843e-02
1.500710374636017239e-02
1.467772509924457347e-02
1.428669432774105907e-02
1.383369837634205145e-02
1.338384678510903293e-02
1.308045596675512165e-02
1.277599015500636634e-02
1.261120921252971080e-02
1.261120921252971080e-02
1.258138517908581264e-02
1.263223979156216994e-02
1.272264401630062228e-02
1.257604186866758712e-02
1.252604357709651006e-02
1.256132287022732226e-02
1.258239817659795486e-02
1.255924847989439708e-02
1.247311174367071208e-02
1.241425530728194546e-02
1.241425530728194546e-02
1.227570305096286132e-02
1.207112844457820452e-02
1.196643203836524928e-02
1.174180454037975288e-02
1.154060060516940919e-02
1.135743458797073419e-02
1.115125479845701338e-02
1.113869155162462883e-02
1.116982200313452675e-02
1.125648120076988036e-02
1.125648120076988036e-02
1.122965913748360384e-02
1.112671477051716505e-02
1.083104199194542122e-02
1.061151536651502338e-02
1.032649281265841761e-02
1.005666717497217741e-02
9.974443929039024034e-03
9.952441234214386839e-03
9.921765230040093669e-03
9.935582105434687117e-03
9.935582105434687117e-03
9.955849834454740671e-03
9.891534175791838121e-03
9.798816192207963210e-03
9.704121991397635441e-03
9.643785691597151280e-03
9.581534755835110703e-03
9.551446366065273474e-03
9.508941630743655143e-03
9.488542927886246120e-03
9.505714521770954745e-03
9.505714521770954745e-03
9.456242870045183588e-03
9.363456478977159186e-03
9.329384893743016688e-03
9.276130193261247769e-03
9.156113934769722143e-03
8.965496657277529161e-03
8.768211808541544194e-03
8.559074923356072007e-03
8.516772505384411981e-03
8.529034350167125772e-03
8.529034350167125772e-03
8.536035892958636698e-03
8.546480159815040070e-03
8.545674140364856522e-03
8.648463855583699705e-03
8.820287484656592208e-03
8.974248468988864011e-03
9.138667052031779550e-03
9.228078456497468968e-03
9.267217593121265112e-03
9.269076336215169645e-03
9.269076336215169645e-03
9.204473436187016536e-03
9.112574161444109838e-03
9.028197890638798781e-03
8.933570632197674471e-03
8.753700165502014546e-03
8.595912878557732464e-03
8.670251251748393312e-03
8.654929305425350383e-03
8.665618997902578211e-03
8.663863398991118736e-03
8.663863398991118736e-03
8.655669607854169292e-03
8.690391634611082869e-03
8.231341908461926871e-03
7.729555855357570296e-03
7.360985087811566623e-03
7.193908914300284514e-03
7.064014111130737829e-03
6.975707529161034696e-03
6.999427167889305662e-03
7.086129859041358919e-03
7.086129859041358919e-03
7.322993718963551751e-03
7.635910930810887662e-03
7.950957033872387350e-03
8.070211151613326805e-03
8.059851407230752413e-03
7.916672361936260074e-03
7.916672361936260074e-03
7.916672361936260074e-03
7.758956125834703781e-03
7.283552545682711252e-03
7.283552545682711252e-03
6.761860367176213658e-03
6.281822627172747170e-03
5.749147312897000435e-03
5.250239782661983261e-03
4.970496057550766698e-03
4.795174182672827523e-03
4.802182397397958616e-03
4.920003306159345322e-03
5.070414733557345593e-03
5.309117707859680076e-03
5.309117707859680076e-03
5.723795910741121679e-03
6.020802743988813710e-03
6.281603743959709128e-03
6.495104993946596711e-03
6.444957233537834326e-03
6.262151683453324839e-03
5.943896905551052275e-03
5.533635584586876592e-03
5.086053042331646103e-03
4.767475507341246456e-03
4.767475507341246456e-03
4.546483161345169464e-03
4.607964007482298618e-03
4.873376310584919338e-03
5.312570473442235035e-03
5.807700800528054277e-03
6.221958021376963223e-03
6.402367317545861088e-03
6.364362741580129913e-03
6.204354487119557830e-03
6.016213050443846438e-03
6.016213050443846438e-03
5.783801293930304448e-03
5.643368455018320066e-03
5.648003916113207394e-03
5.652337071355032459e-03
5.757218912486786362e-03
5.878774092074879644e-03
5.967118036897685850e-03
6.110903866131553626e-03
6.254541619709540375e-03
6.385554956196299974e-03
6.385554956196299974e-03
6.493461257296318651e-03
6.398640797302397425e-03
6.223561269491017026e-03
6.082942149544828814e-03
5.934330029017942376e-03
5.960356784242244049e-03
6.003716963515904302e-03
6.100495266785894641e-03
6.118266041700770250e-03
6.237231220651826870e-03
6.237231220651826870e-03
6.418821750692902707e-03
6.538628780156178696e-03
6.636750869006739252e-03
6.731070171522093859e-03
6.622518741324949325e-03
6.523513524511134927e-03
6.469452501073228584e-03
6.371488957684378653e-03
6.226196276202228437e-03
6.134284255435345015e-03
6.134284255435345015e-03
6.119762099629798280e-03
6.109840495362974661e-03
6.039437834248266752e-03
5.864846559566925729e-03
5.687600199962940424e-03
5.266922423975241470e-03
4.935159434206369371e-03
4.653633672886572752e-03
4.587448850883852139e-03
4.680774032732643378e-03
4.680774032732643378e-03
4.838764550581183682e-03
5.095066554551413128e-03
5.294394254187318773e-03
5.871183400317087943e-03
6.222243119319378728e-03
6.445090151862219521e-03
6.619670245530365378e-03
6.740542344943986110e-03
6.740542344943986110e-03
6.796946519169597828e-03
6.796946519169597828e-03
6.853874229161599670e-03
6.904706762402141457e-03
6.960831210756710484e-03
6.941424672961478935e-03
6.824437863229676146e-03
6.665435914423567185e-03
6.440715759304181665e-03
6.298033331053822133e-03
6.292377897620727786e-03
6.350547804445173458e-03
6.350547804445173458e-03
6.666317080764794754e-03
7.031701821515349247e-03
7.352918271021172472e-03
7.413795054986195218e-03
7.526455699372218595e-03
7.609072406342049996e-03
7.716048982744114909e-03
7.672898833279076861e-03
7.619420726752769955e-03
7.499620026880583074e-03
7.499620026880583074e-03
7.123223890243182699e-03
6.717769127186412614e-03
6.204248436455017841e-03
5.805631640180940710e-03
5.615051006330134577e-03
5.588580117241173477e-03
5.734598116634692828e-03
6.023381219064768456e-03
6.394514789230571102e-03
6.795192224674271621e-03
6.795192224674271621e-03
7.141443368165279436e-03
7.341244090973787773e-03
7.419317275652157276e-03
7.495624708874515721e-03
7.475606207722054926e-03
7.226498315959561068e-03
6.911856490528621270e-03
6.487507225243696087e-03
6.006725573971708788e-03
5.626773576443898535e-03
5.626773576443898535e-03
5.406261564654977168e-03
5.290853689341514302e-03
5.332403052988481107e-03
5.459137862593570548e-03
5.485400916553291248e-03
5.472704439756695578e-03
5.398365759900308064e-03
5.160735147633007877e-03
4.990204483494456097e-03
4.907448943340436166e-03
4.907448943340436166e-03
5.020630377071079106e-03
5.117226561354023921e-03
5.188998679898652357e-03
5.275078367475961004e-03
5.219445808322785083e-03
4.959262098973678083e-03
4.716988123753308032e-03
4.454788722164588002e-03
4.087635058434319936e-03
3.849475475688426355e-03
3.849475475688426355e-03
3.649638725648077838e-03
3.463018825903114127e-03
3.301966842104571333e-03
3.226877115737162866e-03
3.333045824736785134e-03
3.403030582057765732e-03
3.393819107335902929e-03
3.296922779899499022e-03
3.138459470868367861e-03
3.073116132060760633e-03
3.073116132060760633e-03
3.037592011046670506e-03
3.032534758372042605e-03
2.851868330110822816e-03
2.758754342677998371e-03
2.579821580017183959e-03
2.506455525438852899e-03
2.446621763017415695e-03
2.405085549468387839e-03
2.423775237205784503e-03
2.300033776898504235e-03
2.300033776898504235e-03
2.152159664183182688e-03
2.428108817047276626e-03
3.144349614980128296e-03
3.908887280714951930e-03
4.508096251266678969e-03
4.933329759640756734e-03
5.235817653166689387e-03
5.536485952863367914e-03
5.818590616579291316e-03
5.991207229579727754e-03
5.991207229579727754e-03
6.024184333660439691e-03
6.000913580893448875e-03
5.983157805358548312e-03
5.908756012040539823e-03
5.831200073887152398e-03
5.740532172059357660e-03
5.645936801705063283e-03
5.737410465952287250e-03
5.892935412956614404e-03
5.984168316405460639e-03
5.984168316405460639e-03
5.993801360177955159e-03
5.912724844178047189e-03
5.870018226067041239e-03
5.774659130399548493e-03
5.644563541154259435e-03
5.505428788340933043e-03
5.411480595264956013e-03
5.388010089850999405e-03
5.319540638881129629e-03
5.334259007205276355e-03
5.334259007205276355e-03
5.361599712971409221e-03
5.476998864057248777e-03
5.828609908589490324e-03
6.120970596393256712e-03
6.353899989136214434e-03
6.428518121007103896e-03
6.436863388339412843e-03
6.496552891117969401e-03
6.392248843110991292e-03
6.247771404094513113e-03
6.247771404094513113e-03
5.996745680911860256e-03
5.720776510683572152e-03
5.475573062847338517e-03
5.320040137434435198e-03
5.328142435302051470e-03
5.403146643298402559e-03
5.495787658296938036e-03
5.456305781209707870e-03
5.467101879626909758e-03
5.455634344123245529e-03
5.455634344123245529e-03
5.359729754815626378e-03
5.069164987744186925e-03
4.558644688046614192e-03
4.229499610224148401e-03
3.871058296240106368e-03
3.574564183722839586e-03
3.319467918169481408e-03
3.319467918169481408e-03
3.319467918169481408e-03
3.150703988951922014e-03
3.150703988951922014e-03
3.110647704498442027e-03
3.327398550640621282e-03
3.511673726374029379e-03
3.709490245670824578e-03
3.786577793373611337e-03
3.587743383864631930e-03
3.133481995576677115e-03
2.711981775115442778e-03
2.324296043632326052e-03
2.061204255268085823e-03
2.061204255268085823e-03
1.929915487788775664e-03
1.850506748805706920e-03
1.882618710315755832e-03
2.042379140196414356e-03
2.235771363337205053e-03
2.488699005557970349e-03
2.684025675495805598e-03
2.766683851175645407e-03
2.738997394714595170e-03
2.670928009121328189e-03
2.670928009121328189e-03
2.561753378881831238e-03
2.399088942449029149e-03
2.245747766716784874e-03
2.046889782716148926e-03
1.947092959470620669e-03
1.863798673618316786e-03
1.893904979574833648e-03
1.971993355256165641e-03
2.268077539052588010e-03
2.533086717467061388e-03
2.533086717467061388e-03
2.741101537268883590e-03
2.891129042956267978e-03
2.759278889805397324e-03
2.557798126196352429e-03
2.295770351805823117e-03
2.098205366443132904e-03
2.151744583429616824e-03
2.297846219645334996e-03
2.430788227689679743e-03
2.522450162088941961e-03
2.522450162088941961e-03
2.555166944123039938e-03
2.569737593613908785e-03
2.534522272901538163e-03
2.504909368411217373e-03
2.435160329586564653e-03
2.314717314379639498e-03
2.003873642347485731e-03
1.934147697606947896e-03
2.016043244971867359e-03
2.183698978113642140e-03
