4.753104841358149479e-02
4.753104841358149479e-02
4.791469904076431363e-02
4.767594298788422474e-02
4.687229884667293983e-02
4.629700999110240162e-02
4.603118600063869220e-02
4.577937675698587339e-02
4.560296925130442186e-02
4.544532700584186929e-02
4.533766160573805826e-02
4.539992337031704267e-02
4.539992337031704267e-02
4.544673222381732935e-02
4.538643895761156066e-02
4.538835126729992564e-02
4.539589371829404196e-02
4.527780602736177634e-02
4.517487984815517915e-02
4.509575966066856068e-02
4.507932368975237081e-02
4.497550381001601955e-02
4.486585682954839088e-02
