4.492658749222755432e-02
4.848164319992065430e-02
5.207567289471626282e-02
5.599008500576019287e-02
5.679129064083099365e-02
5.740818008780479431e-02
5.580231547355651855e-02
5.522825568914413452e-02
5.437598377466201782e-02
5.399550870060920715e-02
5.593978986144065857e-02
5.593978986144065857e-02
5.794918164610862732e-02
5.755618214607238770e-02
5.719999969005584717e-02
5.701251327991485596e-02
5.705159157514572144e-02
5.694043636322021484e-02
5.679460242390632629e-02
5.666899308562278748e-02
5.624150112271308899e-02
5.533622950315475464e-02
5.533622950315475464e-02
5.445120111107826233e-02
5.371646583080291748e-02
5.278064683079719543e-02
5.255065858364105225e-02
5.198064818978309631e-02
5.136904120445251465e-02
5.090993642807006836e-02
5.061386898159980774e-02
5.023258551955223083e-02
5.192864686250686646e-02
5.192864686250686646e-02
5.349363759160041809e-02
5.502205714583396912e-02
5.602909252047538757e-02
5.683962628245353699e-02
5.741435289382934570e-02
5.809357389807701111e-02
5.864780768752098083e-02
5.907290428876876831e-02
5.942940711975097656e-02
5.969592183828353882e-02
5.969592183828353882e-02
5.988709628582000732e-02
6.021860986948013306e-02
6.062017008662223816e-02
6.116532534360885620e-02
6.163448467850685120e-02
6.180108711123466492e-02
6.185977533459663391e-02
6.109887361526489258e-02
6.048173084855079651e-02
5.988753214478492737e-02
5.988753214478492737e-02
5.944391340017318726e-02
5.904754623770713806e-02
5.906354635953903198e-02
5.949924141168594360e-02
5.983073636889457703e-02
6.007603183388710022e-02
6.041485816240310669e-02
6.041605398058891296e-02
6.040019169449806213e-02
6.027411669492721558e-02
6.027411669492721558e-02
6.001684069633483887e-02
5.966347083449363708e-02
5.918500944972038269e-02
5.821416154503822327e-02
5.746242403984069824e-02
5.677371472120285034e-02
5.600102245807647705e-02
5.546845868229866028e-02
5.474920570850372314e-02
5.439694225788116455e-02
5.439694225788116455e-02
5.396712571382522583e-02
5.410892143845558167e-02
5.401657149195671082e-02
5.401714518666267395e-02
5.360273271799087524e-02
5.314155295491218567e-02
5.340895801782608032e-02
5.364324152469635010e-02
5.385343730449676514e-02
5.396657809615135193e-02
5.396657809615135193e-02
5.404463410377502441e-02
5.382016301155090332e-02
5.368711054325103760e-02
5.300848186016082764e-02
5.188887193799018860e-02
5.115002021193504333e-02
5.027873441576957703e-02
4.938099905848503113e-02
4.799960926175117493e-02
4.649604856967926025e-02
4.649604856967926025e-02
4.427239671349525452e-02
4.119390249252319336e-02
3.723065182566642761e-02
3.392306715250015259e-02
3.122106567025184631e-02
2.897291630506515503e-02
2.695178054273128510e-02
2.495666407048702240e-02
2.334916405379772186e-02
2.173623815178871155e-02
2.173623815178871155e-02
2.036828361451625824e-02
1.929934509098529816e-02
1.912980526685714722e-02
2.024062909185886383e-02
2.184148505330085754e-02
2.351357042789459229e-02
2.551049180328845978e-02
2.705806866288185120e-02
2.864086814224720001e-02
2.986642718315124512e-02
2.986642718315124512e-02
3.021843358874320984e-02
3.020304441452026367e-02
2.986846119165420532e-02
2.871381118893623352e-02
2.649359032511711121e-02
2.435258030891418457e-02
2.240557037293910980e-02
2.114726975560188293e-02
2.009211108088493347e-02
1.984595321118831635e-02
1.984595321118831635e-02
2.005227655172348022e-02
2.079882659018039703e-02
2.186830714344978333e-02
2.315286733210086823e-02
2.460729517042636871e-02
2.406706474721431732e-02
2.409458160400390625e-02
2.412496693432331085e-02
2.345050498843193054e-02
2.230488881468772888e-02
2.230488881468772888e-02
2.358977682888507843e-02
2.534123510122299194e-02
2.666741050779819489e-02
2.666741050779819489e-02
2.666741050779819489e-02
2.666741050779819489e-02
2.806608751416206360e-02
2.986042574048042297e-02
3.154740110039710999e-02
3.279872611165046692e-02
