2.809882182362715211e-02
2.797086597176031558e-02
2.795262280126523113e-02
2.800732424511630583e-02
2.811110793798043961e-02
2.809417532470072365e-02
2.812062083657417694e-02
2.820108266674067193e-02
2.842585051478239977e-02
2.876215641890111224e-02
2.892792512393688523e-02
2.885777677144425388e-02
2.881951381469326570e-02
2.908070077287941424e-02
2.952928337736987138e-02
2.998548449725088952e-02
3.029171946273266636e-02
3.061094182272691699e-02
3.080336328796821205e-02
3.094017145972112817e-02
3.094760359586777240e-02
3.095742264142683012e-02
3.098877122273724014e-02
3.097882761105759733e-02
3.082646791779452763e-02
3.056243678887822848e-02
3.025404870457139989e-02
2.990158630355687491e-02
2.952747733060806859e-02
2.904601647052977922e-02
2.863945478002464726e-02
