4.832011088728904724e-02
4.832011088728904724e-02
4.695722833275794983e-02
4.574570059776306152e-02
4.450598731637001038e-02
4.369381442666053772e-02
4.292370006442070007e-02
4.207580909132957458e-02
4.114358872175216675e-02
4.043534025549888611e-02
3.981743752956390381e-02
3.902430832386016846e-02
3.902430832386016846e-02
3.814982995390892029e-02
3.730154782533645630e-02
3.641395270824432373e-02
3.549576550722122192e-02
3.467705473303794861e-02
3.394607082009315491e-02
3.320286422967910767e-02
3.254219517111778259e-02
3.197510540485382080e-02
3.158085793256759644e-02
3.158085793256759644e-02
3.116902895271778107e-02
3.074749931693077087e-02
3.041180409491062164e-02
3.012489341199398041e-02
2.965990826487541199e-02
2.927845157682895660e-02
2.896989509463310242e-02
2.872214838862419128e-02
2.839988470077514648e-02
2.804036065936088562e-02
2.804036065936088562e-02
2.781094610691070557e-02
2.754890918731689453e-02
2.714167907834053040e-02
2.661789208650588989e-02
2.615302801132202148e-02
2.567405626177787781e-02
2.532152272760868073e-02
2.486853301525115967e-02
2.423505112528800964e-02
2.354536391794681549e-02
2.354536391794681549e-02
2.290623821318149567e-02
2.209418639540672302e-02
2.139985933899879456e-02
2.053353562951087952e-02
1.976810768246650696e-02
1.896967925131320953e-02
1.812870241701602936e-02
1.746661961078643799e-02
1.683373190462589264e-02
1.623935624957084656e-02
1.623935624957084656e-02
1.559923775494098663e-02
1.519906893372535706e-02
1.499208342283964157e-02
1.487695612013339996e-02
1.472635287791490555e-02
1.466252468526363373e-02
1.473604608327150345e-02
1.472038030624389648e-02
1.469422690570354462e-02
1.461212150752544403e-02
1.461212150752544403e-02
1.456649415194988251e-02
1.459372509270906448e-02
1.454034727066755295e-02
1.456913631409406662e-02
1.454047020524740219e-02
1.458447147160768509e-02
1.475125923752784729e-02
1.509309001266956329e-02
1.564682275056838989e-02
1.622945629060268402e-02
1.622945629060268402e-02
1.690606214106082916e-02
1.753396913409233093e-02
1.814911141991615295e-02
1.855263859033584595e-02
1.882889494299888611e-02
1.897500827908515930e-02
1.880394108593463898e-02
1.858331635594367981e-02
1.825714111328125000e-02
1.803744211792945862e-02
1.803744211792945862e-02
1.818816550076007843e-02
1.861580833792686462e-02
1.927360892295837402e-02
2.028226852416992188e-02
2.153115160763263702e-02
2.288362383842468262e-02
2.420635335147380829e-02
2.528218552470207214e-02
2.616825327277183533e-02
2.687186188995838165e-02
2.687186188995838165e-02
2.736017294228076935e-02
2.734684012830257416e-02
2.729040756821632385e-02
2.724563516676425934e-02
2.715247683227062225e-02
2.710820175707340240e-02
2.728440426290035248e-02
2.754535339772701263e-02
2.788446098566055298e-02
2.841558307409286499e-02
2.841558307409286499e-02
2.887282893061637878e-02
2.914740145206451416e-02
2.922789007425308228e-02
2.920569293200969696e-02
2.912377007305622101e-02
2.916459552943706512e-02
2.915129996836185455e-02
2.904557809233665466e-02
2.884245850145816803e-02
2.869171649217605591e-02
2.869171649217605591e-02
2.853597514331340790e-02
2.770013920962810516e-02
2.703004516661167145e-02
2.646927535533905029e-02
2.616308256983757019e-02
2.606140822172164917e-02
2.612768113613128662e-02
2.642391435801982880e-02
2.693475782871246338e-02
2.753503434360027313e-02
2.753503434360027313e-02
2.805134654045104980e-02
2.860964834690093994e-02
2.902193740010261536e-02
2.922878414392471313e-02
2.909814566373825073e-02
2.870372124016284943e-02
2.826134487986564636e-02
2.768488228321075439e-02
2.697736397385597229e-02
2.617207355797290802e-02
2.617207355797290802e-02
2.531641162931919098e-02
2.451172098517417908e-02
2.367053180932998657e-02
2.296584285795688629e-02
2.240981534123420715e-02
2.214993536472320557e-02
2.181076817214488983e-02
2.177996374666690826e-02
2.198719792068004608e-02
2.232344262301921844e-02
2.232344262301921844e-02
2.265092730522155762e-02
2.298751287162303925e-02
2.319153398275375366e-02
2.335068210959434509e-02
2.343077026307582855e-02
2.351070195436477661e-02
2.356173098087310791e-02
2.367946319282054901e-02
2.387061715126037598e-02
2.422229014337062836e-02
2.422229014337062836e-02
2.455459907650947571e-02
2.499165758490562439e-02
2.542750351130962372e-02
2.582556009292602539e-02
2.621337585151195526e-02
2.661984227597713470e-02
2.699526213109493256e-02
2.732621505856513977e-02
2.766312099993228912e-02
2.797467820346355438e-02
2.797467820346355438e-02
2.844528667628765106e-02
2.892598509788513184e-02
2.951021119952201843e-02
3.004269301891326904e-02
3.061936050653457642e-02
3.108685649931430817e-02
3.138522431254386902e-02
3.203434124588966370e-02
3.251607343554496765e-02
3.278226032853126526e-02
3.278226032853126526e-02
3.278709948062896729e-02
3.267775848507881165e-02
3.248433768749237061e-02
3.232557326555252075e-02
3.229072317481040955e-02
3.242051973938941956e-02
3.281678631901741028e-02
3.324213624000549316e-02
3.375206515192985535e-02
3.436610847711563110e-02
3.436610847711563110e-02
3.487614542245864868e-02
3.534403443336486816e-02
3.563162311911582947e-02
3.575036302208900452e-02
3.583119437098503113e-02
3.584592416882514954e-02
3.577413409948348999e-02
3.580046072602272034e-02
3.583268448710441589e-02
3.596502542495727539e-02
3.596502542495727539e-02
3.610206022858619690e-02
3.626197949051856995e-02
3.636583685874938965e-02
3.637908771634101868e-02
3.642567619681358337e-02
3.641093894839286804e-02
3.632041439414024353e-02
3.619725257158279419e-02
3.590619936585426331e-02
3.564992919564247131e-02
3.564992919564247131e-02
3.540873900055885315e-02
3.522451967000961304e-02
3.511655703186988831e-02
3.546794503927230835e-02
3.584352880716323853e-02
3.620049357414245605e-02
3.637219965457916260e-02
3.650392591953277588e-02
3.652039542794227600e-02
3.643708676099777222e-02
3.643708676099777222e-02
3.637632727622985840e-02
3.623892366886138916e-02
3.607328608632087708e-02
3.595579043030738831e-02
3.586541861295700073e-02
3.591359779238700867e-02
3.603641688823699951e-02
3.619151562452316284e-02
3.651799261569976807e-02
3.687723726034164429e-02
3.687723726034164429e-02
3.722672536969184875e-02
3.770114853978157043e-02
3.813415765762329102e-02
3.846869617700576782e-02
3.857605904340744019e-02
3.862095996737480164e-02
3.859012201428413391e-02
3.814209997653961182e-02
3.769895806908607483e-02
3.735515847802162170e-02
3.735515847802162170e-02
3.711317479610443115e-02
3.697019442915916443e-02
3.684191405773162842e-02
3.677904233336448669e-02
3.666058182716369629e-02
3.646693378686904907e-02
3.628162667155265808e-02
3.611867874860763550e-02
3.601443022489547729e-02
3.589907661080360413e-02
3.589907661080360413e-02
3.576612472534179688e-02
3.561582788825035095e-02
3.547143563628196716e-02
3.540858626365661621e-02
3.532759100198745728e-02
3.528761491179466248e-02
3.519734740257263184e-02
3.520390018820762634e-02
3.521730750799179077e-02
3.526444733142852783e-02
3.526444733142852783e-02
3.544923290610313416e-02
3.581463918089866638e-02
3.626796975731849670e-02
3.669457137584686279e-02
3.701779246330261230e-02
3.717895969748497009e-02
3.732585161924362183e-02
3.741186484694480896e-02
3.729213401675224304e-02
3.715096414089202881e-02
3.715096414089202881e-02
3.693455830216407776e-02
3.666910529136657715e-02
3.649136796593666077e-02
3.649136796593666077e-02
3.628156334161758423e-02
3.610965982079505920e-02
3.613595664501190186e-02
3.633977845311164856e-02
3.657403215765953064e-02
3.698493167757987976e-02
3.698493167757987976e-02
3.716766089200973511e-02
3.745806962251663208e-02
3.759200870990753174e-02
3.762113302946090698e-02
3.771529346704483032e-02
3.730254620313644409e-02
3.682313114404678345e-02
3.641794249415397644e-02
3.619509190320968628e-02
3.616146370768547058e-02
3.616146370768547058e-02
3.623423725366592407e-02
3.633690625429153442e-02
3.636346012353897095e-02
3.638163581490516663e-02
3.636127337813377380e-02
3.627750650048255920e-02
3.683617711067199707e-02
3.724237903952598572e-02
3.751756250858306885e-02
3.767278045415878296e-02
3.767278045415878296e-02
3.779874742031097412e-02
3.778791427612304688e-02
3.757737576961517334e-02
3.726495429873466492e-02
3.708544746041297913e-02
3.673207759857177734e-02
3.630803525447845459e-02
3.592628985643386841e-02
3.552379086613655090e-02
3.505024686455726624e-02
3.505024686455726624e-02
3.467364609241485596e-02
3.439142927527427673e-02
3.419400379061698914e-02
3.386801853775978088e-02
3.383941203355789185e-02
3.375871479511260986e-02
3.359616920351982117e-02
3.353578969836235046e-02
3.368458151817321777e-02
3.379796445369720459e-02
3.379796445369720459e-02
3.383198752999305725e-02
3.428760915994644165e-02
3.477043285965919495e-02
3.515984863042831421e-02
3.534907475113868713e-02
3.551704436540603638e-02
3.564715385437011719e-02
3.577324375510215759e-02
3.590540215373039246e-02
3.604765981435775757e-02
3.604765981435775757e-02
3.612174838781356812e-02
3.617459535598754883e-02
3.610692545771598816e-02
3.595397248864173889e-02
3.573837503790855408e-02
3.553478419780731201e-02
3.533278405666351318e-02
3.516414761543273926e-02
3.500354662537574768e-02
3.489162772893905640e-02
3.489162772893905640e-02
3.479634970426559448e-02
3.466373682022094727e-02
3.462693467736244202e-02
3.455662727355957031e-02
3.442706912755966187e-02
3.438594564795494080e-02
3.435361757874488831e-02
3.425692021846771240e-02
3.422857448458671570e-02
3.419779241085052490e-02
3.419779241085052490e-02
3.417672589421272278e-02
3.419028222560882568e-02
3.425929322838783264e-02
3.437068313360214233e-02
3.455524519085884094e-02
3.477023541927337646e-02
3.509033843874931335e-02
3.543882071971893311e-02
3.582003340125083923e-02
3.623680025339126587e-02
3.623680025339126587e-02
3.659705817699432373e-02
3.690396994352340698e-02
3.713098168373107910e-02
3.736101835966110229e-02
3.736679255962371826e-02
3.724185749888420105e-02
3.672352060675621033e-02
3.609331697225570679e-02
3.542875498533248901e-02
3.480297327041625977e-02
3.480297327041625977e-02
3.425024077296257019e-02
3.396824002265930176e-02
3.386516124010086060e-02
3.394905477762222290e-02
3.420377150177955627e-02
3.463262692093849182e-02
3.514334931969642639e-02
3.514334931969642639e-02
3.514334931969642639e-02
3.514334931969642639e-02
3.514334931969642639e-02
3.553768992424011230e-02
3.599946573376655579e-02
3.642036765813827515e-02
3.679620102047920227e-02
3.698208928108215332e-02
3.697507455945014954e-02
3.691093623638153076e-02
3.676951304078102112e-02
3.656513988971710205e-02
3.640053793787956238e-02
3.640053793787956238e-02
3.623468801379203796e-02
3.610199317336082458e-02
3.614003956317901611e-02
3.632300347089767456e-02
3.651035577058792114e-02
3.657062351703643799e-02
3.657357394695281982e-02
3.543429076671600342e-02
3.441457822918891907e-02
3.370139002799987793e-02
