2.296335793773656916e-02
2.173404853977069576e-02
2.164650574875841629e-02
2.143309426933326725e-02
2.084902917773543557e-02
2.063412924324744754e-02
2.034576968432124169e-02
1.976728299644456288e-02
1.923382624734619115e-02
1.879900935610720816e-02
1.864627828849794305e-02
1.864627828849794305e-02
1.859882502226422110e-02
1.865242390472665254e-02
1.871608888908275758e-02
1.847581472413003731e-02
1.812441042560543336e-02
1.773397673867910945e-02
1.738089809385837473e-02
1.715646421141991257e-02
1.686208098834110838e-02
1.644382341792480565e-02
1.644382341792480565e-02
1.604694558313786087e-02
1.554305654929285553e-02
1.518103593794615028e-02
1.514519763235158863e-02
1.510310598586470272e-02
1.493639850270719188e-02
1.476366941797516326e-02
1.479041195687905152e-02
1.504182374865548240e-02
1.518622006269012420e-02
1.518622006269012420e-02
1.531226526909454204e-02
1.546248184729627669e-02
1.555627021540943386e-02
1.571059749082781912e-02
1.569194552373222307e-02
1.552016294747356369e-02
1.521016169970440361e-02
1.490629333054186226e-02
1.463435099078445184e-02
1.403590508884149969e-02
1.403590508884149969e-02
1.351895016229217976e-02
1.315934532633577896e-02
1.295063364523684965e-02
1.276028726526684011e-02
1.244145773344120659e-02
1.214208919906660869e-02
1.183569940673811528e-02
1.173842411543757520e-02
1.166934714893399713e-02
1.181297387035086521e-02
1.181297387035086521e-02
1.202767358327073120e-02
1.217119384559206367e-02
1.218495721706991039e-02
1.223652051405215054e-02
1.215601569365538925e-02
1.217263661679555964e-02
1.215643451460327387e-02
1.223170288798278507e-02
1.240254773929692043e-02
1.258683754868333664e-02
1.258683754868333664e-02
1.267547487284082994e-02
1.286110542874224771e-02
1.304320303341534835e-02
1.317645068097958450e-02
1.323726455305229525e-02
1.275597947371447105e-02
1.230644833518154332e-02
1.181276503806814350e-02
1.121058986906436558e-02
1.065659271446610899e-02
1.065659271446610899e-02
1.021545462133485044e-02
9.902731473134192969e-03
9.580917156681544034e-03
9.436271086933975191e-03
9.293820894053068937e-03
9.178846470527118190e-03
9.146441533570311144e-03
9.145380486995573904e-03
8.962586270875042699e-03
9.314245082816294263e-03
9.314245082816294263e-03
9.518017793327561774e-03
9.796298230262043966e-03
9.953266636802926906e-03
9.966203206218540375e-03
9.895692392939317572e-03
9.815501216863942516e-03
9.731924853963224223e-03
9.712013888701638564e-03
9.529405469322864766e-03
9.404645369798020002e-03
9.404645369798020002e-03
9.290229676421164415e-03
9.236945069910910272e-03
9.148485128327044774e-03
9.194427145391809511e-03
8.655679017970487402e-03
8.217654808048729942e-03
7.948961991449642051e-03
7.876239485385341452e-03
7.822269223642194791e-03
7.828533905042404234e-03
7.828533905042404234e-03
7.979256110411427072e-03
8.181525296721508730e-03
8.630144477617503890e-03
9.188972772154961610e-03
9.667866756542698933e-03
1.018400952846443275e-02
1.059705644908459296e-02
1.096818376707089406e-02
1.125523631030595287e-02
1.147010275265449193e-02
1.147010275265449193e-02
1.160969317452004330e-02
1.134068147369200405e-02
1.124784729405186451e-02
1.130216436296516830e-02
1.147478029396529174e-02
1.165126571944572961e-02
1.180244093075655427e-02
1.206314284376312253e-02
1.243702946186307952e-02
1.272529183808123951e-02
1.272529183808123951e-02
1.304262743742488385e-02
1.315147506283747755e-02
1.312513616457379462e-02
1.278670602213922633e-02
1.248475855279704803e-02
1.224626566807125033e-02
1.212889889556854894e-02
1.207204844138653511e-02
1.220589010099641658e-02
1.242673471025496253e-02
