1.225204765796661377e-02
1.225204765796661377e-02
1.367866434156894684e-02
1.318471971899271011e-02
1.233293768018484116e-02
1.194984186440706253e-02
1.218851190060377121e-02
1.261586509644985199e-02
1.292757410556077957e-02
1.296941097825765610e-02
1.256471592932939529e-02
1.199565175920724869e-02
1.199565175920724869e-02
1.127739716321229935e-02
1.069061458110809326e-02
1.023901253938674927e-02
9.980801492929458618e-03
9.922082535922527313e-03
1.004906930029392242e-02
1.022437307983636856e-02
1.045112404972314835e-02
1.061740238219499588e-02
1.072564534842967987e-02
1.072564534842967987e-02
1.070498861372470856e-02
1.072874106466770172e-02
1.070390082895755768e-02
1.079818978905677795e-02
1.102171838283538818e-02
1.130685303360223770e-02
1.164246443659067154e-02
1.200719922780990601e-02
1.217901427298784256e-02
1.221196353435516357e-02
1.221196353435516357e-02
1.211355254054069519e-02
1.197126228362321854e-02
1.192800048738718033e-02
1.217492204159498215e-02
1.254990044981241226e-02
1.301194354891777039e-02
1.350453682243824005e-02
1.408684253692626953e-02
1.468253787606954575e-02
1.531097292900085449e-02
1.531097292900085449e-02
1.599372550845146179e-02
1.663857512176036835e-02
1.723646558821201324e-02
1.775519549846649170e-02
1.829209364950656891e-02
1.874538883566856384e-02
1.914971135556697845e-02
1.935066096484661102e-02
1.932138018310070038e-02
1.927815005183219910e-02
1.927815005183219910e-02
1.900269091129302979e-02
1.848922483623027802e-02
1.792849041521549225e-02
1.726248115301132202e-02
1.656447537243366241e-02
1.594932377338409424e-02
1.546305138617753983e-02
1.508216839283704758e-02
1.471289247274398804e-02
1.437274925410747528e-02
1.437274925410747528e-02
1.411994174122810364e-02
1.396666280925273895e-02
1.385166868567466736e-02
1.380737870931625366e-02
1.385763194411993027e-02
1.388151757419109344e-02
1.389665249735116959e-02
1.387871243059635162e-02
1.376823242753744125e-02
1.372635178267955780e-02
1.372635178267955780e-02
1.369812898337841034e-02
1.369597483426332474e-02
1.367261167615652084e-02
1.360498368740081787e-02
1.350221969187259674e-02
1.337694562971591949e-02
1.320664118975400925e-02
1.315503567457199097e-02
1.331979129463434219e-02
1.355295721441507339e-02
1.355295721441507339e-02
1.374815963208675385e-02
1.379563845694065094e-02
1.365509070456027985e-02
1.346732676029205322e-02
1.328739710152149200e-02
1.310077589005231857e-02
1.288123801350593567e-02
1.266905572265386581e-02
1.230344362556934357e-02
1.186505518853664398e-02
1.186505518853664398e-02
1.136526558548212051e-02
1.091724261641502380e-02
1.056248880922794342e-02
1.024155877530574799e-02
9.934366680681705475e-03
9.640797041356563568e-03
9.222620166838169098e-03
8.789048530161380768e-03
8.210119791328907013e-03
7.719473447650671005e-03
7.719473447650671005e-03
7.235268596559762955e-03
6.938044447451829910e-03
6.851707585155963898e-03
6.936902645975351334e-03
6.968094967305660248e-03
7.122231181710958481e-03
7.175410166382789612e-03
7.239924278110265732e-03
7.197050843387842178e-03
7.183438632637262344e-03
7.183438632637262344e-03
6.899232976138591766e-03
6.527709309011697769e-03
6.131603382527828217e-03
5.974445492029190063e-03
6.021218374371528625e-03
6.135485135018825531e-03
6.113604176789522171e-03
6.025290116667747498e-03
5.728350952267646790e-03
5.396450404077768326e-03
5.396450404077768326e-03
5.133488215506076813e-03
5.009677261114120483e-03
5.035555921494960785e-03
5.183064378798007965e-03
5.403544753789901733e-03
5.577472969889640808e-03
5.709233693778514862e-03
5.764885339885950089e-03
5.766491405665874481e-03
5.777016282081604004e-03
5.777016282081604004e-03
5.897452123463153839e-03
6.076809018850326538e-03
6.277834065258502960e-03
6.486036349087953568e-03
6.587294396013021469e-03
6.597982253879308701e-03
6.506413687020540237e-03
6.445848383009433746e-03
6.533378269523382187e-03
6.663698703050613403e-03
6.663698703050613403e-03
6.867001298815011978e-03
7.081698160618543625e-03
7.210894953459501266e-03
7.335223723202943802e-03
7.343336939811706543e-03
7.346141152083873749e-03
7.363051176071166992e-03
7.426007650792598724e-03
7.508439477533102036e-03
7.519920356571674347e-03
7.519920356571674347e-03
7.554074749350547791e-03
7.527481764554977417e-03
7.646191865205764771e-03
7.954454980790615082e-03
8.394732140004634857e-03
8.985074236989021301e-03
9.479958564043045044e-03
9.750436991453170776e-03
9.907249361276626587e-03
9.947916492819786072e-03
9.947916492819786072e-03
1.004972402006387711e-02
1.020447257906198502e-02
1.029511168599128723e-02
1.031236257404088974e-02
1.029947400093078613e-02
1.019911561161279678e-02
9.896379895508289337e-03
9.611376561224460602e-03
9.327537380158901215e-03
9.136863052845001221e-03
9.136863052845001221e-03
8.858385495841503143e-03
8.452966809272766113e-03
7.742264773696660995e-03
7.004497107118368149e-03
6.134625524282455444e-03
5.342708434909582138e-03
4.729829262942075729e-03
4.327055066823959351e-03
4.170182161033153534e-03
4.200247116386890411e-03
4.200247116386890411e-03
4.376402590423822403e-03
5.053803790360689163e-03
5.340445321053266525e-03
5.381874274462461472e-03
5.069813691079616547e-03
4.621685016900300980e-03
4.196383524686098099e-03
3.998200409114360809e-03
4.013711120933294296e-03
4.238725639879703522e-03
4.238725639879703522e-03
4.764782264828681946e-03
5.229101050645112991e-03
5.610010586678981781e-03
5.823265761137008667e-03
5.951934028416872025e-03
6.097414065152406693e-03
6.341221276670694351e-03
6.667534355074167252e-03
7.030460052192211151e-03
7.437577471137046814e-03
7.437577471137046814e-03
7.630413863807916641e-03
7.646740414202213287e-03
7.613971363753080368e-03
7.355546113103628159e-03
7.000158075243234634e-03
6.659453269094228745e-03
6.180718541145324707e-03
5.558390635997056961e-03
4.896487109363079071e-03
4.457054194062948227e-03
4.457054194062948227e-03
4.323889501392841339e-03
4.507217090576887131e-03
4.990651737898588181e-03
5.646573845297098160e-03
6.316227372735738754e-03
6.909965537488460541e-03
7.375821471214294434e-03
7.770783733576536179e-03
8.034939877688884735e-03
8.209439925849437714e-03
8.209439925849437714e-03
8.231873624026775360e-03
8.202126249670982361e-03
8.062816224992275238e-03
7.855068892240524292e-03
7.596112322062253952e-03
7.246142253279685974e-03
6.856556050479412079e-03
6.450110580772161484e-03
6.118153221905231476e-03
5.884217564016580582e-03
5.884217564016580582e-03
5.740116350352764130e-03
5.658449139446020126e-03
5.704686045646667480e-03
5.736694205552339554e-03
5.790739320218563080e-03
5.858475808054208755e-03
5.965693388134241104e-03
6.137178745120763779e-03
6.238423753529787064e-03
6.295049097388982773e-03
6.295049097388982773e-03
6.332674063742160797e-03
6.339108571410179138e-03
6.285071838647127151e-03
6.167169660329818726e-03
5.933349020779132843e-03
5.649022292345762253e-03
5.212003365159034729e-03
4.771399311721324921e-03
4.364635329693555832e-03
3.961219452321529388e-03
