3.416216394047377758e-02
3.416216394047377758e-02
3.341875290257767528e-02
3.287253000030873618e-02
3.242922335649756072e-02
3.236702746721745183e-02
3.225529882681667238e-02
3.247935218982984235e-02
3.259149728256550277e-02
3.234256665852187212e-02
3.213681291148436092e-02
3.185095212434314871e-02
3.185095212434314871e-02
3.152992243614167328e-02
3.115101328117826293e-02
3.077700132254108586e-02
3.049252526868138913e-02
3.026556521306019570e-02
3.011567150518997676e-02
2.971556877388762535e-02
2.941150800329161638e-02
2.895880902416901603e-02
2.851219986635046902e-02
