3.298159921541810036e-03
3.298159921541810036e-03
3.812470473349094391e-03
3.220608225092291832e-03
2.540624001994729042e-03
1.995242899283766747e-03
1.837014337070286274e-03
2.145594218745827675e-03
2.575906226411461830e-03
2.779891481623053551e-03
2.933050738647580147e-03
3.114197403192520142e-03
3.114197403192520142e-03
3.427056595683097839e-03
3.731550415977835655e-03
3.870793851092457771e-03
4.011770710349082947e-03
4.199781920760869980e-03
4.370768554508686066e-03
4.483987577259540558e-03
4.631685093045234680e-03
4.800959024578332901e-03
5.001673009246587753e-03
5.001673009246587753e-03
5.228549707680940628e-03
5.508072208613157272e-03
5.775498691946268082e-03
6.055516190826892853e-03
6.382905878126621246e-03
6.629152689129114151e-03
6.933678872883319855e-03
7.313223555684089661e-03
7.675844710320234299e-03
7.929558865725994110e-03
7.929558865725994110e-03
8.210574276745319366e-03
8.476648479700088501e-03
8.651851676404476166e-03
8.815635927021503448e-03
8.949453011155128479e-03
9.034589864313602448e-03
9.154739789664745331e-03
9.066469967365264893e-03
9.021657519042491913e-03
9.062318131327629089e-03
9.062318131327629089e-03
9.288578294217586517e-03
9.619179181754589081e-03
1.001840643584728241e-02
1.039135828614234924e-02
1.064219418913125992e-02
1.088979095220565796e-02
1.106354780495166779e-02
1.118797808885574341e-02
1.129714213311672211e-02
1.142785232514142990e-02
1.142785232514142990e-02
1.157462410628795624e-02
1.168704684823751450e-02
1.182506885379552841e-02
1.196602452546358109e-02
1.223967876285314560e-02
1.253422722220420837e-02
1.266858447343111038e-02
1.291576959192752838e-02
1.308977138251066208e-02
1.309004984796047211e-02
1.309004984796047211e-02
1.318134833127260208e-02
1.311618741601705551e-02
1.308462582528591156e-02
1.309166103601455688e-02
1.312738470733165741e-02
1.331440266221761703e-02
1.351709943264722824e-02
1.365431956946849823e-02
1.373519189655780792e-02
1.374371349811553955e-02
1.374371349811553955e-02
1.367865316569805145e-02
1.362820249050855637e-02
1.355403941124677658e-02
1.338215451687574387e-02
1.326889079064130783e-02
1.305845007300376892e-02
1.291089039295911789e-02
1.277442742139101028e-02
1.269631367176771164e-02
1.261739991605281830e-02
1.261739991605281830e-02
1.242507528513669968e-02
1.226000115275382996e-02
1.210343465209007263e-02
1.205999311059713364e-02
1.221676170825958252e-02
1.248583011329174042e-02
1.270900480449199677e-02
1.282271742820739746e-02
1.288953330367803574e-02
1.299216877669095993e-02
1.299216877669095993e-02
1.307926233857870102e-02
1.259507331997156143e-02
1.243623998016119003e-02
1.252751797437667847e-02
1.291680522263050079e-02
1.353952568024396896e-02
1.434653345495462418e-02
1.505778077989816666e-02
1.560480333864688873e-02
1.587856002151966095e-02
1.587856002151966095e-02
1.587696932256221771e-02
1.578816026449203491e-02
1.560560055077075958e-02
1.550303213298320770e-02
1.556547544896602631e-02
1.562836952507495880e-02
1.587640494108200073e-02
1.641641743481159210e-02
1.690765284001827240e-02
1.721633970737457275e-02
1.721633970737457275e-02
1.738912984728813171e-02
1.735147461295127869e-02
1.724772527813911438e-02
1.722463034093379974e-02
1.689740642905235291e-02
1.661781594157218933e-02
1.646886952221393585e-02
1.629454270005226135e-02
1.611255481839179993e-02
1.589419133961200714e-02
1.589419133961200714e-02
1.561431866139173508e-02
1.530184876173734665e-02
1.506881136447191238e-02
1.492117438465356827e-02
1.487953215837478638e-02
1.484480500221252441e-02
1.467436179518699646e-02
1.432778872549533844e-02
1.397526729851961136e-02
1.370388921350240707e-02
1.370388921350240707e-02
1.359966397285461426e-02
1.351194083690643311e-02
1.338085345923900604e-02
1.319205854088068008e-02
1.298323646187782288e-02
1.284100580960512161e-02
1.291445735841989517e-02
1.297630742192268372e-02
1.293950900435447693e-02
1.282015349715948105e-02
1.282015349715948105e-02
1.255029905587434769e-02
1.235525403171777725e-02
1.236231531947851181e-02
1.239007059484720230e-02
1.233530044555664062e-02
1.217482984066009521e-02
1.199900638312101364e-02
1.185340341180562973e-02
1.188325136899948120e-02
1.193038839846849442e-02
1.193038839846849442e-02
1.196656934916973114e-02
1.198094245046377182e-02
1.196129899471998215e-02
1.213817298412322998e-02
1.230839733034372330e-02
1.247608475387096405e-02
1.254708413034677505e-02
1.248609367758035660e-02
1.222488842904567719e-02
1.204358320683240891e-02
1.204358320683240891e-02
1.179174613207578659e-02
1.162898913025856018e-02
1.160329300910234451e-02
1.149338949471712112e-02
1.128747221082448959e-02
1.096821483224630356e-02
1.061897631734609604e-02
1.036679744720458984e-02
1.018663682043552399e-02
1.015877258032560349e-02
1.015877258032560349e-02
1.008636690676212311e-02
9.882596321403980255e-03
9.731547906994819641e-03
9.749960154294967651e-03
9.749960154294967651e-03
9.749960154294967651e-03
9.749960154294967651e-03
9.870294481515884399e-03
1.003423053771257401e-02
1.008419413119554520e-02
1.008419413119554520e-02
1.006928551942110062e-02
1.006928551942110062e-02
1.006928551942110062e-02
1.006928551942110062e-02
1.006928551942110062e-02
1.006928551942110062e-02
1.006928551942110062e-02
1.002704072743654251e-02
1.002462767064571381e-02
1.022864785045385361e-02
1.022864785045385361e-02
1.055048592388629913e-02
1.147164683789014816e-02
1.258444320410490036e-02
1.258444320410490036e-02
1.343723759055137634e-02
1.396859064698219299e-02
1.421798113733530045e-02
1.425619982182979584e-02
1.412339322268962860e-02
1.396044343709945679e-02
1.396044343709945679e-02
1.391241885721683502e-02
1.396807376295328140e-02
1.412937510758638382e-02
1.426473259925842285e-02
1.435837056487798691e-02
1.428118534386157990e-02
1.395514421164989471e-02
1.359875034540891647e-02
1.313305180519819260e-02
1.262092776596546173e-02
1.262092776596546173e-02
1.213961001485586166e-02
1.181509811431169510e-02
1.173724792897701263e-02
1.195088867098093033e-02
1.226767990738153458e-02
1.245535910129547119e-02
1.254851836711168289e-02
1.253019273281097412e-02
1.237267535179853439e-02
1.211027521640062332e-02
1.211027521640062332e-02
1.184688694775104523e-02
1.159176044166088104e-02
1.178564690053462982e-02
1.201248262077569962e-02
1.226195506751537323e-02
1.244973111897706985e-02
1.248976308852434158e-02
1.236990373581647873e-02
1.210667658597230911e-02
1.175314374268054962e-02
1.175314374268054962e-02
1.130049582570791245e-02
1.091502700001001358e-02
1.062495540827512741e-02
1.034454815089702606e-02
1.016917824745178223e-02
9.990532882511615753e-03
9.759703651070594788e-03
9.516423568129539490e-03
9.274533018469810486e-03
9.017664007842540741e-03
9.017664007842540741e-03
9.017664007842540741e-03
9.017664007842540741e-03
9.017664007842540741e-03
9.017664007842540741e-03
9.017664007842540741e-03
9.017664007842540741e-03
9.017664007842540741e-03
9.017664007842540741e-03
9.017664007842540741e-03
8.788687177002429962e-03
8.788687177002429962e-03
8.603104390203952789e-03
8.526008576154708862e-03
8.508318103849887848e-03
8.484357967972755432e-03
8.440799079835414886e-03
8.311524055898189545e-03
8.079910650849342346e-03
7.934251800179481506e-03
7.948474958539009094e-03
8.097371086478233337e-03
8.097371086478233337e-03
8.283394388854503632e-03
8.468474261462688446e-03
8.694926276803016663e-03
8.970540948212146759e-03
9.290451183915138245e-03
9.592253714799880981e-03
9.971807710826396942e-03
1.032017823308706284e-02
1.070819515734910965e-02
1.100377645343542099e-02
1.100377645343542099e-02
1.130080316215753555e-02
1.154320593923330307e-02
1.176868192851543427e-02
1.189133618026971817e-02
1.197160780429840088e-02
1.204462163150310516e-02
1.211444474756717682e-02
1.220481470227241516e-02
1.222260762006044388e-02
1.222894527018070221e-02
1.222894527018070221e-02
1.211535092443227768e-02
1.204179693013429642e-02
1.188202854245901108e-02
1.170149911195039749e-02
1.158014126121997833e-02
1.150096394121646881e-02
1.145396847277879715e-02
1.147900428622961044e-02
1.156921498477458954e-02
1.169420778751373291e-02
1.169420778751373291e-02
1.172196678817272186e-02
1.172196678817272186e-02
1.172196678817272186e-02
1.176818739622831345e-02
1.189194619655609131e-02
1.202901266515254974e-02
1.204566750675439835e-02
1.203173026442527771e-02
1.205666549503803253e-02
1.208459027111530304e-02
1.208459027111530304e-02
1.206022035330533981e-02
1.202914398163557053e-02
1.192257646471261978e-02
1.177837047725915909e-02
1.161381136626005173e-02
1.136882416903972626e-02
1.112150028347969055e-02
1.112150028347969055e-02
1.112150028347969055e-02
1.083688996732234955e-02
1.083688996732234955e-02
1.064278092235326767e-02
1.051794271916151047e-02
1.053633820265531540e-02
1.071100216358900070e-02
1.092892140150070190e-02
1.099152583628892899e-02
1.103270240128040314e-02
1.101922336965799332e-02
1.110157649964094162e-02
1.115310378372669220e-02
1.115310378372669220e-02
1.116938516497612000e-02
1.106864865869283676e-02
1.091996394097805023e-02
1.091996394097805023e-02
1.091996394097805023e-02
1.063842233270406723e-02
1.030170917510986328e-02
9.875732474029064178e-03
9.451859630644321442e-03
8.942090906202793121e-03
8.942090906202793121e-03
8.380305953323841095e-03
7.804305292665958405e-03
7.312987465411424637e-03
6.837361026555299759e-03
6.460970733314752579e-03
6.100093945860862732e-03
5.768989678472280502e-03
5.477061960846185684e-03
5.259034689515829086e-03
5.103346891701221466e-03
5.103346891701221466e-03
5.066003184765577316e-03
5.145249422639608383e-03
5.178728140890598297e-03
5.175479222089052200e-03
5.173555575311183929e-03
5.217293743044137955e-03
5.425021052360534668e-03
5.715972743928432465e-03
6.030610762536525726e-03
6.382093764841556549e-03
6.382093764841556549e-03
6.713999900966882706e-03
6.977890618145465851e-03
6.977890618145465851e-03
6.977890618145465851e-03
7.279304787516593933e-03
7.541882339864969254e-03
7.806264329701662064e-03
8.052917197346687317e-03
8.228884078562259674e-03
8.330583572387695312e-03
8.330583572387695312e-03
8.388235233724117279e-03
8.388235233724117279e-03
8.424721658229827881e-03
8.369201794266700745e-03
8.219960145652294159e-03
8.076163008809089661e-03
7.939627394080162048e-03
7.907981052994728088e-03
8.014813065528869629e-03
8.139175362884998322e-03
8.139175362884998322e-03
8.296354673802852631e-03
8.408719673752784729e-03
8.399885147809982300e-03
8.303671143949031830e-03
8.279166184365749359e-03
8.373532444238662720e-03
8.510365150868892670e-03
8.694793097674846649e-03
8.843491785228252411e-03
8.979467675089836121e-03
8.979467675089836121e-03
9.093873202800750732e-03
9.161628782749176025e-03
9.233655408024787903e-03
9.275572374463081360e-03
9.307648986577987671e-03
9.359516203403472900e-03
9.412839077413082123e-03
9.400003589689731598e-03
9.341226890683174133e-03
9.290667250752449036e-03
9.290667250752449036e-03
9.204608388245105743e-03
9.152354672551155090e-03
9.193977341055870056e-03
9.207376278936862946e-03
9.226758033037185669e-03
9.193085134029388428e-03
9.186386130750179291e-03
9.108630008995532990e-03
9.023325517773628235e-03
8.968128822743892670e-03
8.968128822743892670e-03
8.895063772797584534e-03
8.819267153739929199e-03
8.817614987492561340e-03
8.819309994578361511e-03
8.754642680287361145e-03
8.601632900536060333e-03
8.601632900536060333e-03
8.502800948917865753e-03
8.422299288213253021e-03
8.442304097115993500e-03
8.442304097115993500e-03
8.332660421729087830e-03
8.252170868217945099e-03
8.348183706402778625e-03
8.469264023005962372e-03
8.646499365568161011e-03
8.839681744575500488e-03
9.041877463459968567e-03
9.041877463459968567e-03
9.041877463459968567e-03
9.162855334579944611e-03
9.162855334579944611e-03
9.254408068954944611e-03
9.271900169551372528e-03
9.276232682168483734e-03
9.288207627832889557e-03
9.360382333397865295e-03
9.380240924656391144e-03
9.425167925655841827e-03
9.378144517540931702e-03
9.359674528241157532e-03
9.475881233811378479e-03
9.475881233811378479e-03
9.620829485356807709e-03
9.801286272704601288e-03
9.969957172870635986e-03
1.010886859148740768e-02
1.025369297713041306e-02
1.039622258394956589e-02
1.048539858311414719e-02
1.056849397718906403e-02
1.061057019978761673e-02
1.065013185143470764e-02
1.065013185143470764e-02
1.066799089312553406e-02
1.060288958251476288e-02
1.056079380214214325e-02
1.052507758140563965e-02
1.046807225793600082e-02
1.019981596618890762e-02
9.991426952183246613e-03
9.844643063843250275e-03
9.763745591044425964e-03
9.758214466273784637e-03
9.758214466273784637e-03
9.852064773440361023e-03
9.929234161972999573e-03
9.999671950936317444e-03
1.008593942970037460e-02
1.012451946735382080e-02
1.017484068870544434e-02
1.026560366153717041e-02
1.026884187012910843e-02
1.026475708931684494e-02
1.021421793848276138e-02
1.021421793848276138e-02
1.018301863223314285e-02
1.014428026974201202e-02
1.016577705740928650e-02
1.014882978051900864e-02
1.012168265879154205e-02
1.006133295595645905e-02
9.995033964514732361e-03
9.932751767337322235e-03
9.958242997527122498e-03
9.937014430761337280e-03
9.937014430761337280e-03
9.841384366154670715e-03
9.761194698512554169e-03
9.772874414920806885e-03
9.798895567655563354e-03
9.772473014891147614e-03
9.674808941781520844e-03
9.476084262132644653e-03
9.332081303000450134e-03
9.167591109871864319e-03
9.006626904010772705e-03
9.006626904010772705e-03
8.850522339344024658e-03
8.665554225444793701e-03
8.472602814435958862e-03
8.385295979678630829e-03
8.373133838176727295e-03
8.380598388612270355e-03
8.441057056188583374e-03
8.463668636977672577e-03
8.480384945869445801e-03
8.498840965330600739e-03
8.498840965330600739e-03
8.415958844125270844e-03
8.244580589234828949e-03
8.141276426613330841e-03
7.997653447091579437e-03
7.951415143907070160e-03
8.006479591131210327e-03
8.132253773510456085e-03
8.275028318166732788e-03
8.360423147678375244e-03
8.412990719079971313e-03
8.412990719079971313e-03
8.430792018771171570e-03
8.393672294914722443e-03
8.283915929496288300e-03
8.169324137270450592e-03
8.069059811532497406e-03
8.015225641429424286e-03
8.072979748249053955e-03
8.297896012663841248e-03
8.585617877542972565e-03
8.859827183187007904e-03
8.859827183187007904e-03
9.116953238844871521e-03
9.352135471999645233e-03
9.523089975118637085e-03
9.602926671504974365e-03
9.661853313446044922e-03
9.727361612021923065e-03
9.819319471716880798e-03
9.965693578124046326e-03
1.015483308583498001e-02
1.033142115920782089e-02
1.033142115920782089e-02
1.048631127923727036e-02
1.067787595093250275e-02
1.086623594164848328e-02
1.109459530562162399e-02
1.140248030424118042e-02
1.165246404707431793e-02
1.185684278607368469e-02
1.198410615324974060e-02
1.201008819043636322e-02
1.200971566140651703e-02
1.200971566140651703e-02
1.202300563454627991e-02
1.205061376094818115e-02
1.205353159457445145e-02
1.204358134418725967e-02
1.200801413506269455e-02
1.192632410675287247e-02
1.191070955246686935e-02
1.190735772252082825e-02
1.180198043584823608e-02
1.165607664734125137e-02
1.165607664734125137e-02
1.145313121378421783e-02
1.126256771385669708e-02
1.107724476605653763e-02
1.093129627406597137e-02
1.085781399160623550e-02
1.082793343812227249e-02
1.082495320588350296e-02
1.079741492867469788e-02
1.070905383676290512e-02
1.063035521656274796e-02
1.063035521656274796e-02
1.053775195032358170e-02
1.047462597489356995e-02
1.047353912144899368e-02
1.047682203352451324e-02
1.040313392877578735e-02
1.031875424087047577e-02
1.020512264221906662e-02
1.014330238103866577e-02
1.018506288528442383e-02
1.027054153382778168e-02
1.027054153382778168e-02
1.035674102604389191e-02
1.040638517588376999e-02
1.038852799683809280e-02
1.036830898374319077e-02
1.047958154231309891e-02
1.046426221728324890e-02
1.036905869841575623e-02
1.016887463629245758e-02
9.966320358216762543e-03
9.838842786848545074e-03
9.838842786848545074e-03
9.802270680665969849e-03
9.665410034358501434e-03
9.450734592974185944e-03
9.189224801957607269e-03
8.866686373949050903e-03
8.624625392258167267e-03
8.558246307075023651e-03
8.585590869188308716e-03
8.696729317307472229e-03
8.797256276011466980e-03
8.797256276011466980e-03
8.910413831472396851e-03
8.887480013072490692e-03
8.861001580953598022e-03
8.827399462461471558e-03
8.780036121606826782e-03
8.717766962945461273e-03
8.695040829479694366e-03
8.674511685967445374e-03
8.585047908127307892e-03
8.478170260787010193e-03
8.478170260787010193e-03
8.394107222557067871e-03
8.332484401762485504e-03
8.106091059744358063e-03
7.695559877902269363e-03
7.160016335546970367e-03
6.621190346777439117e-03
6.207924801856279373e-03
5.940000992268323898e-03
5.844367202371358871e-03
5.803329404443502426e-03
5.803329404443502426e-03
5.760237108916044235e-03
5.617226939648389816e-03
5.414525512605905533e-03
5.291738081723451614e-03
5.293079186230897903e-03
5.411888007074594498e-03
5.576576571911573410e-03
5.674858111888170242e-03
5.745111964643001556e-03
5.737345200031995773e-03
5.737345200031995773e-03
5.669701844453811646e-03
5.598905030637979507e-03
5.630018655210733414e-03
5.723982583731412888e-03
5.847137421369552612e-03
5.965454038232564926e-03
6.090749986469745636e-03
6.231083068996667862e-03
6.453672423958778381e-03
6.647709291428327560e-03
6.647709291428327560e-03
6.842763163149356842e-03
7.014827802777290344e-03
7.197638507932424545e-03
7.375705987215042114e-03
7.498618680983781815e-03
7.531885989010334015e-03
7.553750649094581604e-03
7.607400417327880859e-03
7.646603509783744812e-03
7.688289973884820938e-03
