2.355455306690509842e-02
2.246260303302394928e-02
2.219929221203099240e-02
2.182074014124691513e-02
2.191481526756884624e-02
2.228442585297851081e-02
2.270176936300977860e-02
2.265595633851310436e-02
2.248443232894599408e-02
2.211826639045648066e-02
2.186722190031565455e-02
2.186722190031565455e-02
2.193317448928890426e-02
2.216576689505988032e-02
2.252890361917636239e-02
2.281001033685880683e-02
2.308902289022672638e-02
2.342850581156459208e-02
2.389191722392594239e-02
2.440800905649026520e-02
2.498857703289321733e-02
2.525992353358164771e-02
2.525992353358164771e-02
2.554757736363582124e-02
2.584815849522562742e-02
2.604671647414024890e-02
2.609489499449057712e-02
2.615621399726303364e-02
2.616373853060759841e-02
2.637529154016104993e-02
2.658012887015687165e-02
2.685454068677343292e-02
2.695544799456770640e-02
2.695544799456770640e-02
2.700402273876070791e-02
2.699446249527594904e-02
2.689094597160249581e-02
2.687979267757897167e-02
2.681207775083308681e-02
2.676445621780972756e-02
2.682784628839645497e-02
2.691166505185383501e-02
2.716346006360602361e-02
2.737344404914045931e-02
2.737344404914045931e-02
2.769984619699265502e-02
2.814999270036755777e-02
2.858436054645206378e-02
2.891439992499020978e-02
2.897897389191417608e-02
2.900351976583186511e-02
2.900064905399486401e-02
2.909104624570294992e-02
2.908585237891828448e-02
2.910963946465474836e-02
2.910963946465474836e-02
2.921546477806088310e-02
2.934970805154677939e-02
2.963097707328797917e-02
2.988118767535487622e-02
3.007761443865137815e-02
3.015910144399928244e-02
3.018959072669950144e-02
3.017541967623506641e-02
3.017865144430051036e-02
3.026467780954365458e-02
3.026467780954365458e-02
3.024760447833639565e-02
3.026814889746750822e-02
3.021236937050037624e-02
2.997019881272700373e-02
2.981483321904694270e-02
2.969756590029591983e-02
2.944937890540916259e-02
2.929450848734333965e-02
2.903920726250084142e-02
2.863600510353781284e-02
2.863600510353781284e-02
2.831007405122309278e-02
2.815847635953142025e-02
2.792799335709657271e-02
2.793122778248147142e-02
2.795774858065773472e-02
2.808768834955520377e-02
2.810349622572150610e-02
2.829000872698603231e-02
2.882983898366233561e-02
2.915004545271687036e-02
2.915004545271687036e-02
2.952397296720784409e-02
2.951621139096712032e-02
2.951708812897040068e-02
2.949819670568840091e-02
2.963657336354564090e-02
2.984896832100549305e-02
3.008925463957101004e-02
3.049203073777866438e-02
3.082809914422591016e-02
3.109791201081545456e-02
3.109791201081545456e-02
3.129658856050495513e-02
3.108904020475354579e-02
3.100010842125295110e-02
3.091152971565161792e-02
3.081743475290117315e-02
3.064099280849134216e-02
3.039294716087904621e-02
3.021329959417204045e-02
3.012629109904413696e-02
2.990149813086189629e-02
2.990149813086189629e-02
2.973309334420964900e-02
2.961105049230946043e-02
2.950469977668017038e-02
2.939946116417353414e-02
2.937531544677292328e-02
2.936856840009628711e-02
2.933436694543402334e-02
2.934883453186095531e-02
2.949545023982655736e-02
2.975871442369438374e-02
2.975871442369438374e-02
2.989695865045173193e-02
3.005805122320000938e-02
3.016420833896347325e-02
3.020983600880419728e-02
3.035590768717055798e-02
3.032247843706076598e-02
3.014279378043129357e-02
2.982488841537920404e-02
2.963665885156809357e-02
2.949752600566376420e-02
2.949752600566376420e-02
2.930850090136237138e-02
2.919118262457606403e-02
2.905990966099571485e-02
2.895598028674630994e-02
2.887914464708015924e-02
2.892006837623111240e-02
2.896407220148451700e-02
2.905781945138466438e-02
2.897642775724685454e-02
2.884585595253007576e-02
2.884585595253007576e-02
2.868986259343695583e-02
2.833370147950331486e-02
2.803061275371620739e-02
2.770490382754274561e-02
2.737240255479192128e-02
2.713604134062795950e-02
2.693698542824729189e-02
2.697688303709178462e-02
2.718087793023685889e-02
2.755737929271274630e-02
