2.284797200816049076e-02
2.284797200816049076e-02
2.281119841822876887e-02
2.318236140274489501e-02
2.299598684711160260e-02
2.293599414219325491e-02
2.333298912783913701e-02
2.377318671666977384e-02
2.420805822654831241e-02
2.440771539088322159e-02
2.470903265547823649e-02
2.511292170897845566e-02
2.511292170897845566e-02
2.549559173226660300e-02
2.568359499259417408e-02
2.543225497035648056e-02
2.521288732004009492e-02
2.512216662994280064e-02
2.494552856117858777e-02
2.471524688843888123e-02
2.444722674272441568e-02
2.416545772696057984e-02
2.376421686741356926e-02
2.376421686741356926e-02
2.338528293371082076e-02
2.298992307360450682e-02
2.258870134098939914e-02
2.212805192760872522e-02
2.157176305714529271e-02
2.122103002227965912e-02
2.084990847167922032e-02
2.048228106825425096e-02
2.019956845781528329e-02
1.984268379083794359e-02
1.984268379083794359e-02
1.957098637299804073e-02
1.948181734037847737e-02
1.939398787995873230e-02
1.923930333771477555e-02
1.895035971089551949e-02
1.870311204058616381e-02
1.843352652274333689e-02
1.814187945962902546e-02
1.785200056981593036e-02
1.774608369945878880e-02
1.774608369945878880e-02
1.775643064321151543e-02
1.792796015667726117e-02
1.813799124057370940e-02
1.833340893404969418e-02
1.854439767143930065e-02
1.875814460904138073e-02
1.893655986597095331e-02
1.940358367995847697e-02
1.987580042210361497e-02
2.027908524603926413e-02
2.027908524603926413e-02
2.058214182318849478e-02
2.080365726304711158e-02
2.105515926199308385e-02
2.125231786215556196e-02
2.127371584636701327e-02
2.119575751599763608e-02
2.104841438115260394e-02
2.090370961253310012e-02
2.061813133816268670e-02
2.018295460850390646e-02
2.018295460850390646e-02
1.982204162458518770e-02
1.962644808744762326e-02
1.947864413915978074e-02
1.935801083331091521e-02
1.931133664769293934e-02
1.930224256339899136e-02
1.938993450106268196e-02
1.952162577386750211e-02
1.953388760455259526e-02
1.954931786417162670e-02
1.954931786417162670e-02
1.957909261777329366e-02
1.949272349075020783e-02
1.939628256787897381e-02
1.935516909342422862e-02
1.939977254924866654e-02
1.954278342161745036e-02
1.978079879901718449e-02
1.998740520380237751e-02
2.020559671045892708e-02
2.035795247324691942e-02
2.035795247324691942e-02
2.037330619485636096e-02
2.008571003166781735e-02
1.966391790042432836e-02
1.907308827200089596e-02
1.837000596873486144e-02
1.786182581683327594e-02
1.753239972522020393e-02
1.725707789443500784e-02
1.690068395368194906e-02
1.659774027245433659e-02
1.659774027245433659e-02
1.636179329615021147e-02
1.624826173274997176e-02
1.615830528677726294e-02
1.636177501820755553e-02
1.652097007641478363e-02
1.671063295009135932e-02
1.693107521462300369e-02
1.698999254691926225e-02
1.696942021979024745e-02
1.696942021979024745e-02
1.696942021979024745e-02
1.689569051675131675e-02
1.677548990578073967e-02
1.686889667650444749e-02
1.694988517299639633e-02
1.689170770955577758e-02
1.693776737098586296e-02
1.690985159405893057e-02
1.689364091074916502e-02
1.690243658901858029e-02
1.699198246079957828e-02
1.699198246079957828e-02
1.690150689162569705e-02
1.677575770715690473e-02
1.666375741305767266e-02
1.671761645544311489e-02
1.692145965876741542e-02
1.698351361536383497e-02
1.707646166443017172e-02
1.715092410276844101e-02
1.719375910384048425e-02
1.736630087283079146e-02
1.736630087283079146e-02
1.751513705900828444e-02
1.756322229721620984e-02
1.771683068690954252e-02
1.784668703076962293e-02
1.772552038317545473e-02
1.760731285275817307e-02
1.739912502913742998e-02
1.728119622545923328e-02
1.713363214148528810e-02
1.694151402788878630e-02
1.694151402788878630e-02
1.684554457215090006e-02
1.664791547446656597e-02
1.663875695722417947e-02
1.683629352106793056e-02
1.701235317308610190e-02
1.725356700794741446e-02
1.746037451489180006e-02
1.768144860900297891e-02
1.784299959217224354e-02
1.795311762931919852e-02
1.795311762931919852e-02
1.802630655419605946e-02
1.805611699725724953e-02
1.818560795761435187e-02
1.826699663731504858e-02
1.820381268169334044e-02
1.815295101119117696e-02
1.813338375556630688e-02
1.807301877302793305e-02
1.785455797974845604e-02
1.759404783263210717e-02
1.759404783263210717e-02
1.723467476027632644e-02
1.697652546757507513e-02
1.667814177757078950e-02
1.647252725890576558e-02
1.632527161025764534e-02
1.608670270752663584e-02
1.602509232598450795e-02
1.604923439788627504e-02
1.612360072344585019e-02
1.615247411337225603e-02
1.615247411337225603e-02
1.613649649582376763e-02
1.592961500581652895e-02
1.566881906781975378e-02
1.540452669052288018e-02
1.519590840352659337e-02
1.499093705560236058e-02
1.487869060093576119e-02
1.471208317032426070e-02
1.459233123261160711e-02
1.469851010023947094e-02
1.469851010023947094e-02
1.482009013966184216e-02
1.495878684629767252e-02
1.512569187502967039e-02
1.537789580020142328e-02
1.554880109880698268e-02
1.568041725946529158e-02
1.578184980266757534e-02
1.585813201524820595e-02
1.594501178288998400e-02
1.591635402899575433e-02
1.591635402899575433e-02
1.564661091279682253e-02
1.523503112951844415e-02
1.469221411122774608e-02
1.404280027087837814e-02
1.354788195611894737e-02
1.330121995424084040e-02
1.342146986355147696e-02
1.343574250668748589e-02
1.351197798379975314e-02
1.371989692359117455e-02
1.371989692359117455e-02
1.372091792218460907e-02
1.370428632396673493e-02
1.375950350680532272e-02
1.361326812525346514e-02
1.354650477123220571e-02
1.350732962914430804e-02
1.352173072000772795e-02
1.371437147440882423e-02
1.388615699011424599e-02
1.408878930697713555e-02
1.408878930697713555e-02
1.435008153393626737e-02
1.458120558039062258e-02
1.461396692632377717e-02
1.457124500139317033e-02
1.446246336328279279e-02
1.439672793502341265e-02
1.422243115317664390e-02
1.402534137478021747e-02
1.371852116036508321e-02
1.348185844962475517e-02
1.348185844962475517e-02
1.335963257446753059e-02
1.338836077436587370e-02
1.353494987975582993e-02
1.367624381126763579e-02
1.396087923297435925e-02
1.425967515812217451e-02
1.437065756300171318e-02
1.451610934213637925e-02
1.461483698956727792e-02
1.463834668186741496e-02
1.463834668186741496e-02
1.463092374065587051e-02
1.464763196258676674e-02
1.459044768562711529e-02
1.457721294422696136e-02
1.440644741569653206e-02
1.407549828972792100e-02
1.369974875365064654e-02
1.328438833371432815e-02
1.307117557184162525e-02
1.309739905576161670e-02
1.309739905576161670e-02
1.299950281184028902e-02
1.276925824032152691e-02
1.230994435590862177e-02
1.198512224886858629e-02
1.175800746351319398e-02
1.169867879913095293e-02
1.166951583248448596e-02
1.169280251943195792e-02
1.172563328413556670e-02
1.199136122407343068e-02
1.199136122407343068e-02
1.228744272577627673e-02
1.232438033789191173e-02
1.233339733345358014e-02
1.237797495962068665e-02
1.228621697217150213e-02
1.218126088705815194e-02
1.205668362867759816e-02
1.185089961960047490e-02
1.157558011300902946e-02
1.127821414820148922e-02
1.127821414820148922e-02
1.097876555372657298e-02
1.076567074873396000e-02
1.060288465601072483e-02
1.052842555629580727e-02
1.055456868572884205e-02
1.059677481150404776e-02
1.063579471546807764e-02
1.055025621967607512e-02
1.045473320186291258e-02
1.050198688371120105e-02
1.050198688371120105e-02
1.039444070829482862e-02
1.028668223669469348e-02
1.010053392585651307e-02
9.975913960917114423e-03
9.945832177120765907e-03
9.998594151776238684e-03
9.998594151776238684e-03
1.011404731618633854e-02
1.024511087575588272e-02
1.038756117001102958e-02
1.038756117001102958e-02
1.051729118479273820e-02
1.051585961515451827e-02
1.037509706875223113e-02
1.017933434341179548e-02
9.946258198694225491e-03
9.873445622811430691e-03
9.789558620220462082e-03
9.687365197000500847e-03
9.583936701898916957e-03
9.395612374388680882e-03
9.395612374388680882e-03
9.257329484946388506e-03
9.113502503332836235e-03
8.955194394453708934e-03
8.877027711504781315e-03
8.750774876215781581e-03
8.641982320204509918e-03
8.560501551051350258e-03
8.445320694481232154e-03
8.404401358564256991e-03
8.392750387768216011e-03
8.392750387768216011e-03
8.462770570199878301e-03
8.597689999866094807e-03
8.825310783336315357e-03
9.139403535012944474e-03
9.307188561021598194e-03
9.291282861373092311e-03
9.171232249534972195e-03
9.198393903008790159e-03
9.189470022984556896e-03
9.159535623369297053e-03
9.159535623369297053e-03
9.123767438207003311e-03
9.143518450346971305e-03
9.111724094044430095e-03
9.088408787544962480e-03
9.053707736364846950e-03
9.034211245497846335e-03
9.043549775471663998e-03
8.957809963448526425e-03
8.742791264643928056e-03
8.420808948792301782e-03
8.420808948792301782e-03
8.221786522823961232e-03
8.052306623774671199e-03
7.832856085482729422e-03
7.697219971956179539e-03
7.673450380149450176e-03
7.756863369846694195e-03
7.932562546401599954e-03
8.162341344497964918e-03
8.330761345893457001e-03
8.522617253368723264e-03
8.522617253368723264e-03
8.675438263187559146e-03
8.582170117307630700e-03
8.492264034497652367e-03
8.397236597793775181e-03
8.299512081972082109e-03
8.113423316375347610e-03
7.937172360622458261e-03
7.713094541083342394e-03
7.525290971916498255e-03
7.492526014675707051e-03
7.492526014675707051e-03
7.493540364200368571e-03
7.495407714970757015e-03
7.367584422759058602e-03
7.363153557696221554e-03
7.434518832410855725e-03
7.454316084870633852e-03
7.304525152794562673e-03
7.208455855189034069e-03
7.038657360556191053e-03
7.000896826097707110e-03
7.000896826097707110e-03
6.976519990393046690e-03
6.914563416572978675e-03
6.850441281606700281e-03
6.937359388888899095e-03
7.131619240830607692e-03
7.386765900570325775e-03
7.660573139210760489e-03
7.731530147522048743e-03
7.684668946774112636e-03
7.518670736785426807e-03
7.518670736785426807e-03
7.390563779125103143e-03
7.224228578920340559e-03
7.113980282722804152e-03
7.003895799265831036e-03
6.902210051552146002e-03
6.769022979447572065e-03
6.680471448516471684e-03
6.571926605568125662e-03
6.560272977932352090e-03
6.540544421792211967e-03
6.540544421792211967e-03
6.553633356813373667e-03
6.553507517520143141e-03
6.522524754100787921e-03
6.510719587423156006e-03
6.687761326639223881e-03
6.983956482179376653e-03
7.203847601389316152e-03
7.434745403154559631e-03
7.654161097124226668e-03
7.826217931568738712e-03
7.826217931568738712e-03
8.039625418466667464e-03
8.157785698806570632e-03
8.208496510070165814e-03
8.228352328071696087e-03
8.180416674801125818e-03
8.047319186941716274e-03
7.792202491834333486e-03
7.589668187433545182e-03
7.455377709263666039e-03
7.346485391448729155e-03
7.346485391448729155e-03
7.223325356339065084e-03
7.094275300572371393e-03
6.966738328993208641e-03
6.851449615398041461e-03
6.838956027220199387e-03
6.838971624643469006e-03
6.995079374539112799e-03
7.172650257890560502e-03
7.354206480138553333e-03
7.607845347510264720e-03
