1.422445196658372879e-02
1.422445196658372879e-02
1.339935604482889175e-02
1.246637850999832153e-02
1.173482462763786316e-02
1.113866921514272690e-02
1.118623465299606323e-02
1.131028588861227036e-02
1.172671094536781311e-02
1.217251829802989960e-02
1.270552724599838257e-02
1.299151405692100525e-02
1.299151405692100525e-02
1.319033186882734299e-02
1.338203810155391693e-02
1.358404662460088730e-02
1.369136106222867966e-02
1.390236709266901016e-02
1.419995725154876709e-02
1.447250787168741226e-02
1.455704402178525925e-02
1.452657114714384079e-02
1.431158557534217834e-02
1.431158557534217834e-02
1.419944036751985550e-02
1.410016603767871857e-02
1.408459618687629700e-02
1.418064255267381668e-02
1.425323728471994400e-02
1.416047662496566772e-02
1.402067113667726517e-02
1.375325024127960205e-02
1.346206665039062500e-02
1.322527509182691574e-02
1.322527509182691574e-02
1.305330079048871994e-02
1.301815081387758255e-02
1.301374472677707672e-02
1.319304294884204865e-02
1.348925661295652390e-02
1.374744717031717300e-02
1.391809247434139252e-02
1.401434745639562607e-02
1.408577430993318558e-02
1.418288331478834152e-02
1.418288331478834152e-02
1.410103775560855865e-02
1.402799040079116821e-02
1.419358793646097183e-02
1.435491442680358887e-02
1.452909596264362335e-02
1.465746108442544937e-02
1.512818224728107452e-02
1.546792034059762955e-02
1.578087545931339264e-02
1.596850901842117310e-02
1.596850901842117310e-02
1.594657823443412781e-02
1.578651927411556244e-02
1.552827656269073486e-02
1.520056743174791336e-02
1.483699586242437363e-02
1.451285649091005325e-02
1.432340405881404877e-02
1.414974033832550049e-02
1.400899514555931091e-02
1.386256050318479538e-02
1.386256050318479538e-02
1.358724571764469147e-02
1.321834325790405273e-02
1.280477363616228104e-02
1.240042224526405334e-02
1.198569778352975845e-02
1.162420120090246201e-02
1.182496268302202225e-02
1.201399322599172592e-02
1.216986402869224548e-02
1.223579887300729752e-02
1.223579887300729752e-02
1.227756589651107788e-02
1.229246053844690323e-02
1.227250229567289352e-02
1.208235975354909897e-02
1.179476920515298843e-02
1.144403312355279922e-02
1.106083672493696213e-02
1.073086448013782501e-02
1.046590134501457214e-02
1.037627644836902618e-02
1.037627644836902618e-02
1.022137980908155441e-02
1.008532475680112839e-02
9.888656437397003174e-03
9.717052802443504333e-03
9.723701514303684235e-03
9.880373254418373108e-03
1.009225007146596909e-02
1.028589159250259399e-02
1.048181671649217606e-02
1.063696108758449554e-02
1.063696108758449554e-02
1.053803693503141403e-02
1.038619503378868103e-02
1.026013121008872986e-02
1.028069294989109039e-02
1.043519843369722366e-02
1.067284122109413147e-02
1.103906705975532532e-02
1.123877894133329391e-02
1.118476130068302155e-02
1.094101276248693466e-02
1.094101276248693466e-02
1.059291977435350418e-02
1.031220518052577972e-02
1.013568695634603500e-02
1.012633182108402252e-02
1.029270049184560776e-02
1.051162742078304291e-02
1.074740942567586899e-02
1.091809663921594620e-02
1.091885380446910858e-02
1.086285337805747986e-02
1.086285337805747986e-02
1.063531730324029922e-02
1.040857657790184021e-02
1.023149490356445312e-02
1.014374755322933197e-02
1.012209150940179825e-02
1.002925261855125427e-02
9.933695197105407715e-03
9.760893881320953369e-03
9.515350684523582458e-03
9.276881814002990723e-03
9.276881814002990723e-03
9.024681523442268372e-03
8.875511586666107178e-03
8.792340755462646484e-03
8.744746446609497070e-03
8.740770630538463593e-03
8.706669323146343231e-03
8.670889772474765778e-03
8.601895533502101898e-03
8.477543480694293976e-03
8.394488133490085602e-03
8.394488133490085602e-03
8.284098468720912933e-03
8.273437619209289551e-03
8.335017599165439606e-03
8.460237644612789154e-03
8.553128689527511597e-03
8.599180728197097778e-03
8.579275570809841156e-03
8.554239757359027863e-03
8.612623438239097595e-03
8.704524487257003784e-03
8.704524487257003784e-03
8.853237144649028778e-03
9.046037681400775909e-03
9.231448173522949219e-03
9.400079958140850067e-03
9.651099331676959991e-03
9.967539459466934204e-03
1.031363755464553833e-02
1.068691443651914597e-02
1.110049989074468613e-02
1.157441735267639160e-02
1.157441735267639160e-02
1.200972683727741241e-02
1.243362203240394592e-02
1.276417821645736694e-02
1.301953848451375961e-02
1.322061195969581604e-02
1.330561563372612000e-02
1.329195592552423477e-02
1.320875901728868484e-02
1.310640294104814529e-02
1.280809286981821060e-02
1.280809286981821060e-02
1.236118283122777939e-02
1.175881829112768173e-02
1.111362501978874207e-02
1.041628606617450714e-02
9.793823584914207458e-03
9.366992861032485962e-03
9.072359651327133179e-03
8.825033903121948242e-03
8.720618672668933868e-03
8.733991533517837524e-03
8.733991533517837524e-03
8.721556514501571655e-03
8.684152737259864807e-03
8.597290143370628357e-03
8.549774065613746643e-03
8.385078981518745422e-03
8.176702074706554413e-03
7.930933497846126556e-03
7.682490628212690353e-03
7.408606354147195816e-03
7.145420182496309280e-03
7.145420182496309280e-03
6.778213661164045334e-03
6.376754492521286011e-03
6.097342818975448608e-03
5.981116555631160736e-03
5.912775173783302307e-03
5.950146820396184921e-03
6.179245654493570328e-03
6.440754514187574387e-03
6.667788606137037277e-03
6.904573179781436920e-03
6.904573179781436920e-03
7.114322856068611145e-03
7.309513632208108902e-03
7.416982669383287430e-03
7.490991614758968353e-03
7.495448924601078033e-03
7.481724023818969727e-03
7.387236692011356354e-03
7.307517342269420624e-03
7.300418335944414139e-03
7.333320565521717072e-03
7.333320565521717072e-03
7.366830017417669296e-03
7.525376975536346436e-03
7.734626065939664841e-03
8.048295043408870697e-03
8.369001559913158417e-03
8.742522448301315308e-03
9.153781458735466003e-03
9.534291923046112061e-03
9.902122430503368378e-03
1.023799646645784378e-02
1.023799646645784378e-02
1.055341865867376328e-02
1.091721095144748688e-02
1.127025671303272247e-02
1.150904502719640732e-02
1.168152224272489548e-02
1.166677474975585938e-02
1.143822073936462402e-02
1.111160498112440109e-02
1.075458433479070663e-02
1.040964201092720032e-02
1.040964201092720032e-02
1.006622239947319031e-02
9.642703458666801453e-03
9.228342212736606598e-03
8.803888224065303802e-03
8.420722559094429016e-03
8.023466914892196655e-03
7.631557062268257141e-03
7.302663754671812057e-03
7.088257931172847748e-03
7.015964016318321228e-03
7.015964016318321228e-03
7.030631881207227707e-03
7.016367278993129730e-03
6.894015241414308548e-03
6.705100182443857193e-03
6.505694240331649780e-03
6.363702937960624695e-03
6.340455263853073120e-03
6.324640009552240372e-03
6.445968057960271835e-03
6.594176869839429855e-03
