1.845022073662406364e-02
1.853325553282978919e-02
1.820683205640883859e-02
1.812409393373077757e-02
1.811075287717240842e-02
1.795302430606824512e-02
1.783494344513662094e-02
1.788971956374768579e-02
1.774639568800827696e-02
1.750655126854367555e-02
1.748150337870061841e-02
1.748150337870061841e-02
1.748289572939874803e-02
1.751312911645029613e-02
1.764681569031697345e-02
1.775597535898340573e-02
1.773385853013804275e-02
1.744543013116993044e-02
1.711677890433888766e-02
1.681975387218285350e-02
1.658124924941422468e-02
1.633367477507342500e-02
1.633367477507342500e-02
1.608507065780378012e-02
1.587177965411965680e-02
1.566624736281987604e-02
1.543601402332103224e-02
1.519490047145360609e-02
1.498644741954385275e-02
1.479122902797457874e-02
1.463135447782261400e-02
1.447716182720801270e-02
1.434385428847203756e-02
1.434385428847203756e-02
1.417698388216486437e-02
1.409569631684834921e-02
1.400513510185843850e-02
1.394747467139524980e-02
1.379740046358439269e-02
1.366858676622689783e-02
1.354583590969703558e-02
1.340173665497218156e-02
1.328456701572384817e-02
1.305322748557304416e-02
1.305322748557304416e-02
1.278613944486473898e-02
1.242568851726797222e-02
1.198548299493883140e-02
1.154154071011304419e-02
1.122391332274345378e-02
1.102421113562425566e-02
1.098710813829892156e-02
1.111392564721731639e-02
1.133306921883306742e-02
1.164460720145690104e-02
1.164460720145690104e-02
1.195510644319889432e-02
1.237926532800753820e-02
1.269779153281284934e-02
1.295917671002022771e-02
1.327130310090996086e-02
1.357985810221850644e-02
1.392160803822535542e-02
1.426599697608314267e-02
1.459987998677134829e-02
1.497876745015762866e-02
1.497876745015762866e-02
1.530259030110283150e-02
1.556916966568288631e-02
1.588535896370962819e-02
1.620548179877321499e-02
1.655589409553117133e-02
1.676126499358613492e-02
1.689178186451853469e-02
1.699703233162171492e-02
1.713502343842559714e-02
1.724118630429304772e-02
1.724118630429304772e-02
1.717409430085630601e-02
1.705323246043937563e-02
1.698965376199541855e-02
1.693420134025578824e-02
1.692381281418308195e-02
1.695781591798408566e-02
1.704223901396722043e-02
1.702262673856703989e-02
1.698373349872075305e-02
1.699670244722974177e-02
1.699670244722974177e-02
1.700368400850557626e-02
1.707894462799294105e-02
1.719596745646607971e-02
1.736409881740801769e-02
1.756163756978486312e-02
1.780941829808580304e-02
1.803479506334068616e-02
1.834105185662406740e-02
1.866543523059789600e-02
1.895718366822751050e-02
1.895718366822751050e-02
1.918606027413921611e-02
1.936074116480219348e-02
1.956938111655683737e-02
1.972512510015746526e-02
1.993215860644664134e-02
2.005217721547837215e-02
2.025948302880519608e-02
2.045901239891179113e-02
2.064891612178245892e-02
2.086311000323441342e-02
2.086311000323441342e-02
2.108733673946431089e-02
2.123059382452700122e-02
2.128457617626341655e-02
2.139345152925957450e-02
2.154204026096060570e-02
2.169455704783073563e-02
2.174301008833673388e-02
2.177305160832464226e-02
2.178716694146807381e-02
2.202357953540875005e-02
2.202357953540875005e-02
2.206926597081041233e-02
2.198538937220514272e-02
2.190453731710176669e-02
2.182923847024278996e-02
2.182980381214754892e-02
2.186135642881955471e-02
2.189938486930246078e-02
2.195355080546888479e-02
2.212980919223410045e-02
2.232677496683305521e-02
2.232677496683305521e-02
2.239325352326931515e-02
2.230908859213459952e-02
2.217772893287751554e-02
2.196718425316065981e-02
2.169804299384587090e-02
2.143993327863789877e-02
2.134499783155053079e-02
2.130064769771240415e-02
2.134340218923641910e-02
2.147483954955875518e-02
2.147483954955875518e-02
2.155658800570838668e-02
2.140242015561190717e-02
2.114833130892579405e-02
2.091544430784175734e-02
2.074949249228109915e-02
2.071716576644089258e-02
2.063111879201815976e-02
2.050921383369837259e-02
2.035148337605025698e-02
2.014507939124507777e-02
2.014507939124507777e-02
1.992764441643982490e-02
1.958077087129511673e-02
1.918393106638784790e-02
1.881098591769921405e-02
1.855044006786987776e-02
1.840707906259822849e-02
1.842964994248817712e-02
1.857645903811299889e-02
1.864105999707376879e-02
1.865217972895811052e-02
1.865217972895811052e-02
1.862955013012892319e-02
1.864875084854593704e-02
1.869798717818314804e-02
1.895044025351604391e-02
1.913833184727269446e-02
1.949038344141071702e-02
1.982583025842542257e-02
2.019531463954898562e-02
2.055004596583562271e-02
2.065059249909390743e-02
2.065059249909390743e-02
2.067384825701383891e-02
2.055589202124598683e-02
2.042321795149744379e-02
2.016728634929734407e-02
1.976635460544315381e-02
1.940848872042088766e-02
1.915228003978262580e-02
1.899929758296741572e-02
1.905173894381610028e-02
1.919305158716223120e-02
1.919305158716223120e-02
1.921430503054935568e-02
1.898849230079775741e-02
1.866323428448768765e-02
1.829280511926976646e-02
1.800380275935643815e-02
1.775586599672031307e-02
1.771694717258107468e-02
1.777439615715668136e-02
1.797547018609320368e-02
1.814631126213992959e-02
1.814631126213992959e-02
1.822422590277570503e-02
1.822133885130801378e-02
1.822052505949318946e-02
1.825565965035604726e-02
1.835540173158840133e-02
1.848388299972112195e-02
1.868239140264718254e-02
1.890891783189587935e-02
1.928710026663175287e-02
1.965127277059136590e-02
1.965127277059136590e-02
2.001447195944488361e-02
2.028300283542190316e-02
2.037624997455914425e-02
2.044726801785998888e-02
2.038097537339023449e-02
2.036032052960404237e-02
2.032785666515953688e-02
2.032471707770186833e-02
2.034861614050000045e-02
2.033405708424951275e-02
2.033405708424951275e-02
2.037088000154059497e-02
2.030068736967708884e-02
2.026925556363877792e-02
2.014334857788590769e-02
1.992190307783401129e-02
1.972616864052208555e-02
1.938347809406275671e-02
1.906463230822746935e-02
1.884481219147261799e-02
1.867145516431793426e-02
1.867145516431793426e-02
1.838996741250262940e-02
1.817633887551292973e-02
1.806902744097560465e-02
1.797358964795599257e-02
1.792262030015736446e-02
1.796634326457022604e-02
1.787251133100760739e-02
1.768723355637559155e-02
1.757342012818185681e-02
1.788718579339274029e-02
1.788718579339274029e-02
1.823520289597582722e-02
1.863434451927897806e-02
1.902891492016851871e-02
1.933060344097717667e-02
1.961115552832625591e-02
1.982767262860060317e-02
2.000008698572163304e-02
1.997843594954464702e-02
1.984403023986602843e-02
1.972046793613821403e-02
1.972046793613821403e-02
1.951561132760458450e-02
1.933150074587360392e-02
1.900326083099070779e-02
1.863790292203153925e-02
1.823793599935865858e-02
1.793560040450095303e-02
1.755101297016896378e-02
1.707487247864308486e-02
1.656112088807553534e-02
1.612254821659413889e-02
1.612254821659413889e-02
1.574475696172804307e-02
1.547674054885086851e-02
1.523595279146133102e-02
1.508051020122434457e-02
1.502830024621086731e-02
1.496592375619641528e-02
1.484099876075189312e-02
1.460202692077960246e-02
1.445852026639560597e-02
1.439532068408063033e-02
1.439532068408063033e-02
1.436399173478066296e-02
1.435019714999419445e-02
1.436143224075255367e-02
1.439629102407854327e-02
1.442411947728730430e-02
1.458446395517755748e-02
1.472552879617370844e-02
1.490042194882252626e-02
1.504549848503487948e-02
1.518848462744277171e-02
1.518848462744277171e-02
1.529699710358626598e-02
1.525671214587306229e-02
1.513279869008545518e-02
1.499272526448911652e-02
1.484431131030025143e-02
1.466023584750130414e-02
1.455771884266945232e-02
1.447552576856285002e-02
1.436227628745073877e-02
1.433034263641877470e-02
1.433034263641877470e-02
1.429918676408379122e-02
1.427651065301509085e-02
1.436484415708256558e-02
1.445178575356256649e-02
1.455017364365623553e-02
1.466690976117772903e-02
1.475622181526300113e-02
1.481533092685334216e-02
1.476650567578489601e-02
1.470605374537648467e-02
1.470605374537648467e-02
1.471345688246914439e-02
1.477333324369766061e-02
1.474560466052182370e-02
1.460482320774406963e-02
1.453390236396167462e-02
1.445800210537410112e-02
1.445717180435114081e-02
1.482667452963795998e-02
1.509598881916214032e-02
1.526824862706175658e-02
1.526824862706175658e-02
1.533523340982441939e-02
1.523096140275023019e-02
1.502509848650220893e-02
1.484651104341922455e-02
1.470792631028538210e-02
1.463966322802778310e-02
1.455695099297425396e-02
1.457893292235136126e-02
1.464153598182580188e-02
1.452885358425838602e-02
1.452885358425838602e-02
1.449253713548525647e-02
1.441901641915322579e-02
1.439587676150174203e-02
1.428594592544256241e-02
1.408447107492285209e-02
1.388898410884935493e-02
1.349924574843745263e-02
1.311419509586814539e-02
1.294407064037715258e-02
1.295650950741598917e-02
1.295650950741598917e-02
1.309437121692424814e-02
1.325056178956231234e-02
1.341955574440021476e-02
1.354274240589856126e-02
1.367330978314520648e-02
1.375605275477184176e-02
1.381259568468490122e-02
1.389382516331798441e-02
1.397360226831168180e-02
1.415765944480175224e-02
1.415765944480175224e-02
1.433823650315937427e-02
1.460085334361120764e-02
1.478473522665040875e-02
1.493928359255265043e-02
1.496459970037195518e-02
1.484375410318393776e-02
1.467631268190423485e-02
1.446922879656653387e-02
1.428252918452400239e-02
1.416942200552065260e-02
1.416942200552065260e-02
1.409817231433159630e-02
1.409714842968477246e-02
1.422474498307657771e-02
1.427613690551095271e-02
1.418498487185745546e-02
1.408139142349773207e-02
1.392782087617140847e-02
1.370203973998676723e-02
1.335958776218735579e-02
1.305393470268784856e-02
1.305393470268784856e-02
1.286458588268632464e-02
1.276010763764682220e-02
1.276937498710382576e-02
1.284845345711013720e-02
1.288493447698647529e-02
1.292248285738108529e-02
1.280307653265743209e-02
1.267084437012424257e-02
1.243583770599050037e-02
1.225070442314177450e-02
1.225070442314177450e-02
1.213963028464201330e-02
1.209975935414098203e-02
1.219682674522107844e-02
1.225044292633875424e-02
1.230635435711195658e-02
1.224064703558362666e-02
1.217138872052562180e-02
1.212576296422085594e-02
1.192120944650899329e-02
1.175444839682629299e-02
1.175444839682629299e-02
1.164475277267741117e-02
1.144445426851526185e-02
1.121432357918258384e-02
1.123453301113548804e-02
1.117120341916618374e-02
1.106924347431673117e-02
1.112847515861914612e-02
1.095980243377092135e-02
1.067419265548955228e-02
1.047827559291841272e-02
1.047827559291841272e-02
1.023894595901756778e-02
1.005633564951312516e-02
9.986852678867964503e-03
1.003048142226813100e-02
1.006328916812168801e-02
1.027034918479255432e-02
1.048422444779820682e-02
1.110662388699443399e-02
1.153286796647865625e-02
1.167276899045299049e-02
1.167276899045299049e-02
1.180169598559290683e-02
1.188746657872985675e-02
1.186293946524769223e-02
1.195549357708795141e-02
1.208912100312073759e-02
1.238918669073346690e-02
1.263636822462256906e-02
1.284488783965117772e-02
1.292585870898496983e-02
1.299189429047423183e-02
1.299189429047423183e-02
1.290233288029688993e-02
1.274025520739997114e-02
1.248809311685968558e-02
1.237098641298974358e-02
1.241345476938071624e-02
1.255259060369918155e-02
1.272584854930340625e-02
1.288146035264571727e-02
1.300312529105161763e-02
1.312573977099833374e-02
1.312573977099833374e-02
1.316421673607024757e-02
1.318096605037586549e-02
1.317912996937510572e-02
1.300064039542452900e-02
1.279947951266357728e-02
1.271175959324009550e-02
1.262814169661800705e-02
1.276922903389822277e-02
1.285608365432376610e-02
1.298413693120163172e-02
1.298413693120163172e-02
1.308322846353111163e-02
1.310067980825824381e-02
1.314133718363389575e-02
1.317194383168365443e-02
1.316020874651391628e-02
1.323240410995927749e-02
1.312074522668046396e-02
1.291915093622977677e-02
1.280378160852768850e-02
1.266555049678872412e-02
1.266555049678872412e-02
1.249740973300505174e-02
1.239492176833553901e-02
1.233853119519649072e-02
1.228155802790102148e-02
1.220672320848386824e-02
1.211072939091475086e-02
1.195216393515587637e-02
1.166816008011259918e-02
1.142766022105623155e-02
1.122934309167530204e-02
1.122934309167530204e-02
1.121728414867848717e-02
1.135221136464301291e-02
1.157831014093373655e-02
1.178179966911992171e-02
1.193278318631323283e-02
1.189063386537058883e-02
1.175704701593614440e-02
1.163100070120683463e-02
1.148690872692406141e-02
1.146247710329812049e-02
1.146247710329812049e-02
1.150694759952696974e-02
1.160961778780250468e-02
1.177118123714209624e-02
1.190724172733587452e-02
1.195254818883530017e-02
1.193381150581861519e-02
1.173048687463758462e-02
1.175844295044044772e-02
1.173569458239499472e-02
1.161554722013634876e-02
1.161554722013634876e-02
1.167224670763299978e-02
1.175197645659976919e-02
1.196758805166706248e-02
1.214195006286538162e-02
1.230403434899169333e-02
1.249437477936364733e-02
1.369746675900442891e-02
1.470577776722125675e-02
1.573537978657525704e-02
1.696508060577789009e-02
1.696508060577789009e-02
1.831214224586853040e-02
1.943312848433441722e-02
2.032218913959659562e-02
2.104368854394121982e-02
2.175814377297530938e-02
2.216950854432330961e-02
2.280760401910610080e-02
2.349402844369541041e-02
2.407887589691317179e-02
2.454692949099535407e-02
2.454692949099535407e-02
2.475439641676572058e-02
2.479945467049213606e-02
2.481390559459741019e-02
2.467049834120139604e-02
2.433949225246394635e-02
2.396161139335702128e-02
2.362743106115685471e-02
2.334674440944273233e-02
2.326290348011375575e-02
2.327066394420745921e-02
2.327066394420745921e-02
2.338237518439818807e-02
2.359484015499261483e-02
2.389079347161757530e-02
2.426869867499627936e-02
2.453689985433497173e-02
2.474647184125594590e-02
2.490028124006965146e-02
2.488118062741496647e-02
2.471770015116361158e-02
2.443871035108240858e-02
2.443871035108240858e-02
2.414598061278730098e-02
2.397234008505985670e-02
2.381734751540201880e-02
2.377648891007501375e-02
2.382582084975634271e-02
2.403265540249237622e-02
2.432314449256648553e-02
2.466732710568713197e-02
2.493126960878794263e-02
2.503384783129059682e-02
2.503384783129059682e-02
2.510869647440527874e-02
2.509433604662354711e-02
2.501389698824922972e-02
2.492339690262733790e-02
2.484783785733707395e-02
2.480164875209516992e-02
2.487279910677453465e-02
2.493880929963390378e-02
2.505586860773848651e-02
2.518627682618392039e-02
