2.985682359487001891e-02
2.985682359487001891e-02
2.834708310402170306e-02
2.713101148762854173e-02
2.591274847519219396e-02
2.463571319213591140e-02
2.343453388016879940e-02
2.220698073677215140e-02
2.118312065211822373e-02
2.032270292878024520e-02
1.946820450725490759e-02
1.857977879004846233e-02
1.857977879004846233e-02
1.773004175744199648e-02
1.716394964999287329e-02
1.687315916774059787e-02
1.650674310659838717e-02
1.610476617323827395e-02
1.568818307940626766e-02
1.581724083439467465e-02
1.601177156247779454e-02
1.609304631626228693e-02
1.615122898752167566e-02
1.615122898752167566e-02
1.615763931638613399e-02
1.613578390862164050e-02
1.611350996732460739e-02
1.606868787927629577e-02
1.601385495435463449e-02
1.590419460063303286e-02
1.572982687562243451e-02
1.551026201661708306e-02
1.524144364203443985e-02
1.496543185721428866e-02
1.496543185721428866e-02
1.456328022028890827e-02
1.416971871095572960e-02
1.367534547152807721e-02
1.318406632972670203e-02
1.270527915121814552e-02
1.223955659710603862e-02
1.185414328271666186e-02
1.144536184780404510e-02
1.111695916254058086e-02
1.073870774905889662e-02
1.073870774905889662e-02
1.043083627642407002e-02
1.012374930971790196e-02
9.889851553785968322e-03
9.795039914174241691e-03
9.761393282301411567e-03
9.826671281768121352e-03
9.982604523066269941e-03
1.014366145055473761e-02
1.031162711774266313e-02
1.042751036267956961e-02
1.042751036267956961e-02
1.059533298785998376e-02
1.080369480142119414e-02
1.089640037476942783e-02
1.094714501859471098e-02
1.087343504752246587e-02
1.084170609061121948e-02
1.086527910687579493e-02
1.096849138441329842e-02
1.108195679535264530e-02
1.119729965765792895e-02
1.119729965765792895e-02
1.126398128014111794e-02
1.131695017296886936e-02
1.133905696395583716e-02
1.139690779282807181e-02
1.148332492128492643e-02
1.159260254697033581e-02
1.184452130208230383e-02
1.196593784411175213e-02
1.202009764917929754e-02
1.205250448290116211e-02
1.205250448290116211e-02
1.225094598599204068e-02
1.248852260560374093e-02
1.273467939245252235e-02
1.301127962589010770e-02
1.326974462012610496e-02
1.354957090013240648e-02
1.385956729235874457e-02
1.419935784615726851e-02
1.453086937740507775e-02
1.478353326133596997e-02
1.478353326133596997e-02
1.492992018032380380e-02
1.493924860582051227e-02
1.490899172079468947e-02
1.489261265747858845e-02
1.485985257137110820e-02
1.488692130714517649e-02
1.498673781130612816e-02
1.502709563768741922e-02
1.460244416131676812e-02
1.401111741041326068e-02
1.401111741041326068e-02
1.351599644247481607e-02
1.316102214645994452e-02
1.289227417713247406e-02
1.267090336234713045e-02
1.274741774414344525e-02
1.285617301545457537e-02
1.297471225315436141e-02
1.313403102044128148e-02
1.323717732470432694e-02
1.343880698904882827e-02
1.343880698904882827e-02
1.364636032742337982e-02
1.381054609127663028e-02
1.393460305276118805e-02
1.401879020231162724e-02
1.401241667758644331e-02
1.397347143456888555e-02
1.382249788042486625e-02
1.392907031876311312e-02
1.399865349080596684e-02
1.406084877484382357e-02
1.406084877484382357e-02
1.410330791564636498e-02
1.407192502722447169e-02
1.405192366883902672e-02
1.391006179250738051e-02
1.372575255766401471e-02
1.355624801355691071e-02
1.334591070896879762e-02
1.315290236657859491e-02
1.274980083635575238e-02
1.232958546314948806e-02
1.232958546314948806e-02
1.206523434832286988e-02
1.195007533216553737e-02
1.182315284651710638e-02
1.180849411179043205e-02
1.193992974395498112e-02
1.213538718741582166e-02
1.231803034677128594e-02
1.244279647576815653e-02
1.260796000894650638e-02
1.272669596480074591e-02
1.272669596480074591e-02
1.277211695561386584e-02
1.277850289847759849e-02
1.269559057163935356e-02
1.269559057163935356e-02
1.277985954885370139e-02
1.281220635481774769e-02
1.272435112864589782e-02
1.261293260978563029e-02
1.263424122864132033e-02
1.275178434310634060e-02
1.275178434310634060e-02
1.274427946427439222e-02
1.266536951002528687e-02
1.258261995637468753e-02
1.246242854683886174e-02
1.224083906306343283e-02
1.226821308380999544e-02
1.239484573097504420e-02
1.239991670860340033e-02
1.239991670860340033e-02
1.239991670860340033e-02
1.239991670860340033e-02
1.230555638701973792e-02
1.211441746938392988e-02
1.211441746938392988e-02
1.211441746938392988e-02
1.211441746938392988e-02
1.186475567418096913e-02
1.163642848002131858e-02
1.140333949232253882e-02
1.110233934996099868e-02
1.086170635051457445e-02
1.086170635051457445e-02
1.076108317196517068e-02
1.085518159440547123e-02
1.098632934474553201e-02
1.126067886949412913e-02
1.156963422610639280e-02
1.183349158223409581e-02
1.196597651112643428e-02
1.204427264020899863e-02
1.209666650491219089e-02
1.217541328902624342e-02
1.217541328902624342e-02
1.235810088921361974e-02
1.259026537872509795e-02
1.266614373687770592e-02
1.267331744215554820e-02
1.265460455560982189e-02
1.258728662775174083e-02
1.248552380390475190e-02
1.227707864858507136e-02
1.200609667165590706e-02
1.174428945407097330e-02
1.174428945407097330e-02
1.145502263722179837e-02
1.106713158652599706e-02
1.071583338263036762e-02
1.024541203188565619e-02
9.728927512660398569e-03
9.211188612490660982e-03
8.836174125622075701e-03
8.631355474886323251e-03
8.686666137043748750e-03
8.792735260144736789e-03
8.792735260144736789e-03
8.871374277523930499e-03
8.863085035149358831e-03
8.841028474205162024e-03
8.739691588990853438e-03
8.669325472323902507e-03
8.601956723590166096e-03
8.588245825258052427e-03
8.676436609984072845e-03
8.795179054790143100e-03
8.979160118923776995e-03
8.979160118923776995e-03
9.189388309886272616e-03
9.344443883389959293e-03
9.485061069199605607e-03
9.720651272120203398e-03
9.977733969703183117e-03
1.018047659887228416e-02
1.044614553408816648e-02
1.073756215779454910e-02
1.094308894354139271e-02
1.101908026924808964e-02
1.101908026924808964e-02
1.105492090534581154e-02
1.102087272274326554e-02
1.099294501803252909e-02
1.096699875573317086e-02
1.092681035593698509e-02
1.092879934117821014e-02
1.100138211733017561e-02
1.100100498912870081e-02
1.106015869480751236e-02
1.100601073347480530e-02
1.100601073347480530e-02
1.093644014761990454e-02
1.087056171007524767e-02
1.088792143026487934e-02
1.097527010681177348e-02
1.107703228252509588e-02
1.120861608737490182e-02
1.140753321393743989e-02
1.153936487147894790e-02
1.169312618954234870e-02
1.183766444138315867e-02
1.183766444138315867e-02
1.200958139806526485e-02
1.213621527959112163e-02
1.221827294029326216e-02
1.220736521569150065e-02
1.210359086237472112e-02
1.201881119730260732e-02
1.190709906212603260e-02
1.192856875376937555e-02
1.190963812748358983e-02
1.189243785023876183e-02
1.189243785023876183e-02
1.191614790035340488e-02
1.196102105104817140e-02
1.200969098165353792e-02
1.208338942351757164e-02
1.221153690104270426e-02
1.244643137352391751e-02
1.268076344956218203e-02
1.288083291836895732e-02
1.302518271605946840e-02
1.314880372470556696e-02
1.314880372470556696e-02
1.322991101470675189e-02
1.320636665669960678e-02
1.306115394004129376e-02
1.288855029129216262e-02
1.288855029129216262e-02
1.276774993102225940e-02
1.271340354864306660e-02
1.265304260014721814e-02
1.276541445747858203e-02
1.294958993846516415e-02
1.294958993846516415e-02
1.313686977301544573e-02
1.324576795881759507e-02
1.318897477611402115e-02
1.308145456128305406e-02
1.296597448784331079e-02
1.285166513244725625e-02
1.272201617566676157e-02
1.262291122966748523e-02
1.260271893591379845e-02
1.271765593621755099e-02
1.271765593621755099e-02
1.294156364847032399e-02
1.315376289717833796e-02
1.338425571552756370e-02
1.355951089761654391e-02
1.376023258852244677e-02
1.397758427233213030e-02
1.425135497500067301e-02
1.440800611581269028e-02
1.451967124346725639e-02
1.485308975183070521e-02
1.485308975183070521e-02
1.514943169939185312e-02
1.538917626603247303e-02
1.566365830673342036e-02
1.594200492029564098e-02
1.623809639588916220e-02
1.655782617765883674e-02
1.684693581164020681e-02
1.714087580301803734e-02
1.735958197019220675e-02
1.746917767677391709e-02
1.746917767677391709e-02
1.756457612499613685e-02
1.768304217281364485e-02
1.775845677959290297e-02
1.781324110172638475e-02
1.784646441890802224e-02
1.781387753951494193e-02
1.774434685125697922e-02
1.763968592751222891e-02
1.745134363489767373e-02
1.724456182786599651e-02
1.724456182786599651e-02
1.704523403241922641e-02
1.674038682959015992e-02
1.674038682959015992e-02
1.648275793633988823e-02
1.626737739364607013e-02
1.616664167509165514e-02
1.612198244312128270e-02
1.617346569798566724e-02
1.618892304954186803e-02
1.627410356099123073e-02
1.627410356099123073e-02
1.644518453581596956e-02
1.662655995584740379e-02
1.681039912631004593e-02
1.692441441596916757e-02
1.701350757947787951e-02
1.700432120907473948e-02
1.693951735499339348e-02
1.689453920868040637e-02
1.678641137275740242e-02
1.671792292652324319e-02
1.671792292652324319e-02
1.664747136714368053e-02
1.657728129713460091e-02
1.653157657284731741e-02
1.658712246485023051e-02
1.658406964169690731e-02
1.660781649605964222e-02
1.660898710607213585e-02
1.662207383501404165e-02
1.658734249014710144e-02
1.657851858283281715e-02
1.657851858283281715e-02
1.648398099812692363e-02
1.628613668828113314e-02
1.607254141872342668e-02
1.582543893876173918e-02
1.560903050043785725e-02
1.546120978176174221e-02
1.531703925221540238e-02
1.531218688021605476e-02
1.531218688021605476e-02
1.531218688021605476e-02
1.531218688021605476e-02
1.537460511578828473e-02
1.541366068452482314e-02
1.550300976946114399e-02
1.565904628918110553e-02
1.573752111810490170e-02
1.570116105847895252e-02
1.562080403010820615e-02
1.543765033562606234e-02
1.522891128197720670e-02
1.509927106240006867e-02
1.509927106240006867e-02
1.493385958570465043e-02
1.483625416117460329e-02
1.489403593832135803e-02
1.504166553152343731e-02
1.515225290455456120e-02
1.527978915441873149e-02
1.539583343176510570e-02
1.548734110722907280e-02
1.554198982695208578e-02
1.564636591467015447e-02
1.564636591467015447e-02
1.572535839595458340e-02
1.571893900485838921e-02
1.558761949217373627e-02
1.540911892664517495e-02
1.518917200395531256e-02
1.500215946069200466e-02
1.486270575300557492e-02
1.485495536885701566e-02
1.490983816099021586e-02
1.499867365158757959e-02
1.499867365158757959e-02
1.506692715244064423e-02
1.506942146989780941e-02
1.507579986837717483e-02
1.508384249107486315e-02
1.505161913868723923e-02
1.502907031721005190e-02
1.495180658158874222e-02
1.498567678970274576e-02
1.507817508034834351e-02
1.521316310801875717e-02
1.521316310801875717e-02
1.531833261367137634e-02
1.543623838475570442e-02
1.557954961656930412e-02
1.553679043709926821e-02
1.550093639641253636e-02
1.547750147051805795e-02
1.553668185225211620e-02
1.551718193081562912e-02
1.546173253468828730e-02
1.535769981884924605e-02
