2.767968177795410156e-02
2.767968177795410156e-02
2.803648449480533600e-02
2.835293672978878021e-02
2.877322770655155182e-02
2.954528853297233582e-02
3.041545674204826355e-02
3.124592639505863190e-02
3.194037079811096191e-02
3.289042785763740540e-02
3.376726061105728149e-02
3.476930782198905945e-02
3.476930782198905945e-02
3.576823323965072632e-02
3.663241118192672729e-02
3.714586421847343445e-02
3.764799237251281738e-02
3.816515207290649414e-02
3.870876133441925049e-02
3.918861970305442810e-02
3.969924524426460266e-02
4.027430713176727295e-02
4.077868163585662842e-02
4.077868163585662842e-02
4.140469431877136230e-02
4.199956357479095459e-02
4.255168139934539795e-02
4.299200698733329773e-02
4.338755458593368530e-02
4.373839870095252991e-02
4.402243345975875854e-02
4.432699456810951233e-02
4.461968317627906799e-02
4.474956542253494263e-02
4.474956542253494263e-02
4.498583078384399414e-02
4.537018388509750366e-02
4.564479365944862366e-02
4.604960232973098755e-02
4.659900441765785217e-02
4.717407003045082092e-02
4.770207777619361877e-02
4.821844026446342468e-02
4.874597862362861633e-02
4.909101128578186035e-02
4.909101128578186035e-02
4.913107678294181824e-02
4.897942394018173218e-02
4.881446063518524170e-02
4.854522272944450378e-02
4.810953512787818909e-02
4.764689132571220398e-02
4.734119772911071777e-02
4.683497548103332520e-02
4.658557847142219543e-02
4.639193788170814514e-02
4.639193788170814514e-02
4.632113128900527954e-02
4.630935564637184143e-02
4.637357965111732483e-02
4.642622917890548706e-02
4.645548388361930847e-02
4.661776870489120483e-02
4.684552550315856934e-02
4.718388989567756653e-02
4.734854772686958313e-02
4.750922322273254395e-02
4.750922322273254395e-02
4.762058705091476440e-02
4.762141406536102295e-02
4.751677438616752625e-02
4.750801995396614075e-02
4.745779186487197876e-02
4.753522202372550964e-02
4.749126359820365906e-02
4.766396060585975647e-02
4.775800183415412903e-02
4.790217429399490356e-02
4.790217429399490356e-02
4.798804223537445068e-02
4.813665896654129028e-02
4.776459187269210815e-02
4.726313427090644836e-02
4.687647148966789246e-02
4.661196097731590271e-02
4.664176702499389648e-02
4.683206602931022644e-02
4.675417765974998474e-02
4.658855497837066650e-02
4.658855497837066650e-02
4.630520939826965332e-02
4.602483287453651428e-02
4.564716294407844543e-02
4.528636857867240906e-02
4.507759213447570801e-02
4.488296061754226685e-02
4.450021684169769287e-02
4.420893266797065735e-02
4.397199675440788269e-02
4.399008303880691528e-02
4.399008303880691528e-02
4.411939904093742371e-02
4.438263922929763794e-02
4.464513808488845825e-02
4.516825079917907715e-02
4.557720571756362915e-02
4.581461846828460693e-02
4.574041813611984253e-02
4.538321495056152344e-02
4.510839283466339111e-02
4.500928893685340881e-02
4.500928893685340881e-02
4.498637840151786804e-02
4.502941668033599854e-02
4.505569115281105042e-02
4.496894776821136475e-02
4.475420713424682617e-02
4.451824352145195007e-02
4.424782842397689819e-02
4.434261843562126160e-02
4.458942264318466187e-02
4.474282264709472656e-02
4.474282264709472656e-02
4.492669925093650818e-02
4.480549320578575134e-02
4.470040276646614075e-02
4.472509399056434631e-02
4.518073797225952148e-02
4.556361958384513855e-02
4.589720815420150757e-02
4.614157602190971375e-02
4.651714861392974854e-02
4.683177545666694641e-02
4.683177545666694641e-02
4.708676785230636597e-02
4.733249172568321228e-02
4.734456911683082581e-02
4.706450551748275757e-02
4.695671796798706055e-02
4.685060307383537292e-02
4.678990691900253296e-02
4.674778133630752563e-02
4.665151238441467285e-02
4.641018807888031006e-02
4.641018807888031006e-02
4.619561880826950073e-02
4.602259024977684021e-02
4.562027007341384888e-02
4.543029889464378357e-02
4.546889290213584900e-02
4.568510502576828003e-02
4.585717618465423584e-02
4.608074575662612915e-02
4.628540575504302979e-02
4.637887701392173767e-02
4.637887701392173767e-02
4.647319763898849487e-02
4.664897918701171875e-02
4.686927795410156250e-02
4.722528904676437378e-02
4.769998788833618164e-02
4.821663722395896912e-02
4.868225753307342529e-02
4.919942840933799744e-02
4.952972754836082458e-02
5.009618774056434631e-02
5.009618774056434631e-02
5.047925934195518494e-02
5.068334937095642090e-02
5.083983391523361206e-02
5.084299668669700623e-02
5.087926611304283142e-02
5.104005709290504456e-02
5.128755420446395874e-02
5.137316510081291199e-02
5.113656818866729736e-02
5.076952278614044189e-02
5.076952278614044189e-02
5.029952898621559143e-02
4.993044212460517883e-02
4.982192069292068481e-02
4.996163770556449890e-02
5.029163882136344910e-02
5.068756639957427979e-02
5.082992836833000183e-02
5.091398209333419800e-02
5.089955404400825500e-02
5.087731406092643738e-02
5.087731406092643738e-02
5.065050348639488220e-02
5.031939968466758728e-02
4.997265711426734924e-02
4.996510595083236694e-02
5.022720620036125183e-02
5.087303742766380310e-02
5.143322795629501343e-02
5.197037011384963989e-02
5.243308097124099731e-02
5.275466665625572205e-02
5.275466665625572205e-02
5.280727520585060120e-02
5.288450792431831360e-02
5.267971009016036987e-02
5.242742970585823059e-02
5.231920629739761353e-02
5.239833891391754150e-02
5.259975790977478027e-02
5.271967500448226929e-02
5.277224257588386536e-02
5.274344980716705322e-02
5.274344980716705322e-02
5.243844911456108093e-02
5.204051360487937927e-02
5.168683454394340515e-02
5.138287320733070374e-02
5.110723152756690979e-02
5.106075853109359741e-02
5.120570585131645203e-02
5.145793035626411438e-02
5.173842608928680420e-02
5.184566602110862732e-02
5.184566602110862732e-02
5.192890018224716187e-02
5.197645723819732666e-02
5.194793641567230225e-02
5.174495279788970947e-02
5.146779865026473999e-02
5.130145326256752014e-02
5.128502100706100464e-02
5.137945339083671570e-02
5.151649191975593567e-02
5.164187029004096985e-02
5.164187029004096985e-02
5.188696831464767456e-02
5.191312730312347412e-02
5.190838500857353210e-02
5.172910168766975403e-02
5.151131749153137207e-02
5.127745494246482849e-02
5.103286728262901306e-02
5.083799734711647034e-02
5.091354995965957642e-02
5.109167471528053284e-02
5.109167471528053284e-02
5.128546804189682007e-02
5.146002769470214844e-02
5.163592472672462463e-02
5.161832273006439209e-02
5.157286673784255981e-02
5.140054970979690552e-02
5.124033242464065552e-02
5.109142884612083435e-02
5.110043659806251526e-02
5.119428411126136780e-02
5.119428411126136780e-02
5.133543163537979126e-02
5.150850489735603333e-02
5.160287022590637207e-02
5.148423463106155396e-02
5.126230046153068542e-02
5.097084864974021912e-02
5.076161399483680725e-02
5.060047656297683716e-02
5.043525621294975281e-02
5.034726858139038086e-02
5.034726858139038086e-02
5.042215809226036072e-02
5.059880763292312622e-02
5.077270790934562683e-02
5.088136717677116394e-02
5.074939131736755371e-02
5.041656643152236938e-02
5.001271888613700867e-02
4.945463687181472778e-02
4.882252216339111328e-02
4.824211075901985168e-02
4.824211075901985168e-02
4.779062792658805847e-02
4.763621091842651367e-02
4.758330807089805603e-02
4.764170199632644653e-02
4.771517217159271240e-02
4.767272621393203735e-02
4.752999544143676758e-02
4.732315242290496826e-02
4.708327353000640869e-02
4.673618450760841370e-02
4.673618450760841370e-02
4.637538641691207886e-02
4.605421051383018494e-02
4.570649564266204834e-02
4.535308852791786194e-02
4.511121287941932678e-02
4.490869119763374329e-02
4.482546821236610413e-02
4.483041912317276001e-02
4.480936005711555481e-02
4.458307847380638123e-02
4.458307847380638123e-02
4.396468773484230042e-02
4.329558461904525757e-02
4.244491830468177795e-02
4.187149927020072937e-02
4.149879887700080872e-02
4.133996739983558655e-02
4.137773439288139343e-02
4.166893288493156433e-02
4.196065291762351990e-02
4.229658469557762146e-02
4.229658469557762146e-02
4.248486086726188660e-02
4.251938313245773315e-02
4.246212542057037354e-02
4.242965579032897949e-02
4.244647920131683350e-02
4.240978509187698364e-02
4.242410883307456970e-02
4.256476834416389465e-02
4.259373247623443604e-02
4.245118424296379089e-02
4.245118424296379089e-02
4.228055477142333984e-02
4.208382219076156616e-02
4.184480383992195129e-02
4.147624224424362183e-02
4.128456115722656250e-02
4.123985394835472107e-02
4.123675450682640076e-02
4.134094715118408203e-02
4.138759523630142212e-02
4.137121513485908508e-02
4.137121513485908508e-02
4.134021699428558350e-02
4.117797315120697021e-02
4.097197577357292175e-02
4.072441533207893372e-02
4.038389772176742554e-02
4.002953320741653442e-02
3.970757499337196350e-02
3.947782143950462341e-02
3.933292999863624573e-02
3.914868831634521484e-02
3.914868831634521484e-02
3.886608779430389404e-02
3.856797143816947937e-02
3.827700763940811157e-02
3.808700665831565857e-02
3.803124651312828064e-02
3.816644847393035889e-02
3.840842843055725098e-02
3.873101621866226196e-02
3.901182115077972412e-02
3.924547508358955383e-02
3.924547508358955383e-02
3.930750116705894470e-02
3.930098935961723328e-02
3.928935900330543518e-02
3.926825150847434998e-02
3.950728476047515869e-02
3.972558304667472839e-02
3.987218812108039856e-02
4.001005738973617554e-02
4.011753946542739868e-02
4.024380818009376526e-02
4.024380818009376526e-02
4.030258208513259888e-02
4.038778692483901978e-02
4.060596227645874023e-02
4.080564156174659729e-02
4.110645875334739685e-02
4.146833717823028564e-02
4.180502891540527344e-02
4.215751960873603821e-02
4.177825525403022766e-02
4.129702225327491760e-02
4.129702225327491760e-02
4.079455137252807617e-02
4.037766903638839722e-02
4.012999311089515686e-02
3.994222357869148254e-02
3.985019400715827942e-02
3.975903615355491638e-02
3.965451940894126892e-02
3.958170861005783081e-02
3.950208052992820740e-02
3.940785676240921021e-02
3.940785676240921021e-02
3.928622230887413025e-02
3.929170221090316772e-02
3.951852396130561829e-02
3.980169817805290222e-02
4.024736210703849792e-02
4.065913334488868713e-02
4.109618440270423889e-02
4.143365472555160522e-02
4.159206524491310120e-02
4.164026305079460144e-02
4.164026305079460144e-02
4.158510267734527588e-02
4.155354946851730347e-02
4.149391129612922668e-02
4.144884273409843445e-02
4.152036458253860474e-02
4.163257405161857605e-02
4.182308539748191833e-02
4.206250607967376709e-02
4.229341447353363037e-02
4.243217036128044128e-02
4.243217036128044128e-02
4.245185852050781250e-02
4.238277673721313477e-02
4.218563809990882874e-02
4.193093627691268921e-02
4.184155166149139404e-02
4.189412295818328857e-02
4.206346347928047180e-02
4.225540161132812500e-02
4.245796054601669312e-02
4.269518703222274780e-02
4.269518703222274780e-02
4.296736419200897217e-02
4.324515908956527710e-02
4.349534213542938232e-02
4.368885233998298645e-02
4.385017231106758118e-02
4.410499334335327148e-02
4.430369287729263306e-02
4.443926736712455750e-02
4.439019411802291870e-02
4.425853490829467773e-02
