4.219428170472383499e-03
4.219428170472383499e-03
5.030869506299495697e-03
4.476121626794338226e-03
3.841824596747756004e-03
3.525452688336372375e-03
3.476908197626471519e-03
3.710096934810280800e-03
4.237873945385217667e-03
4.929753020405769348e-03
5.743719171732664108e-03
6.456662435084581375e-03
6.456662435084581375e-03
7.040955126285552979e-03
7.475658785551786423e-03
7.655187509953975677e-03
7.833235897123813629e-03
8.145830594003200531e-03
8.426491171121597290e-03
8.568628691136837006e-03
8.633726276457309723e-03
8.587437681853771210e-03
8.360529318451881409e-03
8.360529318451881409e-03
8.088687434792518616e-03
7.668021600693464279e-03
7.192245684564113617e-03
6.870808079838752747e-03
6.433348171412944794e-03
5.997845903038978577e-03
5.683075636625289917e-03
5.463493056595325470e-03
5.206008441746234894e-03
5.183144472539424896e-03
5.183144472539424896e-03
5.199898034334182739e-03
5.007206462323665619e-03
4.742743447422981262e-03
4.492732230573892593e-03
4.161282908171415329e-03
3.754399949684739113e-03
3.531936323270201683e-03
3.298402298241853714e-03
3.105953801423311234e-03
2.929236972704529762e-03
2.929236972704529762e-03
2.813320141285657883e-03
2.600550884380936623e-03
2.500657225027680397e-03
2.453833585605025291e-03
2.501724520698189735e-03
2.497204812243580818e-03
2.524933777749538422e-03
2.587984316051006317e-03
2.605935558676719666e-03
2.627021167427301407e-03
2.627021167427301407e-03
2.697401447221636772e-03
2.783799311146140099e-03
2.931929193437099457e-03
3.080714028328657150e-03
3.290041349828243256e-03
3.618846880272030830e-03
4.010640084743499756e-03
4.478979390114545822e-03
4.997631534934043884e-03
5.533834453672170639e-03
5.533834453672170639e-03
5.994891282171010971e-03
6.247494835406541824e-03
6.285126321017742157e-03
6.216004956513643265e-03
5.828980822116136551e-03
5.530064459890127182e-03
5.148945841938257217e-03
5.003644153475761414e-03
4.715392831712961197e-03
4.380145110189914703e-03
4.380145110189914703e-03
4.280862398445606232e-03
4.183950833976268768e-03
3.768277354538440704e-03
3.311370266601443291e-03
2.882243832573294640e-03
2.536498010158538818e-03
2.426299499347805977e-03
2.458518138155341148e-03
2.646330976858735085e-03
2.887515816837549210e-03
2.887515816837549210e-03
3.166781272739171982e-03
3.403098322451114655e-03
3.685823408886790276e-03
3.926265984773635864e-03
4.121173638850450516e-03
4.276121966540813446e-03
4.434648435562849045e-03
4.594099707901477814e-03
4.658805206418037415e-03
4.703619517385959625e-03
4.703619517385959625e-03
4.737884271889925003e-03
4.756653215736150742e-03
4.820474423468112946e-03
4.844753537327051163e-03
4.769871477037668228e-03
4.806425422430038452e-03
5.019929725676774979e-03
5.442536901682615280e-03
5.991316400468349457e-03
6.595067214220762253e-03
6.595067214220762253e-03
7.188386749476194382e-03
7.641295436769723892e-03
7.959523238241672516e-03
8.058614097535610199e-03
8.079606108367443085e-03
7.958646863698959351e-03
7.695212494581937790e-03
7.155066821724176407e-03
6.497244816273450851e-03
5.839468911290168762e-03
5.839468911290168762e-03
5.139575339853763580e-03
4.544136114418506622e-03
3.983170259743928909e-03
3.540415782481431961e-03
3.131532575935125351e-03
2.791739301756024361e-03
2.630400238558650017e-03
2.543738111853599548e-03
2.585174515843391418e-03
2.767488593235611916e-03
2.767488593235611916e-03
2.998955082148313522e-03
3.252239897847175598e-03
3.481807652860879898e-03
3.740209154784679413e-03
3.963433206081390381e-03
4.193785134702920914e-03
4.433702211827039719e-03
4.572092089802026749e-03
4.695731215178966522e-03
4.810334648936986923e-03
4.810334648936986923e-03
4.882462788373231888e-03
4.973692819476127625e-03
5.015189759433269501e-03
5.091774277389049530e-03
5.157612264156341553e-03
5.195260047912597656e-03
5.223213694989681244e-03
5.171903409063816071e-03
5.055150948464870453e-03
4.991925787180662155e-03
4.991925787180662155e-03
5.040128249675035477e-03
5.142018198966979980e-03
5.387784447520971298e-03
5.636034999042749405e-03
5.750213749706745148e-03
5.602430552244186401e-03
5.221286788582801819e-03
4.736237693578004837e-03
4.139407072216272354e-03
3.320974996313452721e-03
3.320974996313452721e-03
2.393747912719845772e-03
1.603019540198147297e-03
1.420826185494661331e-03
1.622270327061414719e-03
1.941235736012458801e-03
2.190314466133713722e-03
2.352437702938914299e-03
2.496836939826607704e-03
2.712981542572379112e-03
3.101582406088709831e-03
3.101582406088709831e-03
3.654483240097761154e-03
4.200769588351249695e-03
4.687869921326637268e-03
5.065794102847576141e-03
5.310557316988706589e-03
5.525709595531225204e-03
5.711886100471019745e-03
5.817381665110588074e-03
5.928512196987867355e-03
6.053369957953691483e-03
6.053369957953691483e-03
6.060318555682897568e-03
6.072106771171092987e-03
6.088712252676486969e-03
6.082746665924787521e-03
6.075655110180377960e-03
6.083863787353038788e-03
6.148400250822305679e-03
6.260559428483247757e-03
6.327848415821790695e-03
6.302456371486186981e-03
6.302456371486186981e-03
6.233339663594961166e-03
6.144670303910970688e-03
5.990111734718084335e-03
5.823528859764337540e-03
5.599840078502893448e-03
5.378922447562217712e-03
5.160880275070667267e-03
4.723764024674892426e-03
4.380857571959495544e-03
4.126271698623895645e-03
4.126271698623895645e-03
3.957912325859069824e-03
3.898539347574114799e-03
3.694810438901185989e-03
3.589958185330033302e-03
3.640228649601340294e-03
3.702966030687093735e-03
3.730046562850475311e-03
3.879510797560214996e-03
4.041194450110197067e-03
4.251281265169382095e-03
4.251281265169382095e-03
4.334534984081983566e-03
4.443767946213483810e-03
4.559434484690427780e-03
4.579802043735980988e-03
4.747292026877403259e-03
4.949415102601051331e-03
5.055508576333522797e-03
4.992006346583366394e-03
4.819191060960292816e-03
4.576724488288164139e-03
4.576724488288164139e-03
4.440072458237409592e-03
4.460053984075784683e-03
4.429154563695192337e-03
4.416980780661106110e-03
4.360573366284370422e-03
4.283344838768243790e-03
4.149163141846656799e-03
3.964638337492942810e-03
3.734763246029615402e-03
3.493007272481918335e-03
3.493007272481918335e-03
3.259225282818078995e-03
3.134814556688070297e-03
4.041983280330896378e-03
4.860103596001863480e-03
5.554904229938983917e-03
6.077933590859174728e-03
6.551567465066909790e-03
6.932104937732219696e-03
7.270685862749814987e-03
7.548958528786897659e-03
