1.093993894755840302e-02
1.093993894755840302e-02
1.022399216890335083e-02
1.040356233716011047e-02
1.101836096495389938e-02
1.132567785680294037e-02
1.150773745030164719e-02
1.169683225452899933e-02
1.209941972047090530e-02
1.259392779320478439e-02
1.328268740326166153e-02
1.383163128048181534e-02
1.383163128048181534e-02
1.443692762404680252e-02
1.503749191761016846e-02
1.544987689703702927e-02
1.595297828316688538e-02
1.662990078330039978e-02
1.738678663969039917e-02
1.816473156213760376e-02
1.893450506031513214e-02
1.968613266944885254e-02
2.036304585635662079e-02
