2.062707672814912546e-02
2.062707672814912546e-02
1.907533981896699857e-02
1.782977757978300784e-02
1.666726605849264825e-02
1.571209406785957149e-02
1.492284662182499951e-02
1.424311869865464361e-02
1.342533566023248678e-02
1.275922271869081061e-02
1.241538634796042657e-02
1.229840300521113997e-02
1.229840300521113997e-02
1.259070606071322623e-02
1.269149471857321416e-02
1.264788175416154369e-02
1.271246791782962640e-02
1.281051379381826019e-02
1.274869695972636642e-02
1.279011165115221012e-02
1.277050049426114303e-02
1.271792114874677193e-02
1.244533433276532632e-02
1.244533433276532632e-02
1.204326411599558957e-02
1.169375071451568895e-02
1.148017177834691725e-02
1.140782379436054185e-02
1.127625954352911956e-02
1.130298326014437388e-02
1.137149224346371140e-02
1.119510593240857256e-02
1.112320611116941922e-02
1.104975938205971300e-02
1.104975938205971300e-02
1.113736749220357175e-02
1.141224052157982158e-02
1.157991350965115879e-02
1.164006336467900658e-02
1.168031584952841824e-02
1.184442438173623387e-02
1.224313218240282754e-02
1.262328875107369443e-02
1.305595178204332386e-02
1.354115910067489603e-02
1.354115910067489603e-02
1.382322929395036863e-02
1.403295152007591647e-02
1.418735052556610067e-02
1.443756730114120063e-02
1.464842511050002891e-02
1.481908826057901779e-02
1.501279208749769188e-02
1.516717353847626092e-02
1.527277123536603144e-02
1.533107704135327695e-02
1.533107704135327695e-02
1.529653183213785725e-02
1.523594455191956513e-02
1.519542968828119407e-02
1.503374973305630913e-02
1.483347103871405018e-02
1.464925162970612954e-02
1.449202130873392808e-02
1.433096581562461752e-02
1.413045736128086018e-02
1.391011686503371148e-02
1.391011686503371148e-02
1.395916248760419552e-02
1.383729356228048657e-02
1.362877925256965848e-02
1.346701583026202291e-02
1.360785948619948685e-02
1.358043185046765161e-02
1.382689826563211072e-02
1.385955442665725776e-02
1.380577529390524145e-02
1.389267999983872202e-02
1.389267999983872202e-02
1.398113297654752195e-02
1.405681916306208631e-02
1.412452758614138153e-02
1.438410071373002509e-02
1.464582015235251292e-02
1.489610966729480040e-02
1.507415516605619538e-02
1.509198718491094882e-02
1.502242140243370550e-02
1.479286553048034074e-02
1.479286553048034074e-02
1.439112966654009645e-02
1.410337525700064085e-02
1.390297667955431651e-02
1.370118645358886673e-02
1.341548275284070238e-02
1.288562943861851044e-02
1.268518177269749303e-02
1.279582240524904102e-02
1.295909953987695040e-02
1.306360172688289870e-02
1.306360172688289870e-02
1.326894811600309518e-02
1.345355712816656037e-02
1.362488011094250238e-02
1.366084569775032759e-02
1.358919992562012541e-02
1.312015992626023794e-02
1.256415976021856701e-02
1.204031420398362327e-02
1.146488495071273754e-02
1.082809979540953413e-02
1.082809979540953413e-02
1.011840470145864042e-02
9.284370955082103805e-03
8.609687351330708865e-03
7.971235901586517375e-03
7.369871751412460092e-03
6.931734792491687884e-03
6.726667818210825892e-03
6.594716330737139531e-03
6.656040103518305259e-03
6.776164572336212596e-03
6.776164572336212596e-03
7.003807155417328227e-03
7.310118830739519707e-03
7.624582725651759575e-03
7.770757477069917089e-03
7.913653864455293466e-03
7.996047121550038314e-03
8.079737880272552797e-03
8.053807683004152868e-03
7.844030068447794407e-03
7.574674209076781052e-03
7.574674209076781052e-03
7.355942154731196468e-03
7.190373019370606585e-03
7.204796488013355711e-03
7.267307129113877336e-03
7.254474085676912085e-03
7.166527287418513262e-03
7.196538373307119311e-03
7.163942475927473179e-03
7.080323422020143136e-03
7.053378543741206479e-03
7.053378543741206479e-03
6.924110296046682642e-03
6.660931131491365682e-03
6.451792858171540371e-03
6.436580083686407536e-03
6.389331404013824829e-03
6.446353158079958130e-03
6.557392501457089823e-03
6.525113788285527919e-03
6.318414231692645600e-03
5.988837813322706385e-03
5.988837813322706385e-03
5.597748330732976209e-03
5.077451182080974616e-03
4.679108501912230059e-03
4.459960732763492038e-03
4.348103509740719984e-03
4.370468214665228918e-03
4.578128597660225882e-03
4.767074142569037790e-03
4.852040091315274958e-03
5.181506889369496237e-03
5.181506889369496237e-03
5.371341969143464228e-03
5.013197972358242153e-03
4.643250385852431411e-03
4.160160969785155378e-03
3.760262972821978682e-03
3.518766483059955312e-03
3.258056998502989986e-03
3.045368321106058096e-03
2.884877856713406914e-03
2.682170357081225479e-03
2.682170357081225479e-03
2.664672287142005793e-03
2.840612500899697759e-03
3.244126136517543751e-03
3.985287795876635113e-03
4.818053983657862721e-03
5.400691823245138724e-03
5.835855738031546502e-03
6.377688395231582985e-03
6.641277181075993727e-03
6.730978679630616850e-03
6.730978679630616850e-03
6.697946757023166137e-03
6.558085137669861578e-03
6.554169607497373033e-03
6.583436111839505341e-03
6.527772573153215255e-03
6.550225831909410948e-03
6.710291335311821016e-03
6.837888619146844336e-03
7.053440373397302891e-03
7.264230942018523943e-03
7.264230942018523943e-03
7.135704620466662082e-03
6.836399589632898011e-03
6.599388911327786107e-03
6.249284118172707646e-03
6.042578750795712765e-03
5.892429127625393136e-03
5.818937854673193917e-03
5.827546605024974853e-03
5.973850688316739710e-03
6.179663318659360353e-03
6.179663318659360353e-03
6.241476391865652916e-03
6.047441689345164038e-03
5.714519161669432551e-03
5.260323202125765686e-03
4.748902913530176143e-03
4.173319910471039694e-03
3.855172689091173471e-03
3.572330315097609760e-03
3.473562807968291147e-03
3.618755239589678801e-03
3.618755239589678801e-03
3.862896743714875920e-03
4.116241127133794461e-03
4.338057887397301672e-03
4.738394303448251708e-03
5.108535610334231057e-03
5.473447479598752413e-03
5.824073436373276846e-03
6.079530379443837118e-03
6.291694692883428169e-03
6.421378304520906910e-03
6.421378304520906910e-03
6.559728036049780261e-03
6.678093268640199892e-03
6.739218292620877994e-03
6.724460473897059427e-03
6.609093964069807405e-03
6.381280017222043695e-03
6.088625204750705393e-03
5.752457018902729091e-03
5.369666095712330792e-03
4.894029107482935140e-03
4.894029107482935140e-03
4.926079128572700104e-03
5.041526824910256589e-03
5.187899330489340044e-03
5.415368901116645109e-03
5.579518661953780309e-03
5.775594654997084562e-03
6.031121428036680283e-03
6.165638431110886768e-03
6.059797322035369305e-03
5.978007643799856767e-03
5.978007643799856767e-03
5.769583416447753021e-03
5.603442578584432246e-03
5.568899248434300460e-03
5.498957143920605098e-03
5.457326194666082056e-03
5.443010645742552174e-03
5.442931922634353277e-03
5.460898467095560635e-03
5.647670858619609907e-03
5.778136761403949127e-03
5.778136761403949127e-03
5.919954408965944284e-03
5.900079869315736497e-03
5.714716493197837498e-03
5.409930872021241101e-03
5.062719232353712039e-03
4.781811907029392961e-03
4.601125229791526265e-03
4.410288547940005924e-03
4.354620316738436712e-03
4.368279383618898018e-03
4.368279383618898018e-03
4.450498223678814834e-03
4.430143085786495197e-03
4.481329372455261119e-03
4.602928155380409982e-03
4.836197123910264406e-03
5.296066619282949021e-03
5.680269074471052532e-03
5.795222248376227618e-03
5.988776813117946581e-03
6.091105926855535334e-03
6.091105926855535334e-03
5.830731535215264924e-03
5.454382059189707629e-03
5.009495187166113431e-03
4.670201456664843653e-03
4.386335085491059431e-03
4.154035908168624003e-03
3.932848885536478420e-03
4.134609692835139114e-03
4.357296281913895092e-03
4.595328986689307602e-03
4.595328986689307602e-03
4.863588446106448943e-03
4.908760058716308584e-03
5.194913457685731983e-03
5.581219554063054228e-03
5.884368831167084875e-03
6.077065487221611564e-03
6.133633322922691505e-03
6.086950274764632747e-03
5.854992735210964860e-03
5.469137957090771003e-03
5.469137957090771003e-03
4.985957659742436959e-03
4.583354075909369489e-03
4.295719371208588967e-03
4.329495560635327270e-03
4.648797325075564209e-03
4.943675520501133319e-03
5.370367791288548596e-03
5.751346995519815951e-03
6.052831417464088308e-03
6.216663480039453377e-03
6.216663480039453377e-03
6.370839763309083144e-03
6.353105428163056609e-03
6.195810380416363720e-03
5.958550659975750223e-03
5.784242949104658783e-03
5.622088972813682820e-03
5.453549773507075475e-03
5.414626799194320605e-03
5.547589496398944858e-03
5.715393829087741205e-03
5.715393829087741205e-03
5.791529349145314344e-03
5.922751485146844977e-03
6.097435226112354542e-03
6.104709172086554905e-03
6.135867787033690533e-03
6.080660937503350010e-03
5.988375069217839568e-03
5.852387314954392121e-03
5.668180302114977226e-03
5.637493837844920544e-03
5.637493837844920544e-03
5.796480017468004162e-03
5.922456192649736863e-03
5.886261148454877135e-03
5.971815024899585975e-03
5.961561056181439479e-03
5.905567887611935796e-03
5.845376445944149013e-03
5.668075605330277073e-03
5.524790463517371096e-03
5.481226959278146134e-03
5.481226959278146134e-03
5.296048088986231826e-03
5.255708899941574815e-03
5.377086434920567114e-03
5.546412974877427612e-03
5.746800299490600547e-03
5.961799734880842208e-03
6.181604822672622131e-03
6.066661597319593195e-03
5.843070055134348163e-03
5.627916307399997119e-03
5.627916307399997119e-03
5.476883976775993521e-03
5.339679594031302400e-03
5.404973541885633136e-03
5.513455302845824378e-03
5.752418235819295109e-03
6.051734658984183647e-03
6.345103489638953022e-03
6.528120503077160762e-03
6.615760483409133079e-03
6.479289266139325910e-03
6.479289266139325910e-03
6.295600482844766060e-03
6.199741715103220495e-03
5.873890003875913146e-03
5.580842470931548019e-03
5.344330665131618620e-03
5.301100125709417264e-03
5.371056077740708756e-03
5.721636416025319659e-03
6.073857522458852437e-03
6.260289440346779484e-03
6.260289440346779484e-03
6.356174713779580605e-03
6.633540638973204479e-03
6.806122602048703812e-03
6.922720832611201601e-03
8.274294319120625504e-03
9.451332064663761981e-03
1.050559262941113715e-02
1.144188807412001470e-02
1.223590736937579110e-02
1.298407284060543003e-02
1.298407284060543003e-02
1.366977903886040270e-02
1.429992373110889302e-02
1.481321824430377812e-02
1.525312963592721262e-02
1.567011999491278035e-02
1.604443159890288698e-02
1.639700699256457436e-02
1.673827139517732043e-02
1.704341555911590561e-02
1.731197922155058855e-02
1.731197922155058855e-02
1.731197922155058855e-02
1.731197922155058855e-02
1.754599440103387156e-02
1.776889735571671528e-02
1.799466329350113414e-02
1.814430188027038593e-02
1.822786901176815660e-02
1.829797935859152694e-02
1.829797935859152694e-02
1.843466129520547267e-02
1.843466129520547267e-02
1.845893930680921058e-02
1.836648769647260260e-02
1.823203320291937740e-02
1.810628763395039781e-02
1.793406232417113499e-02
1.776838135795775001e-02
1.752191882573681664e-02
1.724817134964110737e-02
1.694868956849845260e-02
1.660227830110987471e-02
1.660227830110987471e-02
1.627881466360863588e-02
1.603647484309037377e-02
1.580851817976567167e-02
1.560871379761890297e-02
1.545639011764606170e-02
1.531277942479112968e-02
1.517860097986636729e-02
1.506987833599337384e-02
1.502615703533165432e-02
1.500086395522950110e-02
1.500086395522950110e-02
1.501815227220763480e-02
1.506073258696012662e-02
1.509338560651352079e-02
1.515869938572196943e-02
1.526104465347709153e-02
1.540382648617471921e-02
1.552217999721044149e-02
1.559002598861288988e-02
1.564456080438648283e-02
1.563250697656289739e-02
1.563250697656289739e-02
1.556586447556945751e-02
1.551027163598686642e-02
1.538500246453830024e-02
1.533918974137008992e-02
1.528377650473129908e-02
1.523815017883343656e-02
1.518819504097740185e-02
1.508820555135534716e-02
1.501460115037830077e-02
1.496136274475005218e-02
1.496136274475005218e-02
1.490789944828806342e-02
1.490251104525075823e-02
1.498335349361885199e-02
1.506236148922249739e-02
1.508630020826896498e-02
1.505427987341112842e-02
1.510336462651381065e-02
1.514541945835070659e-02
1.519611643989604403e-02
1.529984618485964211e-02
1.529984618485964211e-02
1.537773668867853036e-02
1.538432947307506390e-02
1.541897861167570126e-02
1.545037544909644289e-02
1.548073483067098806e-02
1.541148023234776426e-02
1.528172409655547195e-02
1.519773430554300850e-02
1.511448674506862128e-02
1.503386393721971998e-02
1.503386393721971998e-02
1.492447457885778990e-02
1.454189244083561698e-02
1.435431605969662329e-02
1.432261724782249619e-02
1.433197746761892197e-02
1.433421861833534920e-02
1.432372623425571742e-02
1.433707447665213096e-02
1.431103791919142998e-02
1.433573503130694884e-02
1.433573503130694884e-02
1.423864427747146243e-02
1.418360087407857448e-02
1.417912010736274361e-02
1.428639740883813972e-02
1.451491314228481842e-02
1.474744369269754413e-02
1.492985461278678420e-02
1.507964649268062757e-02
1.517338494745064728e-02
1.519430732708709590e-02
1.519430732708709590e-02
1.520586985658124550e-02
1.512693161138144345e-02
1.509874341103698524e-02
1.506583856886540423e-02
1.503072875161799195e-02
1.506084672835346881e-02
1.508745679763223192e-02
1.514128175465140162e-02
1.517812339475383722e-02
1.513009859801504355e-02
1.513009859801504355e-02
1.504760133363442116e-02
1.503687861261871102e-02
1.501813692285308699e-02
1.499985057080860038e-02
1.497311551427008176e-02
1.496025625590177016e-02
1.500374283712659594e-02
1.508325855601356548e-02
1.519403293126864347e-02
1.532550877383224985e-02
1.532550877383224985e-02
1.544554292950761284e-02
1.553089536015906866e-02
1.560766597774739667e-02
1.559654335147477033e-02
1.561846986095149874e-02
1.563009420815383854e-02
1.561103127676208464e-02
1.562855748897322428e-02
1.566409288000492755e-02
1.568829051090913501e-02
1.568829051090913501e-02
1.572909259681823033e-02
1.575431501757814864e-02
1.578409077204650027e-02
1.570943091144960321e-02
1.566789981852131572e-02
1.563860410812552282e-02
1.562763444363072726e-02
1.559225413496559062e-02
1.558071829393485944e-02
1.561813387248534024e-02
1.561813387248534024e-02
1.569672827365157369e-02
1.578751454274301275e-02
1.581444908533412297e-02
1.586924341928312027e-02
1.590830315198528758e-02
1.592720839873261462e-02
1.592720839873261462e-02
1.592720839873261462e-02
1.590718924737144838e-02
1.581279883045905860e-02
1.581279883045905860e-02
1.569695797153107183e-02
1.558692543399957386e-02
1.547010683934191624e-02
1.543898073538718316e-02
1.536160497362332178e-02
1.544285574834289299e-02
1.555143701617851641e-02
1.570916540195965369e-02
1.578779071524312808e-02
1.587130640859672412e-02
1.587130640859672412e-02
1.590773200423672637e-02
1.588138665471236152e-02
1.581606778661768728e-02
1.574640298522287860e-02
1.569203168839113094e-02
1.566755181093089713e-02
1.565534021862784869e-02
1.568907484657547369e-02
1.572220811138523577e-02
1.577818029392040466e-02
1.577818029392040466e-02
1.581143865883881741e-02
1.580139939133852131e-02
1.581461385703072237e-02
1.577565519205800793e-02
1.569649717000025022e-02
1.562555146829460936e-02
1.546514181498199157e-02
1.524264635140682930e-02
1.501159469681202785e-02
1.475854596891981556e-02
1.475854596891981556e-02
1.455227847011498002e-02
1.446113182889564516e-02
1.438415997325312445e-02
1.435071131724726702e-02
1.427223523198627164e-02
1.430605974169450040e-02
1.435502305500428039e-02
1.434958530877306765e-02
1.420826876334270635e-02
1.418376323684859483e-02
1.418376323684859483e-02
1.420649446587515449e-02
1.420722544143328443e-02
1.408969804819886797e-02
1.399933301583063984e-02
1.392035573315458970e-02
1.387629967843397212e-02
1.383881864937627944e-02
1.373392325796185705e-02
1.370089744159877151e-02
1.371425856367827940e-02
1.371425856367827940e-02
1.365463060446163446e-02
1.356590406840548803e-02
1.340281704872285304e-02
1.324692955718820633e-02
1.306318097998320285e-02
1.291274920510883384e-02
1.277798266598537992e-02
1.271607367958840426e-02
1.279237079470328838e-02
1.287977931855556653e-02
1.287977931855556653e-02
1.297882087406561705e-02
1.295407855927817146e-02
1.290044743537011041e-02
1.285792471699589989e-02
1.274867679367814276e-02
1.261814946662109457e-02
1.246163218447075491e-02
1.232995613565659489e-02
1.220608105528859545e-02
1.221900888460302967e-02
1.221900888460302967e-02
1.225095535264408321e-02
1.230947711598836397e-02
1.233821977501109966e-02
1.245866587504531470e-02
1.260762063031435620e-02
1.272834869906634518e-02
1.286262637074689179e-02
1.297475527041806222e-02
1.312191525744600511e-02
1.330641352675673329e-02
1.330641352675673329e-02
1.352946562795724790e-02
1.371693394171441538e-02
1.393284008642398791e-02
1.411468163429883960e-02
1.421209964428431054e-02
1.430922024308060869e-02
1.439484893013387272e-02
1.448063031657017587e-02
1.450469836150047355e-02
1.453802443018254072e-02
1.453802443018254072e-02
1.440985268047959532e-02
1.427194751721348569e-02
1.415899906535938307e-02
1.405722427283763974e-02
1.406964545128760145e-02
1.406153649487544392e-02
1.406555737685633890e-02
1.406847517703615179e-02
1.402905338968356806e-02
1.401357337375620446e-02
1.401357337375620446e-02
1.400708208532785819e-02
1.405319787495260854e-02
1.410031265079202296e-02
1.408858336873358361e-02
1.407784197558445069e-02
1.410419128976707175e-02
1.420691732255240092e-02
1.427466865479492218e-02
1.430447505834733096e-02
1.436564091366065478e-02
1.436564091366065478e-02
1.441754018307203102e-02
1.438618873811303191e-02
1.434157358071137117e-02
1.430348622754717101e-02
1.425789877656099235e-02
1.431063237350839804e-02
1.436925565723976873e-02
1.435550052326729255e-02
1.433464478700944254e-02
1.429475414505866626e-02
