2.223673330625974137e-02
2.223673330625974137e-02
2.104608488554079310e-02
2.111336315811666864e-02
2.090972080864945612e-02
2.071743733544767832e-02
2.041568106215575426e-02
1.991078061491587461e-02
1.957102086103891525e-02
1.929706049520094752e-02
1.901243203682416449e-02
1.895616326616960182e-02
1.895616326616960182e-02
1.874136165060277803e-02
1.851560852862834880e-02
1.835149868262875295e-02
1.809527691471651129e-02
1.776789861391296285e-02
1.737888904524609313e-02
1.722113382933259870e-02
1.712028560451650527e-02
1.689763094684705938e-02
1.682135531374023482e-02
1.682135531374023482e-02
1.663309281399012046e-02
1.651896441422914114e-02
1.649100254440096294e-02
1.652551743719897145e-02
1.649750292746565358e-02
1.641538770356415836e-02
1.625810305022935137e-02
1.596499322416399316e-02
1.564445995930881586e-02
1.537376858767938552e-02
1.537376858767938552e-02
1.500504793396781854e-02
1.462493289833557281e-02
1.431433755356251517e-02
1.383748209121418368e-02
1.333638760989300925e-02
1.287530020099999020e-02
1.245945349301182982e-02
1.199713276830704015e-02
1.159894315570979967e-02
1.128231644997008953e-02
1.128231644997008953e-02
1.114704602376217352e-02
1.113900323544638957e-02
1.105510867877185742e-02
1.091085514832090819e-02
1.104110027462270813e-02
1.108155814966952854e-02
1.114809857074034946e-02
1.130568472404291924e-02
1.176587034709410118e-02
1.220165611941178598e-02
1.220165611941178598e-02
1.268655164658300839e-02
1.282061323523098380e-02
1.286366533713727105e-02
1.289348506053454753e-02
1.306467852586044691e-02
1.327302680511724745e-02
1.329337430934189601e-02
1.309304531249191710e-02
1.287451433615332229e-02
1.278656086985383543e-02
1.278656086985383543e-02
1.262067781164008876e-02
1.248707296715431160e-02
1.218615010020858251e-02
1.189523192046945850e-02
1.182410799646842897e-02
1.144591778497161712e-02
1.112399158828244507e-02
1.094787705693161563e-02
1.092185853638466021e-02
1.096498128621310048e-02
1.096498128621310048e-02
1.089099931116294107e-02
1.090813693766377532e-02
1.084206113693829583e-02
1.069605366474421157e-02
1.076530897397539460e-02
1.074590820673841131e-02
1.054117410500369188e-02
1.026457992383047677e-02
1.000726797426753668e-02
9.854501159271956620e-03
9.854501159271956620e-03
9.684303453493961142e-03
9.358350636501701694e-03
9.130888832725612622e-03
8.927013352064338755e-03
8.690691163813513490e-03
8.723082114665799483e-03
8.929699738387237781e-03
9.380308981064122698e-03
9.801620731440816373e-03
1.025396055759005866e-02
1.025396055759005866e-02
1.093299395879388826e-02
1.151038535597073698e-02
1.185497105029892188e-02
1.222019162951190792e-02
1.237536234625595533e-02
1.232807174534569263e-02
1.205456441946182837e-02
1.161057655534395751e-02
1.127080522155373722e-02
1.083129878507479299e-02
1.083129878507479299e-02
1.083129878507479299e-02
1.038223284196809239e-02
9.998590709243502378e-03
9.460842101643473709e-03
8.895227057826162603e-03
8.404088114873045634e-03
8.156991317117848195e-03
7.773199143234470025e-03
7.326570314394966789e-03
7.079712669159560386e-03
7.079712669159560386e-03
6.920322705675567045e-03
6.691443795544851393e-03
6.557759747683887704e-03
6.545192201881593064e-03
6.675571357876162668e-03
6.889541785638096140e-03
7.096815725775403559e-03
7.131309661332611675e-03
7.103935473157499750e-03
6.996957899127044349e-03
6.996957899127044349e-03
6.846241507930307495e-03
6.590338503268717771e-03
6.282408068461103716e-03
5.910049381244107149e-03
5.545466655064642918e-03
5.304488412777578175e-03
5.125172626511242946e-03
5.069961132849044698e-03
5.163736242279762592e-03
5.151167341047824429e-03
5.151167341047824429e-03
5.017255490415231840e-03
5.085602456186080929e-03
5.093189131131022410e-03
5.083106550723371850e-03
5.205817332431918534e-03
5.372568678575128688e-03
5.639168103325976206e-03
5.880216403613236324e-03
6.178763951255031653e-03
6.166271164710056436e-03
6.166271164710056436e-03
6.237327093470485667e-03
6.173489141130202897e-03
5.978600107618201390e-03
5.887457059310213445e-03
5.975208374543777151e-03
6.078870396038133818e-03
6.156785457014632423e-03
6.336472415758182333e-03
6.375955527230215206e-03
6.358688272401384796e-03
6.358688272401384796e-03
6.627659701782989514e-03
6.851279060056670624e-03
7.026116212695427028e-03
6.973126126064856101e-03
7.015497327719058367e-03
6.882446726146299737e-03
6.620349335155397558e-03
6.070967042052429277e-03
5.597935583736390018e-03
5.088468520916530902e-03
5.088468520916530902e-03
4.623702106784614504e-03
4.280302794937018707e-03
4.057468847215855469e-03
3.912011152938617460e-03
3.920062236440723970e-03
3.990654835938433655e-03
4.158668766616429105e-03
4.442482303184843752e-03
4.652257681384179902e-03
4.675794319597597129e-03
4.675794319597597129e-03
4.606537534527973925e-03
4.454294388083373732e-03
4.153887655920050249e-03
3.891646506152509136e-03
3.650064914616743192e-03
3.449623644776928649e-03
3.448411259909490816e-03
3.100453534017008975e-03
3.148591965344772932e-03
3.547717227578242854e-03
3.547717227578242854e-03
4.120730747852527701e-03
4.685706989549984908e-03
5.171322239862402408e-03
5.364259112690173727e-03
5.506442241333966113e-03
5.590055358180192127e-03
5.549468155564290725e-03
5.323191489204153436e-03
5.019285792318463509e-03
4.538111784721483161e-03
4.538111784721483161e-03
4.003131519142714111e-03
3.583671262735668803e-03
3.219677788671226198e-03
3.021977611325548686e-03
2.838032088601140628e-03
2.708488654917693642e-03
2.639730273032115868e-03
2.729150584813243036e-03
2.725507634300656547e-03
2.755033977976238668e-03
2.755033977976238668e-03
2.639711229977033391e-03
2.487583897767495569e-03
2.440177943962211320e-03
2.365016843150034333e-03
2.173645688380472073e-03
2.113620032727312695e-03
2.019774701065911709e-03
2.818163417949769677e-03
3.748988640756845993e-03
4.694184413839363502e-03
4.694184413839363502e-03
5.472643121144438356e-03
6.148321403606343653e-03
6.772359264116180680e-03
7.276942074454669646e-03
7.405172970239919453e-03
7.326808931579386307e-03
7.246517399312846740e-03
7.082674519045829495e-03
6.745951036577207439e-03
6.340988414292738663e-03
6.340988414292738663e-03
5.906195114778811824e-03
5.383686048782952011e-03
4.894777619718294372e-03
4.433650407749192834e-03
4.102688873283708536e-03
3.829409974133981577e-03
3.637555754431833193e-03
3.427290703900243585e-03
3.203886136112472829e-03
2.923376809810188624e-03
2.923376809810188624e-03
2.663763852780855028e-03
2.502546500268039258e-03
2.403281897903486106e-03
2.392391889821299331e-03
2.492246793302483644e-03
2.622094847128871985e-03
2.846768749907758675e-03
3.105829980005038113e-03
3.339302400788682779e-03
3.598817619409920305e-03
3.598817619409920305e-03
3.899002100542643592e-03
4.096910080454401436e-03
4.155375064860397649e-03
4.131463910775167239e-03
4.061619589429275173e-03
3.810867599750639243e-03
3.595636673242336157e-03
3.482723385186113976e-03
3.550044236558003250e-03
3.730298325526438218e-03
3.730298325526438218e-03
3.996085520665480263e-03
4.250755828290199607e-03
4.834591730931264361e-03
5.387773511318015920e-03
5.941836662927165238e-03
6.349473147099766838e-03
6.328379135217577015e-03
6.292253794798126874e-03
6.284478657561034728e-03
6.072792902773137963e-03
6.072792902773137963e-03
5.921445826685555087e-03
5.829028566018198444e-03
5.796437544696854231e-03
5.843629001988009941e-03
6.114794150128057340e-03
6.362153411369005432e-03
6.600252951003576264e-03
6.780325763623988936e-03
6.828318821322452645e-03
6.806629726155772470e-03
6.806629726155772470e-03
6.606503542719948524e-03
6.421728540003094135e-03
6.081228784839637878e-03
5.798016561269766361e-03
5.515540586785751265e-03
5.245399503302403642e-03
4.969496218992492005e-03
4.683049518117728301e-03
4.432215372932680163e-03
4.171625109315134187e-03
4.171625109315134187e-03
3.988878163454399710e-03
3.856480708660417478e-03
3.856016340651473046e-03
3.764926547164797015e-03
3.690318733890083410e-03
3.634571400498583151e-03
3.350505833378949333e-03
3.208504840667886042e-03
3.126949308483112280e-03
3.020271494882507089e-03
3.020271494882507089e-03
3.033441292043031253e-03
2.988061953683497814e-03
3.122187295092625908e-03
3.219774029902745978e-03
3.226768969466244346e-03
3.298847262907905233e-03
3.499043276466649345e-03
3.672840465991379297e-03
4.105125390261079796e-03
4.489220321856120244e-03
4.489220321856120244e-03
4.800639713325092345e-03
5.101971447565374802e-03
5.344372105930351308e-03
5.462063282614565939e-03
5.552421340739373441e-03
5.697028849687541495e-03
5.882905687173482084e-03
6.043373022774642736e-03
6.156409207678169640e-03
6.309310904872177453e-03
6.309310904872177453e-03
6.439664717142466396e-03
6.617262457542516518e-03
6.851442225531722760e-03
7.003711649212348948e-03
7.106640094111152037e-03
7.205824817126272458e-03
7.265495158745374771e-03
7.088692785266104482e-03
6.892720384786598167e-03
6.798343968677175893e-03
6.798343968677175893e-03
6.650865925997437311e-03
6.481782009407378690e-03
6.344714091076151391e-03
6.274341593734959754e-03
6.458459398060529578e-03
6.729607628712736683e-03
6.984619451548377753e-03
7.239941338941313989e-03
7.362283084148858736e-03
7.423585919232804364e-03
7.423585919232804364e-03
7.432181833052421693e-03
7.400446456448901006e-03
7.351669056407507917e-03
7.379475176516978041e-03
7.409210331850298384e-03
7.560502048672552294e-03
7.761567197946163399e-03
7.891581055527096752e-03
7.988522166623303333e-03
7.904891891510539698e-03
7.904891891510539698e-03
7.852642516527702510e-03
7.829649051317166819e-03
7.804570090639243764e-03
7.722274625144235315e-03
7.637158194112228689e-03
7.593729128390096748e-03
7.476567039768379497e-03
7.397050675664717384e-03
7.614771050408732089e-03
7.844154071328683295e-03
7.844154071328683295e-03
8.046564008382103145e-03
8.216768022555593839e-03
8.352595486682618670e-03
8.458061691351399097e-03
8.591080232314116799e-03
8.661869813865663223e-03
8.595185235322653702e-03
8.537351301781889723e-03
8.519169470894916857e-03
8.473640821867717277e-03
8.473640821867717277e-03
8.456455783486704209e-03
8.455197034423225788e-03
8.529903945042010063e-03
8.665393690853775630e-03
8.881071468769543079e-03
9.190918825651175211e-03
9.589755576246436139e-03
9.916288876740805489e-03
1.008708267761303061e-02
1.025178752436561695e-02
1.025178752436561695e-02
1.041289774427118023e-02
1.045358960547498536e-02
1.044397648371781125e-02
1.029680284874116836e-02
1.016765986044170303e-02
1.008434152314487652e-02
9.984955564450346058e-03
9.936811654256231044e-03
9.921782784919468481e-03
9.718560808169907084e-03
9.718560808169907084e-03
9.616781253221830250e-03
9.519182509625899805e-03
9.490597208723245207e-03
9.438410240463598194e-03
9.564126952134741760e-03
9.903821803753052114e-03
1.040467980706981897e-02
1.085824292522082589e-02
1.127485186870456381e-02
1.164814754716741313e-02
