1.655711986700473398e-02
1.655711986700473398e-02
1.539132913062472505e-02
1.443308831959570250e-02
1.354050778624465469e-02
1.241621419594587765e-02
1.139702686910573810e-02
1.136261795720728066e-02
1.145062131820901059e-02
1.161768904341835447e-02
1.142534402851391913e-02
1.111396197813371151e-02
1.111396197813371151e-02
1.083009781627274765e-02
1.060559060099555001e-02
9.975761527903168752e-03
9.654665921646063062e-03
9.273934530503085208e-03
9.047974621965854114e-03
9.001712952220797259e-03
9.049168028623691754e-03
9.173551605965602623e-03
9.253873348351860512e-03
