2.021006843162180197e-02
2.050103052518062810e-02
2.084697445804344074e-02
2.122177704729964406e-02
2.159330473070331796e-02
2.138727438915173987e-02
2.142767906874613187e-02
2.145494058330086815e-02
2.166212952946433221e-02
2.186777124516660689e-02
2.188520299073672126e-02
2.188520299073672126e-02
2.182674719422735693e-02
2.177953209650296262e-02
2.204151855271097721e-02
2.226728272894775915e-02
2.233120069677453634e-02
2.227453512193799251e-02
2.223672645172448947e-02
2.223255733045727961e-02
2.210807824852255299e-02
2.204496320394822712e-02
2.204496320394822712e-02
2.198292108137388581e-02
2.198932898468203626e-02
2.202778933478365814e-02
2.182364544099961445e-02
2.177338698353957144e-02
2.180426964246963417e-02
2.186333961971687403e-02
2.166366584494048078e-02
2.129850667310955251e-02
2.096703606251904689e-02
2.096703606251904689e-02
2.059477854822700654e-02
2.022701132192878185e-02
1.982276352116299836e-02
1.939651284950331608e-02
1.896187710460214837e-02
1.857757120262010925e-02
1.807577154426944985e-02
1.753294634063607207e-02
1.680685115191815626e-02
1.606865694117758786e-02
1.606865694117758786e-02
1.542135906281861743e-02
1.466999135037973592e-02
1.387266578528959307e-02
1.303999086372372058e-02
1.226997408932211514e-02
1.163582335379951226e-02
1.107781010460958705e-02
1.062456794793451009e-02
1.033132420502229885e-02
9.992896097056606919e-03
9.992896097056606919e-03
9.682735625012166628e-03
9.474246051184402606e-03
9.396024303107148104e-03
9.372915039398087983e-03
9.489423271875883220e-03
9.693553802966461269e-03
9.899380855558550379e-03
1.007699973694418938e-02
1.025283183437282475e-02
1.038719391345702646e-02
1.038719391345702646e-02
1.051163358395139878e-02
1.054626322661370713e-02
1.071405942746479420e-02
1.084889917552042150e-02
1.101954623413570027e-02
1.109893730348611267e-02
1.117818038504827215e-02
1.133554165196244690e-02
1.139491525846918901e-02
1.139357223193846781e-02
1.139357223193846781e-02
1.144809511805602170e-02
1.147302191923826528e-02
1.149973434315452667e-02
1.152548669073907503e-02
1.148222339664035224e-02
1.140325626343589339e-02
1.138535967347692468e-02
1.130919629318619286e-02
1.130265781148685061e-02
1.133605347331172186e-02
1.133605347331172186e-02
1.144040147494397586e-02
1.153207135137542319e-02
1.164770000380683894e-02
1.190668658828414675e-02
1.210285859612317619e-02
1.232692937434883701e-02
1.247008962257790260e-02
1.245330342801652737e-02
1.243861210378678812e-02
1.244995024846952229e-02
1.244995024846952229e-02
1.272091181203254505e-02
1.300380719512597011e-02
1.303382208629949926e-02
1.313974327640878362e-02
1.322686305429070230e-02
1.317729001669568252e-02
1.301644247085224915e-02
1.299005012137782918e-02
1.299382834610508797e-02
1.291441690883580844e-02
1.291441690883580844e-02
1.286765892792476017e-02
1.269006591304276850e-02
1.253526790977506356e-02
1.258769567079198910e-02
1.260555631976413224e-02
1.285945033172223619e-02
1.331682064206937861e-02
1.386288569506911005e-02
1.446085485860840875e-02
1.483396179798488444e-02
1.483396179798488444e-02
1.507829654150261676e-02
1.499429818689710855e-02
1.482172147244680341e-02
1.493190750721101051e-02
1.524315646576767519e-02
1.559838237720844595e-02
1.610444175957901486e-02
1.655511746074358678e-02
1.672430029983277069e-02
1.692422425920861104e-02
1.692422425920861104e-02
1.716969653084178191e-02
1.759344956151603911e-02
1.826561298690971419e-02
1.913334636172378186e-02
1.994480325441899335e-02
2.052465534635077721e-02
2.074082963619461664e-02
2.076682265553601511e-02
2.065114615304846843e-02
2.044248219797182783e-02
