3.755606338381767273e-02
3.755606338381767273e-02
3.694290667772293091e-02
3.657163307070732117e-02
3.662262111902236938e-02
3.679067641496658325e-02
3.718114271759986877e-02
3.759143874049186707e-02
3.774641081690788269e-02
3.806300833821296692e-02
3.828310221433639526e-02
3.848646208643913269e-02
3.848646208643913269e-02
3.871785104274749756e-02
3.879287838935852051e-02
3.878976032137870789e-02
3.865745291113853455e-02
3.846686705946922302e-02
3.869654610753059387e-02
3.892101347446441650e-02
3.922327607870101929e-02
3.951894491910934448e-02
3.983928635716438293e-02
3.983928635716438293e-02
4.011414200067520142e-02
4.031125828623771667e-02
4.042639955878257751e-02
4.050511866807937622e-02
4.065836966037750244e-02
4.075601324439048767e-02
4.082094505429267883e-02
4.106137901544570923e-02
4.130895063281059265e-02
4.156493023037910461e-02
4.156493023037910461e-02
4.174352437257766724e-02
4.189001023769378662e-02
4.206327348947525024e-02
4.227650538086891174e-02
4.249024763703346252e-02
4.264051094651222229e-02
4.264603555202484131e-02
4.259898513555526733e-02
4.243351146578788757e-02
4.228411614894866943e-02
4.228411614894866943e-02
4.212551191449165344e-02
4.193197563290596008e-02
4.168286547064781189e-02
4.150317981839179993e-02
4.124184325337409973e-02
4.094907641410827637e-02
4.069185256958007812e-02
4.044381156563758850e-02
4.020088165998458862e-02
4.004003107547760010e-02
4.004003107547760010e-02
3.989233449101448059e-02
3.979118168354034424e-02
3.969634324312210083e-02
3.952101245522499084e-02
3.939897567033767700e-02
3.955080360174179077e-02
3.959732502698898315e-02
3.973543643951416016e-02
3.987042233347892761e-02
4.002033174037933350e-02
4.002033174037933350e-02
4.006440564990043640e-02
3.994514048099517822e-02
3.967399150133132935e-02
3.934893012046813965e-02
3.893454745411872864e-02
3.849316760897636414e-02
3.814775124192237854e-02
3.832604363560676575e-02
3.845734149217605591e-02
3.837467730045318604e-02
3.837467730045318604e-02
3.815932199358940125e-02
3.782584890723228455e-02
3.752500936388969421e-02
3.717138245701789856e-02
3.677237033843994141e-02
3.633822873234748840e-02
3.598766401410102844e-02
3.558136895298957825e-02
3.527147322893142700e-02
3.495276346802711487e-02
3.495276346802711487e-02
3.474112972617149353e-02
3.461237624287605286e-02
3.453420847654342651e-02
3.445579856634140015e-02
3.432286903262138367e-02
3.421385213732719421e-02
3.402233123779296875e-02
3.384559974074363708e-02
3.372891619801521301e-02
3.392242267727851868e-02
3.392242267727851868e-02
3.419049456715583801e-02
3.423943743109703064e-02
3.426582738757133484e-02
3.431463614106178284e-02
3.430191799998283386e-02
3.430718183517456055e-02
3.432383760809898376e-02
3.423573449254035950e-02
3.416387736797332764e-02
3.407717123627662659e-02
3.407717123627662659e-02
3.405872359871864319e-02
3.402048721909523010e-02
3.400170430541038513e-02
3.386642783880233765e-02
3.364715352654457092e-02
3.338355571031570435e-02
3.315382823348045349e-02
3.306719288229942322e-02
3.303298726677894592e-02
3.306795284152030945e-02
3.306795284152030945e-02
3.322699666023254395e-02
3.332642838358879089e-02
3.347916528582572937e-02
3.371346369385719299e-02
3.383506461977958679e-02
3.375252336263656616e-02
3.367336094379425049e-02
3.339568525552749634e-02
3.311028704047203064e-02
3.286727145314216614e-02
3.286727145314216614e-02
3.275075182318687439e-02
3.260042145848274231e-02
3.252409771084785461e-02
3.250965476036071777e-02
3.251473233103752136e-02
3.255418688058853149e-02
3.265714645385742188e-02
3.284636884927749634e-02
3.307088464498519897e-02
3.336875140666961670e-02
3.336875140666961670e-02
3.366671130061149597e-02
3.375955298542976379e-02
3.391028568148612976e-02
3.422956168651580811e-02
3.450030833482742310e-02
3.468483686447143555e-02
3.497435897588729858e-02
3.560178726911544800e-02
3.610088676214218140e-02
3.651345148682594299e-02
3.651345148682594299e-02
3.689848631620407104e-02
3.716605529189109802e-02
3.736717626452445984e-02
3.742935135960578918e-02
3.746513277292251587e-02
3.761087730526924133e-02
3.772588446736335754e-02
3.776919841766357422e-02
3.774358332157135010e-02
3.766637668013572693e-02
3.766637668013572693e-02
3.762362524867057800e-02
3.761583939194679260e-02
3.756161034107208252e-02
3.749386593699455261e-02
3.738088905811309814e-02
3.738088905811309814e-02
3.731350973248481750e-02
3.723643720149993896e-02
3.712654858827590942e-02
3.686461970210075378e-02
3.686461970210075378e-02
3.686461970210075378e-02
3.652763366699218750e-02
3.617689758539199829e-02
3.580876067280769348e-02
3.554603829979896545e-02
3.516062721610069275e-02
3.482935577630996704e-02
3.449562191963195801e-02
3.397807106375694275e-02
3.330963104963302612e-02
3.330963104963302612e-02
3.272267431020736694e-02
3.212146833539009094e-02
3.156655654311180115e-02
3.112680651247501373e-02
3.071088530123233795e-02
3.027219511568546295e-02
2.991348877549171448e-02
2.945949509739875793e-02
2.892876602709293365e-02
2.797253243625164032e-02
2.797253243625164032e-02
2.709667012095451355e-02
2.643999084830284119e-02
2.590286359190940857e-02
2.541952393949031830e-02
2.499538846313953400e-02
2.464264817535877228e-02
2.446962147951126099e-02
2.433908917009830475e-02
2.427177317440509796e-02
2.428385056555271149e-02
2.428385056555271149e-02
2.428385056555271149e-02
2.428385056555271149e-02
2.428385056555271149e-02
2.431808598339557648e-02
2.430834807455539703e-02
2.426037751138210297e-02
2.417952381074428558e-02
2.404629252851009369e-02
2.375882677733898163e-02
2.343665994703769684e-02
2.343665994703769684e-02
2.293083257973194122e-02
2.234016172587871552e-02
2.175634913146495819e-02
2.133051306009292603e-02
2.097774669528007507e-02
2.081627771258354187e-02
2.067056857049465179e-02
2.048664540052413940e-02
2.038022689521312714e-02
2.030178904533386230e-02
2.030178904533386230e-02
2.031175233423709869e-02
2.045878581702709198e-02
2.074369229376316071e-02
2.126462198793888092e-02
2.167188748717308044e-02
2.183494716882705688e-02
2.191091328859329224e-02
2.178572490811347961e-02
2.151151373982429504e-02
2.119518630206584930e-02
2.119518630206584930e-02
2.081279270350933075e-02
2.032130770385265350e-02
1.988180354237556458e-02
1.933838427066802979e-02
1.869283802807331085e-02
1.792564801871776581e-02
1.717725023627281189e-02
1.636252552270889282e-02
1.538128685206174850e-02
1.443411409854888916e-02
1.443411409854888916e-02
1.351980585604906082e-02
1.279724761843681335e-02
1.279724761843681335e-02
1.214272342622280121e-02
1.151874382048845291e-02
1.086903456598520279e-02
1.032540854066610336e-02
9.644361212849617004e-03
8.893726393580436707e-03
8.155184797942638397e-03
8.155184797942638397e-03
7.591465488076210022e-03
7.186856120824813843e-03
6.799716036766767502e-03
6.470849737524986267e-03
6.166885141283273697e-03
5.965837743133306503e-03
5.834311712533235550e-03
5.709087476134300232e-03
5.610061343759298325e-03
5.686182063072919846e-03
5.686182063072919846e-03
5.650578998029232025e-03
5.610447842627763748e-03
5.620003212243318558e-03
5.605709739029407501e-03
5.674287676811218262e-03
5.781774874776601791e-03
5.914655979722738266e-03
6.202697288244962692e-03
6.445591803640127182e-03
6.793805863708257675e-03
6.793805863708257675e-03
7.147985510528087616e-03
7.488028146326541901e-03
7.798207458108663559e-03
8.079313673079013824e-03
8.163429796695709229e-03
8.221124298870563507e-03
8.418559096753597260e-03
8.651378564536571503e-03
9.763147681951522827e-03
1.075832732021808624e-02
1.075832732021808624e-02
1.161649264395236969e-02
1.223653927445411682e-02
1.274472568184137344e-02
1.315305568277835846e-02
1.348259765654802322e-02
1.359041500836610794e-02
1.360937766730785370e-02
1.383070647716522217e-02
1.399916503578424454e-02
1.394770946353673935e-02
1.394770946353673935e-02
1.383012346923351288e-02
1.348771993070840836e-02
1.307328604161739349e-02
1.261744089424610138e-02
1.223002281039953232e-02
1.186718139797449112e-02
1.148537546396255493e-02
1.115572173148393631e-02
1.076396554708480835e-02
1.037529949098825455e-02
1.037529949098825455e-02
9.950309991836547852e-03
9.698305279016494751e-03
9.475870989263057709e-03
9.384298697113990784e-03
9.242867119610309601e-03
9.083230979740619659e-03
8.862828835844993591e-03
8.668731898069381714e-03
8.513808250427246094e-03
8.385461755096912384e-03
8.385461755096912384e-03
8.429587818682193756e-03
8.662248961627483368e-03
9.091106243431568146e-03
9.473176673054695129e-03
9.721327573060989380e-03
9.851298294961452484e-03
9.864033199846744537e-03
9.846883825957775116e-03
9.884255938231945038e-03
9.929828345775604248e-03
9.929828345775604248e-03
9.961161762475967407e-03
9.962969459593296051e-03
9.874982759356498718e-03
9.763182140886783600e-03
9.735096246004104614e-03
1.170213893055915833e-02
1.358381565660238266e-02
1.533068902790546417e-02
1.690983027219772339e-02
1.832382194697856903e-02
1.832382194697856903e-02
1.959238387644290924e-02
2.073630690574645996e-02
2.175630070269107819e-02
2.267267927527427673e-02
2.348074130713939667e-02
2.417439408600330353e-02
2.483090944588184357e-02
2.538010291755199432e-02
2.588936872780323029e-02
2.636420540511608124e-02
2.636420540511608124e-02
2.681741677224636078e-02
2.724196389317512512e-02
2.764855511486530304e-02
2.803454734385013580e-02
2.840201556682586670e-02
2.875554002821445465e-02
2.910091355443000793e-02
2.941671386361122131e-02
2.970506995916366577e-02
2.998135611414909363e-02
2.998135611414909363e-02
3.021827712655067444e-02
3.041881136596202850e-02
3.059382922947406769e-02
3.075374849140644073e-02
3.089818917214870453e-02
3.100077994167804718e-02
3.108059987425804138e-02
3.113283589482307434e-02
3.114818409085273743e-02
3.117766603827476501e-02
3.117766603827476501e-02
3.122599422931671143e-02
3.126279637217521667e-02
3.128998726606369019e-02
3.132070600986480713e-02
3.133647888898849487e-02
3.135400265455245972e-02
3.133705258369445801e-02
3.129372745752334595e-02
3.125303611159324646e-02
3.122477792203426361e-02
3.122477792203426361e-02
3.118790499866008759e-02
3.115283325314521790e-02
3.110934235155582428e-02
3.106847777962684631e-02
3.102930262684822083e-02
3.098389320075511932e-02
3.091732971370220184e-02
3.086523525416851044e-02
3.082618117332458496e-02
3.078289702534675598e-02
3.078289702534675598e-02
3.074439801275730133e-02
3.070568293333053589e-02
3.064803220331668854e-02
3.057144023478031158e-02
3.047600388526916504e-02
3.038685768842697144e-02
3.029023297131061554e-02
3.020447678864002228e-02
3.011673316359519958e-02
3.001634962856769562e-02
3.001634962856769562e-02
2.994263544678688049e-02
2.986116893589496613e-02
2.978103607892990112e-02
2.969388850033283234e-02
2.963017858564853668e-02
2.957852557301521301e-02
2.953231148421764374e-02
2.949712425470352173e-02
2.946970611810684204e-02
2.947152778506278992e-02
