3.991190517328464110e-02
3.991190517328464110e-02
4.118524288837014519e-02
4.107752820353198497e-02
4.088712883992306341e-02
4.048780750287346575e-02
3.991483984107364880e-02
3.955457759946769125e-02
3.926074157670305514e-02
3.897241730178491875e-02
3.876494272530590923e-02
3.872481590409979080e-02
3.872481590409979080e-02
3.866421702745271444e-02
3.867367398403386697e-02
3.866543429337025717e-02
3.865318308645913220e-02
3.853745260652656490e-02
3.841131672233270150e-02
3.821950302060589388e-02
3.803436284294582637e-02
3.783710789841587124e-02
3.765156823284937504e-02
3.765156823284937504e-02
3.736045992345269490e-02
3.695981341518043278e-02
3.651773079700673663e-02
3.625032554808555602e-02
3.590276383815443895e-02
3.550377981028092489e-02
3.509427321634597113e-02
3.468926710696233068e-02
3.428941017211630665e-02
3.392313380398090383e-02
3.392313380398090383e-02
3.356057894484662518e-02
3.310006909008695458e-02
3.257927709911229153e-02
3.212960057756229781e-02
3.161736846787919358e-02
3.108798488778191302e-02
3.049034062828969230e-02
2.990476762325853383e-02
2.921991414230011921e-02
2.856103905996936962e-02
2.856103905996936962e-02
2.785029941942292198e-02
2.728686060097886001e-02
2.668408392883609218e-02
2.598663825415793369e-02
2.529798090717345904e-02
2.463912325431690670e-02
2.409970728926163347e-02
2.374233332857121279e-02
2.337942668851845582e-02
2.315457427847810584e-02
2.315457427847810584e-02
2.300211589062478579e-02
2.313955783253653434e-02
2.293579438747498159e-02
2.262969444571913055e-02
2.240787136656661668e-02
2.218490472432192370e-02
2.183659833902124037e-02
2.148989609621606775e-02
2.116296035762155886e-02
2.091523334742658238e-02
2.091523334742658238e-02
2.069660430009097676e-02
2.045449475475276738e-02
2.016256677966744154e-02
1.968393420052049272e-02
1.924602504594991048e-02
1.891376811279396955e-02
1.865052217428093961e-02
1.848204498983507457e-02
1.822314908936735478e-02
1.801916214600080349e-02
1.801916214600080349e-02
1.773920074199144409e-02
1.735316253807793821e-02
1.691924264044265824e-02
1.648185345817894040e-02
1.613452159834310312e-02
1.594555398686291550e-02
1.567193071690164974e-02
1.552161116795536082e-02
1.534946222216543657e-02
1.525768041895923799e-02
1.525768041895923799e-02
1.540512228670187951e-02
1.555547976056868668e-02
1.570439698975763243e-02
1.570022681667247039e-02
1.567075179249375824e-02
1.567653052239789332e-02
1.559319404359861896e-02
1.528083783436412144e-02
1.493517010540326879e-02
1.463604748441858089e-02
1.463604748441858089e-02
1.413334900724431617e-02
1.374068216605238771e-02
1.329290918214256698e-02
1.282785553991138382e-02
1.229674267109105192e-02
1.173459066315594643e-02
1.103875529691659453e-02
1.033983346672771517e-02
9.706260130445218404e-03
9.153810816477063114e-03
9.153810816477063114e-03
8.722960812877421713e-03
8.386521678352701348e-03
8.115088454383854663e-03
7.782172839667943209e-03
7.383158976299862911e-03
7.089917760427878919e-03
6.768459280568617925e-03
6.553720180562912570e-03
6.456160098260010222e-03
6.454505515067800181e-03
6.454505515067800181e-03
6.564051677650478700e-03
6.853831950702013974e-03
7.142771548485127124e-03
7.233837706844103120e-03
7.362126651351094675e-03
7.464833069313477412e-03
7.546765803384788800e-03
7.588169365155058611e-03
7.648118536550950995e-03
7.683621823663381277e-03
7.683621823663381277e-03
7.569447076929289309e-03
7.507111677663575768e-03
7.531999059391571681e-03
7.568200915624440604e-03
7.539904573406484671e-03
7.435342507741696076e-03
7.354325290147149460e-03
7.354883715943217465e-03
7.236577196805878999e-03
7.004698336947490049e-03
7.004698336947490049e-03
6.880338093571371737e-03
6.844217977189273605e-03
6.945183439620751867e-03
7.154735956227451128e-03
7.404294911516346410e-03
7.681873986008814180e-03
7.896416997807074664e-03
8.093059086588619624e-03
8.267080773480713074e-03
8.294003827217505745e-03
8.294003827217505745e-03
8.397194578220208011e-03
8.493751431372041291e-03
8.733425128669217163e-03
8.887595266438503075e-03
8.950111382324429238e-03
9.108053488741879936e-03
9.314011614610529649e-03
9.376054626780412279e-03
9.621112279929011635e-03
9.662077504754880072e-03
9.662077504754880072e-03
9.760467407896700892e-03
9.899556289922086666e-03
1.005380247127941884e-02
1.015320159411532523e-02
1.034020877221921396e-02
1.041252215354655786e-02
1.045662139178574375e-02
1.046993807157505819e-02
1.048924579045058293e-02
1.045777728432070730e-02
1.045777728432070730e-02
1.026692930162248669e-02
9.925069559407619091e-03
9.502926947121006704e-03
9.107905568235475507e-03
8.894816058328836386e-03
8.590825084401731981e-03
8.323803917637795022e-03
8.144066364340060010e-03
7.756149999413206216e-03
7.496106345075157461e-03
7.496106345075157461e-03
7.433740345338135137e-03
7.684258641954288573e-03
8.100011865519887375e-03
8.627373453679258036e-03
9.238665377515904026e-03
9.808400735395296846e-03
1.071574274751970271e-02
1.146839888909619715e-02
1.199440776360954745e-02
1.236678521543326664e-02
1.236678521543326664e-02
1.267524306108332686e-02
1.296552866679855087e-02
1.309457320234337294e-02
1.309095620795137221e-02
1.304277966110722366e-02
1.292852476934323695e-02
1.283385903889405766e-02
1.285189450586980350e-02
1.276506791514090897e-02
1.265134833477226869e-02
1.265134833477226869e-02
1.257639823804983757e-02
1.244812415027268457e-02
1.228378790248361302e-02
1.204824616028570342e-02
1.171508585110524366e-02
1.127404962807247550e-02
1.078113667419496567e-02
1.018237243610651058e-02
9.591432287845686952e-03
9.091160977212246058e-03
9.091160977212246058e-03
9.091160977212246058e-03
8.579896050089179382e-03
8.255367310292204691e-03
8.054308843147530567e-03
7.885350155135141884e-03
7.906079936370566039e-03
8.109634667748260445e-03
8.327108514084718971e-03
8.468673986739869847e-03
8.493541167491715227e-03
8.493541167491715227e-03
8.509538920642724033e-03
8.577676008143179931e-03
8.627590407151877402e-03
8.633739950998071608e-03
9.872739768094728613e-03
1.101171842800738841e-02
1.202582280343390125e-02
1.281615280083098739e-02
1.346456556683471584e-02
1.387613070419566746e-02
1.387613070419566746e-02
1.414334008495999294e-02
1.424454696509782660e-02
1.428562967242063414e-02
1.418795791317520490e-02
1.395705617406966907e-02
1.366716518355715580e-02
1.343571248466799740e-02
1.320649731518026317e-02
1.294768006990039237e-02
1.266435232000613989e-02
1.266435232000613989e-02
1.232627378693817652e-02
1.198118977279310875e-02
1.164292922424015053e-02
1.134956672160446212e-02
1.109122357436205519e-02
1.089378657037913881e-02
1.075750258074044223e-02
1.057678201841461517e-02
1.034239300758666227e-02
1.011286433290995053e-02
1.011286433290995053e-02
9.945492434585362709e-03
9.845482109461772130e-03
9.665581346499115337e-03
9.370075185703175338e-03
9.121300584867240296e-03
8.944554675411995823e-03
8.795265499058959116e-03
8.674566630613885637e-03
8.566631338967975115e-03
8.504234819378987675e-03
8.504234819378987675e-03
8.420316213782428130e-03
8.296832236439916769e-03
8.183475231270186112e-03
8.200634723093947615e-03
8.105866978078708068e-03
7.907906045918684790e-03
7.670903689177001675e-03
7.437988149437626748e-03
7.260069453491987089e-03
7.060874608887962589e-03
7.060874608887962589e-03
6.867699991509946741e-03
6.703237843864161619e-03
6.595856044900469395e-03
6.541269946390738076e-03
6.521343595151473868e-03
6.550667315906455977e-03
6.586920739168894076e-03
6.673528611296068204e-03
6.681791316306033741e-03
6.587917404189763682e-03
6.587917404189763682e-03
6.557791254966224663e-03
6.528606373243000041e-03
6.543366190030637172e-03
6.605665016584281839e-03
6.705239739165675707e-03
6.832137428732410096e-03
6.950046061294159506e-03
7.094070940487942796e-03
7.125784516796193103e-03
7.179746825008798995e-03
7.179746825008798995e-03
7.064826411913920252e-03
7.019248805654407404e-03
6.892306494207973110e-03
6.766815138782904249e-03
6.682781068090002004e-03
6.606812199331737849e-03
6.531367392539970743e-03
6.348831138484493063e-03
6.198514300772264320e-03
6.073006485141150060e-03
6.073006485141150060e-03
6.043359861070696400e-03
6.034983509592502585e-03
6.093199947373364317e-03
6.118160353556677949e-03
6.184806601821016790e-03
6.320788517052205666e-03
6.489048244389687171e-03
6.707675969722094039e-03
6.827240175910902209e-03
6.915651891289049599e-03
6.915651891289049599e-03
6.854165431715857244e-03
6.584112857333029693e-03
6.245357064987272500e-03
5.979998520207909993e-03
5.832818175181132651e-03
5.658309947057627888e-03
5.560271752146862465e-03
5.480586744315490283e-03
5.455877957927626580e-03
5.468410328731175031e-03
5.468410328731175031e-03
5.446984623151316339e-03
5.398762050559013231e-03
5.296677311701071707e-03
5.248658649488794140e-03
5.234128183538168388e-03
5.188407039822926989e-03
5.100046864168529710e-03
5.019881074743658654e-03
4.922131531125502682e-03
4.832720502768692548e-03
4.832720502768692548e-03
4.819654904845191434e-03
4.761316885276766636e-03
4.720448256122312947e-03
4.754038283478258589e-03
4.741978648315704065e-03
4.719978910291580503e-03
4.671860356578959837e-03
4.690796148486566473e-03
4.745238355863320295e-03
4.742196574248014329e-03
4.742196574248014329e-03
4.784877590739126767e-03
4.789181962238783438e-03
4.766182963764094456e-03
4.657412601756340600e-03
4.532839949603116071e-03
4.401618261090567072e-03
3.978621692216829757e-03
3.588089883429440748e-03
3.289764647404617038e-03
3.067752246829312177e-03
3.067752246829312177e-03
3.023908013301525310e-03
3.038882387534043612e-03
3.129877443068000784e-03
3.183328130784459677e-03
3.302737293780817415e-03
3.390283183247705216e-03
3.461912297222405691e-03
3.524592869056076237e-03
3.584872963603126777e-03
3.706968899822792388e-03
3.706968899822792388e-03
3.811625502017056306e-03
3.899373920950456769e-03
3.913661142862685793e-03
3.793010617270004946e-03
3.601945782835922882e-03
3.352871809746769526e-03
3.171766358757601659e-03
2.870924043133481988e-03
2.687937499931369791e-03
2.633473399999250626e-03
2.633473399999250626e-03
2.643202851136066886e-03
2.632757329484398424e-03
2.533212187154267308e-03
2.817048480943814236e-03
3.297209271693810409e-03
3.729327718083408436e-03
4.149980246468175024e-03
4.622598541853211937e-03
4.968543971890357867e-03
5.194408793499378368e-03
5.194408793499378368e-03
5.284163398087978088e-03
5.306966735292193219e-03
5.195258897764708401e-03
4.994024414400687062e-03
4.841625243744477301e-03
4.595178344307221732e-03
4.311736115749880208e-03
4.150335357219541062e-03
3.981311063264370703e-03
3.819134951227005654e-03
3.819134951227005654e-03
3.656103976859189850e-03
3.563830019805981544e-03
3.624735775946754356e-03
3.731144489749321867e-03
3.847934762132441261e-03
3.924544209498237630e-03
3.976035652987888747e-03
4.065468377041124917e-03
4.137344152404202370e-03
4.158649299299280178e-03
