2.211768524648123364e-03
2.211768524648123364e-03
3.611755752707640054e-03
2.749111857611096551e-03
1.767060410562635089e-03
1.527698756639812947e-03
1.646448702168618614e-03
2.058523247488190135e-03
2.563602988340650968e-03
2.900265473966170526e-03
3.003864150561836189e-03
2.808022382596681629e-03
2.808022382596681629e-03
2.511651835487481877e-03
2.252912407159786932e-03
2.079960675933625533e-03
2.041935265320659471e-03
2.147634705505569157e-03
2.297363314040899804e-03
2.429103529530491669e-03
2.477321884689550561e-03
2.477199490402744262e-03
2.358308341324584848e-03
2.358308341324584848e-03
2.250023861429011323e-03
2.130407412430910998e-03
1.993300864975381184e-03
1.944814217985553007e-03
1.930280472965019509e-03
2.065246001319726195e-03
2.218884200848888696e-03
2.311371783577681471e-03
2.266381092616393759e-03
2.153120081354835316e-03
2.153120081354835316e-03
1.998269660614736959e-03
1.868929186186631076e-03
1.826432233551510825e-03
1.909198251702125910e-03
2.126046044143843454e-03
2.407991819289881982e-03
2.576656151353785493e-03
2.478297776340804108e-03
2.288371931129641254e-03
2.063977408816818765e-03
2.063977408816818765e-03
1.888180612822071020e-03
1.803375291194284471e-03
1.910542602428735035e-03
2.145272966512708993e-03
2.370985463061938553e-03
2.436178426612931394e-03
2.223291540799787400e-03
1.994224893395272862e-03
1.863819359751572998e-03
1.823895805699138123e-03
1.823895805699138123e-03
1.802290346976905336e-03
1.867194806163195199e-03
1.955132020950717340e-03
1.955177736030186669e-03
2.012461638315395443e-03
2.021724424161153600e-03
1.958814498254066606e-03
1.959605398966591649e-03
2.000646206388469271e-03
2.165524245364701048e-03
2.165524245364701048e-03
2.231458071576243596e-03
2.174397695371007525e-03
2.063822837674203752e-03
2.048275761429251256e-03
2.173478954935518636e-03
2.141426018228764511e-03
2.124361130814534076e-03
2.090532565059967113e-03
1.796250955498299075e-03
1.706926017330679096e-03
1.706926017330679096e-03
1.689576382246776040e-03
1.901467283525898940e-03
2.232691054347552256e-03
2.402426847602969623e-03
2.267409693692196745e-03
2.001896477995829954e-03
1.593759575203419331e-03
1.389055401810181199e-03
1.567344606224171369e-03
1.771957783634049363e-03
1.771957783634049363e-03
1.946597579227644578e-03
1.951614155833502088e-03
1.818216439142600858e-03
1.732030720337797078e-03
1.734327765886704452e-03
1.799011708931476990e-03
1.841752034656973791e-03
1.890563480126429986e-03
1.860006353407562749e-03
1.814995114833355518e-03
1.814995114833355518e-03
1.750597749711581014e-03
1.700247475868592144e-03
1.670119255831686205e-03
1.691975464187955077e-03
1.758505767204274770e-03
1.852369881504281656e-03
1.907883143909895910e-03
1.833976681265554352e-03
1.762184459021992264e-03
1.698080471719755303e-03
1.698080471719755303e-03
1.554382067285188908e-03
1.536827151282240799e-03
1.594260598578962776e-03
1.626973288215113759e-03
1.571305724166641420e-03
1.653301891520706684e-03
1.606030953590779301e-03
1.577840791790284438e-03
1.553532400800270623e-03
1.504918781400280906e-03
1.504918781400280906e-03
1.408385776784800390e-03
1.316060544387021979e-03
1.320649209138736405e-03
1.330224416937116853e-03
1.426179105766750251e-03
1.460723684507397738e-03
1.519294588203299462e-03
1.508473635357371724e-03
1.395167907332007812e-03
1.341334078425886894e-03
1.341334078425886894e-03
1.314742734527410938e-03
1.379810628357712628e-03
1.524428550247955037e-03
1.515872721775867078e-03
1.491001401714269099e-03
1.425727694791941759e-03
1.375822668771708003e-03
1.426843260824387817e-03
1.609713764970824128e-03
1.664744507363086776e-03
1.664744507363086776e-03
1.674083167220515034e-03
1.565288017910235543e-03
1.497054762621107806e-03
1.461388627718973035e-03
1.556737367217499775e-03
1.674264346496787386e-03
1.865693948043943779e-03
1.882291169838635255e-03
1.764103256202700486e-03
1.637486852073366137e-03
1.637486852073366137e-03
1.587951487690265982e-03
1.703861933420034282e-03
1.861906212642236262e-03
1.962639243526754715e-03
1.932408481487696544e-03
1.807601076735551116e-03
1.749205672744605453e-03
1.825987301300183207e-03
1.908756372957642368e-03
1.871345485591353755e-03
1.871345485591353755e-03
1.770754934008932080e-03
1.677814280598553635e-03
1.698507028945077596e-03
1.789849479659280868e-03
1.889382881574887523e-03
1.874640359818889211e-03
1.799217474845013010e-03
1.814491509642076261e-03
1.853978205611576426e-03
1.925171825424952608e-03
1.925171825424952608e-03
2.006007007217554001e-03
2.009229578394772578e-03
1.964447500241306519e-03
1.950329903907269775e-03
1.918937937972477366e-03
1.872786868824408667e-03
1.816509293938408775e-03
1.860027956887227432e-03
1.868873180394868159e-03
1.794924522122859746e-03
1.794924522122859746e-03
1.778683990225558105e-03
1.732586168064880958e-03
1.798576865338446813e-03
1.849303524093339748e-03
1.875743712170007890e-03
1.710602986325555170e-03
1.637322516382520594e-03
1.623475512772567554e-03
1.733685913597447044e-03
1.863210586158701564e-03
1.863210586158701564e-03
1.878140796145957902e-03
1.890125280263212472e-03
1.926066333472642661e-03
1.961273104897864189e-03
1.950123933971027474e-03
2.012851919249781293e-03
2.083747287380269698e-03
2.111386882640859958e-03
2.077498399010093300e-03
1.977521252139628934e-03
1.977521252139628934e-03
1.855727005982615602e-03
1.775385386471799208e-03
1.852465111138059230e-03
1.992240334282319864e-03
2.033835049867079546e-03
1.938262936476897822e-03
1.750326752367914896e-03
1.551097443750981686e-03
1.487242838944614681e-03
1.565113194283361021e-03
1.565113194283361021e-03
1.736324964182764472e-03
1.740834407263176656e-03
1.707188262044414054e-03
1.515271582741522897e-03
1.539797004917714323e-03
1.584437255377244263e-03
1.656090783970067502e-03
1.664370609098838509e-03
1.605996995861198135e-03
1.605287401155929819e-03
1.605287401155929819e-03
1.554182616604162133e-03
1.495641969505754135e-03
1.453260579880533403e-03
1.500625447957262435e-03
1.569116253861529628e-03
1.588733265291291047e-03
1.479511579213269989e-03
1.510875165285814180e-03
1.582879616807096211e-03
1.659291377177541608e-03
1.659291377177541608e-03
1.659822126111997181e-03
1.591856421582303139e-03
1.513566253748164451e-03
1.460561549473746211e-03
1.415739548265825161e-03
1.428385738826119106e-03
1.530136982776755241e-03
1.630932067685690037e-03
1.601500868777029542e-03
1.410986653412228328e-03
1.410986653412228328e-03
1.262586819220732270e-03
1.272715006358511158e-03
1.446151087620165801e-03
1.590279110163629302e-03
1.550700459528469655e-03
1.372493099899852517e-03
1.279811272661797493e-03
1.213865882337713262e-03
1.197915589461352910e-03
1.389223115771078898e-03
1.389223115771078898e-03
1.566481869408823573e-03
1.487485748637776099e-03
1.361329490678550623e-03
1.338392867546387690e-03
1.454847017237131642e-03
1.555133408609704225e-03
1.616111453917430706e-03
1.622858404281042914e-03
1.633204796037686585e-03
1.681962905475048627e-03
