1.114405472840044112e-02
1.114405472840044112e-02
1.151797075674203946e-02
1.248086964388848800e-02
1.342340652727336096e-02
1.420869990645882638e-02
1.488472165268844155e-02
1.553357642979130877e-02
1.622412186087935845e-02
1.691366843880343779e-02
1.763356720527176763e-02
1.817400059431711207e-02
1.817400059431711207e-02
1.884325020768291836e-02
1.940944310875311607e-02
1.991500027789824476e-02
2.031886897089937860e-02
2.057150412346635954e-02
2.086318166357433584e-02
2.112594633343101158e-02
2.113660405771399312e-02
2.119054669146356457e-02
2.134506224411153452e-02
2.134506224411153452e-02
2.132239061464786048e-02
2.119230783795372081e-02
2.100525979546241304e-02
2.092580423984572585e-02
2.074420961053704410e-02
2.078822229214907086e-02
2.076511558005332894e-02
2.071729756578786358e-02
2.076169833098178569e-02
2.090917221699619202e-02
2.090917221699619202e-02
2.084264016241997586e-02
2.070441025928300427e-02
2.068690970981386379e-02
2.076005588063165042e-02
2.090111787940258578e-02
2.103330433342125855e-02
2.116867536955875304e-02
2.125192837197982174e-02
2.125950450400475658e-02
2.116930783923768114e-02
2.116930783923768114e-02
2.101049803393021526e-02
2.114670176333616897e-02
2.105751311352567490e-02
2.092790603165515378e-02
2.090771425421331098e-02
2.076928498850722643e-02
2.058016496587277214e-02
2.030985235778704628e-02
2.020436157493292473e-02
2.018517142987826321e-02
2.018517142987826321e-02
2.022929707816034303e-02
2.008649216819080596e-02
1.993006779011587126e-02
1.958373772849224953e-02
1.914973669768862616e-02
1.872214075559146956e-02
1.843886083077172361e-02
1.812322742076327362e-02
1.782054217373404276e-02
1.746691431974881428e-02
1.746691431974881428e-02
1.706192709449114511e-02
1.661830041507613917e-02
1.637536013887759892e-02
1.613418603353819827e-02
1.587603406516949894e-02
1.574111941147661800e-02
1.590218544339721402e-02
1.578931851111483459e-02
1.497538206184687373e-02
1.424752452970850028e-02
1.424752452970850028e-02
1.365367521232725700e-02
1.316584540324531628e-02
1.282644112528667953e-02
1.248316700176646359e-02
1.217733979765081229e-02
1.186624011770686000e-02
1.148281146571300884e-02
1.119964707074989560e-02
1.097535888549080671e-02
1.087610589723771691e-02
1.087610589723771691e-02
1.068225236400249800e-02
1.060924810301668540e-02
1.063557315048321156e-02
1.069816981496833456e-02
1.093910877158793017e-02
1.112505528626491109e-02
1.125920543331400056e-02
1.133898330422994892e-02
1.132784703021882944e-02
1.140675049695544230e-02
1.140675049695544230e-02
1.149280244115655041e-02
1.163788311255129458e-02
1.179550738186208383e-02
1.192326870152069646e-02
1.218804799027318683e-02
1.239385931165040526e-02
1.258339340501768433e-02
1.297835640980645605e-02
1.339799967757516162e-02
1.390492751282467777e-02
1.390492751282467777e-02
1.427671706498357708e-02
1.471355135670253216e-02
1.515644748655592920e-02
1.546131458955940681e-02
1.575945823459234951e-02
1.601430834452387611e-02
1.630847469696346599e-02
1.661412757342163593e-02
1.685358685714883828e-02
1.709006850692876972e-02
1.709006850692876972e-02
1.705882735488111618e-02
1.700266045538555149e-02
1.703594331563602557e-02
1.696666145609109291e-02
1.700888220565437495e-02
1.703762431857442500e-02
1.709580481348685690e-02
1.700710177103832016e-02
1.681843389410415945e-02
1.679153828167035192e-02
1.679153828167035192e-02
1.668530486585355702e-02
1.675961515683024872e-02
1.685867692386648631e-02
1.696312049998370541e-02
1.708180484401492991e-02
1.728976887349367025e-02
1.743380366963021358e-02
1.755743143686120875e-02
1.758607926492736576e-02
1.760372370004134601e-02
1.760372370004134601e-02
1.761630790722939349e-02
1.757433886530525638e-02
1.746964712777816439e-02
1.740628753808493370e-02
1.726379216837278449e-02
1.694972991101165866e-02
1.683216573295088711e-02
1.674338876361680314e-02
1.674602580558757353e-02
1.681457021190546283e-02
1.681457021190546283e-02
1.688670961107462121e-02
1.705847415845765727e-02
1.737230410498813785e-02
1.787902264130366778e-02
1.851393951526762033e-02
1.913006706174072424e-02
1.950413918731760607e-02
1.985642385183909037e-02
2.011584244705504412e-02
2.029116156971575227e-02
2.029116156971575227e-02
2.047035071401652473e-02
2.061048234973125032e-02
2.061405840565327940e-02
2.051890294753858437e-02
2.048952342352674053e-02
2.040924838895473784e-02
2.035400522387201955e-02
2.024243167265567245e-02
2.001628102571081924e-02
1.979328336541477315e-02
1.979328336541477315e-02
1.953746658123246827e-02
1.919454127210666605e-02
1.875483655369527408e-02
1.808794497704078671e-02
1.748670418177249511e-02
1.690011084807323954e-02
1.640053147995690699e-02
1.614223009987682950e-02
1.599851261784763709e-02
1.599875444568994720e-02
1.599875444568994720e-02
1.600917415869463137e-02
1.617998647172464582e-02
1.642602479099490587e-02
1.667955797788905556e-02
1.669222650496346785e-02
1.668282018517923751e-02
1.678802129480723090e-02
1.688475912568651247e-02
1.700179062773012756e-02
1.698854916683650157e-02
1.698854916683650157e-02
1.703344904633620482e-02
1.695775348089122517e-02
1.686580367174990089e-02
1.688487293772927486e-02
1.709725591262502634e-02
1.735280918400142550e-02
1.760320657742159983e-02
1.784527018729633457e-02
1.796748782442241649e-02
1.809695165965394606e-02
1.809695165965394606e-02
1.827209691108490353e-02
1.834387480655874994e-02
1.847485057475267700e-02
1.879737757473343152e-02
1.883260942128131901e-02
1.897870478119459761e-02
1.917502549790267574e-02
1.942813046999716450e-02
1.953593037378463515e-02
1.954991345489933904e-02
1.954991345489933904e-02
1.936528627771434002e-02
1.911038671289371979e-02
1.910037293985618334e-02
1.909679287184682869e-02
1.921134479028317743e-02
1.925760460133457003e-02
1.941291007437289176e-02
1.960514245681135165e-02
1.986375609876450329e-02
2.000554719913697974e-02
2.000554719913697974e-02
2.005020021569363722e-02
2.018313634429814638e-02
2.022986787211899715e-02
2.001391197633198629e-02
1.969691233475458561e-02
1.927082551836348592e-02
1.890213703281842794e-02
1.848976129862141965e-02
1.817847364793713505e-02
1.781395614073901304e-02
1.781395614073901304e-02
1.761247545365735717e-02
1.748354087220759315e-02
1.728957692737249224e-02
1.711870261337077037e-02
1.690068371911211328e-02
1.676505756765951996e-02
1.667361871737972970e-02
1.705861471736268287e-02
1.740213551380529258e-02
1.766172283873186644e-02
1.766172283873186644e-02
1.780483656511342230e-02
1.787741184947456638e-02
1.802766511122690790e-02
1.810909418576480898e-02
1.793973771870033956e-02
1.777816390941811681e-02
1.756751061128574570e-02
1.735064505536981425e-02
1.714712141745093274e-02
1.680846540134334557e-02
1.680846540134334557e-02
1.646971723609361865e-02
1.615883692246579406e-02
1.592184348511460276e-02
1.561520611452265478e-02
1.540864909658463781e-02
1.538309804989089480e-02
1.543720611153463242e-02
1.545435752989255361e-02
1.544752872705291470e-02
1.549858230460612364e-02
1.549858230460612364e-02
1.560926611732680290e-02
1.583069040997396940e-02
1.586997261216835028e-02
1.589750694713550766e-02
1.594817962467726807e-02
1.605539566738447069e-02
1.609958786417666279e-02
1.619796109776370716e-02
1.637826044464468084e-02
1.663547140515875267e-02
1.663547140515875267e-02
1.694877558273519963e-02
1.728522021780172502e-02
1.752127116029611811e-02
1.753971929422447687e-02
1.739917717221944535e-02
1.717545354118608578e-02
1.695639332765387294e-02
1.674404955311092555e-02
1.655841840114007785e-02
1.649424409591187038e-02
1.649424409591187038e-02
1.647916881842258902e-02
1.647580393827223141e-02
1.656764450059058924e-02
1.661478087004529883e-02
1.671066128651004651e-02
1.667228095428168605e-02
1.664333545080875013e-02
1.663434657178325393e-02
1.667084271290008093e-02
1.657543285284410195e-02
1.657543285284410195e-02
1.650690106954258440e-02
1.661467234370287219e-02
1.667315267221239697e-02
1.675132530849637869e-02
1.676535345582621378e-02
1.678023382832436253e-02
1.680636917841095770e-02
1.675764692447696130e-02
1.683830939425265405e-02
1.694749818381807716e-02
1.694749818381807716e-02
1.706460524508292623e-02
1.716936169167496834e-02
1.733349835863496821e-02
1.741462715092348054e-02
1.743003257524929073e-02
1.741563504717652533e-02
1.740626860125694259e-02
1.735439867303547115e-02
1.736481070775569568e-02
1.728206404627691262e-02
1.728206404627691262e-02
1.718418290572400198e-02
1.712911381874626313e-02
1.708153604693150168e-02
1.709196387036108350e-02
1.713010444432825838e-02
1.721777398207648482e-02
1.726764271656909197e-02
1.739803733603061120e-02
1.746943849874226656e-02
1.743591398126930619e-02
1.743591398126930619e-02
1.728087013075840783e-02
1.716799556917161448e-02
1.711317398558372463e-02
1.708624073693618822e-02
1.702734601671914913e-02
1.692607052198940448e-02
1.682111507970627737e-02
1.678203398499689483e-02
1.682223558630386098e-02
1.682388517798826325e-02
1.682388517798826325e-02
1.682863573669544227e-02
1.691534978302497438e-02
1.697539336940277407e-02
1.700005418134792334e-02
1.699617925863517245e-02
1.699899863424724628e-02
1.700628837161515666e-02
1.696821869309055389e-02
1.680618448781501240e-02
1.670911362883423235e-02
1.670911362883423235e-02
1.655601793830306645e-02
1.640578428195641619e-02
1.627338147852204486e-02
1.617639556594084593e-02
1.607895471333378040e-02
1.610310569802456820e-02
1.625482275974750659e-02
1.646107601032338261e-02
1.659444619929223430e-02
1.672533160737256844e-02
1.672533160737256844e-02
1.691019217459922147e-02
1.707976074827304014e-02
1.721983571751234052e-02
1.726855253248239450e-02
1.728655466373633584e-02
1.726616808954293397e-02
1.718803140914019340e-02
1.714386367609808601e-02
1.712315718946998133e-02
1.707576976481677347e-02
1.707576976481677347e-02
1.699312960644124015e-02
1.680463839701147252e-02
1.670046313614322042e-02
1.657717845785131733e-02
1.645376933310625789e-02
1.620337574301549885e-02
1.607689095699926449e-02
1.593834734843353057e-02
1.595588610920337450e-02
1.600960613866616450e-02
1.600960613866616450e-02
1.613476462534576411e-02
1.641109778858093268e-02
1.662757624253973637e-02
1.697456425937050525e-02
1.725401828326687120e-02
1.723607141007452853e-02
1.737409975727685976e-02
1.763394761089744772e-02
1.790113339643925258e-02
1.816728390671317264e-02
1.816728390671317264e-02
1.849185197528605690e-02
1.886151163931832492e-02
1.925687485941598304e-02
1.963578867944323555e-02
1.994982613713437714e-02
2.023859082412417590e-02
2.048645569488932033e-02
2.082617035175951883e-02
2.114699353955182617e-02
2.142461815624749702e-02
2.142461815624749702e-02
2.167007306584914014e-02
2.189362269077164969e-02
2.208797601425318766e-02
2.214642472841125628e-02
2.216770166949913815e-02
2.216818975144850198e-02
2.213517864410403935e-02
2.203982440625724265e-02
2.202092109529029534e-02
2.206726640804896472e-02
2.206726640804896472e-02
2.220160355511404185e-02
2.236587529049208559e-02
2.256429732448609823e-02
2.280704184700951473e-02
2.296174096108464027e-02
2.312148130323484971e-02
2.333138953904348792e-02
2.347594294970738529e-02
2.360296502065980725e-02
2.364861484974258368e-02
2.364861484974258368e-02
2.356331170350512219e-02
2.345376862077528518e-02
2.324905259208900551e-02
2.304423780954870452e-02
2.287118349799777822e-02
2.269448131086684514e-02
2.252426567808851754e-02
2.243958707599624444e-02
2.249473583512527283e-02
2.260105957468258944e-02
2.260105957468258944e-02
2.271241002084515431e-02
2.289967809930344017e-02
2.310221460904240964e-02
2.325347945251698967e-02
2.338074891996232141e-02
2.344230530083144318e-02
2.346826712775287177e-02
2.343643101901791981e-02
2.342363249002081191e-02
2.340928936498814714e-02
2.340928936498814714e-02
2.336560345620849327e-02
2.337225661901472587e-02
2.340502541310089668e-02
2.347072971597976773e-02
2.349006282736626136e-02
2.352903133385278456e-02
2.356931174682543387e-02
2.360344442519023145e-02
2.360582061968020950e-02
2.362617098739818941e-02
2.362617098739818941e-02
2.366614900428327603e-02
2.364355552749440592e-02
2.357419407226005875e-02
2.351467591025579659e-02
2.342524644451775967e-02
2.336301170441766953e-02
2.337318460780488105e-02
2.340420603526262300e-02
2.333087924353167281e-02
2.327663912796974766e-02
2.327663912796974766e-02
2.325276428081230612e-02
2.327686480921664983e-02
2.334098948138300239e-02
2.343946892998372694e-02
2.355387897905132297e-02
2.366506305783662098e-02
2.372481077501531477e-02
2.378109349190559232e-02
2.374546623032226800e-02
2.368286655232310078e-02
2.368286655232310078e-02
2.356863848961569807e-02
2.346303772530029114e-02
2.332728336056753837e-02
2.320873999237363719e-02
2.299559160354105319e-02
2.286478707313470068e-02
2.276359409970806977e-02
2.279460662230057069e-02
2.285681433712171556e-02
2.290196340736709232e-02
2.290196340736709232e-02
2.299627892172743590e-02
2.311190699186128905e-02
2.321405711220045007e-02
2.328874684844348467e-02
2.333320615385750182e-02
2.333928754889463830e-02
2.339121058997676098e-02
2.336272696353586600e-02
2.333255858655959580e-02
2.313177902101972230e-02
2.313177902101972230e-02
2.296002510650199321e-02
2.276573428065675753e-02
2.260922655781413132e-02
2.247232211176472191e-02
2.233688296928493244e-02
2.228391685985965306e-02
2.229920123651728606e-02
2.232025290481849666e-02
2.232019074400650588e-02
2.236977331902929508e-02
2.236977331902929508e-02
2.252875185913591136e-02
2.285105240790127543e-02
2.319734123105310006e-02
2.347761575098385525e-02
2.371846135260043120e-02
2.380462940106427630e-02
2.380329173242073937e-02
2.365299034926663171e-02
2.348167845556791214e-02
2.332270784399278346e-02
2.332270784399278346e-02
2.316346100575455286e-02
2.302613562168902978e-02
2.292346370149739299e-02
2.283224913630902894e-02
2.283920179014262142e-02
2.292054551935953505e-02
2.305845047620004237e-02
2.321265278658341327e-02
2.335744710043511849e-02
2.347396027958524589e-02
2.347396027958524589e-02
2.359161486464438767e-02
2.370401073502345288e-02
2.381828795792956602e-02
2.391087621808105773e-02
2.406557207702899812e-02
2.418526564277514307e-02
2.430141151300331190e-02
2.438739593375444797e-02
2.443380430308998708e-02
2.448097167503479610e-02
2.448097167503479610e-02
2.451248494596395405e-02
2.456228808487955634e-02
2.459149395889049725e-02
2.460110520610579027e-02
2.461216765311984370e-02
2.458066920925675025e-02
2.458012600390712885e-02
2.455365069606222500e-02
2.453885434568696053e-02
2.450382703765842385e-02
2.450382703765842385e-02
2.446522597214901076e-02
2.442892176201995683e-02
2.434335744793145531e-02
2.430799937590362447e-02
2.432553896473226354e-02
2.435034612023691605e-02
2.434137132848346319e-02
2.434521898638263362e-02
2.435600408758753846e-02
2.438302487080985792e-02
2.438302487080985792e-02
2.439027348760343036e-02
2.426408089417324970e-02
2.411504697085884580e-02
2.396750440859766323e-02
2.384333693424640910e-02
2.379941601150805178e-02
2.382101906022398782e-02
2.385145284598190474e-02
2.394084526626559864e-02
2.407509478976466166e-02
2.407509478976466166e-02
2.420050669875067548e-02
2.429370566263023071e-02
2.433740386805941999e-02
2.434002912882555700e-02
2.430957370949938037e-02
2.424678057960346494e-02
2.420742034158363670e-02
2.413941620523810463e-02
2.407089166233014263e-02
2.394228811234099322e-02
2.394228811234099322e-02
2.378414943895108477e-02
2.354081750207626805e-02
2.332330254710215933e-02
2.314813907394017156e-02
2.298060422329974151e-02
2.290480228061383614e-02
2.282188238772076341e-02
2.276774871302502182e-02
2.274245258662874192e-02
2.278675130429901399e-02
2.278675130429901399e-02
2.285411377442316677e-02
2.296284821301386447e-02
2.312374990333895125e-02
2.327344268832307744e-02
2.429400869058063669e-02
2.524013050145840556e-02
2.613473350655702229e-02
2.689824870169245027e-02
2.748774411538611184e-02
2.796215013871716434e-02
2.796215013871716434e-02
2.832664138677291193e-02
2.869028215649080046e-02
2.895676822575808662e-02
2.918060942638340399e-02
2.937020699260273204e-02
2.945802192684749549e-02
2.953703530821178563e-02
2.971972856020729456e-02
2.985390203576824067e-02
2.985390203576824067e-02
2.985390203576824067e-02
2.995177464974963649e-02
3.002232966368182515e-02
3.006910342494779204e-02
3.008790442574835883e-02
3.009116549779213348e-02
3.009563423295166795e-02
3.014553912369673239e-02
3.015659968644086517e-02
3.015434470737617112e-02
3.004263913741519673e-02
3.004263913741519673e-02
2.990473906817415345e-02
2.959233141611377488e-02
2.927221796751999783e-02
2.893629790438477511e-02
2.869948350900864906e-02
2.847832909623030859e-02
2.831988477374928342e-02
2.820974329086919918e-02
2.812353260126333743e-02
2.804353566441353598e-02
2.804353566441353598e-02
2.798517278746367673e-02
2.793560710766581842e-02
2.791509837684863840e-02
2.788897259587347008e-02
2.785520158315808736e-02
2.781864307132085948e-02
2.780373522055817198e-02
2.787434530999139543e-02
2.798021555899501620e-02
2.812886121742895484e-02
2.812886121742895484e-02
2.832398039609290361e-02
2.848467163397844226e-02
2.854957761285480122e-02
2.861173624459169978e-02
2.866482511530940233e-02
2.868893177175768985e-02
2.870746261342883160e-02
2.875019791639982572e-02
2.877131388448700422e-02
2.876365903876099833e-02
2.876365903876099833e-02
2.877693908116567625e-02
2.876639291400140061e-02
2.873516910626306223e-02
2.871183581118075603e-02
2.870667105731179378e-02
2.873193926949720728e-02
2.881304451504412487e-02
2.892590165260639293e-02
2.902145273990677440e-02
2.906725955663173183e-02
