3.389705396182780134e-02
3.389705396182780134e-02
3.366482059877540928e-02
3.359765007594999603e-02
3.334559772805613387e-02
3.320245161394515254e-02
3.314423289992042554e-02
3.276661278812376815e-02
3.239513008886050344e-02
3.248398784601210648e-02
3.229210687009687053e-02
3.214677673986394979e-02
3.214677673986394979e-02
3.175272736278380442e-02
3.143342861236913394e-02
3.106478522877662712e-02
3.068582806173374838e-02
3.019925001806194123e-02
2.977138393940606878e-02
2.938212633049088959e-02
2.901616729881243209e-02
2.872929945486086406e-02
2.846635607780909072e-02
2.846635607780909072e-02
2.832369313243084108e-02
2.775570152425147624e-02
2.723327497485396320e-02
2.667733574863202783e-02
2.631993449686568717e-02
2.597645797320854641e-02
2.568807878215800117e-02
2.540662803338703674e-02
2.598517672671587717e-02
2.652886559391109261e-02
2.652886559391109261e-02
2.699989399449641975e-02
2.744408448889449834e-02
2.786800941712529872e-02
2.819563857103823956e-02
2.848421078123972508e-02
2.877463899440805412e-02
2.907714952934757277e-02
2.937675599279028146e-02
2.965210175158032591e-02
2.987279071543839579e-02
2.987279071543839579e-02
3.008765953986044725e-02
3.022304968476569736e-02
3.037400668303278511e-02
3.053299568391781849e-02
3.066745568183047721e-02
3.077909799049902834e-02
3.087659221103044097e-02
3.096839588647225597e-02
3.098570984350217800e-02
3.101136925415585652e-02
3.101136925415585652e-02
3.098190210569877825e-02
3.094930149548730594e-02
3.092755460092580164e-02
3.085864199494407767e-02
3.074034341300983103e-02
3.054665013090853906e-02
3.034580296813299549e-02
3.012472779619101287e-02
2.990100676762389928e-02
2.973750801435165111e-02
2.973750801435165111e-02
2.954038440034316773e-02
2.931025671672676108e-02
2.908500248692204651e-02
2.889429049823327017e-02
2.888443240686552546e-02
2.887521425379781584e-02
2.888292380562623371e-02
2.876475009017448459e-02
2.863974607374213457e-02
2.853555395476094214e-02
2.853555395476094214e-02
2.849208240668767503e-02
2.841482126217307821e-02
2.835126339560472761e-02
2.832754105222144020e-02
2.823602167455850284e-02
2.814228269846650102e-02
2.807968691382536214e-02
2.801902462729868176e-02
2.803630377600678861e-02
2.807049060735133938e-02
2.807049060735133938e-02
2.815880839939454566e-02
2.824373049201668942e-02
2.832438683692492520e-02
2.835200965936871334e-02
2.845709639026235832e-02
2.843723326043335817e-02
2.843711458947150925e-02
2.840423015674137935e-02
2.831582658215059042e-02
2.817604542914844967e-02
2.817604542914844967e-02
2.804014936298029545e-02
2.796784144728247865e-02
2.793652012806136994e-02
2.791001093166615293e-02
2.788424119005859445e-02
2.791204200969952046e-02
2.787741200415909740e-02
2.793257722063869145e-02
2.797461477017591097e-02
2.796985481252109093e-02
2.796985481252109093e-02
2.790765031658181197e-02
2.778392037214227894e-02
2.761956415861343064e-02
2.736259222229425400e-02
2.719047516006579263e-02
2.706340467264394326e-02
2.689901073298845216e-02
2.680012679376575155e-02
2.628655187687977193e-02
2.591198910896487864e-02
2.591198910896487864e-02
2.548989195275880651e-02
2.515329650028851061e-02
2.478449301326011642e-02
2.445577937880222263e-02
2.413654956916567312e-02
2.391917354195920165e-02
2.370847719157079952e-02
2.341454998806027921e-02
2.312327846595307185e-02
2.286320103009921098e-02
2.286320103009921098e-02
2.263573140703192127e-02
2.236669579974327055e-02
2.219858007491763707e-02
2.196433424948235347e-02
2.173683486786222308e-02
2.142982346175048569e-02
2.103647627639587334e-02
2.068425962455610126e-02
2.030247587463484757e-02
1.994474021312300435e-02
1.994474021312300435e-02
1.963624517993417182e-02
1.941153877522133406e-02
1.923997261285422672e-02
1.914024527266794395e-02
1.915132786948297444e-02
1.915444174069724781e-02
1.919042346840194729e-02
1.925247200200744940e-02
1.933892756201588056e-02
1.930871711443159569e-02
1.930871711443159569e-02
1.919184668285344592e-02
1.905617220790809321e-02
1.892906661419151496e-02
1.884713396882144870e-02
1.876412859118950158e-02
1.869472059915351647e-02
1.869032855386762101e-02
1.860229580437718425e-02
1.845117855195459872e-02
1.823569880590686365e-02
1.823569880590686365e-02
1.798749854977762380e-02
1.776760591429005567e-02
1.753767204335357835e-02
1.740932812658341558e-02
1.730624955168531820e-02
1.714935596342035545e-02
1.636310758063194010e-02
1.571108677561236511e-02
1.506407258068118149e-02
1.439612767542288937e-02
1.439612767542288937e-02
1.380381914585033891e-02
1.323462794658277104e-02
1.267399352458446413e-02
1.217776916579289131e-02
1.167406193001451105e-02
1.126600151002776426e-02
1.089904796587758823e-02
1.060628107791357529e-02
1.026576570662730316e-02
9.936412097715459357e-03
9.936412097715459357e-03
9.657493498072164742e-03
9.377641477907046330e-03
9.072637659059780424e-03
8.861340542101334844e-03
8.711855937555964408e-03
8.638144029403721155e-03
8.589684623236374175e-03
8.651430446488606388e-03
8.759380104624386182e-03
8.866235482671439364e-03
8.866235482671439364e-03
9.044530011480369017e-03
9.237105456137409756e-03
9.614489275526088424e-03
9.931105746567850043e-03
1.018317749254235398e-02
1.053552478171780084e-02
1.092777603538978674e-02
1.133404277172485319e-02
1.164532901763567704e-02
1.208208485863687849e-02
1.208208485863687849e-02
1.233911293084097131e-02
1.251670823734624648e-02
1.244482632070321136e-02
1.227370555503835316e-02
1.201802633284056350e-02
1.165200699512753540e-02
1.137199566209406640e-02
1.114313173242047553e-02
1.099824955100082297e-02
1.077659163956200955e-02
1.077659163956200955e-02
1.049235256644084034e-02
1.014741027131951627e-02
9.706507425661148325e-03
9.395227498296222779e-03
9.084211433310568004e-03
8.789056629649230276e-03
8.618563713017524455e-03
8.489156817099960048e-03
8.368773992896776440e-03
8.254810581652971893e-03
8.254810581652971893e-03
8.287378486757819573e-03
8.346056632031683201e-03
8.577894019961855923e-03
8.902211211069323629e-03
9.328261773778824886e-03
9.660988606226163580e-03
9.884515174939359841e-03
1.008751411907768923e-02
1.022558145224328370e-02
1.036692993785042274e-02
1.036692993785042274e-02
1.068614568306026393e-02
1.100967178377011170e-02
1.146043316109813560e-02
1.187194708598209372e-02
1.219643702511994179e-02
1.246069002241403587e-02
1.262212636498920813e-02
1.282011791483158268e-02
1.291648323968873531e-02
1.309107591748144561e-02
1.309107591748144561e-02
1.314437418869307019e-02
1.308553433568487682e-02
1.296060404442926119e-02
1.277470246448488347e-02
1.245230076677874415e-02
1.205024836983537365e-02
1.170929133255008657e-02
1.141548076806809565e-02
1.116523069453003066e-02
1.105528128879833781e-02
1.105528128879833781e-02
1.101237905472078095e-02
1.110428088461215719e-02
1.112203837888857232e-02
1.114604679751889614e-02
1.126154258866230752e-02
1.151656539139064676e-02
1.177678415737083359e-02
1.218594554730909746e-02
1.265272812602727739e-02
1.307882404071321163e-02
1.307882404071321163e-02
1.329813295940293801e-02
1.336987172295913545e-02
1.338071747402422122e-02
1.331231819153402482e-02
1.317822582102861489e-02
1.322587321781528748e-02
1.330273206080209887e-02
1.316719320741616302e-02
1.303146751084849515e-02
1.275210161112898428e-02
1.275210161112898428e-02
1.256747919228449681e-02
1.249103483945164690e-02
1.241904908877600536e-02
1.243399141729902360e-02
1.253404636952290367e-02
1.274760016167689192e-02
1.308987977428128710e-02
1.361107401683642366e-02
1.408966672994899950e-02
1.444642259108718137e-02
1.444642259108718137e-02
1.462534753004857656e-02
1.463851783106275180e-02
1.459295654622053476e-02
1.450046040685457754e-02
1.444557745894334104e-02
1.433493138269644786e-02
1.427319094595691853e-02
1.416298483075017524e-02
1.414466892498555256e-02
1.426016897399585114e-02
1.426016897399585114e-02
1.428188423729135487e-02
1.421531691635933257e-02
1.410199150470635432e-02
1.395592044093814030e-02
1.375935212563279657e-02
1.357081986810297451e-02
1.341985490666323944e-02
1.327370351061145544e-02
1.337412810147014207e-02
1.348758308954493661e-02
1.348758308954493661e-02
1.353373446220024721e-02
1.347030397301308448e-02
1.346012352393682714e-02
1.359902703010631118e-02
1.365535840112636241e-02
1.355548293253846376e-02
1.343886499356835434e-02
1.323693802008311417e-02
1.294294022310678825e-02
1.269695334796847909e-02
1.269695334796847909e-02
1.247036373247406744e-02
1.236348043094341771e-02
1.230012149284338309e-02
1.224542977173962224e-02
1.232283114814078373e-02
1.244482943508571152e-02
1.256226169009956074e-02
1.260980054125157568e-02
1.257961805700821833e-02
1.256894548986235705e-02
1.256894548986235705e-02
1.258128204200103205e-02
1.255741800664109467e-02
1.243886138410585894e-02
1.238616095759867072e-02
1.237938301027295858e-02
1.243450049765994388e-02
1.253290843367332874e-02
1.257225720739057508e-02
1.263944381815456687e-02
1.260725067247858017e-02
1.260725067247858017e-02
1.244155789293047674e-02
1.232579283263123514e-02
1.205970614432472915e-02
1.183690335711273627e-02
1.170580488141394204e-02
1.169983085393225611e-02
1.170995415703303053e-02
1.173029307942364576e-02
1.182207102567149441e-02
1.199798275052617498e-02
1.199798275052617498e-02
1.212372663006776666e-02
1.239361041248487720e-02
1.265787258432586604e-02
1.297813573002052322e-02
1.320642968246904352e-02
1.334500343492231629e-02
1.347426370764753627e-02
1.343946531723202650e-02
1.327791727549470016e-02
1.308735941613282765e-02
1.308735941613282765e-02
1.290492849826466171e-02
1.279613824551788064e-02
1.263806196830706552e-02
1.254505321644410788e-02
1.245297614768156938e-02
1.233019110252648112e-02
1.221883591129224907e-02
1.215192143756244417e-02
1.206540062955420954e-02
1.209928427549745306e-02
1.209928427549745306e-02
1.216370722128823356e-02
1.224391219872564794e-02
1.210486123133168966e-02
1.202495080431663886e-02
1.193186215762851755e-02
1.191005078025997831e-02
1.182197906134350475e-02
1.164108887515505862e-02
1.144337045972965670e-02
1.141080768818287898e-02
1.141080768818287898e-02
1.137782157532066588e-02
1.142982595471643027e-02
1.148460144080407606e-02
1.155010806795911220e-02
1.167267323157433236e-02
1.175263899848954727e-02
1.179337332500346273e-02
1.178070416394267836e-02
1.172518919368214022e-02
1.161362448353753067e-02
1.161362448353753067e-02
1.149729402437507653e-02
1.136148251831903440e-02
1.121930415309401775e-02
1.039685278635696201e-02
1.003886524103104680e-02
1.007015856060653955e-02
1.030841060206820134e-02
1.070193487994371834e-02
1.119030223789955515e-02
1.170834044908299065e-02
1.170834044908299065e-02
1.218771388800858960e-02
1.263759155496959816e-02
1.303356099249015562e-02
1.336537703259781801e-02
1.368870792501740950e-02
1.398066912667791407e-02
1.423516124087917910e-02
1.444419084479182935e-02
1.461132764420087528e-02
1.476237162656699256e-02
