4.391233995556831360e-02
4.340225830674171448e-02
4.444932937622070312e-02
4.527939856052398682e-02
4.588520526885986328e-02
4.639130458235740662e-02
4.679746553301811218e-02
4.713017866015434265e-02
4.744872078299522400e-02
4.773434251546859741e-02
4.794561490416526794e-02
4.794561490416526794e-02
4.808861017227172852e-02
4.821325466036796570e-02
4.824104905128479004e-02
4.824771359562873840e-02
4.820703715085983276e-02
4.819917306303977966e-02
4.814833775162696838e-02
4.811561852693557739e-02
4.807442054152488708e-02
4.805007949471473694e-02
4.805007949471473694e-02
4.808312654495239258e-02
4.815911874175071716e-02
4.810617491602897644e-02
4.798072203993797302e-02
4.780629649758338928e-02
4.762030020356178284e-02
4.748855158686637878e-02
4.736648127436637878e-02
4.723431915044784546e-02
4.709711670875549316e-02
4.709711670875549316e-02
4.698199033737182617e-02
4.695874080061912537e-02
4.698597639799118042e-02
4.694853350520133972e-02
4.690628871321678162e-02
4.688377305865287781e-02
4.682034626603126526e-02
4.676292836666107178e-02
4.672587290406227112e-02
4.659372195601463318e-02
4.659372195601463318e-02
4.650445654988288879e-02
4.641854017972946167e-02
4.631900042295455933e-02
4.616816714406013489e-02
4.607695713639259338e-02
4.598565399646759033e-02
4.595452919602394104e-02
4.598526284098625183e-02
4.604740813374519348e-02
4.611050710082054138e-02
4.611050710082054138e-02
4.611025005578994751e-02
4.612389951944351196e-02
4.618604481220245361e-02
4.640660807490348816e-02
4.660063236951828003e-02
4.679796099662780762e-02
4.695564880967140198e-02
4.706869646906852722e-02
4.707997664809226990e-02
4.694997146725654602e-02
4.694997146725654602e-02
4.676714539527893066e-02
4.648199677467346191e-02
4.609822854399681091e-02
4.573781415820121765e-02
4.531010612845420837e-02
4.488586261868476868e-02
4.440327361226081848e-02
4.401162639260292053e-02
4.372809082269668579e-02
4.339075461030006409e-02
4.339075461030006409e-02
4.312205687165260315e-02
4.292364791035652161e-02
4.281352460384368896e-02
4.273654893040657043e-02
4.276547953486442566e-02
4.338746145367622375e-02
4.398251697421073914e-02
4.453872144222259521e-02
4.495154321193695068e-02
4.532629624009132385e-02
4.532629624009132385e-02
4.564125463366508484e-02
4.587339982390403748e-02
4.596101865172386169e-02
4.588271304965019226e-02
4.579981788992881775e-02
4.563572630286216736e-02
4.543184861540794373e-02
4.527907818555831909e-02
4.474499076604843140e-02
4.425810649991035461e-02
4.425810649991035461e-02
4.387615993618965149e-02
4.364809766411781311e-02
4.337948933243751526e-02
4.319228976964950562e-02
4.298072308301925659e-02
4.276274517178535461e-02
4.220864176750183105e-02
4.173625260591506958e-02
4.129201918840408325e-02
4.090518504381179810e-02
4.090518504381179810e-02
4.058760777115821838e-02
4.028870537877082825e-02
4.006516188383102417e-02
3.992469981312751770e-02
3.972550481557846069e-02
3.951044753193855286e-02
3.937941789627075195e-02
3.928722441196441650e-02
3.917014226317405701e-02
3.916121646761894226e-02
3.916121646761894226e-02
3.919498249888420105e-02
3.930133208632469177e-02
3.946151211857795715e-02
3.963647782802581787e-02
3.974882885813713074e-02
3.979467228055000305e-02
3.978421539068222046e-02
3.969138860702514648e-02
3.952630609273910522e-02
3.932375833392143250e-02
3.932375833392143250e-02
3.903711959719657898e-02
3.880203515291213989e-02
3.858358412981033325e-02
3.839016705751419067e-02
3.825057297945022583e-02
3.812861815094947815e-02
3.795281797647476196e-02
3.773088008165359497e-02
3.746620193123817444e-02
3.714368119835853577e-02
3.714368119835853577e-02
3.672249987721443176e-02
3.636854887008666992e-02
3.602521866559982300e-02
3.568275272846221924e-02
3.529486805200576782e-02
3.496501222252845764e-02
3.469898924231529236e-02
3.452214226126670837e-02
3.427741676568984985e-02
3.394095972180366516e-02
3.394095972180366516e-02
3.353634104132652283e-02
3.311870247125625610e-02
3.275589644908905029e-02
3.234807029366493225e-02
3.207702189683914185e-02
3.189652040600776672e-02
3.175699710845947266e-02
3.168662264943122864e-02
3.149425983428955078e-02
3.138488531112670898e-02
3.138488531112670898e-02
3.117642737925052643e-02
3.100887313485145569e-02
3.084391541779041290e-02
3.057989291846752167e-02
3.040543198585510254e-02
3.016575425863265991e-02
2.988818660378456116e-02
2.954309619963169098e-02
2.921156026422977448e-02
2.888672985136508942e-02
2.888672985136508942e-02
2.857178822159767151e-02
2.830759249627590179e-02
2.816405519843101501e-02
2.813486941158771515e-02
2.821329794824123383e-02
2.828615531325340271e-02
2.841423079371452332e-02
2.852209098637104034e-02
2.862536348402500153e-02
2.871755324304103851e-02
2.871755324304103851e-02
2.883037365972995758e-02
2.886061370372772217e-02
2.892892993986606598e-02
2.903923019766807556e-02
2.911088615655899048e-02
2.913891710340976715e-02
2.900424227118492126e-02
2.893339097499847412e-02
2.879687771201133728e-02
2.853516303002834320e-02
2.853516303002834320e-02
2.834506891667842865e-02
2.817964926362037659e-02
2.809111028909683228e-02
2.792977169156074524e-02
2.779229916632175446e-02
2.765732258558273315e-02
2.739306166768074036e-02
2.693909592926502228e-02
2.646882459521293640e-02
2.606046758592128754e-02
2.606046758592128754e-02
2.606046758592128754e-02
2.606046758592128754e-02
2.606046758592128754e-02
2.606046758592128754e-02
2.589438483119010925e-02
2.542225085198879242e-02
2.500312961637973785e-02
2.459228038787841797e-02
2.412669174373149872e-02
2.395178563892841339e-02
2.395178563892841339e-02
2.386439219117164612e-02
2.390019223093986511e-02
2.396501228213310242e-02
2.397493831813335419e-02
2.401310019195079803e-02
2.393671497702598572e-02
2.384410053491592407e-02
2.381110377609729767e-02
2.384278364479541779e-02
2.381973527371883392e-02
2.381973527371883392e-02
2.373465336859226227e-02
2.366102859377861023e-02
2.355489134788513184e-02
2.326570264995098114e-02
2.289922907948493958e-02
2.244852669537067413e-02
2.199642732739448547e-02
2.141056396067142487e-02
2.077950537204742432e-02
2.004115842282772064e-02
2.004115842282772064e-02
1.926507428288459778e-02
1.851764321327209473e-02
1.788970828056335449e-02
1.745858043432235718e-02
1.715879328548908234e-02
1.689442992210388184e-02
1.672800816595554352e-02
1.680234074592590332e-02
1.672037690877914429e-02
1.675952970981597900e-02
1.675952970981597900e-02
1.673332415521144867e-02
1.647814922034740448e-02
1.601339690387248993e-02
1.601339690387248993e-02
1.601339690387248993e-02
1.546704862266778946e-02
1.511939708143472672e-02
1.492098160088062286e-02
1.477461587637662888e-02
1.465590018779039383e-02
1.465590018779039383e-02
1.464975345879793167e-02
1.464925520122051239e-02
1.466377731412649155e-02
1.462151017040014267e-02
1.455930434167385101e-02
1.456076931208372116e-02
1.459121424704790115e-02
1.465746667236089706e-02
1.461921166628599167e-02
1.456926669925451279e-02
1.456926669925451279e-02
1.446420513093471527e-02
1.434669923037290573e-02
1.407138444483280182e-02
1.370660867542028427e-02
1.314669288694858551e-02
1.254837494343519211e-02
1.192669384181499481e-02
1.142023224383592606e-02
1.098560914397239685e-02
1.071003079414367676e-02
1.071003079414367676e-02
1.063212938606739044e-02
1.074511464685201645e-02
1.087384019047021866e-02
1.107767224311828613e-02
1.109069865196943283e-02
1.102344412356615067e-02
1.084580551832914352e-02
1.051037386059761047e-02
1.029986888170242310e-02
1.015523448586463928e-02
1.015523448586463928e-02
1.000383310019969940e-02
9.990515187382698059e-03
9.934280999004840851e-03
9.981405921280384064e-03
9.925959631800651550e-03
9.715001098811626434e-03
9.523340500891208649e-03
9.239470586180686951e-03
8.883085101842880249e-03
8.420043624937534332e-03
8.420043624937534332e-03
7.988847792148590088e-03
7.709427271038293839e-03
7.510786410421133041e-03
7.471154909580945969e-03
7.479405030608177185e-03
7.490201853215694427e-03
7.484896574169397354e-03
7.397279608994722366e-03
7.247432135045528412e-03
7.021802477538585663e-03
7.021802477538585663e-03
6.690992042422294617e-03
6.379812024533748627e-03
6.294291466474533081e-03
6.257733795791864395e-03
6.400291807949542999e-03
6.614997051656246185e-03
6.689481902867555618e-03
6.623223889619112015e-03
6.475028581917285919e-03
6.224580574780702591e-03
6.224580574780702591e-03
5.860750563442707062e-03
5.535729695111513138e-03
5.383597221225500107e-03
5.600818898528814316e-03
5.945703014731407166e-03
6.231793202459812164e-03
6.366543006151914597e-03
6.323625799268484116e-03
6.253882776945829391e-03
6.068142596632242203e-03
6.068142596632242203e-03
5.612972658127546310e-03
5.061826203018426895e-03
4.680513404309749603e-03
4.435651469975709915e-03
4.127309657633304596e-03
3.905987134203314781e-03
3.734680358320474625e-03
3.698373213410377502e-03
3.826856845989823341e-03
4.169978201389312744e-03
4.169978201389312744e-03
4.596738144755363464e-03
4.984639119356870651e-03
5.194858182221651077e-03
5.266223568469285965e-03
5.294946022331714630e-03
5.273286253213882446e-03
5.273784510791301727e-03
5.273792892694473267e-03
5.183353088796138763e-03
5.004808772355318069e-03
5.004808772355318069e-03
4.796895198523998260e-03
4.617752041667699814e-03
4.359464161098003387e-03
4.069644957780838013e-03
3.704230068251490593e-03
3.386674914509057999e-03
3.123008878901600838e-03
2.893519587814807892e-03
2.655984601005911827e-03
2.494898159056901932e-03
2.494898159056901932e-03
2.384725725278258324e-03
2.301942324265837669e-03
2.135099377483129501e-03
1.776190241798758507e-03
1.508680870756506920e-03
1.135265687480568886e-03
1.103247050195932388e-03
1.286387909203767776e-03
1.689532655291259289e-03
1.940798363648355007e-03
1.940798363648355007e-03
2.152104163542389870e-03
2.423933474346995354e-03
2.755765570327639580e-03
3.012398956343531609e-03
3.005057340487837791e-03
2.920134225860238075e-03
2.765957033261656761e-03
2.675237366929650307e-03
2.762082964181900024e-03
3.004044294357299805e-03
3.004044294357299805e-03
3.266600193455815315e-03
3.401211230084300041e-03
3.468350972980260849e-03
3.556192154064774513e-03
3.606145968660712242e-03
3.446078859269618988e-03
3.264375962316989899e-03
3.043961944058537483e-03
2.972539048641920090e-03
2.994505222886800766e-03
2.994505222886800766e-03
3.072569845244288445e-03
3.184939734637737274e-03
3.360756207257509232e-03
3.606756916269659996e-03
3.959188237786293030e-03
4.287383053451776505e-03
4.544951487332582474e-03
4.656393080949783325e-03
4.554941318929195404e-03
4.200310911983251572e-03
4.200310911983251572e-03
3.755507292225956917e-03
3.422016976401209831e-03
3.157320199534296989e-03
2.986865583807229996e-03
3.039978910237550735e-03
3.407817799597978592e-03
3.899099538102746010e-03
4.375707823783159256e-03
4.828753415495157242e-03
5.232737399637699127e-03
5.232737399637699127e-03
5.482211243361234665e-03
5.602600052952766418e-03
5.733891855925321579e-03
5.850678775459527969e-03
5.952239036560058594e-03
6.117050070315599442e-03
6.350395269691944122e-03
6.573303136974573135e-03
6.833432242274284363e-03
6.990937516093254089e-03
6.990937516093254089e-03
7.129933219403028488e-03
7.163677364587783813e-03
7.126792334020137787e-03
6.915130186825990677e-03
6.580467801541090012e-03
6.320441607385873795e-03
5.978052504360675812e-03
5.626822821795940399e-03
5.221065599471330643e-03
4.812293220311403275e-03
4.812293220311403275e-03
4.579160828143358231e-03
4.418075084686279297e-03
4.458441399037837982e-03
4.478771705180406570e-03
4.434702452272176743e-03
4.324947018176317215e-03
4.242163617163896561e-03
4.132025409489870071e-03
4.035984165966510773e-03
3.916785586625337601e-03
3.916785586625337601e-03
3.867596620693802834e-03
3.848036518320441246e-03
3.883354831486940384e-03
3.973851446062326431e-03
4.118246491998434067e-03
4.127117805182933807e-03
4.026478622108697891e-03
3.881555283442139626e-03
3.616306930780410767e-03
3.537324722856283188e-03
3.537324722856283188e-03
3.642710158601403236e-03
3.817225107923150063e-03
4.007135517895221710e-03
4.197920206934213638e-03
4.432134330272674561e-03
4.648283589631319046e-03
4.782271571457386017e-03
4.885074216872453690e-03
5.032869987189769745e-03
5.190018098801374435e-03
5.190018098801374435e-03
5.319682881236076355e-03
5.441752262413501740e-03
5.501905456185340881e-03
5.435952451080083847e-03
5.430589895695447922e-03
5.442914552986621857e-03
5.561107303947210312e-03
5.686332006007432938e-03
5.720385350286960602e-03
5.745755042880773544e-03
5.745755042880773544e-03
5.912324413657188416e-03
6.178007461130619049e-03
6.394744850695133209e-03
6.473918911069631577e-03
6.538142915815114975e-03
6.388708483427762985e-03
6.180752068758010864e-03
5.915194284170866013e-03
5.597887095063924789e-03
5.369427613914012909e-03
5.369427613914012909e-03
5.225179251283407211e-03
5.175373982638120651e-03
5.200732965022325516e-03
5.313710775226354599e-03
5.463549867272377014e-03
5.822893697768449783e-03
6.174305919557809830e-03
6.385251414030790329e-03
6.522188428789377213e-03
6.568273063749074936e-03
6.568273063749074936e-03
6.552697625011205673e-03
6.417270284146070480e-03
6.303837522864341736e-03
6.226691417396068573e-03
6.185737904161214828e-03
6.225984543561935425e-03
6.356516387313604355e-03
6.576718762516975403e-03
6.906489841639995575e-03
7.308084052056074142e-03
7.308084052056074142e-03
7.893525063991546631e-03
8.281922899186611176e-03
8.554063737392425537e-03
8.639929816126823425e-03
8.655345067381858826e-03
9.283299557864665985e-03
9.757484309375286102e-03
1.012602914124727249e-02
1.036837231367826462e-02
1.033672224730253220e-02
1.033672224730253220e-02
1.016451884061098099e-02
9.964851662516593933e-03
9.694660082459449768e-03
9.481092914938926697e-03
9.458241052925586700e-03
9.635292924940586090e-03
9.996942244470119476e-03
1.050267741084098816e-02
1.099139731377363205e-02
1.149120088666677475e-02
1.149120088666677475e-02
1.188381761312484741e-02
1.205535791814327240e-02
1.211768761277198792e-02
1.205393392592668533e-02
1.183039695024490356e-02
1.151945628225803375e-02
1.102115586400032043e-02
1.062677614390850067e-02
1.029464043676853180e-02
1.007569767534732819e-02
1.007569767534732819e-02
1.011018641293048859e-02
1.030408963561058044e-02
1.054678857326507568e-02
1.089020259678363800e-02
1.123057492077350616e-02
1.148409489542245865e-02
1.153562869876623154e-02
1.145028229802846909e-02
1.124701928347349167e-02
1.095166429877281189e-02
