3.297604620456695557e-02
3.242748975753784180e-02
3.243381530046463013e-02
3.284273669123649597e-02
3.307756409049034119e-02
3.320468589663505554e-02
3.334876149892807007e-02
3.394300118088722229e-02
3.448960185050964355e-02
3.497917205095291138e-02
3.536091372370719910e-02
3.536091372370719910e-02
3.575735539197921753e-02
3.611987084150314331e-02
3.665094077587127686e-02
3.682760149240493774e-02
3.701609745621681213e-02
3.700345382094383240e-02
3.696369007229804993e-02
3.689314424991607666e-02
3.689510375261306763e-02
3.695074841380119324e-02
3.695074841380119324e-02
3.684322535991668701e-02
3.668718412518501282e-02
3.651661798357963562e-02
3.654367104172706604e-02
3.660188987851142883e-02
3.667335584759712219e-02
3.677941113710403442e-02
3.699998930096626282e-02
3.657456114888191223e-02
3.612472489476203918e-02
3.612472489476203918e-02
3.575158491730690002e-02
3.547222167253494263e-02
3.517817705869674683e-02
3.496909514069557190e-02
3.480631113052368164e-02
3.452076762914657593e-02
3.431498631834983826e-02
3.413943201303482056e-02
3.422036021947860718e-02
3.435506299138069153e-02
3.435506299138069153e-02
3.452577814459800720e-02
3.474584966897964478e-02
3.488331288099288940e-02
3.506125137209892273e-02
3.533186018466949463e-02
3.563189134001731873e-02
3.589127212762832642e-02
3.620531782507896423e-02
3.652141243219375610e-02
3.685074299573898315e-02
3.685074299573898315e-02
3.725538402795791626e-02
3.739264234900474548e-02
3.757731243968009949e-02
3.792732954025268555e-02
3.828907012939453125e-02
3.828763589262962341e-02
3.828707337379455566e-02
3.826993703842163086e-02
3.824504837393760681e-02
3.827525302767753601e-02
3.827525302767753601e-02
3.842980042099952698e-02
3.862467035651206970e-02
3.893463686108589172e-02
3.936616703867912292e-02
3.975952044129371643e-02
4.027245193719863892e-02
4.071122035384178162e-02
4.121840372681617737e-02
4.177805408835411072e-02
4.241257160902023315e-02
4.241257160902023315e-02
4.306384548544883728e-02
4.364660382270812988e-02
4.407285526394844055e-02
4.425815492868423462e-02
4.438545554876327515e-02
4.436663910746574402e-02
4.426603764295578003e-02
4.408713057637214661e-02
4.383732378482818604e-02
4.345079883933067322e-02
4.345079883933067322e-02
4.290920868515968323e-02
4.235915839672088623e-02
4.184409603476524353e-02
4.139200598001480103e-02
4.096946120262145996e-02
4.043965041637420654e-02
4.001032933592796326e-02
3.959873691201210022e-02
3.922566398978233337e-02
3.888868913054466248e-02
3.888868913054466248e-02
3.857982158660888672e-02
3.841243684291839600e-02
3.823860362172126770e-02
3.814764320850372314e-02
3.799806907773017883e-02
3.782930597662925720e-02
3.758054971694946289e-02
3.718419000506401062e-02
3.677084669470787048e-02
3.635415062308311462e-02
3.635415062308311462e-02
3.598685935139656067e-02
3.573591634631156921e-02
3.543329983949661255e-02
3.519717231392860413e-02
3.502611443400382996e-02
3.491056337952613831e-02
3.478296101093292236e-02
3.500131517648696899e-02
3.517261892557144165e-02
3.537275269627571106e-02
3.537275269627571106e-02
3.576900437474250793e-02
3.627172112464904785e-02
3.669040650129318237e-02
3.703783452510833740e-02
3.728794679045677185e-02
3.732688724994659424e-02
3.726692125201225281e-02
3.704090043902397156e-02
3.657835721969604492e-02
3.611895069479942322e-02
3.611895069479942322e-02
3.573253378272056580e-02
3.550871461629867554e-02
3.555867075920104980e-02
3.558042272925376892e-02
3.592163324356079102e-02
3.643439337611198425e-02
3.707239776849746704e-02
3.788346797227859497e-02
3.871269896626472473e-02
3.958414867520332336e-02
3.958414867520332336e-02
4.023008421063423157e-02
4.080795869231224060e-02
4.114609584212303162e-02
4.130364581942558289e-02
4.119465872645378113e-02
4.102737456560134888e-02
4.066330194473266602e-02
4.025079682469367981e-02
3.988205641508102417e-02
3.962567821145057678e-02
3.962567821145057678e-02
3.934619948267936707e-02
3.911750763654708862e-02
3.887456282973289490e-02
3.871380910277366638e-02
3.864485025405883789e-02
3.867453709244728088e-02
3.869164362549781799e-02
3.880619630217552185e-02
3.882735967636108398e-02
3.894625976681709290e-02
3.894625976681709290e-02
3.912504017353057861e-02
3.912935405969619751e-02
3.911212086677551270e-02
3.912284970283508301e-02
3.914423286914825439e-02
3.925742208957672119e-02
3.940115123987197876e-02
3.952089697122573853e-02
3.970352560281753540e-02
3.984710946679115295e-02
3.984710946679115295e-02
4.011375457048416138e-02
4.032497853040695190e-02
4.040602967143058777e-02
4.039107263088226318e-02
4.025724902749061584e-02
4.012410342693328857e-02
3.991519287228584290e-02
3.964683040976524353e-02
3.918543830513954163e-02
3.862570598721504211e-02
3.862570598721504211e-02
3.824540972709655762e-02
3.789707273244857788e-02
3.764765709638595581e-02
3.737422078847885132e-02
3.725377842783927917e-02
3.712223097681999207e-02
3.694812953472137451e-02
3.671757504343986511e-02
3.654025495052337646e-02
3.641617670655250549e-02
3.641617670655250549e-02
3.636205941438674927e-02
3.630378097295761108e-02
3.637727349996566772e-02
3.646284714341163635e-02
3.645756840705871582e-02
3.647001460194587708e-02
3.641038015484809875e-02
3.641908615827560425e-02
3.633484989404678345e-02
3.614217787981033325e-02
3.614217787981033325e-02
3.592541441321372986e-02
3.568973019719123840e-02
3.548903390765190125e-02
3.523806482553482056e-02
3.499827533960342407e-02
3.488847985863685608e-02
3.489176183938980103e-02
3.491270542144775391e-02
3.499283641576766968e-02
3.518549352884292603e-02
3.518549352884292603e-02
3.530872985720634460e-02
3.537487238645553589e-02
3.548724949359893799e-02
3.543927147984504700e-02
3.529557213187217712e-02
3.517737612128257751e-02
3.500662371516227722e-02
3.465850651264190674e-02
3.404370695352554321e-02
3.343141451478004456e-02
3.343141451478004456e-02
3.274774551391601562e-02
3.202145174145698547e-02
3.130730241537094116e-02
3.067750297486782074e-02
3.015039116144180298e-02
2.968443930149078369e-02
2.928492985665798187e-02
2.911147475242614746e-02
2.899116650223731995e-02
2.886177226901054382e-02
2.886177226901054382e-02
2.885954454541206360e-02
2.883116342127323151e-02
2.872305363416671753e-02
2.842336893081665039e-02
2.803858742117881775e-02
2.765038795769214630e-02
2.727731317281723022e-02
2.690851502120494843e-02
2.662083506584167480e-02
2.647941000759601593e-02
2.647941000759601593e-02
2.637275122106075287e-02
2.636509761214256287e-02
2.637882903218269348e-02
2.626710012555122375e-02
2.599581331014633179e-02
2.554850280284881592e-02
2.504255808889865875e-02
2.454842999577522278e-02
2.416812814772129059e-02
2.378344349563121796e-02
2.378344349563121796e-02
2.354201860725879669e-02
2.333382889628410339e-02
2.309569902718067169e-02
2.283528074622154236e-02
2.254902943968772888e-02
2.231498435139656067e-02
2.229736931622028351e-02
2.228782139718532562e-02
2.227712795138359070e-02
2.226573228836059570e-02
2.226573228836059570e-02
2.226050011813640594e-02
2.228078246116638184e-02
2.226963266730308533e-02
2.224895916879177094e-02
2.217845246195793152e-02
2.206196077167987823e-02
2.193871699273586273e-02
2.167318575084209442e-02
2.142411656677722931e-02
2.147744409739971161e-02
2.147744409739971161e-02
2.164316177368164062e-02
2.189683355391025543e-02
2.234641648828983307e-02
2.286483161151409149e-02
2.343340963125228882e-02
2.399296872317790985e-02
2.447104640305042267e-02
2.489920146763324738e-02
2.542970888316631317e-02
2.578433044254779816e-02
2.578433044254779816e-02
2.595810219645500183e-02
2.608578652143478394e-02
2.624021098017692566e-02
2.619606629014015198e-02
2.615552954375743866e-02
2.613844349980354309e-02
2.610467188060283661e-02
2.626912668347358704e-02
2.645402029156684875e-02
2.678262814879417419e-02
2.678262814879417419e-02
2.708989940583705902e-02
2.742429822683334351e-02
2.794359996914863586e-02
2.830671705305576324e-02
2.860199287533760071e-02
2.870250865817070007e-02
2.872479707002639771e-02
2.863308414816856384e-02
2.854327298700809479e-02
2.848724834620952606e-02
2.848724834620952606e-02
2.848882414400577545e-02
2.840893901884555817e-02
2.830091677606105804e-02
2.824330888688564301e-02
2.812875434756278992e-02
2.799365483224391937e-02
2.776511758565902710e-02
2.749696373939514160e-02
2.720334194600582123e-02
2.694515138864517212e-02
2.694515138864517212e-02
2.691745944321155548e-02
2.700891532003879547e-02
2.735500968992710114e-02
2.762522175908088684e-02
2.786326035857200623e-02
2.797348611056804657e-02
2.787427231669425964e-02
2.765801735222339630e-02
2.734818495810031891e-02
2.735485136508941650e-02
2.735485136508941650e-02
2.745426632463932037e-02
2.742552757263183594e-02
2.734784223139286041e-02
2.715530060231685638e-02
2.698375284671783447e-02
2.670013159513473511e-02
2.636832743883132935e-02
2.590564079582691193e-02
2.543081901967525482e-02
2.495339512825012207e-02
2.495339512825012207e-02
2.451890707015991211e-02
2.398885041475296021e-02
2.357726357877254486e-02
2.318271622061729431e-02
2.266132272779941559e-02
2.210051566362380981e-02
2.162175811827182770e-02
2.132622897624969482e-02
2.121349982917308807e-02
2.111913822591304779e-02
2.111913822591304779e-02
2.110019698739051819e-02
2.111422084271907806e-02
2.101816050708293915e-02
2.075237408280372620e-02
2.040115557610988617e-02
2.009863033890724182e-02
1.977014355361461639e-02
1.948713138699531555e-02
1.923706941306591034e-02
1.908803731203079224e-02
1.908803731203079224e-02
1.899500936269760132e-02
1.901147142052650452e-02
1.907686144113540649e-02
1.917784847319126129e-02
1.931298151612281799e-02
1.932635903358459473e-02
1.931372657418251038e-02
1.920208893716335297e-02
1.894063688814640045e-02
1.862200349569320679e-02
1.862200349569320679e-02
1.825425773859024048e-02
1.786681823432445526e-02
1.762170717120170593e-02
1.748172380030155182e-02
1.763237826526165009e-02
1.791583560407161713e-02
1.822981052100658417e-02
1.853025518357753754e-02
1.871375553309917450e-02
1.860473677515983582e-02
1.860473677515983582e-02
1.831040531396865845e-02
1.781753823161125183e-02
1.721679605543613434e-02
1.655345968902111053e-02
1.543527469038963318e-02
1.441636867821216583e-02
1.383075304329395294e-02
1.350765302777290344e-02
1.341326348483562469e-02
1.344274356961250305e-02
1.344274356961250305e-02
1.362216565757989883e-02
1.393828541040420532e-02
1.428475324064493179e-02
1.479426119476556778e-02
1.537784747779369354e-02
1.614329963922500610e-02
1.688362844288349152e-02
1.771107688546180725e-02
1.843349821865558624e-02
1.907835528254508972e-02
1.907835528254508972e-02
1.951134391129016876e-02
1.961507275700569153e-02
1.955532096326351166e-02
1.928480714559555054e-02
1.880352571606636047e-02
1.809845864772796631e-02
1.727401465177536011e-02
1.643307507038116455e-02
1.577200926840305328e-02
1.524302456527948380e-02
1.524302456527948380e-02
1.485934574156999588e-02
1.463675126433372498e-02
1.458666007965803146e-02
1.482759788632392883e-02
1.499212253838777542e-02
1.516652386635541916e-02
1.528330706059932709e-02
1.531988196074962616e-02
1.505414303392171860e-02
1.482722163200378418e-02
1.482722163200378418e-02
1.467627193778753281e-02
1.452334318310022354e-02
1.443377509713172913e-02
1.432025432586669922e-02
1.429287157952785492e-02
1.427815668284893036e-02
1.421212498098611832e-02
1.408373564481735229e-02
1.396045926958322525e-02
1.385233085602521896e-02
1.385233085602521896e-02
1.361369993537664413e-02
1.331473048776388168e-02
1.307286880910396576e-02
1.286280713975429535e-02
1.277442835271358490e-02
1.276231836527585983e-02
1.278444938361644745e-02
1.286503579467535019e-02
1.294322311878204346e-02
1.306660100817680359e-02
1.306660100817680359e-02
1.315000560134649277e-02
1.320201996713876724e-02
1.323287840932607651e-02
1.320538576692342758e-02
1.315236743539571762e-02
1.317266281694173813e-02
1.321747899055480957e-02
1.322339288890361786e-02
1.315940544009208679e-02
1.320612803101539612e-02
1.320612803101539612e-02
1.320475619286298752e-02
1.317537296563386917e-02
1.317827031016349792e-02
1.325793378055095673e-02
1.340559590607881546e-02
1.360700000077486038e-02
1.376105565577745438e-02
1.377394888550043106e-02
1.367328222841024399e-02
1.348587218672037125e-02
1.348587218672037125e-02
1.326770707964897156e-02
1.306286826729774475e-02
1.298896037042140961e-02
1.293977443128824234e-02
1.294473931193351746e-02
1.303134020417928696e-02
1.319209393113851547e-02
1.344679575413465500e-02
1.374771352857351303e-02
1.414349768310785294e-02
1.414349768310785294e-02
1.459801197052001953e-02
1.511706970632076263e-02
1.560595259070396423e-02
1.601842790842056274e-02
1.635557599365711212e-02
1.660140790045261383e-02
1.680197939276695251e-02
1.694435812532901764e-02
1.694202795624732971e-02
1.691510528326034546e-02
1.691510528326034546e-02
1.688023470342159271e-02
1.681502722203731537e-02
1.672543212771415710e-02
1.663403585553169250e-02
1.659423857927322388e-02
1.650806330144405365e-02
1.645689271390438080e-02
1.638186722993850708e-02
1.632652431726455688e-02
1.629729568958282471e-02
1.629729568958282471e-02
1.627883501350879669e-02
1.630485430359840393e-02
1.639782078564167023e-02
1.642810553312301636e-02
1.643122732639312744e-02
1.629046909511089325e-02
1.608667708933353424e-02
1.580501720309257507e-02
1.553343143314123154e-02
1.530916709452867508e-02
1.530916709452867508e-02
1.515322923660278320e-02
1.504138950258493423e-02
1.493607740849256516e-02
1.484515238553285599e-02
1.473842561244964600e-02
1.461597625166177750e-02
1.470925100147724152e-02
1.478442177176475525e-02
1.488295849412679672e-02
1.502327900379896164e-02
1.502327900379896164e-02
1.516684703528881073e-02
1.526736840605735779e-02
1.533525343984365463e-02
1.533597428351640701e-02
1.534308679401874542e-02
1.532362401485443115e-02
1.532682776451110840e-02
1.536509115248918533e-02
1.543405931442975998e-02
1.550964172929525375e-02
1.550964172929525375e-02
1.561864186078310013e-02
1.574923284351825714e-02
1.584592089056968689e-02
1.591449044644832611e-02
1.595540158450603485e-02
1.595884934067726135e-02
1.590654812753200531e-02
1.585254073143005371e-02
1.576512493193149567e-02
1.568767987191677094e-02
1.568767987191677094e-02
1.563339680433273315e-02
1.560179889202117920e-02
1.556850876659154892e-02
1.563056930899620056e-02
1.561965048313140869e-02
1.569004356861114502e-02
1.591853983700275421e-02
1.614008657634258270e-02
1.635422743856906891e-02
1.645097136497497559e-02
