5.126971982459122869e-03
4.642024905504695334e-03
4.655586394902181888e-03
5.105725850882881708e-03
5.173388554497026538e-03
5.737150736999345989e-03
6.002094029835178084e-03
6.059384072628793728e-03
6.002512111225768825e-03
5.634651548922912402e-03
5.349457565287763817e-03
4.777003129687051181e-03
4.131733000394180629e-03
3.532771525991327839e-03
3.192103716708400481e-03
3.245674431713084160e-03
3.692056656543011781e-03
4.103167552566063664e-03
4.750899522357756276e-03
5.405104732538552371e-03
5.991351578734478538e-03
6.582135300977638888e-03
7.214843906628085404e-03
7.961527406524310235e-03
8.875940235652603899e-03
9.745744662243529741e-03
1.067971542091239630e-02
1.151213469058755268e-02
1.217732796560485990e-02
1.300277276650072672e-02
1.385447003109907017e-02
1.385447003109907017e-02
1.475323492313953579e-02
1.569149523572144211e-02
1.682446673992755992e-02
1.787939373019336101e-02
1.897218419998822694e-02
1.999515874355760336e-02
2.086410418526284810e-02
2.161746048171390988e-02
2.213209093405004921e-02
2.254860174486057398e-02
2.290943808912644306e-02
2.318805753825867871e-02
2.342439704045042384e-02
2.362355630044846513e-02
2.391587698038079648e-02
2.419636842428150164e-02
2.439935333179368143e-02
2.460460653903461664e-02
2.482263908441659575e-02
2.504974076390811474e-02
2.535133075512443698e-02
2.547567826469426810e-02
2.555564921592151303e-02
2.568269553895886209e-02
2.577710741549107953e-02
2.592751229400843890e-02
2.606126785997354631e-02
2.621583079464297195e-02
2.627348345906193108e-02
2.624633050912232590e-02
