3.053912520408630371e-02
2.934150397777557373e-02
2.835942618548870087e-02
2.782375179231166840e-02
2.757699228823184967e-02
2.756284736096858978e-02
2.744091488420963287e-02
2.722280286252498627e-02
2.704411745071411133e-02
2.695284411311149597e-02
2.686101198196411133e-02
2.686101198196411133e-02
2.664193138480186462e-02
2.650174312293529510e-02
2.634954266250133514e-02
2.615043893456459045e-02
2.599304169416427612e-02
2.578129060566425323e-02
2.548262849450111389e-02
2.496788091957569122e-02
2.442266792058944702e-02
2.388773858547210693e-02
2.388773858547210693e-02
2.356593683362007141e-02
2.335719764232635498e-02
2.312348783016204834e-02
2.290058881044387817e-02
2.266388759016990662e-02
2.250507846474647522e-02
2.245009876787662506e-02
2.246332354843616486e-02
2.252327837049961090e-02
2.253226563334465027e-02
2.253226563334465027e-02
2.254001423716545105e-02
2.251709997653961182e-02
2.244663238525390625e-02
2.236229740083217621e-02
2.226988598704338074e-02
2.205387316644191742e-02
2.179975435137748718e-02
2.157612890005111694e-02
2.127720415592193604e-02
2.099856548011302948e-02
2.099856548011302948e-02
2.077841944992542267e-02
2.066151052713394165e-02
2.058826759457588196e-02
2.054225094616413116e-02
2.056885883212089539e-02
2.058539167046546936e-02
2.072061039507389069e-02
2.083256281912326813e-02
2.098890207707881927e-02
2.111049741506576538e-02
2.111049741506576538e-02
2.112549543380737305e-02
2.102229185402393341e-02
2.104073949158191681e-02
2.102643623948097229e-02
2.099576592445373535e-02
2.093580737709999084e-02
2.024804055690765381e-02
1.963546685874462128e-02
1.889938302338123322e-02
1.830576546490192413e-02
1.830576546490192413e-02
1.778963580727577209e-02
1.731094345450401306e-02
1.684294827282428741e-02
1.632958278059959412e-02
1.583676040172576904e-02
1.540420763194561005e-02
1.498879585415124893e-02
1.459933537989854813e-02
1.420978829264640808e-02
1.377233583480119705e-02
1.377233583480119705e-02
1.328703481703996658e-02
1.283552125096321106e-02
1.236270833760499954e-02
1.195569615811109543e-02
1.157515216618776321e-02
1.122362911701202393e-02
1.091520395129919052e-02
1.098981499671936035e-02
1.103855296969413757e-02
1.114253234118223190e-02
1.114253234118223190e-02
1.120653375983238220e-02
1.120750699192285538e-02
1.121644396334886551e-02
1.118549145758152008e-02
1.119123399257659912e-02
1.117944717407226562e-02
1.101094018667936325e-02
1.074445527046918869e-02
1.042095292359590530e-02
1.003867294639348984e-02
1.003867294639348984e-02
9.550032205879688263e-03
9.012602269649505615e-03
8.392435498535633087e-03
7.706718984991312027e-03
6.961655337363481522e-03
6.111557129770517349e-03
5.214606411755084991e-03
4.252546466886997223e-03
3.411050885915756226e-03
2.601336454972624779e-03
2.601336454972624779e-03
2.064280211925506592e-03
2.047058427706360817e-03
2.267004223540425301e-03
2.490473445504903793e-03
2.805254189297556877e-03
3.136989660561084747e-03
3.443316090852022171e-03
3.797242185100913048e-03
4.182640928775072098e-03
4.658125806599855423e-03
4.658125806599855423e-03
5.219447426497936249e-03
5.687904544174671173e-03
6.123440805822610855e-03
6.439294666051864624e-03
6.646132562309503555e-03
6.643605418503284454e-03
6.494252011179924011e-03
6.270670332014560699e-03
5.952405743300914764e-03
5.629843100905418396e-03
5.629843100905418396e-03
5.406854208558797836e-03
5.221668630838394165e-03
5.083982367068529129e-03
3.927852492779493332e-03
3.035666188225150108e-03
2.487566554918885231e-03
2.482339739799499512e-03
2.819789107888936996e-03
3.330617211759090424e-03
3.975854255259037018e-03
3.975854255259037018e-03
4.674133379012346268e-03
5.460002459585666656e-03
6.268626078963279724e-03
7.091531995683908463e-03
7.832164876163005829e-03
8.580903522670269012e-03
8.580903522670269012e-03
8.580903522670269012e-03
9.234139695763587952e-03
9.869283996522426605e-03
9.869283996522426605e-03
1.048990804702043533e-02
1.111918967217206955e-02
1.171643380075693130e-02
1.231877226382493973e-02
1.285599358379840851e-02
1.341322716325521469e-02
1.388533134013414383e-02
1.439020130783319473e-02
1.500926446169614792e-02
1.557412371039390564e-02
1.557412371039390564e-02
1.602335833013057709e-02
1.644033193588256836e-02
1.673253253102302551e-02
1.688958890736103058e-02
1.674874685704708099e-02
1.655975542962551117e-02
1.636632159352302551e-02
1.609843969345092773e-02
1.570924744009971619e-02
1.530514191836118698e-02
1.530514191836118698e-02
1.476577948778867722e-02
1.424370799213647842e-02
1.370149571448564529e-02
1.313506439328193665e-02
1.262997742742300034e-02
1.214070059359073639e-02
1.169866882264614105e-02
1.127477269619703293e-02
1.082901842892169952e-02
1.047215424478054047e-02
1.047215424478054047e-02
1.001773215830326080e-02
9.568163193762302399e-03
9.154942817986011505e-03
8.596668951213359833e-03
7.953617721796035767e-03
7.284627761691808701e-03
6.596073508262634277e-03
6.009124685078859329e-03
5.578794516623020172e-03
5.255632102489471436e-03
5.255632102489471436e-03
5.116617772728204727e-03
5.111945327371358871e-03
5.166895221918821335e-03
5.262217018753290176e-03
5.419784691184759140e-03
5.483315326273441315e-03
5.516044329851865768e-03
5.434428807348012924e-03
5.302220117300748825e-03
5.076671484857797623e-03
5.076671484857797623e-03
4.752334207296371460e-03
4.399807658046483994e-03
4.057547543197870255e-03
3.775709075853228569e-03
3.539362922310829163e-03
3.392280312255024910e-03
3.256206866353750229e-03
3.114955732598900795e-03
3.004938131198287010e-03
2.897366881370544434e-03
2.897366881370544434e-03
2.793497638776898384e-03
2.714584115892648697e-03
2.557189669460058212e-03
2.557189669460058212e-03
2.557189669460058212e-03
2.557189669460058212e-03
2.371824346482753754e-03
2.112510148435831070e-03
1.909013488329946995e-03
1.758747501298785210e-03
1.758747501298785210e-03
1.662770053371787071e-03
1.676555140875279903e-03
1.808960339985787868e-03
2.005860442295670509e-03
2.195593668147921562e-03
2.394585637375712395e-03
2.529406454414129257e-03
2.530246740207076073e-03
2.471323590725660324e-03
2.431551227346062660e-03
2.431551227346062660e-03
2.390539506450295448e-03
2.390539506450295448e-03
2.390539506450295448e-03
2.390539506450295448e-03
2.421465003862977028e-03
2.522390801459550858e-03
2.601551823318004608e-03
2.634746022522449493e-03
2.684997161850333214e-03
2.718778559938073158e-03
2.718778559938073158e-03
2.753706183284521103e-03
2.747827442362904549e-03
2.808853983879089355e-03
2.912019379436969757e-03
2.969423076137900352e-03
3.046819241717457771e-03
3.141236258670687675e-03
3.250492038205265999e-03
3.299648175016045570e-03
3.279655706137418747e-03
3.279655706137418747e-03
3.224056679755449295e-03
3.147723153233528137e-03
3.101878799498081207e-03
3.106845542788505554e-03
3.202834399417042732e-03
3.323483048006892204e-03
3.597577335312962532e-03
3.935910761356353760e-03
4.184824414551258087e-03
4.362087231129407883e-03
4.362087231129407883e-03
4.411078523844480515e-03
4.336236044764518738e-03
4.212812986224889755e-03
4.044295754283666611e-03
4.019877407699823380e-03
4.055752418935298920e-03
4.245576448738574982e-03
4.494667053222656250e-03
4.709824454039335251e-03
4.890842828899621964e-03
4.890842828899621964e-03
5.021127872169017792e-03
5.036305170506238937e-03
4.917682148516178131e-03
4.695236682891845703e-03
4.462971352040767670e-03
4.406991414725780487e-03
4.507148638367652893e-03
4.679734352976083755e-03
4.938141908496618271e-03
5.115517880767583847e-03
5.115517880767583847e-03
5.187893752008676529e-03
5.149369593709707260e-03
4.980566445738077164e-03
4.711228422820568085e-03
4.302023444324731827e-03
4.302023444324731827e-03
4.302023444324731827e-03
4.097783938050270081e-03
4.047569818794727325e-03
4.154132679104804993e-03
4.154132679104804993e-03
4.299538675695657730e-03
4.480584990233182907e-03
4.724384751170873642e-03
4.931034985929727554e-03
5.148397758603096008e-03
5.347189027816057205e-03
5.602249410003423691e-03
5.865765269845724106e-03
6.117512937635183334e-03
6.348151713609695435e-03
6.348151713609695435e-03
6.536385044455528259e-03
6.644152104854583740e-03
6.654854863882064819e-03
6.594165228307247162e-03
6.480902899056673050e-03
6.321024149656295776e-03
6.039068568497896194e-03
5.764759145677089691e-03
5.512307863682508469e-03
5.341352894902229309e-03
5.341352894902229309e-03
5.289744585752487183e-03
5.294944159686565399e-03
5.362431518733501434e-03
5.536406300961971283e-03
5.882672965526580811e-03
6.350098643451929092e-03
6.711392663419246674e-03
6.977853365242481232e-03
7.140758447349071503e-03
7.258530706167221069e-03
7.258530706167221069e-03
7.219741120934486389e-03
6.742493715137243271e-03
6.234127562493085861e-03
5.803304724395275116e-03
5.462105851620435715e-03
5.255140829831361771e-03
5.236832890659570694e-03
5.296907387673854828e-03
5.442591849714517593e-03
5.637796595692634583e-03
5.637796595692634583e-03
5.670285318046808243e-03
5.537846125662326813e-03
5.332307424396276474e-03
5.053542088717222214e-03
4.736242815852165222e-03
4.394532646983861923e-03
4.179057199507951736e-03
4.043549299240112305e-03
3.981919027864933014e-03
3.908408340066671371e-03
3.908408340066671371e-03
3.799942089244723320e-03
3.663717536255717278e-03
3.560083685442805290e-03
3.469749120995402336e-03
3.386007156223058701e-03
3.284964710474014282e-03
3.210783004760742188e-03
3.160292748361825943e-03
3.138057421892881393e-03
3.138057421892881393e-03
3.138057421892881393e-03
3.150768578052520752e-03
3.125913906842470169e-03
3.103378927335143089e-03
3.057056572288274765e-03
3.042886964976787567e-03
3.001839155331254005e-03
2.924719592556357384e-03
2.815718762576580048e-03
2.663657534867525101e-03
2.500666538253426552e-03
2.500666538253426552e-03
2.318922663107514381e-03
2.318922663107514381e-03
2.318922663107514381e-03
2.097099786624312401e-03
2.097099786624312401e-03
2.009019488468766212e-03
1.939824665896594524e-03
1.918915775604546070e-03
1.860279357060790062e-03
1.728450763039290905e-03
1.728450763039290905e-03
1.546945888549089432e-03
1.429433585144579411e-03
1.461737323552370071e-03
1.673641148954629898e-03
1.967680640518665314e-03
2.152696717530488968e-03
2.289602532982826233e-03
2.393241273239254951e-03
2.542413072660565376e-03
2.788221230730414391e-03
2.788221230730414391e-03
3.049151273444294930e-03
3.331750631332397461e-03
3.585135331377387047e-03
3.827798645943403244e-03
4.058290738612413406e-03
4.318827763199806213e-03
4.522827453911304474e-03
4.667268600314855576e-03
4.724821075797080994e-03
4.766900558024644852e-03
4.766900558024644852e-03
4.860289394855499268e-03
4.986542742699384689e-03
5.147137213498353958e-03
5.286665633320808411e-03
5.392236169427633286e-03
5.521234590560197830e-03
5.600862670689821243e-03
5.689355544745922089e-03
5.771068856120109558e-03
5.785275250673294067e-03
5.785275250673294067e-03
5.744307301938533783e-03
5.556431133300065994e-03
5.271217320114374161e-03
5.002303514629602432e-03
4.770328756421804428e-03
4.577297251671552658e-03
4.478469025343656540e-03
4.397287033498287201e-03
4.360500723123550415e-03
4.334297496825456619e-03
4.334297496825456619e-03
4.410005640238523483e-03
4.493639338761568069e-03
4.606226924806833267e-03
4.637957550585269928e-03
4.611162468791007996e-03
4.492847714573144913e-03
4.299973137676715851e-03
4.063006490468978882e-03
3.810936817899346352e-03
3.593773581087589264e-03
3.593773581087589264e-03
3.387619508430361748e-03
3.250985173508524895e-03
3.175514051690697670e-03
3.128723939880728722e-03
3.067493438720703125e-03
2.981226658448576927e-03
2.908912254497408867e-03
2.879375126212835312e-03
2.867417642846703529e-03
2.838843502104282379e-03
2.838843502104282379e-03
2.897349651902914047e-03
3.053738968446850777e-03
3.260268364101648331e-03
3.487685462459921837e-03
3.719204571098089218e-03
3.906282596290111542e-03
4.035388119518756866e-03
4.040991887450218201e-03
4.013491794466972351e-03
3.958820831030607224e-03
3.958820831030607224e-03
3.918740432709455490e-03
3.883451689034700394e-03
3.884926438331604004e-03
3.893128829076886177e-03
3.893362823873758316e-03
3.892928129062056541e-03
3.935065120458602905e-03
3.935135435312986374e-03
3.928335383534431458e-03
3.960308153182268143e-03
3.960308153182268143e-03
4.042333923280239105e-03
4.120011813938617706e-03
4.274672362953424454e-03
4.458180628716945648e-03
4.679621197283267975e-03
4.892241675406694412e-03
5.097296554595232010e-03
5.323139484971761703e-03
5.513505078852176666e-03
5.663460120558738708e-03
5.663460120558738708e-03
5.740583408623933792e-03
5.789358634501695633e-03
5.880614276975393295e-03
6.059319246560335159e-03
6.306528113782405853e-03
6.562958005815744400e-03
6.813129875808954239e-03
6.995627656579017639e-03
6.976502016186714172e-03
6.921529769897460938e-03
6.921529769897460938e-03
6.890627555549144745e-03
6.844259332865476608e-03
6.858314387500286102e-03
6.952592637389898300e-03
7.054164074361324310e-03
7.219673134386539459e-03
7.422548253089189529e-03
7.648515980690717697e-03
7.816621102392673492e-03
7.942996919155120850e-03
7.942996919155120850e-03
7.951172068715095520e-03
7.923330180346965790e-03
7.851421833038330078e-03
7.751481141895055771e-03
7.893229834735393524e-03
8.004490286111831665e-03
8.091204799711704254e-03
8.143640123307704926e-03
8.109122514724731445e-03
8.029944263398647308e-03
8.029944263398647308e-03
7.893006317317485809e-03
7.771931122988462448e-03
7.634536363184452057e-03
7.514325901865959167e-03
7.448805030435323715e-03
7.453857455402612686e-03
7.399204187095165253e-03
7.358228322118520737e-03
7.302043493837118149e-03
7.218312937766313553e-03
7.218312937766313553e-03
7.179217878729104996e-03
6.302069406956434250e-03
5.532264243811368942e-03
4.911596421152353287e-03
4.422131925821304321e-03
4.044884815812110901e-03
3.754560602828860283e-03
3.539599012583494186e-03
3.499568440020084381e-03
3.539196215569972992e-03
3.539196215569972992e-03
3.656458109617233276e-03
3.848586231470108032e-03
4.093268886208534241e-03
4.406734369695186615e-03
4.852728452533483505e-03
5.297534633427858353e-03
5.675037857145071030e-03
6.020737346261739731e-03
6.300463341176509857e-03
6.487374659627676010e-03
