1.903314615017262165e-02
1.903314615017262165e-02
1.760067506336882720e-02
1.645520389723580806e-02
1.557548545480120020e-02
1.508703625081220072e-02
1.460621691487945344e-02
1.420441423182237581e-02
1.376630625630532491e-02
1.336934528077489415e-02
1.286752856857584747e-02
1.241845649738880508e-02
1.241845649738880508e-02
1.199435792716885447e-02
1.156701455330000870e-02
1.109987694180771152e-02
1.057385461102216574e-02
1.014727538360084280e-02
9.798884987363061863e-03
9.589812187843388055e-03
9.371073815979626478e-03
9.157157350354478906e-03
8.938792130458872096e-03
8.938792130458872096e-03
8.862456750989455845e-03
8.881507030586785131e-03
8.967807068080060201e-03
9.200747250233242552e-03
9.591176839744693788e-03
1.000002065106017288e-02
1.014377342372439761e-02
1.037206187712180587e-02
1.069176064478238181e-02
1.093542573942645445e-02
1.093542573942645445e-02
1.106643371309858764e-02
1.115718338332398821e-02
1.119535439554735987e-02
1.116683933685645551e-02
1.100255299287073579e-02
1.083436360293815043e-02
1.058527570291568042e-02
1.025710417195680423e-02
9.894049298321055605e-03
9.636153326135014560e-03
9.636153326135014560e-03
9.438424974289772937e-03
9.329931372265910447e-03
9.163358889948415228e-03
8.920544773972661004e-03
8.608436109488261032e-03
8.168726454140457297e-03
7.870885848865007139e-03
7.655630524604482325e-03
7.544557536527200618e-03
7.299210866516711235e-03
7.299210866516711235e-03
7.048441711302847260e-03
6.745665087689652929e-03
6.325105079481900365e-03
5.998553083085738161e-03
5.746311603665959708e-03
5.619945332475945535e-03
5.582275632248092680e-03
5.693601347461594610e-03
5.911871165307850708e-03
6.296431881942376671e-03
6.296431881942376671e-03
6.632400400851145780e-03
6.857938689754338769e-03
7.333157144500706409e-03
7.578253221238565734e-03
7.752614123640918370e-03
7.780345874885238183e-03
7.650309346592310510e-03
7.401040053047753912e-03
7.189655470785271535e-03
6.571459710355553006e-03
6.571459710355553006e-03
5.884196777005156788e-03
5.476302740223956515e-03
5.259887020380689740e-03
5.052996318381930765e-03
5.004224887672356452e-03
4.971977826457154269e-03
5.126134256063856823e-03
5.223967810280538346e-03
5.470108782374590028e-03
5.663326907251649452e-03
5.663326907251649452e-03
6.013458816907180961e-03
6.547144712291525642e-03
7.177940436690403297e-03
7.885639246206516823e-03
8.681237092851491755e-03
9.158802022592430273e-03
9.533737661444557573e-03
9.930483369974265132e-03
1.035740827728201183e-02
1.062343315639223407e-02
1.062343315639223407e-02
1.055295615662106903e-02
1.011858004598912252e-02
9.698768434228406676e-03
9.157815500433916234e-03
8.585626493692564976e-03
8.118836223147005149e-03
7.660815273750689290e-03
7.343070572591682554e-03
7.182858069497611957e-03
7.043144323574587577e-03
7.043144323574587577e-03
7.084484275688716914e-03
6.943231154457797476e-03
6.870363269110433581e-03
6.835671753801634588e-03
6.684530505730664103e-03
6.527698307250776218e-03
6.494502748287434707e-03
6.435984668257724826e-03
6.330326201566909700e-03
6.246444538139312060e-03
6.246444538139312060e-03
6.229737214811853149e-03
6.135389071425441723e-03
6.133855301818758911e-03
5.900813063809049602e-03
5.751988667366607702e-03
5.738997774264486748e-03
5.779451411916805038e-03
5.800025490615846012e-03
5.900163579710611915e-03
5.934418479250574453e-03
5.934418479250574453e-03
5.915167645646500494e-03
6.381432699841607659e-03
6.679302129944724928e-03
6.712300347189757883e-03
6.764714215162115352e-03
6.726202885737931486e-03
6.715514513227453276e-03
6.698145948523727411e-03
6.686381425102766278e-03
6.486530163095078141e-03
6.486530163095078141e-03
6.462575095943287086e-03
6.405362455205194233e-03
6.291973875702194102e-03
6.107961870418197881e-03
5.986324601838786605e-03
6.181704031781674186e-03
6.475004710635368609e-03
6.440639185349144626e-03
6.265831337354955954e-03
6.061725794995672170e-03
6.061725794995672170e-03
5.734208827758298724e-03
5.490577041906548501e-03
5.220433289467985190e-03
4.768969762483747654e-03
4.374067250325051198e-03
3.976395748629712665e-03
3.599030366028207334e-03
3.258453421663658114e-03
3.101908601545067239e-03
2.952864281769585885e-03
2.952864281769585885e-03
2.804733749444102923e-03
2.649196455413182789e-03
2.549289967046249657e-03
2.606543058982974982e-03
2.632252191088128249e-03
2.691261833945431722e-03
3.484535954990859372e-03
4.800402256168059476e-03
6.137253382274776570e-03
7.386118900337338214e-03
7.386118900337338214e-03
8.482209032949366428e-03
9.459330869868869812e-03
1.033514855461720866e-02
1.111083554554113950e-02
1.161134868534428877e-02
1.209504532977098180e-02
1.252275976768549466e-02
1.289762539141155358e-02
1.319275178327917498e-02
1.344248630892466712e-02
1.344248630892466712e-02
1.365516667940285152e-02
1.382351959962255933e-02
1.392468411244222361e-02
1.401970577483573586e-02
1.410635514403222809e-02
1.415214576229573314e-02
1.419395886677450418e-02
1.420179873086783659e-02
1.398471623145727642e-02
1.372217318279833967e-02
1.372217318279833967e-02
1.344116497497418149e-02
1.317449974810516213e-02
1.292272878626615079e-02
1.266290497992737622e-02
1.238172067895149109e-02
1.209113552924844480e-02
1.180519642887004929e-02
1.151502297121978144e-02
1.126797512923836432e-02
1.104941781446395870e-02
1.104941781446395870e-02
1.083991563918213115e-02
1.063875105222280952e-02
1.047138692807491646e-02
1.030119681200903671e-02
1.013136680172463909e-02
9.930882008765629099e-03
9.764167942853117441e-03
9.619321291249130837e-03
9.482847088191028243e-03
9.362314841381029137e-03
9.362314841381029137e-03
9.247229033488660668e-03
9.135777630299256671e-03
9.046190698693782478e-03
8.949518578905142629e-03
8.855948343763745539e-03
8.750295436243581138e-03
8.634218657138263003e-03
8.519012255737751574e-03
8.412140022715277818e-03
8.278708128293937180e-03
8.278708128293937180e-03
8.133661475100204333e-03
7.966343881909608571e-03
7.823065038221756196e-03
7.676901096097545583e-03
7.586127143932991194e-03
7.492276082346107334e-03
7.410805862994280548e-03
7.383017231969903754e-03
7.352656154157094157e-03
7.338741619070625680e-03
7.338741619070625680e-03
7.329010181166030480e-03
7.309096706111369197e-03
7.284509184036625125e-03
7.272326329534167279e-03
7.262842955074704475e-03
7.215960631473510196e-03
7.172679873481521001e-03
7.131472681098796097e-03
7.073698335349162293e-03
7.012192753959975607e-03
7.012192753959975607e-03
6.971200784027228869e-03
7.024206347886144224e-03
7.090828428464342539e-03
7.149286193604253645e-03
7.194372834046679037e-03
7.220918341943697964e-03
7.266028101689202094e-03
7.311583471870062960e-03
7.326012164880460649e-03
7.385230675918250630e-03
7.385230675918250630e-03
7.464219890792360250e-03
7.525884003333727437e-03
7.537980575175971636e-03
7.532364406255531546e-03
7.564987084600824190e-03
7.608988212560261616e-03
7.649958321345446885e-03
7.631104251344572424e-03
7.614777411912454323e-03
7.581593280277723959e-03
7.581593280277723959e-03
7.526528056120759293e-03
7.468427394589442422e-03
7.399066161474277675e-03
7.361841281022621017e-03
7.323435004904201712e-03
7.313152741815210668e-03
7.334584769339444477e-03
7.350172718565806118e-03
7.376454786510934676e-03
7.411312096186494294e-03
7.411312096186494294e-03
7.463816801940120933e-03
7.485958617252605821e-03
7.512565223498005387e-03
7.549290281781344952e-03
7.588228813136008860e-03
7.613670961074544066e-03
7.567899685501473621e-03
7.474971960635708526e-03
7.385842810428265397e-03
7.322303912948897528e-03
7.322303912948897528e-03
7.284069650575429253e-03
7.254525587008093558e-03
7.230664442021761569e-03
7.230211960135984883e-03
7.204770572951100724e-03
7.203753879361691342e-03
7.233015344731403770e-03
7.263020728702800598e-03
7.301773098088623279e-03
7.330850421858197546e-03
7.330850421858197546e-03
7.374687847992938451e-03
7.412924835467402281e-03
7.424958258557340200e-03
7.451590612204674231e-03
7.479423370432484834e-03
7.479069756712349547e-03
7.510074724550770339e-03
7.567650956545511620e-03
7.629836606310279844e-03
7.682402939603637584e-03
7.682402939603637584e-03
7.630475775725104222e-03
7.593005453143595457e-03
7.609116880546345010e-03
7.648371936500104190e-03
7.701398091681931936e-03
7.739188672244803370e-03
7.798184766589673356e-03
7.848491779784643949e-03
7.926883156901797997e-03
8.005317150095100920e-03
8.005317150095100920e-03
8.114147630592278421e-03
8.229562108466079162e-03
8.348239371701616021e-03
8.416165558695912208e-03
8.472262003069618713e-03
8.450067966270480638e-03
8.440953625006330716e-03
8.398252304445630312e-03
8.384145061154998566e-03
8.378300988690575574e-03
8.378300988690575574e-03
8.381142985902791109e-03
8.366970415819817430e-03
8.370525332147771280e-03
8.368604477457340998e-03
8.387126035697906393e-03
8.418344501088345644e-03
8.412312161745738245e-03
8.403323969203712815e-03
8.383320305167052747e-03
8.314300709356809566e-03
8.314300709356809566e-03
8.235533548383260419e-03
8.140755687718421660e-03
8.104009671436608261e-03
8.071955956767552787e-03
8.072874566815733954e-03
8.072954304750261725e-03
8.095146608550696926e-03
8.087765242816942132e-03
8.084797960727297533e-03
8.109118595089816195e-03
8.109118595089816195e-03
8.144389062383730268e-03
8.140507756386854143e-03
8.110448686250482792e-03
8.089477433284910854e-03
8.033911320546222729e-03
7.994663153060419317e-03
7.961125466786256669e-03
7.945189467191254504e-03
7.940711358048187923e-03
7.935965761316337783e-03
7.935965761316337783e-03
7.958074757407115202e-03
7.904508503083433613e-03
7.869243577387968758e-03
7.820532765057817276e-03
7.810600678235532848e-03
7.885766057996807660e-03
7.957996688798619003e-03
8.019358060872719060e-03
8.122101842132344388e-03
8.192252979798782600e-03
8.192252979798782600e-03
8.241936006536831893e-03
8.211122362534560917e-03
8.198476715482868812e-03
8.199969786885773215e-03
8.223768740373853595e-03
8.219856866959817515e-03
8.283514450094724146e-03
8.347298575241818980e-03
8.395104807595943699e-03
8.425822826285548142e-03
8.425822826285548142e-03
8.465341231090939278e-03
8.493654717367262602e-03
8.514632604090084655e-03
8.529182865927305290e-03
8.513741355456736978e-03
8.464786246562454666e-03
8.418974136614437720e-03
8.385165758365920388e-03
8.337766025262356370e-03
8.318555454075123035e-03
8.318555454075123035e-03
8.334020849768362590e-03
8.360991043263273081e-03
8.391820817846262423e-03
8.418872581858619433e-03
8.460087111193559384e-03
8.512157513640117648e-03
8.558040827319639277e-03
8.484569657314394719e-03
8.431893290680459938e-03
8.400393593794231589e-03
8.400393593794231589e-03
8.408985989505228520e-03
8.412194252160479571e-03
8.491459936132990383e-03
8.560196891560142504e-03
8.632228983728560887e-03
8.691930565960050148e-03
8.747702028257500068e-03
8.756217419260402604e-03
8.783106819787804206e-03
8.666199226870219957e-03
8.666199226870219957e-03
8.525399490420533521e-03
8.424139026040701472e-03
8.323554655550633244e-03
8.256734587691313965e-03
8.200635961165809659e-03
8.182883115433190954e-03
8.184154179303872872e-03
8.205622747373382889e-03
8.205749947741709793e-03
8.246487865584791604e-03
8.246487865584791604e-03
8.296366777372094978e-03
8.307401277877676446e-03
8.280157176565768745e-03
8.254219058808381915e-03
8.241884574717776510e-03
8.276601583250399116e-03
8.283787064847329684e-03
8.297430937722683961e-03
8.317845945420150947e-03
8.329830905826444976e-03
8.329830905826444976e-03
8.387184554995907523e-03
8.383436550247725175e-03
8.273218366591989989e-03
8.179469103163618249e-03
8.108573730170825708e-03
8.041693339705995036e-03
8.030208706373102856e-03
8.073543915127339224e-03
8.106989640848301718e-03
8.135373093590093571e-03
8.135373093590093571e-03
8.178617165990432342e-03
8.254025702754940949e-03
8.348678676940843660e-03
8.422268841486703350e-03
8.464795793235804083e-03
8.484265448554378919e-03
8.531437422414585303e-03
8.616741564741478218e-03
8.710777107264498775e-03
8.761344220498555949e-03
8.761344220498555949e-03
8.758073981366578178e-03
8.872836709027944260e-03
8.955043938631482639e-03
9.100475300879075358e-03
9.203116724997809084e-03
9.243108292849641985e-03
9.291461479640324844e-03
9.240736051131242731e-03
9.171354745563312094e-03
9.084443898317759794e-03
9.084443898317759794e-03
8.954941260155052998e-03
8.862927815056273820e-03
8.819559914506166359e-03
8.810280769110513319e-03
8.946696074986127192e-03
8.994538683498603041e-03
9.048652733022809896e-03
9.076211103626580234e-03
9.100826476595928749e-03
9.129716509696047047e-03
9.129716509696047047e-03
9.160269218452603626e-03
9.185880300761643455e-03
9.250028549050050633e-03
9.238839401649153599e-03
9.258416793586477997e-03
9.346049357207602409e-03
9.463324007352223385e-03
9.523399395353465344e-03
9.552257604450289930e-03
9.529977375248918983e-03
9.529977375248918983e-03
9.527315747610612048e-03
9.565750981250072116e-03
9.629336620371168123e-03
9.717706384077373638e-03
9.844443945630566503e-03
9.972608554433581504e-03
1.007284124260217871e-02
1.016057309540586116e-02
1.022517315912645393e-02
1.029535538716847172e-02
1.029535538716847172e-02
1.031282244281338245e-02
1.030425748598048571e-02
1.030386874139055560e-02
1.027483630573382094e-02
1.025490384859737564e-02
1.023031815286352258e-02
1.017722315314345885e-02
1.011952035723816430e-02
1.005763463663844268e-02
1.002175242469556180e-02
1.002175242469556180e-02
9.984307111870894050e-03
9.988317620345757430e-03
9.990339836562615178e-03
1.001545294095216102e-02
1.007266465954164726e-02
1.010957171048940464e-02
1.012583040763449967e-02
1.009874596315953749e-02
1.013117637536818140e-02
1.017097274852392028e-02
1.017097274852392028e-02
1.026998327837267376e-02
1.035201472129547440e-02
1.041852545281313387e-02
1.050425730356320704e-02
1.059402544840261709e-02
1.064599140525415537e-02
1.063028783682766834e-02
1.058274200915722447e-02
1.053454051446269663e-02
1.048847977967916172e-02
1.048847977967916172e-02
1.045467717296355743e-02
1.042169393534623026e-02
1.029777916238884365e-02
1.021015966954984255e-02
1.016841551198378706e-02
1.020734720720766799e-02
1.024352793709051163e-02
1.025038661078850853e-02
1.032279019470752277e-02
1.040640716567573475e-02
1.040640716567573475e-02
1.046851633167278882e-02
1.047056493922292504e-02
1.052078994598394657e-02
1.051218701314742855e-02
1.049320796419089992e-02
1.045165817732130083e-02
1.042210939443275787e-02
1.039410313493330067e-02
1.030779703162881464e-02
1.016529134713253443e-02
1.016529134713253443e-02
1.006781515954887143e-02
9.956576802278193500e-03
9.878344131472222706e-03
9.787037646646774489e-03
9.733473102786240755e-03
9.822301415230896837e-03
9.960324654019999183e-03
1.009452034180481975e-02
1.016551415783502332e-02
1.017662901063469752e-02
1.017662901063469752e-02
1.012511721370934308e-02
1.000549506321518796e-02
9.888712173983215878e-03
9.771747296251336729e-03
9.638132799589020638e-03
9.532366467635699711e-03
9.436931252536279180e-03
9.363755447469061452e-03
9.291367684390886006e-03
9.221940139691535768e-03
9.221940139691535768e-03
9.188030868885128585e-03
9.115325725051921790e-03
9.047797872643882286e-03
8.947255818494573645e-03
8.814420170828446768e-03
8.724181041995149669e-03
8.685192951758768584e-03
8.682133202314767234e-03
8.586845522171976733e-03
8.544743075906907973e-03
8.544743075906907973e-03
8.492517834354004064e-03
8.497212044839949976e-03
8.456837588736601172e-03
8.424647266188179523e-03
8.371590448507257309e-03
8.340195853215924895e-03
8.273951592441181058e-03
8.193344885291159799e-03
8.066711039431654837e-03
7.952568901575298929e-03
7.952568901575298929e-03
7.869597904764149762e-03
7.795231123540385942e-03
7.765898253732753803e-03
7.776369116435950281e-03
7.697366527884237815e-03
7.640957975915422563e-03
7.581245872559582225e-03
7.557781260295352507e-03
7.576608537732336390e-03
7.578046854041325248e-03
7.578046854041325248e-03
7.633360285897891791e-03
7.701445234682770084e-03
7.727330403100880069e-03
7.805117372549678911e-03
7.863584329680147617e-03
7.925678546913141748e-03
7.935940424051064063e-03
7.952787428637241376e-03
7.972869162419583475e-03
8.006755348037804254e-03
8.006755348037804254e-03
8.048888148952614702e-03
8.109242664264413453e-03
8.148278396786680020e-03
8.147638967812724509e-03
8.065140925427097957e-03
8.080886664077215759e-03
8.101286242523519573e-03
8.168043297921786031e-03
8.286502453171966376e-03
8.418181232211344178e-03
8.418181232211344178e-03
8.544322196767661221e-03
8.655302996758549097e-03
8.784044153842242297e-03
8.900474205868705996e-03
9.029594695628318998e-03
9.142102392610118936e-03
9.230952446608113940e-03
9.279926654043646472e-03
9.270973970569352379e-03
9.281581146276250346e-03
9.281581146276250346e-03
9.311096848831823883e-03
9.308152130242514782e-03
9.390720217299990472e-03
9.504136452904257334e-03
9.607342138749287719e-03
9.660042425066760197e-03
9.707350750790520039e-03
9.766419688152772755e-03
9.867825872738617693e-03
9.986836239577157395e-03
9.986836239577157395e-03
1.009835959848621838e-02
1.017485981060684171e-02
1.020219703951821648e-02
1.023531389220966314e-02
1.031262985385980255e-02
1.036454825516069066e-02
1.039623986040026475e-02
1.030804821827138555e-02
1.019467140992852752e-02
1.003547178724100396e-02
1.003547178724100396e-02
9.853484188032972033e-03
9.736728809201580792e-03
9.744749935953931144e-03
9.761729094178413571e-03
9.802974202335223985e-03
9.854782935597012489e-03
9.915303215589294991e-03
9.960722786427360712e-03
9.987003027193153484e-03
9.930119622345138369e-03
