1.455723494291305542e-02
1.436819415539503098e-02
1.471131388098001480e-02
1.486170571297407150e-02
1.446641422808170319e-02
1.473022717982530594e-02
1.494504418224096298e-02
1.536897476762533188e-02
1.579377800226211548e-02
1.573500968515872955e-02
1.599372550845146179e-02
1.599372550845146179e-02
1.614092662930488586e-02
1.614540070295333862e-02
1.625407487154006958e-02
1.624044775962829590e-02
1.625512912869453430e-02
1.611758954823017120e-02
1.607464998960494995e-02
1.590257510542869568e-02
1.557842362672090530e-02
1.555546000599861145e-02
1.555546000599861145e-02
1.545214094221591949e-02
1.537971757352352142e-02
1.549180317670106888e-02
1.566869206726551056e-02
1.581930927932262421e-02
1.605382561683654785e-02
1.609783805906772614e-02
1.612741127610206604e-02
1.604109071195125580e-02
1.601658388972282410e-02
1.601658388972282410e-02
1.593546569347381592e-02
1.571638137102127075e-02
1.553395763039588928e-02
1.549104601144790649e-02
1.533714681863784790e-02
1.549089886248111725e-02
1.571835763752460480e-02
1.599460840225219727e-02
1.633575558662414551e-02
1.676609553396701813e-02
1.676609553396701813e-02
1.720713637769222260e-02
1.761960238218307495e-02
1.806701906025409698e-02
1.855812408030033112e-02
1.902850717306137085e-02
1.950712688267230988e-02
1.999528892338275909e-02
2.050439454615116119e-02
2.092479169368743896e-02
2.140583284199237823e-02
2.140583284199237823e-02
2.190686762332916260e-02
2.221445366740226746e-02
2.257658168673515320e-02
2.275046147406101227e-02
2.297400124371051788e-02
2.329132147133350372e-02
2.356996573507785797e-02
2.379014715552330017e-02
2.398523502051830292e-02
2.427468448877334595e-02
2.427468448877334595e-02
2.442886307835578918e-02
2.446985058486461639e-02
2.464577928185462952e-02
2.489967457950115204e-02
2.509635128080844879e-02
2.525756880640983582e-02
2.552144043147563934e-02
2.576383575797080994e-02
2.596458792686462402e-02
2.619321458041667938e-02
2.619321458041667938e-02
2.649416774511337280e-02
2.671249955892562866e-02
2.682290785014629364e-02
2.688673511147499084e-02
2.698270231485366821e-02
2.709783241152763367e-02
2.706106193363666534e-02
2.702373825013637543e-02
2.688333950936794281e-02
2.667007036507129669e-02
2.667007036507129669e-02
2.636132016777992249e-02
2.685488387942314148e-02
2.727758139371871948e-02
2.755055390298366547e-02
2.764549851417541504e-02
2.761453576385974884e-02
2.749175019562244415e-02
2.731620147824287415e-02
2.696423605084419250e-02
2.658762782812118530e-02
2.658762782812118530e-02
2.613483183085918427e-02
2.565244026482105255e-02
2.514574304223060608e-02
2.450266666710376740e-02
2.396713010966777802e-02
2.332743443548679352e-02
2.289696969091892242e-02
2.255346812307834625e-02
2.218426764011383057e-02
2.187786996364593506e-02
2.187786996364593506e-02
2.147014252841472626e-02
2.090870961546897888e-02
2.036396041512489319e-02
1.989482901990413666e-02
1.949241384863853455e-02
1.921156980097293854e-02
1.888399943709373474e-02
1.870772428810596466e-02
1.865344494581222534e-02
1.886534690856933594e-02
1.886534690856933594e-02
1.814376562833786011e-02
1.761740259826183319e-02
1.719982549548149109e-02
1.680286414921283722e-02
1.650906912982463837e-02
1.630165427923202515e-02
1.620049029588699341e-02
1.617753133177757263e-02
1.623855903744697571e-02
1.632389053702354431e-02
1.632389053702354431e-02
1.654982194304466248e-02
1.677460968494415283e-02
1.692823134362697601e-02
1.693175360560417175e-02
1.688065566122531891e-02
1.677037030458450317e-02
1.661107689142227173e-02
1.654670946300029755e-02
1.675210893154144287e-02
1.698952168226242065e-02
1.698952168226242065e-02
1.720027066767215729e-02
1.729828491806983948e-02
1.730491407215595245e-02
1.727367192506790161e-02
1.723932661116123199e-02
1.725490204989910126e-02
1.736752688884735107e-02
1.747557148337364197e-02
1.761883497238159180e-02
1.770647615194320679e-02
1.770647615194320679e-02
1.767381466925144196e-02
1.756323315203189850e-02
1.744293235242366791e-02
1.735188439488410950e-02
1.735572516918182373e-02
1.738833077251911163e-02
1.739324256777763367e-02
1.734943687915802002e-02
1.732940413057804108e-02
1.732941158115863800e-02
1.732941158115863800e-02
1.733370684087276459e-02
1.741340942680835724e-02
1.753654330968856812e-02
1.765091158449649811e-02
1.776113733649253845e-02
1.777096651494503021e-02
1.777582056820392609e-02
1.784646697342395782e-02
1.789813674986362457e-02
1.803521439433097839e-02
1.803521439433097839e-02
1.827004924416542053e-02
1.853055879473686218e-02
1.877723820507526398e-02
1.897814869880676270e-02
1.912578195333480835e-02
1.924799941480159760e-02
1.928680203855037689e-02
1.925194263458251953e-02
1.927498728036880493e-02
1.933899521827697754e-02
1.933899521827697754e-02
1.941413618624210358e-02
1.946483552455902100e-02
1.951263658702373505e-02
1.962679252028465271e-02
1.970249600708484650e-02
1.973473466932773590e-02
1.970597542822360992e-02
1.969246380031108856e-02
1.964158006012439728e-02
1.946551725268363953e-02
1.946551725268363953e-02
1.928867027163505554e-02
1.915454678237438202e-02
1.903588324785232544e-02
1.892173476517200470e-02
1.878903061151504517e-02
1.878367550671100616e-02
1.874453201889991760e-02
1.867395825684070587e-02
1.856797933578491211e-02
1.844534836709499359e-02
1.844534836709499359e-02
1.777105592191219330e-02
1.722262240946292877e-02
1.680752448737621307e-02
1.646976172924041748e-02
1.622034609317779541e-02
1.604053750634193420e-02
1.597666367888450623e-02
1.592737995088100433e-02
1.573737524449825287e-02
1.558218896389007568e-02
1.558218896389007568e-02
1.550424471497535706e-02
1.539527531713247299e-02
1.525569241493940353e-02
1.509004086256027222e-02
1.494031120091676712e-02
1.482354011386632919e-02
1.462924573570489883e-02
1.435554306954145432e-02
1.400115434080362320e-02
1.358394324779510498e-02
1.358394324779510498e-02
1.314300484955310822e-02
1.295631378889083862e-02
1.308821700513362885e-02
1.331496331840753555e-02
1.374957617372274399e-02
1.423911377787590027e-02
1.491088978946208954e-02
1.557687763124704361e-02
1.603319123387336731e-02
1.631547510623931885e-02
1.631547510623931885e-02
1.642380468547344208e-02
1.630171202123165131e-02
1.602092944085597992e-02
1.563961431384086609e-02
1.521488744765520096e-02
1.474384218454360962e-02
1.432639174163341522e-02
1.411159615963697433e-02
1.407920569181442261e-02
1.403751596808433533e-02
1.403751596808433533e-02
1.416767667979001999e-02
1.431204937398433685e-02
1.433005835860967636e-02
1.430885307490825653e-02
1.428714767098426819e-02
1.421271543949842453e-02
1.420115865767002106e-02
1.418552733957767487e-02
1.430348679423332214e-02
1.450659241527318954e-02
1.450659241527318954e-02
1.480646803975105286e-02
1.507257949560880661e-02
1.527613867074251175e-02
1.540554687380790710e-02
1.545970048755407333e-02
1.549153402447700500e-02
1.557378564029932022e-02
1.561720855534076691e-02
1.563571952283382416e-02
1.569661498069763184e-02
1.569661498069763184e-02
1.563124731183052063e-02
1.551306806504726410e-02
1.548856776207685471e-02
1.552650704979896545e-02
1.545011717826128006e-02
1.547650620341300964e-02
1.547216717153787613e-02
1.547807175666093826e-02
1.549234706908464432e-02
1.533073280006647110e-02
1.533073280006647110e-02
1.521398313343524933e-02
1.511243358254432678e-02
1.501211151480674744e-02
1.494412031024694443e-02
1.494926400482654572e-02
1.503176800906658173e-02
1.510659884661436081e-02
1.514217723160982132e-02
1.507975999265909195e-02
1.499046292155981064e-02
1.499046292155981064e-02
1.481221057474613190e-02
1.453720778226852417e-02
1.428460888564586639e-02
1.413367874920368195e-02
1.399204879999160767e-02
1.407255139201879501e-02
1.429682131856679916e-02
1.463385857641696930e-02
1.463385857641696930e-02
1.463385857641696930e-02
1.463385857641696930e-02
1.485952734947204590e-02
1.512053143233060837e-02
1.515081897377967834e-02
1.503615733236074448e-02
1.487690582871437073e-02
1.474623195827007294e-02
1.478866674005985260e-02
1.496857590973377228e-02
1.527070347219705582e-02
1.552070304751396179e-02
1.552070304751396179e-02
1.569494977593421936e-02
1.583803445100784302e-02
1.590365543961524963e-02
1.596622727811336517e-02
1.604882813990116119e-02
1.611162908375263214e-02
1.620015501976013184e-02
1.636496745049953461e-02
1.652038842439651489e-02
1.665708795189857483e-02
1.665708795189857483e-02
1.668240875005722046e-02
1.650856435298919678e-02
1.622585207223892212e-02
1.597126759588718414e-02
1.567508466541767120e-02
1.541469246149063110e-02
1.529764384031295776e-02
1.526330970227718353e-02
1.531732734292745590e-02
1.538009382784366608e-02
1.538009382784366608e-02
1.541434787213802338e-02
1.530260406434535980e-02
1.509882975369691849e-02
1.494471263140439987e-02
1.471651624888181686e-02
1.468420121818780899e-02
1.467163302004337311e-02
1.458191871643066406e-02
1.446511223912239075e-02
1.438052114099264145e-02
1.438052114099264145e-02
1.437148451805114746e-02
1.456096954643726349e-02
1.485321670770645142e-02
1.507286634296178818e-02
1.523567829281091690e-02
1.519780419766902924e-02
1.509086694568395615e-02
1.512842997908592224e-02
1.516061648726463318e-02
1.527250465005636215e-02
1.527250465005636215e-02
1.541680935770273209e-02
1.559690199792385101e-02
1.576240174472332001e-02
1.596717536449432373e-02
1.617603376507759094e-02
1.645061559975147247e-02
1.668080314993858337e-02
1.676395349204540253e-02
1.662320643663406372e-02
1.650099456310272217e-02
1.650099456310272217e-02
1.633724011480808258e-02
1.633024588227272034e-02
1.642463169991970062e-02
1.669694483280181885e-02
1.707744970917701721e-02
1.742167770862579346e-02
1.766454428434371948e-02
1.783616282045841217e-02
1.786554791033267975e-02
1.794073544442653656e-02
1.794073544442653656e-02
1.812571845948696136e-02
1.834633760154247284e-02
1.862469688057899475e-02
1.892818324267864227e-02
1.922177150845527649e-02
1.942731067538261414e-02
1.952730491757392883e-02
1.968057826161384583e-02
1.984349265694618225e-02
2.006364241242408752e-02
2.006364241242408752e-02
2.023070864379405975e-02
2.049012109637260437e-02
2.077971026301383972e-02
2.109155245125293732e-02
2.123803831636905670e-02
2.131119370460510254e-02
2.135210298001766205e-02
2.125564962625503540e-02
2.113684080541133881e-02
2.102690003812313080e-02
2.102690003812313080e-02
2.043029107153415680e-02
1.992638409137725830e-02
1.959759928286075592e-02
1.934105902910232544e-02
1.906630769371986389e-02
1.880811341106891632e-02
1.863150671124458313e-02
1.848707906901836395e-02
1.840682141482830048e-02
1.837590895593166351e-02
1.837590895593166351e-02
1.843214221298694611e-02
1.846865192055702209e-02
1.837957277894020081e-02
1.845972053706645966e-02
1.863103546202182770e-02
1.891256123781204224e-02
1.921256259083747864e-02
1.946264319121837616e-02
1.966605521738529205e-02
1.975952461361885071e-02
1.975952461361885071e-02
1.967020332813262939e-02
1.956827379763126373e-02
1.959258504211902618e-02
1.970054209232330322e-02
1.987153664231300354e-02
2.003960125148296356e-02
2.013972960412502289e-02
2.116507478058338165e-02
2.203345857560634613e-02
2.281679399311542511e-02
2.281679399311542511e-02
2.360981889069080353e-02
2.440286614000797272e-02
2.519730664789676666e-02
2.594049833714962006e-02
2.658929303288459778e-02
2.710374630987644196e-02
2.757670357823371887e-02
2.788985893130302429e-02
2.810397930443286896e-02
2.818193286657333374e-02
2.818193286657333374e-02
2.818400785326957703e-02
2.815705910325050354e-02
2.818737737834453583e-02
2.824341505765914917e-02
2.834996208548545837e-02
2.856291644275188446e-02
2.878581732511520386e-02
2.902291156351566315e-02
2.930311113595962524e-02
2.957433834671974182e-02
2.957433834671974182e-02
2.980180084705352783e-02
2.995755523443222046e-02
3.004838712513446808e-02
3.008690662682056427e-02
3.007430024445056915e-02
3.002210892736911774e-02
2.995277009904384613e-02
2.984674647450447083e-02
2.973673306405544281e-02
2.964111790060997009e-02
2.964111790060997009e-02
2.957854419946670532e-02
2.945005334913730621e-02
2.929162979125976562e-02
2.913818322122097015e-02
2.899922057986259460e-02
2.890857681632041931e-02
2.881826087832450867e-02
2.878448553383350372e-02
2.874253690242767334e-02
2.869497425854206085e-02
2.869497425854206085e-02
2.864030376076698303e-02
2.853758260607719421e-02
2.844924479722976685e-02
2.833981625735759735e-02
2.819371223449707031e-02
2.805235609412193298e-02
2.792747877538204193e-02
2.784665487706661224e-02
2.783019840717315674e-02
2.784058079123497009e-02
2.784058079123497009e-02
2.782720513641834259e-02
2.787163108587265015e-02
2.790225297212600708e-02
2.796728722751140594e-02
2.801491506397724152e-02
2.801968157291412354e-02
2.799163572490215302e-02
2.798827178776264191e-02
2.796645648777484894e-02
2.787245623767375946e-02
2.787245623767375946e-02
2.781406231224536896e-02
2.775907143950462341e-02
2.774595655500888824e-02
2.777956612408161163e-02
2.783172018826007843e-02
2.789214998483657837e-02
2.791571803390979767e-02
2.792773954570293427e-02
2.794920280575752258e-02
2.794297784566879272e-02
2.794297784566879272e-02
2.789512276649475098e-02
2.780376933515071869e-02
2.767601050436496735e-02
2.754840254783630371e-02
2.739600837230682373e-02
2.719463780522346497e-02
2.694054506719112396e-02
2.671329677104949951e-02
2.647342346608638763e-02
2.647342346608638763e-02
2.647342346608638763e-02
2.627663873136043549e-02
2.614446729421615601e-02
2.607534453272819519e-02
2.600051276385784149e-02
2.590227685868740082e-02
2.581304311752319336e-02
2.569002099335193634e-02
2.559529431164264679e-02
2.558241598308086395e-02
2.558392658829689026e-02
2.558392658829689026e-02
2.562350593507289886e-02
2.565818838775157928e-02
2.569325268268585205e-02
2.577259205281734467e-02
2.586365118622779846e-02
2.594130486249923706e-02
2.599344961345195770e-02
2.601433731615543365e-02
2.600116841495037079e-02
2.594171836972236633e-02
2.594171836972236633e-02
2.586451545357704163e-02
2.576555684208869934e-02
2.567123062908649445e-02
2.559793367981910706e-02
2.553766965866088867e-02
2.550484053790569305e-02
2.549023553729057312e-02
2.549638226628303528e-02
2.554876729846000671e-02
2.566548436880111694e-02
2.566548436880111694e-02
2.578815445303916931e-02
2.589680254459381104e-02
2.599602751433849335e-02
2.601445466279983521e-02
2.602596022188663483e-02
2.601049654185771942e-02
2.600999549031257629e-02
2.600261010229587555e-02
2.605240046977996826e-02
2.609782107174396515e-02
