6.822288036346435547e-02
7.212909311056137085e-02
7.119318097829818726e-02
7.191824913024902344e-02
7.396332174539566040e-02
7.596256583929061890e-02
7.520437240600585938e-02
7.489500194787979126e-02
7.495992630720138550e-02
7.383649051189422607e-02
7.345720380544662476e-02
7.345720380544662476e-02
7.196633517742156982e-02
7.048274576663970947e-02
6.887070834636688232e-02
6.744922697544097900e-02
6.562674045562744141e-02
6.449166685342788696e-02
6.230965256690979004e-02
5.985780060291290283e-02
5.771792680025100708e-02
5.539217963814735413e-02
5.539217963814735413e-02
5.404210090637207031e-02
5.271903797984123230e-02
5.312871560454368591e-02
5.328817293047904968e-02
5.359024554491043091e-02
5.406824499368667603e-02
5.467374622821807861e-02
5.551416426897048950e-02
5.633596330881118774e-02
5.631196498870849609e-02
5.631196498870849609e-02
5.620513111352920532e-02
5.582701787352561951e-02
5.644967034459114075e-02
5.702612921595573425e-02
5.728394165635108948e-02
5.753387138247489929e-02
5.774522200226783752e-02
5.819578841328620911e-02
5.828228592872619629e-02
5.829769000411033630e-02
5.829769000411033630e-02
5.854459851980209351e-02
5.866559967398643494e-02
5.886087194085121155e-02
5.942307785153388977e-02
6.025425717234611511e-02
6.097117438912391663e-02
6.209594756364822388e-02
6.348453462123870850e-02
6.446422636508941650e-02
6.486808508634567261e-02
6.486808508634567261e-02
6.556279957294464111e-02
6.625732779502868652e-02
6.690734624862670898e-02
6.716403365135192871e-02
6.729486584663391113e-02
6.706882268190383911e-02
6.644611060619354248e-02
6.367523968219757080e-02
6.102548912167549133e-02
5.914798006415367126e-02
5.914798006415367126e-02
5.764557048678398132e-02
5.607953667640686035e-02
5.454193055629730225e-02
5.301931500434875488e-02
5.175077542662620544e-02
5.086981877684593201e-02
5.076698213815689087e-02
5.128449201583862305e-02
5.235528945922851562e-02
5.291602760553359985e-02
5.291602760553359985e-02
5.310194194316864014e-02
5.273323506116867065e-02
5.197985470294952393e-02
5.184601247310638428e-02
5.158248543739318848e-02
5.144244432449340820e-02
5.176277458667755127e-02
5.215339735150337219e-02
5.311164259910583496e-02
5.405411496758460999e-02
5.405411496758460999e-02
5.517977476119995117e-02
5.607790872454643250e-02
5.729672685265541077e-02
5.889067426323890686e-02
6.126744672656059265e-02
6.293653696775436401e-02
6.464127451181411743e-02
6.641551852226257324e-02
6.705919653177261353e-02
6.692638993263244629e-02
6.692638993263244629e-02
6.653716415166854858e-02
6.628306210041046143e-02
6.499984860420227051e-02
6.428278237581253052e-02
6.327292323112487793e-02
6.242522969841957092e-02
6.237865239381790161e-02
6.262028217315673828e-02
6.280290335416793823e-02
6.279510259628295898e-02
6.279510259628295898e-02
6.297444552183151245e-02
6.336078047752380371e-02
6.353351473808288574e-02
6.277817487716674805e-02
6.172130256891250610e-02
6.063559651374816895e-02
5.972988903522491455e-02
5.849314481019973755e-02
5.772231519222259521e-02
5.724457278847694397e-02
5.724457278847694397e-02
5.656778439879417419e-02
5.591222643852233887e-02
5.504215881228446960e-02
5.485683307051658630e-02
5.543735995888710022e-02
5.614582076668739319e-02
5.722223967313766479e-02
5.742312595248222351e-02
5.699172616004943848e-02
5.598144605755805969e-02
5.598144605755805969e-02
5.436042323708534241e-02
5.257942155003547668e-02
5.111069232225418091e-02
4.915035888552665710e-02
4.719615727663040161e-02
4.563323408365249634e-02
4.376738518476486206e-02
4.135427996516227722e-02
3.915053978562355042e-02
3.791892156004905701e-02
