2.528096793267791548e-02
2.528096793267791548e-02
2.556939120747638017e-02
2.549468382884776188e-02
2.548549128841752845e-02
2.542668959211261473e-02
2.541970265120814879e-02
2.535029116929348597e-02
2.526073330042438725e-02
2.505359671605469907e-02
2.475803465184898272e-02
2.467399254014773433e-02
2.467399254014773433e-02
2.436813536383371226e-02
2.404989104233560410e-02
2.374582239639519074e-02
2.342567293251409874e-02
2.306256558321112538e-02
2.273375204668112368e-02
2.243076384628005931e-02
2.211459979398899822e-02
2.181059840588899304e-02
2.161064774712722833e-02
2.161064774712722833e-02
2.146250855718536549e-02
2.129610443696899891e-02
2.118038911412128966e-02
2.108110752702854057e-02
2.096989532138304399e-02
2.089329809246134873e-02
2.088328523058659986e-02
2.085709629480645907e-02
2.080031684863217073e-02
2.075827702516341855e-02
2.075827702516341855e-02
2.073197301351976246e-02
2.062768728207537219e-02
2.055866520510114467e-02
2.051045160527824665e-02
2.043394678676682674e-02
2.047640113706587078e-02
2.038266565401374714e-02
2.017877482254835930e-02
2.007292437663582563e-02
1.993649332453238318e-02
1.993649332453238318e-02
1.980612624141628308e-02
1.958233502313337995e-02
1.928090503972178585e-02
1.892469534822118979e-02
1.842888609006943304e-02
1.791284036520944187e-02
1.733414686479204173e-02
1.670585087043509331e-02
1.609341137263004679e-02
1.545757857951914754e-02
1.545757857951914754e-02
1.472020377803505246e-02
1.395261128040603711e-02
1.319885669631990985e-02
1.245091615820538566e-02
1.168319266927794406e-02
1.093601620870629336e-02
1.009852785232327743e-02
9.199324719575324716e-03
8.296948084892957417e-03
7.302669033447430069e-03
7.302669033447430069e-03
6.425718910791552822e-03
5.590186096680524290e-03
4.829428531876791934e-03
4.103099327502518837e-03
3.459209673870901336e-03
2.861321943196120168e-03
2.455711771006212178e-03
2.335454055092795606e-03
2.364654334000677264e-03
2.596390106182169897e-03
2.596390106182169897e-03
2.955951568204505647e-03
3.321215124112578913e-03
3.711858977678791395e-03
4.134954355684668063e-03
4.546159835934452872e-03
4.957743170031076591e-03
5.274925698260687738e-03
5.578029633969956366e-03
5.800365217251976860e-03
6.006808523718005360e-03
6.006808523718005360e-03
6.175204650695383969e-03
6.152824078112176763e-03
5.650131411319041404e-03
5.228248359735723425e-03
4.896655211669526282e-03
4.662118770270170381e-03
4.508641856026954046e-03
4.442720926322144687e-03
4.409561572365651612e-03
4.641750757145905910e-03
4.641750757145905910e-03
4.742331540838993185e-03
4.933898331454600675e-03
5.000143735278073098e-03
5.028503063921413441e-03
4.900679903626289045e-03
4.791228120652954448e-03
4.589331632109634046e-03
4.512380800552018636e-03
4.550584754655893210e-03
4.732811848224095091e-03
4.732811848224095091e-03
4.889254673096221984e-03
4.874978520006244091e-03
4.969455129114552609e-03
5.017302180505609117e-03
5.175771588122037199e-03
5.329462924379934664e-03
5.570876747397640084e-03
5.838698754072585428e-03
6.068179909473770534e-03
6.312700454392080468e-03
6.312700454392080468e-03
6.615979739407812886e-03
6.916709488851331862e-03
7.161550075571410275e-03
7.447265296990447647e-03
7.732264247298410893e-03
7.948541942100777538e-03
8.080638945534433099e-03
8.074920880461558884e-03
7.991056928847301011e-03
7.840312703182448356e-03
7.840312703182448356e-03
7.633444842911629030e-03
7.452939983485655333e-03
7.404619061362429332e-03
7.458467042147792943e-03
7.545751238802868820e-03
7.666757954517444858e-03
7.694407166063544322e-03
7.653113120677607246e-03
7.626535315490684183e-03
7.572643164575286120e-03
7.572643164575286120e-03
7.572643164575286120e-03
7.385971336894203362e-03
7.198109964496096982e-03
7.023694473054613308e-03
6.931852800106362740e-03
6.847902716522817970e-03
6.760243146470966413e-03
6.714669591886029271e-03
6.703624963064981970e-03
6.696829622573759536e-03
6.696829622573759536e-03
6.698965559396113066e-03
6.647812344714195028e-03
6.572747358069452872e-03
6.446907949992230699e-03
6.332189025156623532e-03
6.336837698498905963e-03
6.255838660009368016e-03
6.160432339138538840e-03
6.191371833441992704e-03
6.284560474772117253e-03
6.284560474772117253e-03
6.325001916092778259e-03
6.440228932019128640e-03
6.462501055116789440e-03
6.428767596931969294e-03
6.315121349574045855e-03
6.182564317447685961e-03
6.006085685206333062e-03
5.890737751008354520e-03
5.741090151634954501e-03
5.618015758509215148e-03
5.618015758509215148e-03
5.471701703990971243e-03
5.246953553015411623e-03
5.045219614389130809e-03
4.853309460912646686e-03
5.093791964743239579e-03
5.352582784097966936e-03
5.607197073018647081e-03
5.760372718888118887e-03
5.714931450067696136e-03
5.570953525582141193e-03
5.570953525582141193e-03
5.425698825296184323e-03
5.227177837068447928e-03
4.966173769568663077e-03
4.537901830859782451e-03
4.180922449139505212e-03
4.013852702639811830e-03
3.988158393003362820e-03
4.179736184040864014e-03
4.472674792096564822e-03
4.933772349779799206e-03
4.933772349779799206e-03
5.442489632193981200e-03
5.786788480599618437e-03
5.975280508365939970e-03
6.195930040189156357e-03
6.416366172230948857e-03
6.755131970836453920e-03
7.120802247997732454e-03
7.342721539918986226e-03
7.585184619843443957e-03
7.765550324344837850e-03
7.765550324344837850e-03
7.965549849200968813e-03
8.103889166695969065e-03
8.253477053694439902e-03
8.427760257312065170e-03
8.545545533009488853e-03
8.545134061802904177e-03
8.640934793930875324e-03
8.762467932599564760e-03
8.927069881434561774e-03
9.073574506694818964e-03
9.073574506694818964e-03
9.230402907621854808e-03
9.531073321182054192e-03
9.830876536094521750e-03
9.987217056882881708e-03
1.007959172093333793e-02
1.026206927068171529e-02
1.044795284994818295e-02
1.058442713509302920e-02
1.074078001458150106e-02
1.086970468205148560e-02
1.086970468205148560e-02
1.100446127476925433e-02
1.117519810543303807e-02
1.126078106057301458e-02
1.141769697905664106e-02
1.160869005286156372e-02
1.176257014298056659e-02
1.183187757129327590e-02
1.189497277333349291e-02
1.193194514922260932e-02
1.199403815585284132e-02
1.199403815585284132e-02
1.209716414086839213e-02
1.215703185127110439e-02
1.220995460416718706e-02
1.220124427168811122e-02
1.225685707816714758e-02
1.227115013494792066e-02
1.231281132144206557e-02
1.236725418413266858e-02
1.228560877575289589e-02
1.217271219134834041e-02
1.217271219134834041e-02
1.202768392863600919e-02
1.185334102670554564e-02
1.163939940159774804e-02
1.145332158184991095e-02
1.124732138577602333e-02
1.102483473023018433e-02
1.080478439804021494e-02
1.061965187878422846e-02
1.043329783612971864e-02
1.024112278707293294e-02
1.024112278707293294e-02
9.993912951582592866e-03
9.815137416025304304e-03
9.655657937843748623e-03
9.462206257565598105e-03
9.210234292075174245e-03
8.895584124682694507e-03
8.404330674195293130e-03
7.911364526381534437e-03
7.577997569924460435e-03
7.349087112140410480e-03
7.349087112140410480e-03
7.144086226269201305e-03
7.120156010791887230e-03
7.152079126722850518e-03
7.242799442133605187e-03
7.340159146980169969e-03
7.258553714910436459e-03
7.144236251700734029e-03
6.991641762937018945e-03
6.866611290926938685e-03
6.749278529755721977e-03
6.749278529755721977e-03
6.671185305287378325e-03
6.711236560088663580e-03
6.774221099090369132e-03
6.895053227762417379e-03
6.977744326770663613e-03
7.005457130096683950e-03
7.006829302063454119e-03
6.970809474154925946e-03
6.911052022176473325e-03
7.023767267614340615e-03
7.023767267614340615e-03
7.119695130363271063e-03
7.286767730158961488e-03
7.409504238694638624e-03
7.535156719508518189e-03
7.749878759828431052e-03
7.930900526256813576e-03
8.002184134678199876e-03
8.096414748351082186e-03
8.195323981033350927e-03
8.319905165829238197e-03
8.319905165829238197e-03
8.093505367329629357e-03
7.865819487590332282e-03
7.653719598460259448e-03
7.268793969241286144e-03
6.976386603554598879e-03
6.782996499399901111e-03
6.625550325575675810e-03
6.460299091584545579e-03
6.365568011789446423e-03
6.190886454828273613e-03
6.190886454828273613e-03
5.984814126066586616e-03
5.852333334500952472e-03
5.770945116809571111e-03
5.731995978102546151e-03
5.744893482586201083e-03
5.746124381952041199e-03
5.779147527662532695e-03
5.856554496807054623e-03
5.981901659110867853e-03
6.029463413263692895e-03
6.029463413263692895e-03
5.997186375252011592e-03
5.997197767658716226e-03
6.001078414548524816e-03
5.919912736181829303e-03
5.856565622017172353e-03
5.791446770771578080e-03
5.768566992831137760e-03
5.756769446875425675e-03
5.682403849480153687e-03
5.544535821316154585e-03
5.544535821316154585e-03
5.360316405054274362e-03
5.056209456720966479e-03
4.822004512126335657e-03
4.738190150972997755e-03
4.666906592701689123e-03
4.610550881015461691e-03
4.566907094431076931e-03
4.512267909981505440e-03
4.460525938093217596e-03
4.455370939101107805e-03
4.455370939101107805e-03
4.457711019285161627e-03
4.396517596539590254e-03
4.397098754470434370e-03
4.455874820993752441e-03
4.527797946525495207e-03
4.501622839198186898e-03
4.384037325157410028e-03
4.337912449321373702e-03
4.301803707614368887e-03
4.335681834624623837e-03
4.335681834624623837e-03
4.329931151122510744e-03
4.322311116598255044e-03
4.305045986860410630e-03
4.252891396111097878e-03
4.118051786857754477e-03
3.996410037601716599e-03
3.771363964522283455e-03
3.465300036894004062e-03
3.101517632867372906e-03
2.764633399432846021e-03
2.764633399432846021e-03
2.634301860626584238e-03
2.551409397881414156e-03
2.536342810290287148e-03
2.292615695429190813e-03
2.065595928076559978e-03
2.032141486447031423e-03
2.241200698886105722e-03
2.628322778758182283e-03
2.968437400015955675e-03
3.431192909153097433e-03
3.431192909153097433e-03
3.858399202575198573e-03
3.803511193198226819e-03
3.502848297110061192e-03
3.267959284362458895e-03
3.207129982032908520e-03
3.305000131590053302e-03
3.450878057354962031e-03
3.651206059324570152e-03
3.952245695651424549e-03
4.151364493688065524e-03
4.151364493688065524e-03
4.237074914724106751e-03
4.125637766555306785e-03
3.880870132958814771e-03
3.561872775837177704e-03
3.258404726561561684e-03
2.994624196867197441e-03
2.829286845218347436e-03
2.848208936296449303e-03
2.969611836510416530e-03
3.187044654582007943e-03
3.187044654582007943e-03
3.340159894027154922e-03
3.408770686953140842e-03
3.403143789793201725e-03
3.327169582039753246e-03
2.988548299747898537e-03
2.632279500683773043e-03
2.410906663254053228e-03
2.376716403330340985e-03
2.429744834389597520e-03
2.625612553680324937e-03
2.625612553680324937e-03
2.737224699780035474e-03
2.871302593807974202e-03
2.937463839811161551e-03
2.924585451549436676e-03
2.750657204566067746e-03
2.564925320243650626e-03
2.448741911755990090e-03
2.339741001286888347e-03
2.354305890671686691e-03
2.510011799416654327e-03
