2.198860421776771545e-02
2.198860421776771545e-02
2.054047212004661560e-02
1.924178749322891235e-02
1.817021332681179047e-02
1.724438741803169250e-02
1.616400480270385742e-02
1.558685582131147385e-02
1.498553249984979630e-02
1.459454372525215149e-02
1.415306236594915390e-02
1.374061871320009232e-02
1.374061871320009232e-02
1.319336891174316406e-02
1.232819072902202606e-02
1.152302324771881104e-02
1.059762109071016312e-02
9.745349176228046417e-03
8.806535042822360992e-03
7.963243871927261353e-03
7.200754713267087936e-03
6.506542209535837173e-03
5.856601521372795105e-03
