3.755433892899801007e-02
3.755433892899801007e-02
3.695839224593277378e-02
3.610755786713128190e-02
3.507418077552225399e-02
3.411111405578470812e-02
3.313169154349258905e-02
3.243338078270919383e-02
3.196830890695290944e-02
3.113409060831934597e-02
3.056928864949314678e-02
3.003431017509229292e-02
3.003431017509229292e-02
2.926980721307668315e-02
2.846443443912227700e-02
2.769018311145363120e-02
2.718820955798703295e-02
2.655507821451939462e-02
2.578194751053805231e-02
2.518654973902054173e-02
2.469758379700593559e-02
2.429069505754241631e-02
2.388242839778601315e-02
2.388242839778601315e-02
2.379782261179857333e-02
2.360837739600658153e-02
2.350850730722887569e-02
2.345518420432999088e-02
2.332841746756457446e-02
2.323076139213650637e-02
2.315181874347203156e-02
2.310545967559016201e-02
2.329083436400081544e-02
2.352419262754710041e-02
2.352419262754710041e-02
2.364155154028865086e-02
2.374484317371257716e-02
2.375025430814488303e-02
2.348523887488890988e-02
2.314967209361361647e-02
2.287744350257920126e-02
2.262484044478530257e-02
2.223206019813626227e-02
2.209984411645293453e-02
2.185556115997024790e-02
2.185556115997024790e-02
2.148036145987953713e-02
2.089631255242949473e-02
2.024083367119489107e-02
1.954633735326146565e-02
1.890679354233645512e-02
1.839479818718440032e-02
1.786456756025159298e-02
1.752104641887414563e-02
1.721498636825673223e-02
1.701559577931333750e-02
1.701559577931333750e-02
1.690327329476805709e-02
1.673116431187682621e-02
1.678866312187005799e-02
1.668220970196092681e-02
1.679069252488819136e-02
1.699852387631984457e-02
1.725649098320377814e-02
1.751924931428395713e-02
1.758752282405010026e-02
1.735167825789372259e-02
1.735167825789372259e-02
1.708915477907468894e-02
1.663100257229478338e-02
1.619547206587911362e-02
1.537966203534910960e-02
1.458820939839186419e-02
1.368151608620644076e-02
1.290890020902578199e-02
1.215376612409073062e-02
1.152478370773974380e-02
1.097305769547988162e-02
1.097305769547988162e-02
1.058832726046618142e-02
1.027423374123952876e-02
9.875258042951896853e-03
9.730552680440478219e-03
9.573220355983139140e-03
9.358172363197723304e-03
9.358083254638584203e-03
9.388687473934984734e-03
9.720150002616688434e-03
1.006259156792611159e-02
1.006259156792611159e-02
1.032068622765559308e-02
1.030071371756006472e-02
9.939791341749725645e-03
9.291596757324313560e-03
8.852461238255230486e-03
8.176996288283108066e-03
7.605451068168741537e-03
7.223052074244530434e-03
6.873490039697943178e-03
6.842526962935122949e-03
6.842526962935122949e-03
6.956432629847730635e-03
7.009540032281406582e-03
6.833596236430249451e-03
6.545775536167925367e-03
6.392380628173052227e-03
6.345177526461126885e-03
6.318610289137442833e-03
6.347821798388815148e-03
6.513514149682626299e-03
6.714590969477988655e-03
6.714590969477988655e-03
6.881553413405447350e-03
7.133580316729982128e-03
7.602956701221606946e-03
7.843473104159765993e-03
8.169560993272841770e-03
8.565873624483839530e-03
8.873880060609344589e-03
8.986905375583805269e-03
8.657755059267781272e-03
8.325654756298041595e-03
8.325654756298041595e-03
7.889279990246335361e-03
7.660046404208782980e-03
7.488820078710391702e-03
7.475587444053201011e-03
7.499535900026663322e-03
7.662743542516114136e-03
7.629790175992596374e-03
7.456154572591532775e-03
7.164022383358416984e-03
7.164022383358416984e-03
7.164022383358416984e-03
7.105442148274305168e-03
7.082278859091499339e-03
7.031853035223804144e-03
6.913338341387886485e-03
6.746680009092432227e-03
6.570143061886012451e-03
6.470800080074610647e-03
6.466545599531157117e-03
6.419753270272410620e-03
6.337254588670820921e-03
6.337254588670820921e-03
6.432179986289083065e-03
6.696056486913727797e-03
7.066235611215987249e-03
7.640440440067053189e-03
8.162248256857369128e-03
8.715357210271916164e-03
9.334198959288508152e-03
9.838439453874461491e-03
1.031041176384808744e-02
1.054001706384412144e-02
1.054001706384412144e-02
1.062476707182277193e-02
1.063148939288101162e-02
1.052271505397910090e-02
1.040417770463052463e-02
1.032235725742398393e-02
1.022416680477247763e-02
1.013014531246740103e-02
1.010347261730472519e-02
1.018593887386273246e-02
1.018203843276492201e-02
1.018203843276492201e-02
1.012193809469292410e-02
9.969310791955227416e-03
9.796519204181104376e-03
9.569200575031609063e-03
9.311598927258352490e-03
9.154159247259775409e-03
9.055078239536506340e-03
9.029198578864069957e-03
9.075304543731144494e-03
9.175073261046450684e-03
9.175073261046450684e-03
9.353372883696862636e-03
9.401868687935365648e-03
9.362332941899148206e-03
9.276977598721153004e-03
9.178854008176428464e-03
9.023566888702283864e-03
8.723743187861050449e-03
8.389300831664016009e-03
8.149493841525705731e-03
7.874693542321039089e-03
7.874693542321039089e-03
7.716732001415859202e-03
7.395921391476690220e-03
7.122622179514728064e-03
7.052929332861304808e-03
7.213060706036886378e-03
7.464999052257412747e-03
7.678679701719996233e-03
7.742438092689903420e-03
7.644165046984356150e-03
7.442155540151293262e-03
7.442155540151293262e-03
7.290158793346356199e-03
7.171794590130307900e-03
7.044103279724541616e-03
6.977287791533638532e-03
7.147841896946230227e-03
7.402656203387448890e-03
7.899955826194448097e-03
8.507641729092543098e-03
9.083970651030982835e-03
9.631510755910999838e-03
9.631510755910999838e-03
1.000444902768375839e-02
1.027865445453379246e-02
1.020794582457273426e-02
1.009092415844959831e-02
1.001797983467352798e-02
9.912736957985814057e-03
9.693324231499848495e-03
9.506654018195370356e-03
9.587355028135463239e-03
9.669525594391206388e-03
9.669525594391206388e-03
9.668452136311301778e-03
9.686535667486407750e-03
9.674500512014917383e-03
9.736337694455454370e-03
9.831100516754317023e-03
9.992181096033943971e-03
1.012353999675729907e-02
1.029949375015411575e-02
1.049710954330407113e-02
1.047882009456272204e-02
1.047882009456272204e-02
1.041367037060587052e-02
1.021799731397308661e-02
1.017476497761453380e-02
1.020187393992234674e-02
1.020507218814757470e-02
1.034304025262698656e-02
1.049088844655570243e-02
1.067974131774161901e-02
1.078621412345273645e-02
1.081047251762195550e-02
1.081047251762195550e-02
1.065862405128652907e-02
1.035362514594781284e-02
9.905222055221896485e-03
9.530259303998291076e-03
9.233915076867401858e-03
8.698113071969802018e-03
8.322747884706551205e-03
8.119901984533986136e-03
8.183789830327577869e-03
8.355352263487747164e-03
8.355352263487747164e-03
8.709574276337518281e-03
9.020608062815009542e-03
9.470012134101965517e-03
9.772699782701767257e-03
1.001506129929875810e-02
1.017175101914602128e-02
1.010321673881994786e-02
9.809911400428009479e-03
9.489117744601685903e-03
9.366642869061117885e-03
9.366642869061117885e-03
9.376415441206129714e-03
9.430951768774517921e-03
9.525706115478860952e-03
9.642154198200190637e-03
9.770347553658366088e-03
9.928125088355988642e-03
1.013928901913198344e-02
1.040221296992896102e-02
1.045843565788265837e-02
1.031560789382169295e-02
1.031560789382169295e-02
9.987748592728816835e-03
9.708487587978946801e-03
9.857092909857376531e-03
9.909346730469529782e-03
9.867836052644903683e-03
9.859089784644106333e-03
9.743905261589037511e-03
9.612996688788393029e-03
9.509418428334389176e-03
9.414290962491347545e-03
9.414290962491347545e-03
9.291624889953628216e-03
8.865360267067915606e-03
8.377398203898864248e-03
7.993043289616868705e-03
7.655180370260981741e-03
7.508101120512340222e-03
7.435289958683963252e-03
7.507775669857032208e-03
7.668054751325685363e-03
7.917936544772550406e-03
7.917936544772550406e-03
8.175454581910445578e-03
8.455125518656431138e-03
8.697972475189748656e-03
8.932590889074623619e-03
9.052492433161828111e-03
9.030678714119081893e-03
8.886826800483927855e-03
8.623844133169977083e-03
8.349674915873640454e-03
8.139230831677661537e-03
8.139230831677661537e-03
8.036246845061590510e-03
7.991434628966256198e-03
8.288629313735203230e-03
8.556488318809622046e-03
8.860362918788153297e-03
9.043128733451928636e-03
9.192035996563801409e-03
9.238632679042353690e-03
9.195234626527531291e-03
8.976167624568895040e-03
8.976167624568895040e-03
8.741329908480839975e-03
8.540234208000249683e-03
8.441929044626820394e-03
8.391231053871720316e-03
8.343832629297177547e-03
8.371108691647099337e-03
8.534015732517120575e-03
8.766761982185341390e-03
9.020141618201128059e-03
9.263785074487843052e-03
9.263785074487843052e-03
9.434537220023282364e-03
9.508862578907597077e-03
9.268685708782491497e-03
8.988663334179552988e-03
8.773722688757975424e-03
8.681790606103505920e-03
8.687893328107064439e-03
8.737470665491969476e-03
8.832360311484656681e-03
8.832360311484656681e-03
8.832360311484656681e-03
8.870814222339901134e-03
8.778089101610422537e-03
8.616801200570928243e-03
8.450675782271963726e-03
8.342958695000710773e-03
8.187335913191470804e-03
8.105773520510240956e-03
8.143123774218760658e-03
8.255409336134458820e-03
8.351929318157013879e-03
8.351929318157013879e-03
8.467196620846929173e-03
8.585403614075818104e-03
8.681780292557211148e-03
8.706280007458547937e-03
8.718839538792244256e-03
8.682626615206724685e-03
8.547608925543003291e-03
8.391729968196868714e-03
8.267954263040137516e-03
8.163468750883652245e-03
8.163468750883652245e-03
8.054410042767598185e-03
7.953197206640807287e-03
8.420731437414494258e-03
8.802733733516100376e-03
9.078593959869643223e-03
9.201241169889559646e-03
9.288861081123585967e-03
9.431840113188651523e-03
9.365010511766911835e-03
9.125821303806059409e-03
9.125821303806059409e-03
8.753126071969976815e-03
8.308946249514207252e-03
7.842835437321359071e-03
7.425175431925364403e-03
7.002367367132979192e-03
6.685415282621174834e-03
6.314278743875743546e-03
6.346649065237996643e-03
6.630206125823974103e-03
6.950388843985192550e-03
6.950388843985192550e-03
7.186635724363668251e-03
7.413845464204605815e-03
7.634072330121303984e-03
7.831091192073084961e-03
7.945054989779725199e-03
7.920181921623810350e-03
7.801446601165653791e-03
7.628645794346327301e-03
7.415010813650472175e-03
7.069799830386284782e-03
7.069799830386284782e-03
6.852399488308981261e-03
6.852399488308981261e-03
6.852399488308981261e-03
6.852399488308981261e-03
6.852399488308981261e-03
6.852399488308981261e-03
6.699519360235563735e-03
6.719327695511504057e-03
6.817204838257845401e-03
7.002776553757009484e-03
7.002776553757009484e-03
7.331088807454567979e-03
7.678500397094475786e-03
7.969008344730370633e-03
8.182849541499448431e-03
8.346574538286544512e-03
8.494620806056550968e-03
8.547243881435347829e-03
8.475471626338385717e-03
8.364304895052920158e-03
8.364304895052920158e-03
8.364304895052920158e-03
8.205107417709564532e-03
8.032318008768265724e-03
7.739814132127281580e-03
7.376140194226330979e-03
7.025307855492028512e-03
6.751895524995336212e-03
6.482960333819377807e-03
6.306981061837801938e-03
6.198203786881595692e-03
6.113281545069443497e-03
