3.247318044304847717e-02
3.247318044304847717e-02
3.280250355601310730e-02
3.200158849358558655e-02
3.101746924221515656e-02
3.017438761889934540e-02
2.948587387800216675e-02
2.978848293423652649e-02
3.002387844026088715e-02
3.021701239049434662e-02
3.024670854210853577e-02
3.021668456494808197e-02
3.021668456494808197e-02
3.008530661463737488e-02
2.993769571185112000e-02
2.981043048202991486e-02
2.998807094991207123e-02
3.013976663351058960e-02
3.027776814997196198e-02
3.036093525588512421e-02
3.043932095170021057e-02
3.031876496970653534e-02
3.010456264019012451e-02
