2.002558112144470215e-02
2.338642254471778870e-02
2.700015902519226074e-02
3.107895143330097198e-02
3.599914908409118652e-02
3.993885591626167297e-02
4.435690119862556458e-02
4.882966354489326477e-02
5.237491056323051453e-02
5.652958527207374573e-02
5.971530452370643616e-02
5.971530452370643616e-02
6.163852289319038391e-02
6.324425339698791504e-02
6.374339759349822998e-02
6.274189054965972900e-02
6.141128763556480408e-02
5.989141017198562622e-02
5.984682217240333557e-02
5.928019806742668152e-02
5.889490246772766113e-02
5.832328647375106812e-02
5.832328647375106812e-02
5.827721208333969116e-02
5.937898159027099609e-02
6.043792888522148132e-02
6.230334937572479248e-02
6.407479941844940186e-02
6.540390104055404663e-02
6.665530800819396973e-02
6.764853745698928833e-02
6.803324073553085327e-02
6.896406412124633789e-02
6.896406412124633789e-02
6.941907107830047607e-02
7.065968960523605347e-02
7.096676528453826904e-02
7.076736539602279663e-02
7.055813819169998169e-02
7.044000923633575439e-02
7.144337147474288940e-02
7.297305762767791748e-02
7.412237673997879028e-02
7.511274516582489014e-02
7.511274516582489014e-02
7.518099993467330933e-02
7.673826068639755249e-02
7.754317671060562134e-02
7.891173660755157471e-02
7.969309389591217041e-02
8.034965395927429199e-02
8.126851171255111694e-02
8.168934285640716553e-02
8.218990266323089600e-02
8.272727578878402710e-02
8.272727578878402710e-02
8.327554911375045776e-02
8.339527249336242676e-02
8.283542096614837646e-02
8.258524537086486816e-02
8.262700587511062622e-02
8.284550160169601440e-02
8.394936472177505493e-02
8.412004262208938599e-02
8.597202599048614502e-02
8.753765374422073364e-02
8.753765374422073364e-02
9.012659639120101929e-02
9.280024468898773193e-02
9.503406286239624023e-02
9.690736979246139526e-02
9.808287769556045532e-02
9.863383322954177856e-02
9.910234808921813965e-02
9.942263364791870117e-02
9.968972206115722656e-02
1.001580804586410522e-01
1.001580804586410522e-01
1.004998236894607544e-01
1.014422327280044556e-01
1.022622063755989075e-01
1.024034544825553894e-01
1.024076715111732483e-01
1.004441827535629272e-01
9.837434440851211548e-02
9.585610777139663696e-02
9.356756508350372314e-02
9.074760228395462036e-02
9.074760228395462036e-02
8.817969262599945068e-02
8.576387912034988403e-02
8.345816284418106079e-02
7.997248321771621704e-02
7.719172537326812744e-02
7.416911423206329346e-02
7.168630510568618774e-02
7.035547494888305664e-02
6.949783116579055786e-02
6.867569684982299805e-02
6.867569684982299805e-02
6.802167743444442749e-02
6.776686757802963257e-02
6.720485538244247437e-02
6.660049408674240112e-02
6.630748510360717773e-02
6.664583832025527954e-02
6.664696335792541504e-02
6.735206395387649536e-02
6.774078309535980225e-02
6.872536242008209229e-02
6.872536242008209229e-02
7.029969990253448486e-02
7.186976075172424316e-02
7.301197946071624756e-02
7.365955412387847900e-02
7.390381395816802979e-02
7.400363683700561523e-02
7.362297177314758301e-02
7.290852814912796021e-02
7.512301951646804810e-02
7.594890892505645752e-02
7.594890892505645752e-02
7.674729079008102417e-02
7.712054252624511719e-02
7.554746419191360474e-02
7.398269325494766235e-02
7.180501520633697510e-02
6.940716505050659180e-02
6.772328168153762817e-02
6.726349890232086182e-02
6.790211051702499390e-02
6.863021105527877808e-02
6.863021105527877808e-02
6.930703669786453247e-02
6.997363269329071045e-02
7.042749226093292236e-02
7.169100642204284668e-02
7.208973169326782227e-02
7.064548879861831665e-02
7.019223272800445557e-02
6.896603107452392578e-02
6.780666857957839966e-02
6.680996716022491455e-02
