3.112351935097832159e-02
3.163162238748804672e-02
3.211615208286873469e-02
3.247062940652577917e-02
3.267212257741267806e-02
3.255826025474495289e-02
3.251925878885216642e-02
3.232371052437214148e-02
3.203034634435285993e-02
3.166224807519541634e-02
3.120598825386539793e-02
3.120598825386539793e-02
3.071960336051279480e-02
3.026593956343497788e-02
2.975091419637520412e-02
2.925012430592797280e-02
2.888093362894056382e-02
2.858487654581598134e-02
2.833671461135154473e-02
2.821318195313616758e-02
2.795981270070036981e-02
2.782378077874466879e-02
2.782378077874466879e-02
2.776057176056557704e-02
2.773881059627705467e-02
2.758054286178244358e-02
2.735620051145852202e-02
2.724157529311012696e-02
2.717445438132959704e-02
2.707252322010880383e-02
2.698786098417685006e-02
2.685830577222629231e-02
2.683545917970356701e-02
2.683545917970356701e-02
2.679157656640157939e-02
2.676810439099901531e-02
2.669028512874290632e-02
2.653129994075523884e-02
2.643819397343133426e-02
2.645426394047152227e-02
2.658228486109110930e-02
2.676712038441050878e-02
2.679429133032372110e-02
2.676835360625298699e-02
2.676835360625298699e-02
2.690671456073424547e-02
2.721852093627645519e-02
2.755352153620386005e-02
2.788540435213954574e-02
2.814436161955978510e-02
2.837415784201519769e-02
2.861870604094778406e-02
2.890734986996826641e-02
2.925595362964831386e-02
2.959136989933977557e-02
2.959136989933977557e-02
2.998062051704813991e-02
3.038850166301976241e-02
3.053083107098920196e-02
3.068169316453119369e-02
3.075357433527606960e-02
3.061157140596621265e-02
3.036600178567446309e-02
3.010319041330597814e-02
2.997151616628468754e-02
2.983430991194780182e-02
2.983430991194780182e-02
2.978587376993395777e-02
2.974247654892266807e-02
2.963194520721049857e-02
2.976672077074505457e-02
2.981449739492902234e-02
2.981337705943857067e-02
2.989402961135927822e-02
2.989209262924644173e-02
2.999023711573053572e-02
3.014407553473023166e-02
3.014407553473023166e-02
3.039276149064523702e-02
3.049683792608932908e-02
3.062038080364822695e-02
3.087702086122781978e-02
3.103888550026684054e-02
3.118958370810398506e-02
3.143320966877621858e-02
3.173517880401418439e-02
3.198078719620362637e-02
3.204226688665502004e-02
3.204226688665502004e-02
3.196142754877404762e-02
3.198876432878035303e-02
3.203066103944271492e-02
3.209125584241329099e-02
3.203696068693911991e-02
3.215985728320367582e-02
3.221860654805661778e-02
3.231521417378870054e-02
3.241124144058231404e-02
3.237677144931064288e-02
3.237677144931064288e-02
3.233080765431621539e-02
3.229506601243740949e-02
3.208933506530724233e-02
3.189938244361412850e-02
3.175439220045277178e-02
3.156410627676773523e-02
3.134735196576097366e-02
3.110087602590281414e-02
3.064239214822168586e-02
3.016212384600290911e-02
3.016212384600290911e-02
2.969544826626454789e-02
2.950883508949644907e-02
2.940346046626503979e-02
2.928387755430571573e-02
2.915062562201288857e-02
2.904389294478704198e-02
2.902491602935440562e-02
2.899665810865263357e-02
2.888033256201318413e-02
2.880250285437854427e-02
2.880250285437854427e-02
2.867990074784631388e-02
2.856059042198976633e-02
2.846810937190124430e-02
2.838032325035316078e-02
2.835748533466422860e-02
2.824111143070140439e-02
2.797056657504060420e-02
2.749546822016980807e-02
2.707492583994126206e-02
2.674743107416537383e-02
2.674743107416537383e-02
2.645837625767475526e-02
2.616362670037901753e-02
2.576189854387644224e-02
2.549528126812116921e-02
2.526114703277315340e-02
2.511539763075578205e-02
2.516878998271695686e-02
2.513100209996549025e-02
2.511124785183835306e-02
2.513812984753890575e-02
2.513812984753890575e-02
2.499034595212678775e-02
2.493365016764328632e-02
2.499355985770057575e-02
2.516609770510494504e-02
2.521065596233989028e-02
2.530451451743464739e-02
2.538384986710096047e-02
2.527983251405531775e-02
2.501830663186228182e-02
2.476400579814199907e-02
2.476400579814199907e-02
2.455194905248218179e-02
2.443118029403632679e-02
2.422824995271540688e-02
2.402833350331356685e-02
2.385372036032508414e-02
2.359757419900562411e-02
2.368387078947272600e-02
2.375355008586489680e-02
2.388075935593482468e-02
2.410730202039172362e-02
2.410730202039172362e-02
2.436379975227552508e-02
2.456713644177193484e-02
2.479425676693778474e-02
2.492086099880700539e-02
2.501846516688183489e-02
2.514415202226982088e-02
2.525618951649389113e-02
2.541027563188301419e-02
2.546321668779724309e-02
2.559556718167450839e-02
2.559556718167450839e-02
2.568484593236890906e-02
2.576937750167714036e-02
2.584306443517429136e-02
2.584306443517429136e-02
2.584306443517429136e-02
2.586216925516135121e-02
2.587075499758867414e-02
2.585310331796549302e-02
2.582632892804020627e-02
2.583057834779137196e-02
2.583057834779137196e-02
2.590215252248021308e-02
2.598197705594746526e-02
2.611649653203883953e-02
2.621252875084075992e-02
2.623065120667155900e-02
2.621073167416594629e-02
2.620097962815678277e-02
2.616760450299060806e-02
2.620082917800647948e-02
2.622009701847271418e-02
2.622009701847271418e-02
2.627089881550073378e-02
2.635079218232495163e-02
2.642259936575533028e-02
2.644620626392206811e-02
2.644078343426885594e-02
2.644570812441530971e-02
2.643148231475136653e-02
2.632032187943172952e-02
2.618058691557508671e-02
2.580065069674265452e-02
2.580065069674265452e-02
2.540861805894333719e-02
2.500554550498473513e-02
2.465361796012207826e-02
2.428657400395996951e-02
2.393287344175084111e-02
2.359327343785237729e-02
2.316726297870405626e-02
2.277614567718240154e-02
2.226071598800082041e-02
2.189324632569287707e-02
2.189324632569287707e-02
2.151693148171709632e-02
2.115921382959500344e-02
2.066531428307543175e-02
2.016039508356507956e-02
1.955317776634173110e-02
1.908776696626965363e-02
1.861098512275541697e-02
1.826927428386964161e-02
1.796242618695324464e-02
1.773416218907544403e-02
1.773416218907544403e-02
1.753355806478574391e-02
1.722012456569507050e-02
1.691735219942815116e-02
1.661156475730298648e-02
1.651619959775293620e-02
1.641689490909176846e-02
1.631662344505414863e-02
1.603874741057996142e-02
1.571173038571241701e-02
1.546129145847543497e-02
1.546129145847543497e-02
1.515654293547270826e-02
1.489852320137689291e-02
1.477490824079120274e-02
1.473116932894450587e-02
1.476949108600613542e-02
1.488165790834619640e-02
1.501495397286287808e-02
1.514709265826159022e-02
1.532535665876268507e-02
1.539110813138691580e-02
1.539110813138691580e-02
1.544485482248498381e-02
1.548533886019409084e-02
1.544574089896783714e-02
1.534526374998572765e-02
1.542442548592986087e-02
1.557683917565493015e-02
1.563772454265069736e-02
1.560427995655504219e-02
1.564700259679587327e-02
1.561713943315193309e-02
1.561713943315193309e-02
1.549343961011557733e-02
1.543718049367671409e-02
1.541506400911804228e-02
1.536088556995886777e-02
1.535793747273359912e-02
1.540515947574433442e-02
1.568201621927061210e-02
1.583422613382204705e-02
1.592527886717978042e-02
1.596722380877339115e-02
1.596722380877339115e-02
1.601956480457472978e-02
1.608216582673812137e-02
1.605035392381762294e-02
1.602947272267590470e-02
1.611899219951463610e-02
1.629211595537061533e-02
1.640177281656482813e-02
1.650497900973814727e-02
1.667790343279963727e-02
1.675896582492875098e-02
1.675896582492875098e-02
1.684443916798160357e-02
1.687117609214255215e-02
1.689571491492260560e-02
1.682082580453974144e-02
1.679366110902091869e-02
1.672861432019408234e-02
1.666223999508744530e-02
1.649716837961022822e-02
1.631333116188194571e-02
1.623417477221944169e-02
1.623417477221944169e-02
1.628283670688496221e-02
1.631137330932681470e-02
1.640544439467114118e-02
1.647316073406042067e-02
1.655934814627007742e-02
1.659762374995839632e-02
1.636197054182247576e-02
1.604205599478986458e-02
1.577267307909329883e-02
1.560139723326890542e-02
1.560139723326890542e-02
1.550269584941252853e-02
1.549435215352429340e-02
1.537251755752359894e-02
1.520830752192338202e-02
1.503845859297663935e-02
1.491097186275820545e-02
1.481413125365093134e-02
1.479127749771685756e-02
1.473490444410844799e-02
1.470331706628930958e-02
1.470331706628930958e-02
1.457096043784365802e-02
1.445796074788120028e-02
1.427679352418651827e-02
1.417164039549534058e-02
1.408041441833034549e-02
1.402314445662857477e-02
1.381860139246376962e-02
1.362575458205026943e-02
1.349044929769933378e-02
1.349156346557200958e-02
1.349156346557200958e-02
1.350371059908959427e-02
1.346964956030176006e-02
1.338034177266362798e-02
1.324663962583099569e-02
1.322206099518101648e-02
1.322432164286240983e-02
1.330130911053762841e-02
1.344296971800339538e-02
1.370644830111832253e-02
1.394620088996368669e-02
1.394620088996368669e-02
1.405543604736630807e-02
1.406248059243820139e-02
1.409309730774400624e-02
1.425224709055398532e-02
1.443178091961667443e-02
1.465809501065013822e-02
1.489542535799941517e-02
1.519380219572348360e-02
1.538721179118903229e-02
1.553809093308643370e-02
1.553809093308643370e-02
1.571159305831209066e-02
1.585545682699157286e-02
1.594356916925075696e-02
1.603777025430969463e-02
1.611860674952636172e-02
1.614965198191731580e-02
1.613668161283964009e-02
1.602059255874754493e-02
1.580426678761302078e-02
1.555505126199150170e-02
1.555505126199150170e-02
1.517436678463395146e-02
1.485418529405224675e-02
1.472240124703349737e-02
1.465881141361529555e-02
1.469631386678850980e-02
1.467433112177919836e-02
1.483813264117207070e-02
1.513563229395982479e-02
1.539519202072755881e-02
1.554653794242388462e-02
1.554653794242388462e-02
1.555329552028672860e-02
1.557982526353362401e-02
1.568413654769953980e-02
1.577925039533810067e-02
1.593847759133926872e-02
1.606560029573648324e-02
1.615807756559099403e-02
1.634898502831796593e-02
1.646501797597380370e-02
1.669602875654308677e-02
1.669602875654308677e-02
1.681920799465317848e-02
1.674194658781431866e-02
1.662421033186082045e-02
1.653196817517030640e-02
1.640257858703685762e-02
1.620594730073193421e-02
1.616150335896995513e-02
1.614568569232064515e-02
1.625103649367377889e-02
1.631397466071548077e-02
1.631397466071548077e-02
1.636543173883034386e-02
1.634246279117446479e-02
1.620519540695749758e-02
1.620519540695749758e-02
1.620519540695749758e-02
1.620519540695749758e-02
1.602316461469854847e-02
1.590088839256555489e-02
1.583467010040749690e-02
1.572751736362247924e-02
1.572751736362247924e-02
1.571353746184111014e-02
1.565755030895518707e-02
1.560144070634845830e-02
1.552354383622987430e-02
1.540915494287598518e-02
1.518295988850426083e-02
1.508956248628679463e-02
1.505393132326927376e-02
1.505446854951776950e-02
1.511696626007645941e-02
1.511696626007645941e-02
1.508608886071559352e-02
1.509334818519098009e-02
1.502976898305009336e-02
1.495236199025677844e-02
1.439315982228067670e-02
1.374654426758024038e-02
1.304392581088382151e-02
1.233877939704381040e-02
1.174755564884955722e-02
1.132305434956797953e-02
1.132305434956797953e-02
1.096762921710366968e-02
1.047188628207246230e-02
9.948240134174498456e-03
9.474763437648329664e-03
8.876986789933925467e-03
8.405920726934688544e-03
8.186363111616102098e-03
7.984795940413211973e-03
7.864642905617157467e-03
7.895264030283614953e-03
7.895264030283614953e-03
7.895264030283614953e-03
7.963282521461436878e-03
7.995981289257906785e-03
7.999278987156617157e-03
7.993657195924286710e-03
8.025578618981687312e-03
8.170682375305785006e-03
8.443006653301880771e-03
8.645368336879673959e-03
8.854465465684521058e-03
8.854465465684521058e-03
9.063221546779144308e-03
9.215844813158357435e-03
9.289413789629269794e-03
9.164943060363117330e-03
8.996223811370964579e-03
8.757519170450337939e-03
8.492830576522334904e-03
8.192168482175691407e-03
7.987248879826054637e-03
7.644764310046676774e-03
7.644764310046676774e-03
7.443318354696562035e-03
7.332849547039025848e-03
7.207253204402242798e-03
7.151021245007246722e-03
7.088720689961599750e-03
7.035522806286247620e-03
6.954943964544986305e-03
6.951413830973319705e-03
6.953112752505685376e-03
6.901471970099149617e-03
6.901471970099149617e-03
6.811221609947848421e-03
6.712063096045862119e-03
6.413709052519907770e-03
6.136484299382527659e-03
5.991793762841709538e-03
5.810015601215687449e-03
5.624509084670433617e-03
5.517457258511011126e-03
5.441909309435838046e-03
5.407542422878618832e-03
5.407542422878618832e-03
5.364088578089260852e-03
5.281260400400829974e-03
5.244594779527702796e-03
5.251448657506790040e-03
5.319644192719159316e-03
5.429585458898803299e-03
5.522426675867666938e-03
5.622931399058719512e-03
5.719940345636073328e-03
5.899437262202444215e-03
5.899437262202444215e-03
6.077692685290824078e-03
6.247714294617076961e-03
6.467330085487550499e-03
6.717469608121087558e-03
6.840729378918247727e-03
6.911044555942887080e-03
6.924357608920465174e-03
6.951069021198529735e-03
6.916134713077603906e-03
6.825550089509733499e-03
6.825550089509733499e-03
6.701316659110513260e-03
6.697014267594873609e-03
6.672331299858154027e-03
6.590953841815737867e-03
6.562239831808734832e-03
6.509473483588635277e-03
5.893862769920515075e-03
5.494448989722075863e-03
5.254958816309949869e-03
5.081845534689981292e-03
5.081845534689981292e-03
4.947905801483499198e-03
4.824322776835625153e-03
4.740094329687929119e-03
4.673752770788409429e-03
4.590707930173808932e-03
4.495970698045916383e-03
4.582066530692339122e-03
4.666589958161927038e-03
4.695889093563419998e-03
4.656895982790045831e-03
4.656895982790045831e-03
4.409671073393842643e-03
4.140310603015442611e-03
3.789013426640954699e-03
3.500398513378918854e-03
3.164976522014807149e-03
2.891221926331205127e-03
2.802602167059150759e-03
2.746112853209865812e-03
2.812159967378135336e-03
2.989880783980477640e-03
2.989880783980477640e-03
3.086077199816406047e-03
3.180788776004565659e-03
3.251586460317451577e-03
3.316428464152745923e-03
3.366715264428902978e-03
3.386425681020405632e-03
3.461204253560753400e-03
3.577207928667799127e-03
3.694468008233770667e-03
3.802487867979350081e-03
3.802487867979350081e-03
3.948029033021031690e-03
4.067945211113892755e-03
4.033219215316411616e-03
3.956191067134445967e-03
3.877847251382428567e-03
3.831081876577059706e-03
3.811619737755097929e-03
3.829211345410281006e-03
3.878593671170978661e-03
3.882676619837164070e-03
3.882676619837164070e-03
3.796537884367809021e-03
3.730073024532757318e-03
3.641011269517713256e-03
3.530981924440881794e-03
3.444260843576025643e-03
3.374176952536802037e-03
3.357048479268356835e-03
3.408617946806257164e-03
3.411933419588872567e-03
3.318419669459315210e-03
