5.567926376997161305e-04
5.567926376997161305e-04
1.591729986885081095e-03
1.296978409675757140e-03
1.016868080953661725e-03
1.035127460375244923e-03
9.081872798418615675e-04
9.381976184106525368e-04
1.189888375134731929e-03
1.484117028037289579e-03
1.574207584280573353e-03
1.438560252744123125e-03
1.438560252744123125e-03
1.244668795933604605e-03
1.104055050559723779e-03
1.049959257269390735e-03
1.071717914647294777e-03
1.183337103183522941e-03
1.364699232127749564e-03
1.623294128646986896e-03
1.745874537704721367e-03
1.703519438591211436e-03
1.552983433916856624e-03
1.552983433916856624e-03
1.388927440092526961e-03
1.341487799541623595e-03
1.343130155474355500e-03
1.329278284665896467e-03
1.328189054049636747e-03
1.429801227299663975e-03
1.521152950325236697e-03
1.516446555953261362e-03
1.432575037350367108e-03
1.317573636907174621e-03
1.317573636907174621e-03
1.161646802072988441e-03
1.027169231795157589e-03
9.088822251008823409e-04
9.076582560697708454e-04
9.722591548909357466e-04
1.020474785347436552e-03
1.043018661845682366e-03
9.628328901951254586e-04
9.153506894712877843e-04
9.026602480352597649e-04
9.026602480352597649e-04
1.016025857521393348e-03
1.184941628831565497e-03
1.409092869004474093e-03
1.572833020333203480e-03
1.730828177942002289e-03
1.789375793731981567e-03
1.780577333723768006e-03
1.462371249378072299e-03
1.135552772532648054e-03
8.920623402187671108e-04
8.920623402187671108e-04
7.630042466949152162e-04
7.043386519598823390e-04
7.721666673981193198e-04
7.969618630882150485e-04
7.589820123193069838e-04
7.955685397735257590e-04
8.670054746042619347e-04
9.667393281495947248e-04
1.068238213981397488e-03
1.084348014410792174e-03
1.084348014410792174e-03
1.105807631519170608e-03
1.026880089809953508e-03
1.010657259064035290e-03
1.030136906727637273e-03
1.129610956255205955e-03
1.207489651665041332e-03
1.154386182942062841e-03
1.064555696175703689e-03
1.041033883654839424e-03
1.098221372367399638e-03
1.098221372367399638e-03
1.242504772737258907e-03
1.502763398414496332e-03
1.586472505517417001e-03
1.606352213086529668e-03
1.573454242058308031e-03
1.463279174491177856e-03
1.464701123643776534e-03
1.551838605677554814e-03
1.687501551763096689e-03
1.837970168791772411e-03
1.837970168791772411e-03
1.850663948150305452e-03
1.725731174383103974e-03
1.627467388667386316e-03
1.600547431361547734e-03
1.651922677932844957e-03
1.759126872372820645e-03
1.859100166484572905e-03
1.894598960509072177e-03
1.808812353561551484e-03
1.689458728667409849e-03
1.689458728667409849e-03
1.515427741141275051e-03
1.355159064007481484e-03
1.280100582387844492e-03
1.275676575800899475e-03
1.276202295287948759e-03
1.253776648905021579e-03
1.155386135017608638e-03
9.939362584732293164e-04
8.722185903338225323e-04
8.051966006325908575e-04
8.051966006325908575e-04
5.781205731336760446e-04
4.733895799986584255e-04
4.972511766365742773e-04
4.720909513302327313e-04
4.930597324065749600e-04
6.683340656340549689e-04
6.620944594407086837e-04
5.129395670457784044e-04
4.600333704276199386e-04
5.348899559331914176e-04
5.348899559331914176e-04
5.277069552918850579e-04
4.433696298994552849e-04
3.655323699491231032e-04
3.647586860033349412e-04
3.809665306862321525e-04
3.517427018071853854e-04
3.504855287887469369e-04
4.498635325315426792e-04
5.837132534552497620e-04
6.285160485627148009e-04
6.285160485627148009e-04
5.644053746293620655e-04
4.489767638372737244e-04
5.391539008991989975e-04
8.817721207737091354e-04
1.302073792796176093e-03
1.670982994558346812e-03
2.005018380807956253e-03
2.197838611354179222e-03
2.233406151570660816e-03
2.098356907173589726e-03
2.098356907173589726e-03
1.945233382677897388e-03
1.817836297604509587e-03
1.749396897328790333e-03
1.793779346233141236e-03
1.875674004792185229e-03
1.973352707399782680e-03
2.240443468199761461e-03
2.458943349866244375e-03
2.574760543588422695e-03
2.632367607800304050e-03
2.632367607800304050e-03
2.464178644938432115e-03
2.138603034790296283e-03
1.815205387562994141e-03
1.462631656445341271e-03
1.191280999567667859e-03
9.986502010638283622e-04
1.048061426198119636e-03
1.240252525270989746e-03
1.421355503385218506e-03
1.438594320872025201e-03
1.438594320872025201e-03
1.527021166991176029e-03
1.614928526830029538e-03
1.647988445540023465e-03
1.691090805116121252e-03
1.666521930374780924e-03
1.609820279926579183e-03
1.526187392558928753e-03
1.458060137765816288e-03
1.384215778632469319e-03
1.401233325697041811e-03
1.401233325697041811e-03
1.448422073259279927e-03
1.509780103264412275e-03
1.521408138947859864e-03
1.444006779923043098e-03
1.357349021392395333e-03
1.320106620581546148e-03
1.172816719263166307e-03
1.091522125257473382e-03
9.548580653390456412e-04
9.504040851684468017e-04
9.504040851684468017e-04
8.316903354239809634e-04
7.128616641185057034e-04
7.064702320468084756e-04
7.239174615165514578e-04
7.790260354688231283e-04
8.850082149782845849e-04
1.059397576400414711e-03
1.237955041489015350e-03
1.431896848116596260e-03
1.540912872881769436e-03
1.540912872881769436e-03
1.762715502743207076e-03
2.056290502232304036e-03
2.386174327841318350e-03
2.685883027235019815e-03
2.904347648666540885e-03
2.824810383746251437e-03
2.746106596201994352e-03
2.740061359225060521e-03
2.710837533223359359e-03
2.664932591189189681e-03
2.664932591189189681e-03
2.491939758990226010e-03
2.220494598392380725e-03
1.891999086182117110e-03
1.553486721688478699e-03
1.293316017399316013e-03
1.117297441141988342e-03
9.594996914163600888e-04
8.336548191482939796e-04
8.292080534612648272e-04
8.257650764033296325e-04
8.257650764033296325e-04
6.557859041261568465e-04
4.679544570441004545e-04
3.158516474999146562e-04
4.074871149476263382e-04
7.582323705463052963e-04
9.957873334962086612e-04
1.161012230639335866e-03
1.214028534944051104e-03
1.234993560978199642e-03
1.196452637001124350e-03
1.196452637001124350e-03
1.151715365914902315e-03
1.028927731263510259e-03
8.804095473121864232e-04
7.872997565711992293e-04
8.329796987803419345e-04
9.457731355963064400e-04
1.063661565967075539e-03
1.085581550894416198e-03
1.121433784179893785e-03
1.186638206088955856e-03
1.186638206088955856e-03
1.149339859199709733e-03
1.168505169583857395e-03
1.208384646817297920e-03
1.426437556963547348e-03
1.619396060368051863e-03
1.592136520909046438e-03
1.517739386973190625e-03
1.392285727698969059e-03
1.272016016201223251e-03
1.183005797472489080e-03
1.183005797472489080e-03
1.002573858751677283e-03
9.847693056001527445e-04
1.261576152997155456e-03
1.751467165895093494e-03
2.293487691366268358e-03
2.803958441101634010e-03
3.198937333155206768e-03
3.496470888027868908e-03
3.689940002061442223e-03
3.875227487328175829e-03
