1.623404914434644275e-03
1.623404914434644275e-03
2.451177282766013859e-03
1.503791058668365720e-03
9.020862253179035180e-04
1.049459300645102762e-03
1.518275690307007873e-03
1.902429325798565829e-03
2.029342226690006128e-03
1.872631720076124197e-03
1.627663053752591901e-03
1.352892807637788315e-03
1.352892807637788315e-03
1.161201012474778966e-03
1.217813157675406684e-03
1.318173724955133425e-03
1.550935131519422337e-03
1.751755828126006810e-03
1.806094505789932131e-03
1.714861943313589166e-03
1.577069704678867295e-03
1.434692751638801762e-03
1.339823944217796150e-03
1.339823944217796150e-03
1.081003666831727725e-03
6.665462234293615578e-04
5.147615723022774814e-04
5.232853136690772183e-04
7.734803025381293152e-04
1.128399555432174628e-03
1.379680361782076835e-03
1.417487887909774829e-03
1.335625954841125227e-03
1.240860703035192225e-03
1.240860703035192225e-03
1.102218492294405622e-03
9.573775544886437266e-04
8.739756304191152736e-04
8.916070244735533820e-04
8.887602109174149844e-04
9.691018577641033341e-04
1.083355666543877206e-03
1.102410964062602600e-03
1.039263511582081941e-03
1.062652442053117286e-03
1.062652442053117286e-03
1.096485121085831590e-03
1.141978611810803498e-03
1.233262416189523109e-03
1.239652293176083395e-03
1.213888788661878415e-03
1.301264575221229482e-03
1.405433327200207886e-03
1.450585587204636373e-03
1.502404770206259167e-03
1.511229842233001225e-03
1.511229842233001225e-03
1.584910632221418585e-03
1.572256631825305791e-03
1.724913300170395061e-03
1.728427702897861705e-03
1.760577662867367048e-03
1.692513808193380582e-03
1.592251305136959142e-03
1.692356128602197579e-03
1.718910547265171257e-03
1.797529262952534930e-03
1.797529262952534930e-03
1.628395239016468222e-03
1.448539131207427725e-03
1.481252101004130800e-03
1.700534270845746078e-03
1.938822628360138429e-03
2.229262595648499792e-03
2.225913951300554760e-03
2.095377151582036683e-03
1.936305730848931431e-03
1.838494867632887823e-03
1.838494867632887823e-03
1.728938408275375272e-03
1.737398795020768209e-03
1.954984149385464390e-03
2.121071922731230814e-03
2.383819250080943496e-03
2.397803791003962851e-03
2.119848531148764426e-03
1.616389239030899434e-03
1.155979664120393782e-03
7.980052032414850166e-04
7.980052032414850166e-04
9.139972975171630843e-04
1.259367293105501844e-03
1.431643860335593153e-03
1.589051568762171653e-03
1.593096937094369125e-03
1.428757073554851563e-03
1.203026759838247278e-03
1.108495460287150331e-03
1.138905660943669755e-03
1.247907381605323652e-03
1.247907381605323652e-03
1.318265860652546081e-03
1.275808997929265502e-03
1.208560536251865845e-03
1.181006154740461616e-03
1.204464507409958376e-03
1.282935266805979458e-03
1.345547984433132123e-03
1.371962091318570985e-03
1.337125468590958559e-03
1.235973932499196803e-03
1.235973932499196803e-03
1.094529632999027228e-03
9.438674008841943649e-04
9.065636650986699189e-04
1.249135260137851974e-03
1.515792193018452097e-03
1.598236978654460913e-03
1.469678549358473512e-03
1.373694021930949851e-03
1.267483752013849434e-03
1.282773513676970607e-03
1.282773513676970607e-03
1.511082762368785469e-03
1.705555059589001143e-03
1.888043732776684223e-03
1.894525329267085370e-03
1.796237484603158824e-03
1.626074058277519234e-03
1.452976992465518542e-03
1.385914259931000578e-03
1.461003567341009023e-03
1.656735689837337535e-03
1.656735689837337535e-03
1.859469641566563860e-03
1.977883412145103794e-03
1.848414752352416091e-03
1.612471567256956988e-03
1.418074270131106139e-03
1.373628024263042532e-03
1.389388880242048386e-03
1.648604717739348335e-03
1.937167408980587082e-03
2.093224614601030525e-03
2.093224614601030525e-03
2.177578575052245731e-03
2.044615264415902429e-03
1.789706711419916316e-03
1.514047556687351734e-03
1.457602867683699963e-03
1.532951681191076047e-03
1.818600630554161263e-03
2.154186278126528093e-03
2.436655967709992245e-03
2.537552075891002460e-03
2.537552075891002460e-03
2.390421278827488654e-03
2.072766514810838248e-03
1.687674175155539063e-03
1.530426528540479057e-03
1.540378408114293461e-03
1.793934897208150940e-03
2.157797336302994060e-03
2.381444787727767919e-03
2.347650371810799334e-03
2.107753463172757930e-03
2.107753463172757930e-03
1.886411657631609055e-03
1.863235991011229220e-03
1.966709628394550449e-03
2.216996280841400640e-03
2.385255403071058489e-03
2.405425027409507054e-03
2.325540868811854997e-03
2.201699566023465181e-03
2.111455180521404611e-03
1.984618827356939529e-03
1.984618827356939529e-03
2.002424691198859477e-03
2.056252676717580576e-03
2.119258289606016851e-03
2.139616431229572884e-03
2.167935418684031629e-03
2.110963793283778932e-03
2.020157765590375673e-03
2.013209863078816494e-03
2.094185212559570349e-03
2.196434662181103500e-03
2.196434662181103500e-03
2.242290977390703176e-03
2.225576988351038107e-03
2.147481838076836791e-03
2.101099676696509960e-03
1.967358275478335236e-03
2.010377580262772117e-03
2.149879394479909181e-03
2.328452258231725018e-03
2.405377608023448639e-03
2.278953316033840819e-03
2.278953316033840819e-03
2.138907103493737673e-03
1.959019817737911451e-03
1.886959987418352280e-03
1.877255218094866802e-03
2.032119207651384134e-03
2.210469893369690353e-03
2.356901461478972011e-03
2.311658536165558421e-03
2.217989877441344480e-03
1.986242921012596526e-03
1.986242921012596526e-03
1.779095455111144803e-03
1.785587656061963157e-03
1.872713253644333426e-03
2.034679681779232203e-03
2.188342924363200371e-03
2.283043021719380426e-03
2.275207749127496591e-03
2.164981045862986869e-03
2.146759666355221689e-03
2.182913006788143699e-03
2.182913006788143699e-03
2.246388439023579413e-03
2.280501371926267010e-03
2.251993425727800979e-03
2.223127867639080463e-03
2.163193248468450128e-03
2.111698821258465274e-03
2.133241387125091662e-03
2.106279087732281473e-03
2.087931523812114679e-03
2.058957035481902287e-03
2.058957035481902287e-03
1.988544259538824969e-03
1.902739995316709556e-03
1.938102155705320089e-03
2.008484756714303682e-03
2.105513984824404147e-03
2.211955261899171011e-03
2.244088778545036585e-03
2.179279910820220573e-03
2.082321053974781934e-03
2.049069353706579801e-03
2.049069353706579801e-03
2.009622918214483151e-03
2.054522257759471351e-03
2.173656305409125012e-03
2.249062201115386520e-03
2.324742762428535104e-03
2.304712856576770011e-03
2.179773327431688400e-03
1.982794615348653505e-03
1.900420103794447750e-03
1.907359786376145588e-03
1.907359786376145588e-03
2.014964433372118738e-03
2.239047864720768600e-03
2.399044277162005502e-03
2.454900921644585614e-03
2.308044490630077779e-03
2.090136076487847556e-03
1.968363602932349764e-03
2.042978057518466100e-03
2.110639384596550878e-03
2.191796677528733400e-03
