1.364697609096765518e-02
1.364697609096765518e-02
1.493764203041791916e-02
1.622856594622135162e-02
1.685475371778011322e-02
1.722200401127338409e-02
1.782168261706829071e-02
1.853306032717227936e-02
1.924170739948749542e-02
1.976313814520835876e-02
2.028511837124824524e-02
2.095079235732555389e-02
2.095079235732555389e-02
2.159111201763153076e-02
2.223563380539417267e-02
2.299453504383563995e-02
2.384581230580806732e-02
2.476661093533039093e-02
2.567424066364765167e-02
2.655339241027832031e-02
2.730412036180496216e-02
2.804770506918430328e-02
2.890191227197647095e-02
2.890191227197647095e-02
2.974488586187362671e-02
3.053987398743629456e-02
3.133683651685714722e-02
3.213555365800857544e-02
3.215538710355758667e-02
3.214105218648910522e-02
3.245965763926506042e-02
3.280846774578094482e-02
3.315296769142150879e-02
3.348859399557113647e-02
3.348859399557113647e-02
3.394570946693420410e-02
3.436400741338729858e-02
3.480083495378494263e-02
3.529072925448417664e-02
3.584931790828704834e-02
3.635255619883537292e-02
3.680317103862762451e-02
3.722514957189559937e-02
3.761006891727447510e-02
3.803227096796035767e-02
3.803227096796035767e-02
3.843355551362037659e-02
3.881962224841117859e-02
3.921953588724136353e-02
3.959692269563674927e-02
3.997443243861198425e-02
4.041702300310134888e-02
4.076481238007545471e-02
4.117856919765472412e-02
4.153335839509963989e-02
4.186202958226203918e-02
4.186202958226203918e-02
4.217874258756637573e-02
4.247198253870010376e-02
4.287157580256462097e-02
4.329619929194450378e-02
4.356402903795242310e-02
4.376602545380592346e-02
4.403114318847656250e-02
4.431151598691940308e-02
4.457228258252143860e-02
4.489804059267044067e-02
4.489804059267044067e-02
4.521082341670989990e-02
4.556252062320709229e-02
4.586720466613769531e-02
4.608130827546119690e-02
4.633617028594017029e-02
4.653391242027282715e-02
4.674249142408370972e-02
4.687410220503807068e-02
4.702210053801536560e-02
4.703746736049652100e-02
4.703746736049652100e-02
4.696829617023468018e-02
4.687042161822319031e-02
4.664081707596778870e-02
4.638680070638656616e-02
4.609201475977897644e-02
4.584106802940368652e-02
4.566491767764091492e-02
4.549359157681465149e-02
4.530953615903854370e-02
4.515876621007919312e-02
4.515876621007919312e-02
4.493225738406181335e-02
4.475298896431922913e-02
4.458047449588775635e-02
4.436046630144119263e-02
4.429548978805541992e-02
4.380073025822639465e-02
4.337488859891891479e-02
4.296738281846046448e-02
4.267575591802597046e-02
4.237420111894607544e-02
4.237420111894607544e-02
4.214707016944885254e-02
4.192769527435302734e-02
4.168335348367691040e-02
4.145616292953491211e-02
4.120209440588951111e-02
4.090825095772743225e-02
4.069942981004714966e-02
4.063899070024490356e-02
4.066997766494750977e-02
4.057087004184722900e-02
4.057087004184722900e-02
4.043336585164070129e-02
4.032835736870765686e-02
4.025935009121894836e-02
4.016476869583129883e-02
4.011829197406768799e-02
4.008852690458297729e-02
3.995490074157714844e-02
3.981314599514007568e-02
3.959835320711135864e-02
3.943392261862754822e-02
3.943392261862754822e-02
3.931180015206336975e-02
3.925455734133720398e-02
3.919102624058723450e-02
3.926847875118255615e-02
3.947619721293449402e-02
3.988162800669670105e-02
4.045749083161354065e-02
4.114358872175216675e-02
4.187118262052536011e-02
4.264744371175765991e-02
4.264744371175765991e-02
4.353783279657363892e-02
4.449427127838134766e-02
4.539864510297775269e-02
4.612768441438674927e-02
4.682521894574165344e-02
4.740703105926513672e-02
4.791312664747238159e-02
4.852535203099250793e-02
4.891987144947052002e-02
4.927337169647216797e-02
4.927337169647216797e-02
4.960792884230613708e-02
4.991080239415168762e-02
5.008215829730033875e-02
5.025485530495643616e-02
5.030269548296928406e-02
5.028668791055679321e-02
5.018809437751770020e-02
4.998312145471572876e-02
4.967015981674194336e-02
4.940228909254074097e-02
4.940228909254074097e-02
4.919671639800071716e-02
4.894904792308807373e-02
4.867662116885185242e-02
4.836012795567512512e-02
4.803621396422386169e-02
4.771056026220321655e-02
4.743510857224464417e-02
4.725073277950286865e-02
4.711479321122169495e-02
4.697892069816589355e-02
4.697892069816589355e-02
4.688715934753417969e-02
4.682401940226554871e-02
4.676151275634765625e-02
4.667498543858528137e-02
4.706994444131851196e-02
4.750825837254524231e-02
4.798210412263870239e-02
4.839951545000076294e-02
4.879178851842880249e-02
4.915572330355644226e-02
4.915572330355644226e-02
4.947990179061889648e-02
4.967434704303741455e-02
4.981966316699981689e-02
5.001349374651908875e-02
5.018752068281173706e-02
5.041411891579627991e-02
5.061499774456024170e-02
5.077084898948669434e-02
5.070817843079566956e-02
5.064254254102706909e-02
5.064254254102706909e-02
5.070975050330162048e-02
5.089117586612701416e-02
5.099057033658027649e-02
5.120616033673286438e-02
5.159023031592369080e-02
5.212915688753128052e-02
5.272274091839790344e-02
5.330142378807067871e-02
5.372336134314537048e-02
5.409777164459228516e-02
5.409777164459228516e-02
5.430429056286811829e-02
5.446622520685195923e-02
5.450410768389701843e-02
5.442268773913383484e-02
5.433120578527450562e-02
5.407387763261795044e-02
5.367009714245796204e-02
5.319160223007202148e-02
5.267263203859329224e-02
5.203814059495925903e-02
5.203814059495925903e-02
5.137923732399940491e-02
5.074973031878471375e-02
5.004186928272247314e-02
4.939340427517890930e-02
4.887853562831878662e-02
4.887853562831878662e-02
4.887853562831878662e-02
4.834571853280067444e-02
4.787043109536170959e-02
4.749164357781410217e-02
4.749164357781410217e-02
4.697978869080543518e-02
4.655662178993225098e-02
4.612378031015396118e-02
4.576146602630615234e-02
4.546628147363662720e-02
4.524248838424682617e-02
4.492976889014244080e-02
4.479921609163284302e-02
4.454938322305679321e-02
4.445298388600349426e-02
4.445298388600349426e-02
4.434275627136230469e-02
4.418990388512611389e-02
4.413862898945808411e-02
4.420120269060134888e-02
4.430978000164031982e-02
4.438907280564308167e-02
4.451718926429748535e-02
4.467147588729858398e-02
4.483801499009132385e-02
4.501113295555114746e-02
4.501113295555114746e-02
4.516728222370147705e-02
4.537732899188995361e-02
4.551307857036590576e-02
4.562454670667648315e-02
4.560441151261329651e-02
4.557445272803306580e-02
4.522384703159332275e-02
4.486191272735595703e-02
4.459223523736000061e-02
4.440988600254058838e-02
4.440988600254058838e-02
4.421201720833778381e-02
4.406369850039482117e-02
4.391551762819290161e-02
4.385234788060188293e-02
4.354821518063545227e-02
4.327022284269332886e-02
4.284181445837020874e-02
4.241626709699630737e-02
4.200988635420799255e-02
4.150435328483581543e-02
4.150435328483581543e-02
4.083798453211784363e-02
4.021666571497917175e-02
3.971331194043159485e-02
3.929729387164115906e-02
3.895274177193641663e-02
3.853040933609008789e-02
3.824591636657714844e-02
3.818107768893241882e-02
3.844948485493659973e-02
3.881911933422088623e-02
3.881911933422088623e-02
3.922246024012565613e-02
3.968074545264244080e-02
4.012200981378555298e-02
4.053776338696479797e-02
4.078738018870353699e-02
4.093926772475242615e-02
4.097519442439079285e-02
4.096599668264389038e-02
4.090425744652748108e-02
4.087496921420097351e-02
4.087496921420097351e-02
4.089046269655227661e-02
4.096342623233795166e-02
4.101659730076789856e-02
4.107364267110824585e-02
4.115873947739601135e-02
4.135668650269508362e-02
4.150931537151336670e-02
4.148283228278160095e-02
4.139693453907966614e-02
4.134371131658554077e-02
4.134371131658554077e-02
4.122447967529296875e-02
4.112264141440391541e-02
4.104718938469886780e-02
4.096599295735359192e-02
4.085658863186836243e-02
4.062515124678611755e-02
4.035307466983795166e-02
4.012223705649375916e-02
3.984525799751281738e-02
3.961607441306114197e-02
3.961607441306114197e-02
3.945209458470344543e-02
3.939908742904663086e-02
3.936588391661643982e-02
3.925112262368202209e-02
3.908518329262733459e-02
3.874422982335090637e-02
3.840215504169464111e-02
3.814909234642982483e-02
3.786777332425117493e-02
3.763663023710250854e-02
3.763663023710250854e-02
3.745480254292488098e-02
3.716226294636726379e-02
3.697075322270393372e-02
3.735631331801414490e-02
3.762215375900268555e-02
3.778541460633277893e-02
3.739795833826065063e-02
3.682192042469978333e-02
3.615729138255119324e-02
3.545627370476722717e-02
3.545627370476722717e-02
3.475325927138328552e-02
3.398300707340240479e-02
3.323887288570404053e-02
3.254088386893272400e-02
3.183164075016975403e-02
3.113394416868686676e-02
3.064595907926559448e-02
3.022803924977779388e-02
2.987796254456043243e-02
2.905407361686229706e-02
2.905407361686229706e-02
2.831397950649261475e-02
2.786062844097614288e-02
2.753877080976963043e-02
2.714810334146022797e-02
2.670252509415149689e-02
2.622839994728565216e-02
2.582819759845733643e-02
2.541878260672092438e-02
2.535407803952693939e-02
2.531669661402702332e-02
2.531669661402702332e-02
2.518500387668609619e-02
2.505133114755153656e-02
2.476860210299491882e-02
2.438595145940780640e-02
2.400055341422557831e-02
2.353986538946628571e-02
2.306196093559265137e-02
2.254121564328670502e-02
2.196956984698772430e-02
2.138508297502994537e-02
2.138508297502994537e-02
2.080728299915790558e-02
2.027608081698417664e-02
1.979194022715091705e-02
1.934743672609329224e-02
1.893180795013904572e-02
1.854456029832363129e-02
1.832942105829715729e-02
1.806050166487693787e-02
1.784119009971618652e-02
1.763442717492580414e-02
1.763442717492580414e-02
1.743551529943943024e-02
1.724643446505069733e-02
1.708243228495121002e-02
1.703680492937564850e-02
1.687972433865070343e-02
1.668484881520271301e-02
1.648223400115966797e-02
1.617827080190181732e-02
1.592320762574672699e-02
1.571912132203578949e-02
1.571912132203578949e-02
1.555567514151334763e-02
1.544295158237218857e-02
1.530447229743003845e-02
1.527163945138454437e-02
1.521163992583751678e-02
1.508606411516666412e-02
1.498988550156354904e-02
1.486710645258426666e-02
1.480997167527675629e-02
1.461907383054494858e-02
1.461907383054494858e-02
1.448262482881546021e-02
1.437335088849067688e-02
1.453671045601367950e-02
1.469968166202306747e-02
1.490228064358234406e-02
1.516807265579700470e-02
1.567715033888816833e-02
1.614218577742576599e-02
1.655991561710834503e-02
1.685861311852931976e-02
1.685861311852931976e-02
1.712501980364322662e-02
1.734766922891139984e-02
1.747758500277996063e-02
1.757865399122238159e-02
1.761481352150440216e-02
1.762315817177295685e-02
1.790332607924938202e-02
1.809263601899147034e-02
1.829926669597625732e-02
1.846720464527606964e-02
1.846720464527606964e-02
1.857388205826282501e-02
1.871654950082302094e-02
1.877794973552227020e-02
1.881264522671699524e-02
1.876492425799369812e-02
1.864189840853214264e-02
1.845134980976581573e-02
1.827109046280384064e-02
1.810940913856029510e-02
1.799151487648487091e-02
