5.252351239323616028e-02
5.252351239323616028e-02
5.185893550515174866e-02
5.113977193832397461e-02
5.072445049881935120e-02
5.003168061375617981e-02
4.927805438637733459e-02
4.884590581059455872e-02
4.884218797087669373e-02
4.880210757255554199e-02
4.868555068969726562e-02
4.895654320716857910e-02
4.895654320716857910e-02
4.919317737221717834e-02
4.934635385870933533e-02
4.935430362820625305e-02
4.930727556347846985e-02
4.905543476343154907e-02
4.912708699703216553e-02
4.923091456294059753e-02
4.922516271471977234e-02
4.911087825894355774e-02
4.889487847685813904e-02
4.889487847685813904e-02
4.870679229497909546e-02
4.840131103992462158e-02
4.806258529424667358e-02
4.765887185931205750e-02
4.731271043419837952e-02
4.696477204561233521e-02
4.656404256820678711e-02
4.617593809962272644e-02
4.584145173430442810e-02
4.544783011078834534e-02
4.544783011078834534e-02
4.495519772171974182e-02
4.440706223249435425e-02
4.385701939463615417e-02
4.330637678503990173e-02
4.280220717191696167e-02
4.219460114836692810e-02
4.165070503950119019e-02
4.102077335119247437e-02
4.040201380848884583e-02
3.990177437663078308e-02
3.990177437663078308e-02
3.955866023898124695e-02
3.939371183514595032e-02
3.911549597978591919e-02
3.865293040871620178e-02
3.829374909400939941e-02
3.787665814161300659e-02
3.747178241610527039e-02
3.696649149060249329e-02
3.664203360676765442e-02
3.637129440903663635e-02
3.637129440903663635e-02
3.599074482917785645e-02
3.573812544345855713e-02
3.563254699110984802e-02
3.557546809315681458e-02
3.542458266019821167e-02
3.517540171742439270e-02
3.497120365500450134e-02
3.471399843692779541e-02
3.465627506375312805e-02
3.462016582489013672e-02
3.462016582489013672e-02
3.441119939088821411e-02
3.420733660459518433e-02
3.385002166032791138e-02
3.361226618289947510e-02
3.343726694583892822e-02
3.330426290631294250e-02
3.316967934370040894e-02
3.281776234507560730e-02
3.249055519700050354e-02
3.228956833481788635e-02
3.228956833481788635e-02
3.224818781018257141e-02
3.208245337009429932e-02
3.190990164875984192e-02
3.173339366912841797e-02
3.156604245305061340e-02
3.148341551423072815e-02
3.142047300934791565e-02
3.132167458534240723e-02
3.115035220980644226e-02
3.092761524021625519e-02
3.092761524021625519e-02
3.078264743089675903e-02
3.083415143191814423e-02
3.093481250107288361e-02
3.101167455315589905e-02
3.121133334934711456e-02
3.134401515126228333e-02
3.142159432172775269e-02
3.122944384813308716e-02
3.085672296583652496e-02
3.047993034124374390e-02
3.047993034124374390e-02
2.990488521754741669e-02
2.923811785876750946e-02
2.850111573934555054e-02
2.780427038669586182e-02
2.714011073112487793e-02
2.661242894828319550e-02
2.619168721139431000e-02
2.578856796026229858e-02
2.558797597885131836e-02
2.554064430296421051e-02
2.554064430296421051e-02
2.567037381231784821e-02
2.580931782722473145e-02
2.590181119740009308e-02
2.608850412070751190e-02
2.621274814009666443e-02
2.639702335000038147e-02
2.656539902091026306e-02
2.665116637945175171e-02
2.667270414531230927e-02
2.673565968871116638e-02
2.673565968871116638e-02
2.682841382920742035e-02
2.681174315512180328e-02
2.663856185972690582e-02
2.620194479823112488e-02
2.566511742770671844e-02
2.515788562595844269e-02
2.500805072486400604e-02
2.499318867921829224e-02
2.502998523414134979e-02
2.518558129668235779e-02
2.518558129668235779e-02
2.518558129668235779e-02
2.518558129668235779e-02
2.518558129668235779e-02
2.518558129668235779e-02
2.541999891400337219e-02
2.576884813606739044e-02
2.603208273649215698e-02
2.607052959501743317e-02
2.606106549501419067e-02
2.602044865489006042e-02
2.602044865489006042e-02
2.592425793409347534e-02
2.574139460921287537e-02
2.554089948534965515e-02
2.542077191174030304e-02
2.528303861618041992e-02
2.504932321608066559e-02
2.502174861729145050e-02
2.490378916263580322e-02
2.487202174961566925e-02
2.501016482710838318e-02
2.501016482710838318e-02
2.523726597428321838e-02
2.557409554719924927e-02
2.575497329235076904e-02
2.590094879269599915e-02
2.597794681787490845e-02
2.599813044071197510e-02
2.605055831372737885e-02
2.602286078035831451e-02
2.569789625704288483e-02
2.516897395253181458e-02
2.516897395253181458e-02
2.464842051267623901e-02
2.429782040417194366e-02
2.410211041569709778e-02
2.397772110998630524e-02
2.389002777636051178e-02
2.399118244647979736e-02
2.409355714917182922e-02
2.419881150126457214e-02
2.425155974924564362e-02
2.424778416752815247e-02
2.424778416752815247e-02
2.434781379997730255e-02
2.460686862468719482e-02
2.492981217801570892e-02
2.515914291143417358e-02
2.530039101839065552e-02
2.533544227480888367e-02
2.520918846130371094e-02
2.481350675225257874e-02
2.442543022334575653e-02
2.404884062707424164e-02
2.404884062707424164e-02
2.360177785158157349e-02
2.328736148774623871e-02
2.309156581759452820e-02
2.303094416856765747e-02
2.305267564952373505e-02
2.301182039082050323e-02
2.280504070222377777e-02
2.232222259044647217e-02
2.184843085706233978e-02
2.130872011184692383e-02
2.130872011184692383e-02
2.082403749227523804e-02
2.028412371873855591e-02
1.973015815019607544e-02
1.933383569121360779e-02
1.893353462219238281e-02
1.861891523003578186e-02
1.825979724526405334e-02
1.748805306851863861e-02
1.688720099627971649e-02
1.634401641786098480e-02
1.634401641786098480e-02
1.604866422712802887e-02
1.554709207266569138e-02
1.498966291546821594e-02
1.431728620082139969e-02
1.369087491184473038e-02
1.302647311240434647e-02
1.236171927303075790e-02
1.177113782614469528e-02
1.109756249934434891e-02
1.044660806655883789e-02
1.044660806655883789e-02
9.831646457314491272e-03
9.159989655017852783e-03
8.816532790660858154e-03
8.571504615247249603e-03
8.349755778908729553e-03
8.233260363340377808e-03
8.570446632802486420e-03
9.079219773411750793e-03
9.711124002933502197e-03
1.018794253468513489e-02
1.018794253468513489e-02
1.041390933096408844e-02
1.043837517499923706e-02
1.035017706453800201e-02
1.040804665535688400e-02
1.053671818226575851e-02
1.059337705373764038e-02
1.036480627954006195e-02
9.973614476621150970e-03
9.389768354594707489e-03
8.748239837586879730e-03
8.748239837586879730e-03
8.356167934834957123e-03
8.549167774617671967e-03
8.887938223779201508e-03
9.213575161993503571e-03
9.420079179108142853e-03
9.336265735328197479e-03
8.929424919188022614e-03
8.420177735388278961e-03
8.006569929420948029e-03
7.786090020090341568e-03
7.786090020090341568e-03
7.745029870420694351e-03
8.002831600606441498e-03
8.413895964622497559e-03
8.791370317339897156e-03
9.006259031593799591e-03
8.940721862018108368e-03
8.631072938442230225e-03
8.520252071321010590e-03
8.726201951503753662e-03
9.395555593073368073e-03
9.395555593073368073e-03
1.014945097267627716e-02
1.081245299428701401e-02
1.117550116032361984e-02
1.124461460858583450e-02
1.123564224690198898e-02
1.137758232653141022e-02
1.172820013016462326e-02
1.230912841856479645e-02
1.298900879919528961e-02
1.363549474626779556e-02
1.363549474626779556e-02
1.412859279662370682e-02
1.443524751812219620e-02
1.459014881402254105e-02
1.469517406076192856e-02
1.489238999783992767e-02
1.537283416837453842e-02
1.600160263478755951e-02
1.670182496309280396e-02
1.728648506104946136e-02
1.780824549496173859e-02
1.780824549496173859e-02
1.802328415215015411e-02
1.824250072240829468e-02
1.843726262450218201e-02
1.860876567661762238e-02
1.886455528438091278e-02
1.910404115915298462e-02
1.908684894442558289e-02
1.881399378180503845e-02
1.840168051421642303e-02
1.791677623987197876e-02
1.791677623987197876e-02
1.751281134784221649e-02
1.736776530742645264e-02
1.746226847171783447e-02
1.769140362739562988e-02
1.809737831354141235e-02
1.840864308178424835e-02
1.841810718178749084e-02
1.827063225209712982e-02
1.797199994325637817e-02
1.748419553041458130e-02
1.748419553041458130e-02
1.703796349465847015e-02
1.667463965713977814e-02
1.640522107481956482e-02
1.630136184394359589e-02
1.624107174575328827e-02
1.624087989330291748e-02
1.617669314146041870e-02
1.586046628654003143e-02
1.545128598809242249e-02
1.503432076424360275e-02
1.503432076424360275e-02
1.474254857748746872e-02
1.456294581294059753e-02
1.469065155833959579e-02
1.492462307214736938e-02
1.507055386900901794e-02
1.505685504525899887e-02
1.505990978330373764e-02
1.524234376847743988e-02
1.549951359629631042e-02
1.555036101490259171e-02
1.555036101490259171e-02
1.564822718501091003e-02
1.577512919902801514e-02
1.581034064292907715e-02
1.588572561740875244e-02
1.590998284518718719e-02
1.582728140056133270e-02
1.574079319834709167e-02
1.550633367151021957e-02
1.535836327821016312e-02
1.518135052174329758e-02
1.518135052174329758e-02
1.514138747006654739e-02
1.524498686194419861e-02
1.539659500122070312e-02
1.563226804137229919e-02
1.588336564600467682e-02
1.613621599972248077e-02
1.623361930251121521e-02
1.622286811470985413e-02
1.622286811470985413e-02
1.610114052891731262e-02
1.610114052891731262e-02
1.619685441255569458e-02
1.653952151536941528e-02
1.682247966527938843e-02
1.685403101146221161e-02
1.670436561107635498e-02
1.642103865742683411e-02
1.604345068335533142e-02
1.575624383985996246e-02
1.560336723923683167e-02
1.546676643192768097e-02
1.546676643192768097e-02
1.537109445780515671e-02
1.534975972026586533e-02
1.534063927829265594e-02
1.536104828119277954e-02
1.562121137976646423e-02
1.561485137790441513e-02
1.551981642842292786e-02
1.537509448826313019e-02
1.518971007317304611e-02
1.510055456310510635e-02
1.510055456310510635e-02
1.524936221539974213e-02
1.554156374186277390e-02
1.588369160890579224e-02
1.619157008826732635e-02
1.640876568853855133e-02
1.652331650257110596e-02
1.656194217503070831e-02
1.649284176528453827e-02
1.644827239215373993e-02
1.642704941332340240e-02
1.642704941332340240e-02
1.650219410657882690e-02
1.665852405130863190e-02
1.681641116738319397e-02
1.699690148234367371e-02
1.721452362835407257e-02
1.760299690067768097e-02
1.802407763898372650e-02
1.833732053637504578e-02
1.864105276763439178e-02
1.874702610075473785e-02
1.874702610075473785e-02
1.883444562554359436e-02
1.895873248577117920e-02
1.939023658633232117e-02
1.994151249527931213e-02
2.066365443170070648e-02
2.128246054053306580e-02
2.171839401125907898e-02
2.197432331740856171e-02
2.216444909572601318e-02
2.236946672201156616e-02
2.236946672201156616e-02
2.264139056205749512e-02
2.295601367950439453e-02
2.326437272131443024e-02
2.348141744732856750e-02
2.363194152712821960e-02
2.378260903060436249e-02
2.404410764575004578e-02
2.421328611671924591e-02
2.425285615026950836e-02
2.414391934871673584e-02
2.414391934871673584e-02
2.414232492446899414e-02
2.418903820216655731e-02
2.434574067592620850e-02
2.470943890511989594e-02
2.522439323365688324e-02
2.578590065240859985e-02
2.633431553840637207e-02
2.671935036778450012e-02
2.681939490139484406e-02
2.687213383615016937e-02
