3.027280792593955994e-02
3.027280792593955994e-02
3.083022125065326691e-02
3.015596419572830200e-02
2.950442582368850708e-02
2.915602549910545349e-02
2.874129824340343475e-02
2.819837816059589386e-02
2.769207023084163666e-02
2.714931219816207886e-02
2.676190994679927826e-02
2.634302340447902679e-02
2.634302340447902679e-02
2.608456835150718689e-02
2.567301318049430847e-02
2.539218589663505554e-02
2.512247674167156219e-02
2.490288764238357544e-02
2.459535561501979828e-02
2.426681667566299438e-02
2.401067316532135010e-02
2.373185008764266968e-02
2.366146072745323181e-02
2.366146072745323181e-02
2.368475124239921570e-02
2.388804405927658081e-02
2.404768392443656921e-02
2.419725432991981506e-02
2.436248026788234711e-02
2.455293387174606323e-02
2.468313463032245636e-02
2.476036548614501953e-02
2.457663789391517639e-02
2.441086620092391968e-02
2.441086620092391968e-02
2.420436032116413116e-02
2.410465478897094727e-02
2.402833476662635803e-02
2.408228069543838501e-02
2.415196225047111511e-02
2.418613806366920471e-02
2.421318553388118744e-02
2.416213974356651306e-02
2.410492114722728729e-02
2.405142597854137421e-02
2.405142597854137421e-02
2.386439964175224304e-02
2.364007569849491119e-02
2.346239238977432251e-02
2.332727611064910889e-02
2.330811321735382080e-02
2.329712174832820892e-02
2.334248833358287811e-02
2.337863668799400330e-02
2.341472916305065155e-02
2.375917881727218628e-02
2.375917881727218628e-02
2.407012693583965302e-02
2.437337301671504974e-02
2.460682764649391174e-02
2.481245249509811401e-02
2.505177631974220276e-02
2.522980980575084686e-02
2.532209642231464386e-02
2.537307143211364746e-02
2.537298202514648438e-02
2.543822117149829865e-02
2.543822117149829865e-02
2.550761774182319641e-02
2.552671730518341064e-02
2.559638954699039459e-02
2.575288899242877960e-02
2.590375766158103943e-02
2.601641230285167694e-02
2.613597176969051361e-02
2.633411437273025513e-02
2.648859284818172455e-02
2.663634903728961945e-02
2.663634903728961945e-02
2.683368511497974396e-02
2.697216346859931946e-02
2.718441188335418701e-02
2.745546028017997742e-02
2.770697325468063354e-02
2.797212637960910797e-02
2.823463641107082367e-02
2.842247113585472107e-02
2.866772748529911041e-02
2.887054346501827240e-02
2.887054346501827240e-02
2.905955910682678223e-02
2.928913570940494537e-02
2.951687574386596680e-02
2.969291992485523224e-02
2.987542003393173218e-02
3.013665229082107544e-02
3.039937652647495270e-02
3.068731538951396942e-02
3.097791969776153564e-02
3.128060325980186462e-02
3.128060325980186462e-02
3.153492510318756104e-02
3.169226646423339844e-02
3.227964416146278381e-02
3.289275243878364563e-02
3.355448320508003235e-02
3.415898978710174561e-02
3.467964380979537964e-02
3.523588925600051880e-02
3.571308031678199768e-02
3.617718815803527832e-02
3.617718815803527832e-02
3.658432140946388245e-02
3.692112863063812256e-02
3.723117336630821228e-02
3.743889555335044861e-02
3.771142289042472839e-02
3.793223574757575989e-02
3.824305534362792969e-02
3.861226513981819153e-02
3.903460875153541565e-02
3.946420177817344666e-02
3.946420177817344666e-02
3.988139703869819641e-02
4.025454446673393250e-02
4.066317901015281677e-02
4.102578759193420410e-02
4.134928435087203979e-02
4.159105196595191956e-02
4.184909537434577942e-02
4.209486767649650574e-02
4.232550039887428284e-02
4.259854182600975037e-02
4.259854182600975037e-02
4.291990026831626892e-02
4.317926615476608276e-02
4.340376704931259155e-02
4.355875775218009949e-02
4.375625774264335632e-02
4.395607113838195801e-02
4.412932321429252625e-02
4.434956610202789307e-02
4.449661076068878174e-02
4.461003839969635010e-02
4.461003839969635010e-02
4.466490820050239563e-02
4.469053819775581360e-02
4.475960880517959595e-02
4.407470300793647766e-02
4.348562285304069519e-02
4.297793656587600708e-02
4.260774329304695129e-02
4.235429316759109497e-02
4.215202108025550842e-02
4.208436980843544006e-02
4.208436980843544006e-02
4.209864512085914612e-02
4.211873561143875122e-02
4.218543320894241333e-02
4.227324575185775757e-02
4.245162010192871094e-02
4.269061237573623657e-02
4.297130927443504333e-02
4.325429722666740417e-02
4.361551254987716675e-02
4.398375004529953003e-02
4.398375004529953003e-02
4.422628507018089294e-02
4.445429891347885132e-02
4.467773810029029846e-02
4.492015019059181213e-02
4.514125362038612366e-02
4.534792900085449219e-02
4.552941024303436279e-02
4.567803442478179932e-02
4.580409079790115356e-02
4.593696817755699158e-02
4.593696817755699158e-02
4.606604576110839844e-02
4.629033431410789490e-02
4.647111147642135620e-02
4.668632149696350098e-02
4.680743068456649780e-02
4.684505984187126160e-02
4.687080904841423035e-02
4.697355255484580994e-02
4.713526740670204163e-02
4.730967804789543152e-02
4.730967804789543152e-02
4.744354635477066040e-02
4.761112481355667114e-02
4.775283113121986389e-02
4.781416058540344238e-02
4.783194884657859802e-02
4.779836907982826233e-02
4.764430969953536987e-02
4.746880009770393372e-02
4.735989496111869812e-02
4.731354862451553345e-02
4.731354862451553345e-02
4.726582020521163940e-02
4.725128784775733948e-02
4.730988293886184692e-02
4.733479395508766174e-02
4.733377322554588318e-02
4.730670526623725891e-02
4.732953757047653198e-02
4.738561064004898071e-02
4.737302660942077637e-02
4.730311781167984009e-02
4.730311781167984009e-02
4.717643931508064270e-02
4.705842584371566772e-02
4.699407145380973816e-02
4.689781740307807922e-02
4.679441824555397034e-02
4.674126207828521729e-02
4.670873284339904785e-02
4.667486622929573059e-02
4.669375717639923096e-02
4.666259512305259705e-02
4.666259512305259705e-02
4.669738188385963440e-02
4.672776162624359131e-02
4.671481251716613770e-02
4.672872647643089294e-02
4.679185897111892700e-02
4.687729105353355408e-02
4.690375179052352905e-02
4.694573208689689636e-02
4.696549102663993835e-02
4.699078574776649475e-02
4.699078574776649475e-02
4.701797291636466980e-02
4.700239747762680054e-02
4.698428884148597717e-02
4.689566418528556824e-02
4.681443795561790466e-02
4.673033952713012695e-02
4.668068513274192810e-02
4.670663923025131226e-02
4.675098881125450134e-02
4.677546769380569458e-02
4.677546769380569458e-02
4.676940292119979858e-02
4.669547826051712036e-02
4.665610939264297485e-02
4.658631607890129089e-02
4.654911160469055176e-02
4.652961716055870056e-02
4.649956151843070984e-02
4.649104550480842590e-02
4.650645330548286438e-02
4.669237881898880005e-02
4.669237881898880005e-02
4.679752886295318604e-02
4.693793877959251404e-02
4.704667627811431885e-02
4.711534827947616577e-02
4.715079814195632935e-02
4.712608084082603455e-02
4.710198193788528442e-02
4.709907621145248413e-02
4.696856811642646790e-02
4.681513831019401550e-02
4.681513831019401550e-02
4.670615494251251221e-02
4.665364325046539307e-02
4.668096825480461121e-02
4.671264439821243286e-02
4.679927229881286621e-02
4.696469008922576904e-02
4.714874550700187683e-02
4.731356352567672729e-02
4.751171916723251343e-02
4.777309671044349670e-02
4.777309671044349670e-02
4.802661016583442688e-02
4.826395958662033081e-02
4.847730323672294617e-02
4.871839284896850586e-02
4.886741191148757935e-02
4.895668104290962219e-02
4.901317134499549866e-02
4.888616502285003662e-02
4.869904369115829468e-02
4.849003255367279053e-02
4.849003255367279053e-02
4.841953888535499573e-02
4.834957048296928406e-02
4.835471883416175842e-02
4.840667173266410828e-02
4.841504245996475220e-02
4.844741523265838623e-02
4.852887615561485291e-02
4.867628589272499084e-02
4.883151501417160034e-02
4.898154735565185547e-02
4.898154735565185547e-02
4.903449490666389465e-02
4.897050186991691589e-02
4.881154373288154602e-02
4.863911867141723633e-02
4.844136908650398254e-02
4.818382859230041504e-02
4.769857972860336304e-02
4.738497361540794373e-02
4.716475307941436768e-02
4.697925597429275513e-02
4.697925597429275513e-02
4.685857519507408142e-02
4.665674641728401184e-02
4.639168456196784973e-02
4.616701975464820862e-02
4.596763849258422852e-02
4.579235985875129700e-02
4.570823535323143005e-02
4.561731591820716858e-02
4.563379287719726562e-02
4.556716233491897583e-02
4.556716233491897583e-02
4.558754712343215942e-02
4.564687237143516541e-02
4.575929418206214905e-02
4.593222588300704956e-02
4.613868892192840576e-02
4.631460830569267273e-02
4.646036028861999512e-02
4.659574106335639954e-02
4.672631993889808655e-02
4.687105491757392883e-02
4.687105491757392883e-02
4.687105491757392883e-02
4.701162129640579224e-02
4.708996415138244629e-02
4.715046286582946777e-02
4.719658195972442627e-02
4.705987498164176941e-02
4.691249504685401917e-02
4.673037678003311157e-02
4.673187062144279480e-02
4.679215699434280396e-02
4.679215699434280396e-02
4.691428318619728088e-02
4.721775278449058533e-02
4.754057526588439941e-02
4.776430502533912659e-02
4.775305837392807007e-02
4.761928692460060120e-02
4.734613746404647827e-02
4.703363403677940369e-02
4.675475507974624634e-02
4.644074663519859314e-02
4.644074663519859314e-02
4.625668376684188843e-02
4.613785818219184875e-02
4.610251262784004211e-02
4.609319195151329041e-02
4.609666392207145691e-02
4.612052813172340393e-02
4.612050577998161316e-02
4.613322392106056213e-02
4.599309712648391724e-02
4.572436213493347168e-02
4.572436213493347168e-02
4.530784487724304199e-02
4.485508799552917480e-02
4.444716125726699829e-02
4.419530555605888367e-02
4.402979835867881775e-02
4.388322308659553528e-02
4.385159164667129517e-02
4.385020956397056580e-02
4.392721131443977356e-02
4.399055987596511841e-02
4.399055987596511841e-02
4.416922479867935181e-02
4.439520090818405151e-02
4.462935402989387512e-02
4.462935402989387512e-02
4.480816423892974854e-02
4.489520937204360962e-02
4.490119963884353638e-02
4.487641900777816772e-02
4.484469443559646606e-02
4.479362070560455322e-02
4.479362070560455322e-02
4.473673924803733826e-02
4.478956386446952820e-02
4.481654241681098938e-02
4.481982812285423279e-02
4.479943215847015381e-02
4.476226866245269775e-02
4.465234279632568359e-02
4.448116198182106018e-02
4.417027905583381653e-02
4.379576444625854492e-02
4.379576444625854492e-02
4.342019930481910706e-02
4.304461553692817688e-02
4.269500076770782471e-02
4.247640073299407959e-02
4.239781573414802551e-02
4.232817888259887695e-02
4.222781583666801453e-02
4.215545579791069031e-02
4.215545579791069031e-02
4.215545579791069031e-02
4.215545579791069031e-02
4.218975454568862915e-02
4.221007227897644043e-02
4.218579828739166260e-02
4.211182147264480591e-02
4.205087944865226746e-02
4.192619025707244873e-02
4.181126505136489868e-02
4.166636988520622253e-02
4.155986011028289795e-02
4.155986011028289795e-02
4.155986011028289795e-02
4.148388653993606567e-02
4.151250794529914856e-02
4.155107215046882629e-02
4.164301976561546326e-02
4.171426594257354736e-02
4.164632782340049744e-02
4.145710915327072144e-02
4.127392917871475220e-02
4.103858768939971924e-02
4.078689590096473694e-02
4.078689590096473694e-02
4.061576351523399353e-02
4.056171327829360962e-02
4.067372903227806091e-02
4.080450907349586487e-02
4.095873236656188965e-02
4.114228114485740662e-02
4.134520143270492554e-02
4.149916768074035645e-02
4.159254580736160278e-02
4.152626916766166687e-02
4.152626916766166687e-02
4.142645746469497681e-02
4.128908365964889526e-02
4.111887887120246887e-02
4.094815254211425781e-02
4.094815254211425781e-02
4.085251688957214355e-02
4.087456315755844116e-02
4.109634831547737122e-02
4.137439653277397156e-02
4.184995591640472412e-02
4.184995591640472412e-02
4.233231395483016968e-02
4.278194159269332886e-02
4.324838146567344666e-02
4.367207363247871399e-02
4.385337606072425842e-02
4.396248608827590942e-02
4.396248608827590942e-02
4.396248608827590942e-02
4.396248608827590942e-02
4.398425295948982239e-02
4.398425295948982239e-02
4.393115639686584473e-02
4.383019357919692993e-02
4.380796477198600769e-02
4.380917176604270935e-02
4.379411414265632629e-02
4.381369426846504211e-02
4.383267462253570557e-02
4.384803026914596558e-02
4.386996477842330933e-02
4.376890882849693298e-02
4.376890882849693298e-02
4.363545775413513184e-02
4.345602914690971375e-02
4.326087608933448792e-02
4.300889000296592712e-02
4.284784197807312012e-02
4.284784197807312012e-02
4.284784197807312012e-02
4.274019226431846619e-02
4.264359548687934875e-02
4.272938147187232971e-02
4.272938147187232971e-02
4.272938147187232971e-02
4.272938147187232971e-02
4.274078086018562317e-02
4.273056611418724060e-02
4.272345826029777527e-02
4.272345826029777527e-02
4.272345826029777527e-02
4.272345826029777527e-02
4.272345826029777527e-02
4.262051358819007874e-02
4.262051358819007874e-02
4.251632094383239746e-02
4.244952276349067688e-02
4.245901107788085938e-02
4.248895868659019470e-02
4.253668338060379028e-02
4.292225465178489685e-02
4.326334968209266663e-02
4.371288791298866272e-02
4.419703781604766846e-02
4.460278898477554321e-02
4.460278898477554321e-02
4.498859122395515442e-02
4.533483460545539856e-02
4.569810628890991211e-02
4.603568091988563538e-02
4.637405276298522949e-02
4.676773399114608765e-02
4.715086147189140320e-02
4.725540801882743835e-02
4.734368622303009033e-02
4.752587154507637024e-02
4.752587154507637024e-02
4.777962341904640198e-02
4.807997867465019226e-02
4.844263195991516113e-02
4.882667958736419678e-02
4.923967644572257996e-02
4.963913187384605408e-02
5.002011358737945557e-02
5.041411519050598145e-02
5.076005682349205017e-02
5.111169442534446716e-02
5.111169442534446716e-02
5.143629014492034912e-02
5.175683647394180298e-02
5.196311324834823608e-02
5.215984582901000977e-02
5.239093303680419922e-02
5.259038880467414856e-02
5.273924395442008972e-02
5.290977656841278076e-02
5.307665467262268066e-02
5.320259556174278259e-02
5.320259556174278259e-02
5.324497446417808533e-02
5.325619876384735107e-02
5.327792465686798096e-02
5.325667932629585266e-02
5.325081571936607361e-02
5.317737907171249390e-02
5.309819057583808899e-02
5.309984833002090454e-02
5.311468243598937988e-02
5.309446156024932861e-02
5.309446156024932861e-02
5.304007604718208313e-02
5.295635759830474854e-02
5.277288705110549927e-02
5.252566933631896973e-02
5.225764960050582886e-02
5.192397162318229675e-02
5.158729106187820435e-02
5.127733945846557617e-02
5.095051974058151245e-02
5.074774473905563354e-02
5.074774473905563354e-02
5.061887577176094055e-02
5.055814981460571289e-02
5.052478983998298645e-02
5.054533854126930237e-02
5.060588940978050232e-02
5.071165412664413452e-02
5.077549070119857788e-02
5.086333677172660828e-02
5.103173479437828064e-02
5.112914741039276123e-02
5.112914741039276123e-02
5.136910825967788696e-02
5.164648219943046570e-02
5.197620764374732971e-02
5.239708721637725830e-02
5.275390297174453735e-02
5.304579064249992371e-02
5.336607992649078369e-02
5.364757403731346130e-02
5.386159569025039673e-02
5.405714735388755798e-02
5.405714735388755798e-02
5.421697348356246948e-02
5.427660420536994934e-02
5.431779846549034119e-02
5.429865792393684387e-02
5.433769896626472473e-02
5.439431965351104736e-02
5.444319546222686768e-02
5.452467873692512512e-02
5.459117889404296875e-02
5.465833097696304321e-02
5.465833097696304321e-02
5.475934594869613647e-02
5.489858612418174744e-02
5.497168749570846558e-02
5.489572510123252869e-02
5.474516749382019043e-02
5.462497845292091370e-02
5.459926649928092957e-02
5.463383346796035767e-02
5.479826405644416809e-02
5.478078126907348633e-02
5.478078126907348633e-02
5.465693399310112000e-02
5.444877967238426208e-02
5.427119880914688110e-02
5.409492179751396179e-02
5.393598601222038269e-02
5.389779061079025269e-02
5.385562777519226074e-02
5.389115959405899048e-02
5.391486361622810364e-02
5.391702055931091309e-02
5.391702055931091309e-02
5.395005643367767334e-02
5.389344692230224609e-02
5.382749438285827637e-02
5.370136350393295288e-02
5.344967171549797058e-02
5.318684130907058716e-02
5.291631072759628296e-02
5.261925980448722839e-02
5.228906124830245972e-02
5.203454196453094482e-02
5.203454196453094482e-02
5.181973800063133240e-02
5.158558487892150879e-02
5.139864981174468994e-02
5.119783431291580200e-02
5.111863091588020325e-02
5.110157653689384460e-02
5.100767686963081360e-02
5.084400251507759094e-02
5.065101012587547302e-02
5.046932771801948547e-02
5.046932771801948547e-02
5.032829195261001587e-02
5.022412911057472229e-02
5.014963820576667786e-02
5.011097714304924011e-02
5.010020732879638672e-02
5.006800591945648193e-02
4.998850822448730469e-02
4.988757520914077759e-02
4.979651048779487610e-02
4.965675994753837585e-02
4.965675994753837585e-02
4.948995262384414673e-02
4.926229640841484070e-02
4.909573495388031006e-02
4.893700033426284790e-02
4.875312373042106628e-02
4.846823215484619141e-02
4.812438413500785828e-02
4.785412549972534180e-02
4.750630632042884827e-02
4.718268662691116333e-02
4.718268662691116333e-02
4.695303365588188171e-02
4.671164602041244507e-02
4.642910882830619812e-02
4.599078372120857239e-02
4.543528333306312561e-02
4.482001811265945435e-02
4.420751333236694336e-02
4.364467784762382507e-02
4.333163797855377197e-02
4.297833889722824097e-02
4.297833889722824097e-02
4.272030293941497803e-02
4.266904667019844055e-02
4.268437623977661133e-02
4.280273988842964172e-02
4.295101761817932129e-02
4.311838373541831970e-02
4.315762221813201904e-02
4.305968061089515686e-02
4.289628192782402039e-02
4.265015199780464172e-02
4.265015199780464172e-02
4.240683466196060181e-02
4.220679029822349548e-02
4.206043109297752380e-02
4.203363507986068726e-02
4.210677742958068848e-02
4.220518842339515686e-02
4.237373545765876770e-02
4.260120913386344910e-02
4.275672882795333862e-02
4.283017292618751526e-02
