5.659670755267143250e-02
5.659670755267143250e-02
5.562924221158027649e-02
5.635549500584602356e-02
5.626603215932846069e-02
5.602752044796943665e-02
5.579403042793273926e-02
5.562453716993331909e-02
5.566724017262458801e-02
5.610391870141029358e-02
5.666163191199302673e-02
5.709152296185493469e-02
5.709152296185493469e-02
5.733124539256095886e-02
5.747453868389129639e-02
5.769826471805572510e-02
5.811421945691108704e-02
5.832878872752189636e-02
5.873928219079971313e-02
5.895833671092987061e-02
5.888931825757026672e-02
5.876951664686203003e-02
5.852371081709861755e-02
