4.673864319920539856e-02
4.788722842931747437e-02
4.837400093674659729e-02
4.831521958112716675e-02
4.783330857753753662e-02
4.735269770026206970e-02
4.694546014070510864e-02
4.653980955481529236e-02
4.618128016591072083e-02
4.598283767700195312e-02
4.596360027790069580e-02
4.596360027790069580e-02
4.583152383565902710e-02
4.559646174311637878e-02
4.550155997276306152e-02
4.538078978657722473e-02
4.526856541633605957e-02
4.518678784370422363e-02
4.509254172444343567e-02
4.507003724575042725e-02
4.507764801383018494e-02
4.504814743995666504e-02
4.504814743995666504e-02
4.488823935389518738e-02
4.477380588650703430e-02
4.471279680728912354e-02
4.466610774397850037e-02
4.451483488082885742e-02
4.423747584223747253e-02
4.386707767844200134e-02
4.372943192720413208e-02
4.344977438449859619e-02
4.304835945367813110e-02
4.304835945367813110e-02
4.291745275259017944e-02
4.288880899548530579e-02
4.295215755701065063e-02
4.300067573785781860e-02
4.310676455497741699e-02
4.324430972337722778e-02
4.333854094147682190e-02
4.324052482843399048e-02
4.320908337831497192e-02
4.309232905507087708e-02
4.309232905507087708e-02
4.282530024647712708e-02
4.249017313122749329e-02
4.222134500741958618e-02
4.195911437273025513e-02
4.154478758573532104e-02
4.119896516203880310e-02
4.086910933256149292e-02
4.060618951916694641e-02
4.024848341941833496e-02
3.987488150596618652e-02
3.987488150596618652e-02
3.957607969641685486e-02
3.936218097805976868e-02
3.923419490456581116e-02
3.907371312379837036e-02
3.901454061269760132e-02
3.889424353837966919e-02
3.884041681885719299e-02
3.872231394052505493e-02
3.860848024487495422e-02
3.858938813209533691e-02
3.858938813209533691e-02
3.874953091144561768e-02
3.891495987772941589e-02
3.907468169927597046e-02
3.914552181959152222e-02
3.903265669941902161e-02
3.907660022377967834e-02
3.914863988757133484e-02
3.918523713946342468e-02
3.932430595159530640e-02
3.939342871308326721e-02
3.939342871308326721e-02
3.939342871308326721e-02
3.942948579788208008e-02
3.941584751009941101e-02
3.929009288549423218e-02
3.928280994296073914e-02
3.920053318142890930e-02
3.911972790956497192e-02
3.910742327570915222e-02
3.905779495835304260e-02
3.910140320658683777e-02
3.910140320658683777e-02
3.921055048704147339e-02
3.920650854706764221e-02
3.897799178957939148e-02
3.871398046612739563e-02
3.841649740934371948e-02
3.775977343320846558e-02
3.715834021568298340e-02
3.668257966637611389e-02
3.628613427281379700e-02
3.599181026220321655e-02
3.599181026220321655e-02
3.577039390802383423e-02
3.559654206037521362e-02
3.549220785498619080e-02
3.528241440653800964e-02
3.528081998229026794e-02
3.530253842473030090e-02
3.521066531538963318e-02
3.512163460254669189e-02
3.507042676210403442e-02
3.508853912353515625e-02
3.508853912353515625e-02
3.513162210583686829e-02
3.511984646320343018e-02
3.525601327419281006e-02
3.518040105700492859e-02
3.515540808439254761e-02
3.519697859883308411e-02
3.532378003001213074e-02
3.550994768738746643e-02
3.556643798947334290e-02
3.546267747879028320e-02
3.546267747879028320e-02
3.512717038393020630e-02
3.475601226091384888e-02
3.433358669281005859e-02
3.389200195670127869e-02
3.346457704901695251e-02
3.302198275923728943e-02
3.272192925214767456e-02
3.237226232886314392e-02
3.213801980018615723e-02
3.202010318636894226e-02
3.202010318636894226e-02
3.186545521020889282e-02
3.165677562355995178e-02
3.173063695430755615e-02
3.183829039335250854e-02
3.209098055958747864e-02
3.230186179280281067e-02
3.252517059445381165e-02
3.265259042382240295e-02
3.309546411037445068e-02
3.350549936294555664e-02
3.350549936294555664e-02
3.387011960148811340e-02
3.397439420223236084e-02
3.419486805796623230e-02
3.425022214651107788e-02
3.446217253804206848e-02
3.480030596256256104e-02
3.516282141208648682e-02
3.542267531156539917e-02
3.571857139468193054e-02
3.593150898814201355e-02
3.593150898814201355e-02
3.611514717340469360e-02
3.638921678066253662e-02
3.658309206366539001e-02
3.681762889027595520e-02
3.701490536332130432e-02
3.715578466653823853e-02
3.718012943863868713e-02
3.719936683773994446e-02
3.714001551270484924e-02
3.713644668459892273e-02
3.713644668459892273e-02
3.709206357598304749e-02
3.696847334504127502e-02
3.695122525095939636e-02
3.698253259062767029e-02
3.708999231457710266e-02
3.709657490253448486e-02
3.700904920697212219e-02
3.688016161322593689e-02
3.669854626059532166e-02
3.643925487995147705e-02
3.643925487995147705e-02
3.617293387651443481e-02
3.601407632231712341e-02
3.579409793019294739e-02
3.557831421494483948e-02
3.549050912261009216e-02
3.556711971759796143e-02
3.584020584821701050e-02
3.614253178238868713e-02
3.631963580846786499e-02
3.633378818631172180e-02
3.633378818631172180e-02
3.622574731707572937e-02
3.607379272580146790e-02
3.700238838791847229e-02
3.793001547455787659e-02
3.875393047928810120e-02
3.945193067193031311e-02
4.006233438849449158e-02
4.060748964548110962e-02
4.099896922707557678e-02
4.134688898921012878e-02
4.134688898921012878e-02
4.167301580309867859e-02
4.194340482354164124e-02
4.214697703719139099e-02
4.229861125349998474e-02
4.254121705889701843e-02
4.281333833932876587e-02
4.295402392745018005e-02
4.302033036947250366e-02
4.306322708725929260e-02
4.311586543917655945e-02
4.311586543917655945e-02
4.305611178278923035e-02
4.298830404877662659e-02
4.291745647788047791e-02
4.280561581254005432e-02
4.264141619205474854e-02
4.253418371081352234e-02
4.227596893906593323e-02
4.204251989722251892e-02
4.184708744287490845e-02
4.164864867925643921e-02
4.164864867925643921e-02
4.136612266302108765e-02
4.108317941427230835e-02
4.079338163137435913e-02
4.063582420349121094e-02
4.053210839629173279e-02
4.045700654387474060e-02
4.043804854154586792e-02
4.046201705932617188e-02
4.045123979449272156e-02
4.049194976687431335e-02
4.049194976687431335e-02
4.052800312638282776e-02
4.056430235505104065e-02
4.039653390645980835e-02
4.012876749038696289e-02
3.984444960951805115e-02
3.961639478802680969e-02
3.924336284399032593e-02
3.896139562129974365e-02
3.872029110789299011e-02
3.854613378643989563e-02
3.854613378643989563e-02
3.841103613376617432e-02
3.822026029229164124e-02
3.807925432920455933e-02
3.799469023942947388e-02
3.788816928863525391e-02
3.778872266411781311e-02
3.784048557281494141e-02
3.786124289035797119e-02
3.793234005570411682e-02
3.799055516719818115e-02
3.799055516719818115e-02
3.810217976570129395e-02
3.817028179764747620e-02
3.820123150944709778e-02
3.823346272110939026e-02
3.836499899625778198e-02
3.846310824155807495e-02
3.847270458936691284e-02
3.840873390436172485e-02
3.825159743428230286e-02
3.807515278458595276e-02
3.807515278458595276e-02
3.775669261813163757e-02
3.736577555537223816e-02
3.683675080537796021e-02
3.631602972745895386e-02
3.583947196602821350e-02
3.539606928825378418e-02
3.496626019477844238e-02
3.463614732027053833e-02
3.449415788054466248e-02
3.444801643490791321e-02
3.444801643490791321e-02
3.450060635805130005e-02
3.458067774772644043e-02
3.474088013172149658e-02
3.492995724081993103e-02
3.511554375290870667e-02
3.524953871965408325e-02
3.541100397706031799e-02
3.555521741509437561e-02
3.580432012677192688e-02
3.605359792709350586e-02
3.605359792709350586e-02
3.634981811046600342e-02
3.661413863301277161e-02
3.687610849738121033e-02
3.708769753575325012e-02
3.730788454413414001e-02
3.745577111840248108e-02
3.760289028286933899e-02
3.768901154398918152e-02
3.769914433360099792e-02
3.766294568777084351e-02
3.766294568777084351e-02
3.766182437539100647e-02
3.756351768970489502e-02
3.747198358178138733e-02
3.741853684186935425e-02
3.732073679566383362e-02
3.722772002220153809e-02
3.710667416453361511e-02
3.706811740994453430e-02
3.697580844163894653e-02
3.696485236287117004e-02
3.696485236287117004e-02
3.697657957673072815e-02
3.701365366578102112e-02
3.702021390199661255e-02
3.692834079265594482e-02
3.679968789219856262e-02
3.665050491690635681e-02
3.651366755366325378e-02
3.642272949218750000e-02
3.631766512989997864e-02
3.673607110977172852e-02
3.673607110977172852e-02
3.708465769886970520e-02
3.734433650970458984e-02
3.743895888328552246e-02
3.755937889218330383e-02
3.769111633300781250e-02
3.777171298861503601e-02
3.778850287199020386e-02
3.776879981160163879e-02
3.776475042104721069e-02
3.768010064959526062e-02
3.768010064959526062e-02
3.760913014411926270e-02
3.746160492300987244e-02
3.727055713534355164e-02
3.710557147860527039e-02
3.704051673412322998e-02
3.695814311504364014e-02
3.681588545441627502e-02
3.675349429249763489e-02
3.670693188905715942e-02
3.660868853330612183e-02
3.660868853330612183e-02
3.653321787714958191e-02
3.634136915206909180e-02
3.611962124705314636e-02
3.585883602499961853e-02
3.588845953345298767e-02
3.594966232776641846e-02
3.606733679771423340e-02
3.619889542460441589e-02
3.632006794214248657e-02
3.644442558288574219e-02
3.644442558288574219e-02
3.656787797808647156e-02
3.666386753320693970e-02
3.669279068708419800e-02
3.669052198529243469e-02
3.670335561037063599e-02
3.671386837959289551e-02
3.666898608207702637e-02
3.659204021096229553e-02
3.644587472081184387e-02
3.630474954843521118e-02
3.630474954843521118e-02
3.608994558453559875e-02
3.570961579680442810e-02
3.538949042558670044e-02
3.503698483109474182e-02
3.461645543575286865e-02
3.426004946231842041e-02
3.383113443851470947e-02
3.342961892485618591e-02
3.298327326774597168e-02
3.244848549365997314e-02
3.244848549365997314e-02
3.205818310379981995e-02
3.172688931226730347e-02
3.146949037909507751e-02
3.128423914313316345e-02
3.109952248632907867e-02
3.093152493238449097e-02
3.087459132075309753e-02
3.074199333786964417e-02
3.063925728201866150e-02
3.054458647966384888e-02
3.054458647966384888e-02
3.042211011052131653e-02
3.024416230618953705e-02
3.004378825426101685e-02
2.983851730823516846e-02
2.960574440658092499e-02
2.928847633302211761e-02
2.903120033442974091e-02
2.870078757405281067e-02
2.836326323449611664e-02
2.801273763179779053e-02
2.801273763179779053e-02
2.771265432238578796e-02
2.757384441792964935e-02
2.742900140583515167e-02
2.731589786708354950e-02
2.727684751152992249e-02
2.724483981728553772e-02
2.707146853208541870e-02
2.691693417727947235e-02
2.676868624985218048e-02
2.666499838232994080e-02
2.666499838232994080e-02
2.662436291575431824e-02
2.661303803324699402e-02
2.660362608730792999e-02
2.664105780422687531e-02
2.669058553874492645e-02
2.638205327093601227e-02
2.606988698244094849e-02
2.572767436504364014e-02
2.539036050438880920e-02
2.515111677348613739e-02
2.515111677348613739e-02
2.497652545571327209e-02
2.488026954233646393e-02
2.484337985515594482e-02
2.479768544435501099e-02
2.469242736697196960e-02
2.475549280643463135e-02
2.487576752901077271e-02
2.516825124621391296e-02
2.550722099840641022e-02
2.584751509130001068e-02
2.584751509130001068e-02
2.609674818813800812e-02
2.640167623758316040e-02
2.656935155391693115e-02
2.670181542634963989e-02
2.671490609645843506e-02
2.675309777259826660e-02
2.669502608478069305e-02
2.660680189728736877e-02
2.654911205172538757e-02
2.647626958787441254e-02
2.647626958787441254e-02
2.620817534625530243e-02
2.604320459067821503e-02
2.597369812428951263e-02
2.591180428862571716e-02
2.579414844512939453e-02
2.567039988934993744e-02
2.552401646971702576e-02
2.543903328478336334e-02
2.532967738807201385e-02
2.526008710265159607e-02
2.526008710265159607e-02
2.525878697633743286e-02
2.532672323286533356e-02
2.551055327057838440e-02
2.573268301784992218e-02
2.593293972313404083e-02
2.612679637968540192e-02
2.623263187706470490e-02
2.643048390746116638e-02
2.647968940436840057e-02
2.650361880660057068e-02
2.650361880660057068e-02
2.643436752259731293e-02
2.682965435087680817e-02
2.710429579019546509e-02
2.726460993289947510e-02
2.752992697060108185e-02
2.773480489850044250e-02
2.788335084915161133e-02
2.799155935645103455e-02
2.804384194314479828e-02
2.806512825191020966e-02
2.806512825191020966e-02
2.802532352507114410e-02
2.797341905534267426e-02
2.792177535593509674e-02
2.793027646839618683e-02
2.786615490913391113e-02
2.779844589531421661e-02
2.784617058932781219e-02
2.796971984207630157e-02
2.806184627115726471e-02
2.817712724208831787e-02
2.817712724208831787e-02
2.825955674052238464e-02
2.833280339837074280e-02
2.839514240622520447e-02
2.840928919613361359e-02
2.843833714723587036e-02
2.844060957431793213e-02
2.850086241960525513e-02
2.857991121709346771e-02
2.868083119392395020e-02
2.873999439179897308e-02
2.873999439179897308e-02
2.884678356349468231e-02
2.887770347297191620e-02
2.854957990348339081e-02
2.819393016397953033e-02
2.789405547082424164e-02
2.762987464666366577e-02
2.740571647882461548e-02
2.721848152577877045e-02
2.704823575913906097e-02
2.689120359718799591e-02
2.689120359718799591e-02
2.667383663356304169e-02
2.647393010556697845e-02
2.614017948508262634e-02
2.590949088335037231e-02
2.574290148913860321e-02
2.557663433253765106e-02
2.548982575535774231e-02
2.547737210988998413e-02
2.548637241125106812e-02
2.551638148725032806e-02
2.551638148725032806e-02
2.555919438600540161e-02
2.561524696648120880e-02
2.570406533777713776e-02
2.577426098287105560e-02
2.583380974829196930e-02
2.586703002452850342e-02
2.587556280195713043e-02
2.587175555527210236e-02
2.585115283727645874e-02
2.584694139659404755e-02
2.584694139659404755e-02
2.583891898393630981e-02
2.581677585840225220e-02
2.578139863908290863e-02
2.606976777315139771e-02
2.637107670307159424e-02
2.664689719676971436e-02
2.691459469497203827e-02
2.712083607912063599e-02
2.725900150835514069e-02
2.748007699847221375e-02
2.748007699847221375e-02
2.769908867776393890e-02
2.783438749611377716e-02
2.798362262547016144e-02
2.812319062650203705e-02
2.820990234613418579e-02
2.829159237444400787e-02
2.834085002541542053e-02
2.839161828160285950e-02
2.845708467066287994e-02
2.849758416414260864e-02
2.849758416414260864e-02
2.852445282042026520e-02
2.844498120248317719e-02
2.837666310369968414e-02
2.830198034644126892e-02
2.825789153575897217e-02
2.826998196542263031e-02
2.804153971374034882e-02
2.784190885722637177e-02
2.760738320648670197e-02
2.738963812589645386e-02
2.738963812589645386e-02
2.719197794795036316e-02
2.703360095620155334e-02
2.686282433569431305e-02
2.673917822539806366e-02
2.658698335289955139e-02
2.624352276325225830e-02
2.592091262340545654e-02
2.566117420792579651e-02
2.543450146913528442e-02
2.523634769022464752e-02
