3.981524530455732985e-02
3.981524530455732985e-02
4.090949497348389530e-02
4.181182417722589112e-02
4.248262011828425611e-02
4.207514561051206581e-02
4.189019807901972481e-02
4.173102622429646080e-02
4.144804828074179909e-02
4.094401461405810377e-02
4.093573722514892710e-02
4.099591876713163524e-02
4.099591876713163524e-02
4.115206121663734368e-02
4.125052951268776830e-02
4.119553357579475161e-02
4.129928488551507654e-02
4.130008480921411318e-02
4.132143650628755660e-02
4.132119405609853413e-02
4.097992353562644741e-02
4.038671607777461620e-02
3.976473799540373999e-02
3.976473799540373999e-02
3.927436973077116922e-02
3.874342267390930988e-02
3.827049169644767407e-02
3.781341458973550701e-02
3.734069560477694394e-02
3.665572763746013235e-02
3.599382296631088718e-02
3.529200031462263742e-02
3.452274862571830943e-02
3.382877090753767108e-02
3.382877090753767108e-02
3.328659122283419980e-02
3.273915909487192660e-02
3.220690173430270503e-02
3.167755690739944285e-02
3.118888859631115118e-02
3.101816228050740393e-02
3.084111034684938052e-02
3.062963454033948776e-02
3.061689510629684099e-02
3.049145233351135270e-02
3.049145233351135270e-02
3.037873986711666849e-02
3.028294638595611585e-02
3.030120414875873622e-02
3.037233581022748263e-02
3.048279110762110514e-02
3.079594833563968279e-02
3.107997872586347812e-02
3.143221590775823610e-02
3.138003151728323975e-02
3.127614871203950042e-02
3.127614871203950042e-02
3.118430082980712392e-02
3.104469748080064886e-02
3.108171365476365341e-02
3.101416705227795154e-02
3.102253550450189204e-02
3.096790579063912405e-02
3.067165816012485183e-02
3.062664541090911324e-02
3.068909366780386144e-02
3.069371561681523419e-02
3.069371561681523419e-02
3.077084057008458787e-02
3.080435206738772400e-02
3.089077512684365590e-02
3.091080553756369448e-02
3.105859543815232479e-02
3.112690004407394143e-02
3.097960254680495046e-02
3.084278483251933628e-02
3.060658891165537673e-02
3.026188387665394719e-02
3.026188387665394719e-02
3.001602341229728937e-02
2.982099498442544738e-02
2.965721384967226482e-02
2.960174385496914043e-02
2.961429159802557096e-02
2.972840560981788310e-02
2.983397543198306259e-02
2.971518960997417136e-02
2.969290838660910634e-02
2.971252760519926123e-02
2.971252760519926123e-02
2.966680793799201035e-02
2.961984979167699497e-02
2.963337475243186733e-02
2.991230027531086369e-02
2.995133236881161037e-02
2.994429123777064133e-02
3.005628625618480404e-02
3.006511199671986490e-02
3.010550498404396605e-02
3.017609213010465086e-02
3.017609213010465086e-02
3.012166406763945592e-02
3.018150867400298115e-02
3.029153069521637806e-02
3.041245761489035776e-02
3.022723030177562956e-02
2.999810556417651167e-02
2.982131832934330554e-02
2.968117292647385122e-02
2.950793053647818645e-02
2.936465584663960557e-02
2.936465584663960557e-02
2.911696452088062895e-02
2.882886244862592484e-02
2.857106277693180832e-02
2.827174627788586400e-02
2.800217006820286333e-02
2.774208884737885267e-02
2.755916610647092882e-02
2.733091939082881242e-02
2.709122551725682421e-02
2.684759389528572696e-02
2.684759389528572696e-02
2.677440630685275560e-02
2.667028313421802854e-02
2.662811411567092557e-02
2.677488223798127689e-02
2.698400093115450177e-02
2.722913202080544035e-02
2.740805622589229107e-02
2.746680255639285390e-02
2.753620856485837487e-02
2.749210112379136747e-02
2.749210112379136747e-02
2.742296470083466220e-02
2.730176051120491651e-02
2.689320013202209023e-02
2.644900480855535974e-02
2.562425035535566969e-02
2.493826452856640064e-02
2.426910245566761895e-02
2.381055469089279203e-02
2.361525910058112632e-02
2.351905820477832171e-02
2.351905820477832171e-02
2.350596640770121967e-02
2.342035340396647625e-02
2.336173174170392414e-02
2.350669242583690657e-02
2.358877504450008697e-02
2.349417839487842607e-02
2.340620964997192771e-02
2.327302436532778171e-02
2.314575499646121665e-02
2.291927139295444130e-02
2.291927139295444130e-02
2.244008817176508172e-02
2.205968114164029784e-02
2.172160330371280049e-02
2.144800059904810111e-02
2.121019383855386395e-02
2.083957671411713897e-02
2.042450286658089101e-02
2.029238815911830682e-02
2.012197725563796488e-02
2.012453098412303118e-02
2.012453098412303118e-02
2.035428279554168246e-02
2.053295361025169602e-02
2.024625681095641380e-02
1.983992733100580289e-02
1.967938778670893715e-02
1.968695075584255341e-02
1.976053657626886118e-02
1.954015906756725526e-02
1.926146954681019416e-02
1.902669002900116840e-02
1.902669002900116840e-02
1.909269011090276857e-02
1.888105352868415729e-02
1.845866456985770232e-02
1.792897098331455025e-02
1.744509921731027258e-02
1.714810252396228515e-02
1.705662667828634210e-02
1.714269728288338873e-02
1.717686298053431801e-02
1.702150147558461474e-02
1.702150147558461474e-02
1.689177617920647675e-02
1.673202623338178319e-02
1.631714870623028960e-02
1.588388408283664469e-02
1.565170863208550922e-02
1.544184026150955541e-02
1.548142792634001758e-02
1.524600480231429189e-02
1.501165442432005580e-02
1.476460521300318809e-02
1.476460521300318809e-02
1.460014971843397180e-02
1.438406648098583020e-02
1.448547725894862130e-02
1.470158544560540639e-02
1.491310690940493740e-02
1.504422735068906662e-02
1.503982724089681679e-02
1.506055538149824596e-02
1.498206533814373971e-02
1.530965582970415968e-02
1.530965582970415968e-02
1.595217140208490814e-02
1.649866128229255866e-02
1.694993222223350332e-02
1.703658750481420667e-02
1.683324036412863628e-02
1.637487782156645325e-02
1.579261806169376600e-02
1.535712203868200287e-02
1.492162661674573294e-02
1.448239141559223321e-02
1.448239141559223321e-02
1.402908292199294207e-02
1.364128289823272888e-02
1.368337952846628881e-02
1.359531342548262259e-02
1.325297292850660148e-02
1.288714845604047726e-02
1.283007534095473995e-02
1.260982011711072812e-02
1.261481224345021961e-02
1.256648125831757307e-02
1.256648125831757307e-02
1.258860531288016546e-02
1.259466135013755615e-02
1.250505705700030376e-02
1.249866272047249482e-02
1.243371906127260611e-02
1.234445273045206570e-02
1.221303898526619226e-02
1.213446247985431117e-02
1.208565072093523152e-02
1.215365047017115049e-02
1.215365047017115049e-02
1.232799272913755358e-02
1.254335165326402046e-02
1.262251177617338890e-02
1.265651540570622395e-02
1.281629397323357997e-02
1.310430465204717211e-02
1.346046401676124528e-02
1.381918334746390885e-02
1.424150174183892205e-02
1.457412627620527888e-02
1.457412627620527888e-02
1.494380178267812505e-02
1.510823049161787342e-02
1.524904419770104630e-02
1.512992552530558615e-02
1.488683538652111130e-02
1.466892570935808722e-02
1.449097453379503617e-02
1.429704926769179846e-02
1.423785846522149234e-02
1.421036783834396175e-02
1.421036783834396175e-02
1.424837219106948362e-02
1.429914683890260926e-02
1.431189983789402619e-02
1.400890696225213193e-02
1.373556937802470658e-02
1.348046533818911957e-02
1.320443952223628210e-02
1.308503860818610413e-02
1.310001491513089825e-02
1.318687527937143639e-02
1.318687527937143639e-02
1.343566294166119793e-02
1.370688254529884263e-02
1.378824768976505410e-02
1.359320116069381162e-02
1.325446971933714330e-02
1.303950696749308150e-02
1.280383695903323377e-02
1.267982631469137186e-02
1.263000649623873158e-02
1.273038049053207103e-02
1.273038049053207103e-02
1.289446054997786008e-02
1.307692835413237255e-02
1.324681657837706653e-02
1.332737774873677013e-02
1.347589765953204240e-02
1.359539990594886213e-02
1.369955966492484092e-02
1.373516712420713194e-02
1.374583051869184176e-02
1.374434186488627738e-02
1.374434186488627738e-02
1.383564631872194126e-02
1.387824399448989166e-02
1.393285164490002184e-02
1.406013446601855899e-02
1.417284489598643130e-02
1.437724862253375417e-02
1.453753264709053451e-02
1.470475593582003943e-02
1.474768201359578056e-02
1.475258955131001325e-02
1.475258955131001325e-02
1.472899048704715171e-02
1.465688599709707822e-02
1.450473976623038209e-02
1.420800067281671221e-02
1.385529383601278447e-02
1.365357735912668853e-02
1.350173539279033927e-02
1.345669711104014420e-02
1.353818378127243267e-02
1.349381167351794766e-02
1.349381167351794766e-02
1.346449016558217554e-02
1.344799312391791075e-02
1.340782932970016605e-02
1.338752961134665083e-02
1.340891292535870138e-02
1.343392312280406418e-02
1.369405506630391040e-02
1.404972313444346858e-02
1.441103391621023980e-02
1.470766006127291296e-02
1.470766006127291296e-02
1.492516245933059316e-02
1.506139156813129584e-02
1.515666333201377315e-02
1.510487552659310444e-02
1.498774516802361088e-02
1.484041573056693424e-02
1.466580587125627076e-02
1.453634268712892912e-02
1.438109082278121731e-02
1.431800956133559913e-02
1.431800956133559913e-02
1.435041667950055604e-02
1.429753874536668704e-02
1.443308540934554011e-02
1.460027390003063724e-02
1.485213437884521509e-02
1.512901221929859215e-02
1.530526703305127786e-02
1.548092020625730682e-02
1.563117601794327544e-02
1.574277552305974534e-02
1.574277552305974534e-02
1.572401909993898991e-02
1.576203000697299142e-02
1.583012682426689077e-02
1.594048858059696205e-02
1.597100207122101670e-02
1.589581464738021657e-02
1.577789910449856059e-02
1.558025455724288376e-02
1.529431195526430830e-02
1.506154985774103665e-02
1.506154985774103665e-02
1.491814804203737792e-02
1.491814804203737792e-02
1.483413089961777877e-02
1.486717021759321154e-02
1.492164210845277339e-02
1.502567125155169180e-02
1.512729957708301536e-02
1.522555404399371370e-02
1.511373940266232292e-02
1.502600037583406295e-02
1.502600037583406295e-02
1.477354105139450612e-02
1.437190540169345533e-02
1.403168693945647076e-02
1.394696820035853588e-02
1.395921401624083263e-02
1.401158202787307697e-02
1.405898727464439772e-02
1.427023469300394559e-02
1.450746765350626258e-02
1.474991078485591439e-02
1.474991078485591439e-02
1.490490112918309122e-02
1.520453756641613162e-02
1.554317463466237288e-02
1.577112967534004956e-02
1.611747831159084446e-02
1.641733900747576955e-02
1.654788941932922031e-02
1.656969616314050986e-02
1.660641018546360481e-02
1.652003683662916014e-02
1.652003683662916014e-02
1.624981805481615083e-02
1.591729118296146897e-02
1.551619100433537270e-02
1.524110823427866392e-02
1.504243585364989366e-02
1.498063765130032594e-02
1.505365176537415244e-02
1.517121184023616925e-02
1.534825019709416122e-02
1.561219686504276491e-02
1.561219686504276491e-02
1.576685857350621639e-02
1.587313107036036550e-02
1.607401861656818781e-02
1.631262632853653152e-02
1.659399300645336695e-02
1.685025092324365925e-02
1.721535469683870348e-02
1.749599945553954872e-02
1.778685007132656953e-02
1.800291218585638522e-02
1.800291218585638522e-02
1.818059598562526274e-02
1.821978023260198074e-02
1.817255293131007574e-02
1.800055994426990463e-02
1.782347205982341698e-02
1.756896064033840188e-02
1.734346978894266492e-02
1.717070993703332521e-02
1.690441986358655335e-02
1.656472337707397269e-02
1.656472337707397269e-02
1.629040290900824264e-02
1.597604863119853058e-02
1.565954568196321200e-02
1.565445272329052048e-02
1.569038442183948862e-02
1.571947039357463743e-02
1.576613329031641142e-02
1.585636382257377131e-02
1.602317757751678048e-02
1.609921962853705021e-02
1.609921962853705021e-02
1.620977407451541091e-02
1.638076089407886418e-02
1.655011921403834463e-02
1.666701143694911472e-02
1.679814408673211551e-02
1.678237094982217015e-02
1.672126080165716941e-02
1.667657998772619291e-02
1.657123481658546310e-02
1.638711070554695406e-02
1.638711070554695406e-02
1.618901738354811340e-02
1.611463424582936302e-02
1.614360701685766189e-02
1.618771115621019108e-02
1.625105062607896250e-02
1.629474320385668890e-02
1.636460176156089713e-02
1.641589215502907775e-02
1.652448096892455628e-02
1.669817288430519575e-02
1.669817288430519575e-02
1.697972997132907863e-02
1.723026433129667967e-02
1.751381136132572694e-02
1.789626793147456457e-02
1.828027986344480868e-02
1.855801001951190229e-02
1.877216704403128836e-02
1.906510570136150939e-02
1.927720066078818240e-02
1.936041183335897309e-02
1.936041183335897309e-02
1.928003110520104188e-02
1.907253230128764729e-02
1.877894606545181186e-02
1.841787817885285131e-02
1.804436706219901890e-02
1.772002955500267055e-02
1.729377436829410142e-02
1.645406954220957757e-02
1.585490376915961799e-02
1.541335899194669172e-02
1.541335899194669172e-02
1.494653328378732493e-02
1.468178214692591847e-02
1.457674092751413790e-02
1.451739640512895481e-02
1.452650512641654769e-02
1.452794467064940157e-02
1.459207635798138135e-02
1.483207341383683403e-02
1.519426368268792828e-02
1.542397721085057155e-02
1.542397721085057155e-02
1.580038457676436955e-02
1.616048207168434628e-02
1.636447852383460244e-02
1.646889421277822688e-02
1.652445592041322867e-02
1.651453748819536882e-02
1.652439286468413218e-02
1.667860661449408963e-02
1.689351742468423595e-02
1.702598846200556459e-02
1.702598846200556459e-02
1.717092569328943288e-02
1.729089583144415715e-02
1.735563242257147712e-02
1.740151846220075807e-02
1.735885081129244500e-02
1.726158408906901601e-02
1.714781847588322389e-02
1.713237629417731570e-02
1.715898155869167302e-02
1.709974448530918872e-02
1.709974448530918872e-02
1.708491117745118346e-02
1.709008529296732887e-02
1.704722790596145676e-02
1.711181299867850503e-02
1.723682916234432067e-02
1.744349891740458111e-02
1.756039477307876767e-02
1.768944398206605956e-02
1.774385705276252875e-02
1.772773163741935346e-02
1.772773163741935346e-02
1.764970827260155251e-02
1.753860030022236227e-02
1.745585692570520570e-02
1.736491842379125211e-02
1.726819747488593168e-02
1.714598185178481393e-02
1.706511206013821766e-02
1.690345662301515062e-02
1.672689251294052007e-02
1.655161149903402323e-02
1.655161149903402323e-02
1.645220828914874950e-02
1.636413076426010416e-02
1.637937909001007178e-02
1.640002502270501011e-02
1.656295734697989935e-02
1.669332627854616322e-02
1.674159920794243001e-02
1.681982502324136375e-02
1.684511532134095810e-02
1.687956286411332330e-02
1.687956286411332330e-02
1.686534869530179753e-02
1.653360563341134404e-02
1.615034762428713827e-02
1.580733188497679756e-02
1.544977645096495128e-02
1.506055963968131080e-02
1.473638197073082190e-02
1.459709329126889638e-02
1.463448055429362321e-02
1.471808654355819847e-02
1.471808654355819847e-02
1.482377405954873363e-02
1.504661705033953981e-02
1.528894380479227551e-02
1.545787895574894308e-02
1.563576789487662946e-02
1.577740327943467566e-02
1.590500880109005019e-02
1.599339503489501796e-02
1.585683752252443554e-02
1.579264782599603886e-02
1.579264782599603886e-02
1.567071510932578279e-02
1.553940368442327524e-02
1.539493749628469826e-02
1.520338968426410836e-02
1.508737655394359195e-02
1.492270857809572561e-02
1.487435050619641264e-02
1.491301160631687550e-02
1.503576667983267182e-02
1.519223009093599759e-02
1.519223009093599759e-02
1.533495450209919342e-02
1.548391037242399793e-02
1.559195306067060784e-02
1.561715664347827076e-02
1.570532848694314310e-02
1.562681261354299800e-02
1.564073989944767679e-02
1.567652995264326096e-02
1.585233396211314233e-02
1.607033328077521125e-02
1.607033328077521125e-02
1.633932043516716018e-02
1.660566295495140982e-02
1.674368853247124034e-02
1.688162190743248622e-02
1.702866717997194093e-02
1.716220690603220689e-02
1.720846771007848372e-02
1.716483467497153040e-02
1.715196334773422607e-02
1.696052720339427319e-02
1.696052720339427319e-02
1.696052720339427319e-02
1.683241487879634166e-02
1.690542204383646899e-02
1.696454530598115462e-02
1.705719343976097591e-02
1.699853400101267523e-02
1.686445198657346781e-02
1.667589745398070575e-02
1.667589745398070575e-02
1.655475208128076234e-02
1.655475208128076234e-02
1.655211209067398992e-02
1.662130143357245377e-02
1.679151120350356671e-02
1.694111162811311883e-02
1.703950643885890348e-02
1.709118749151375752e-02
1.707659869191829188e-02
1.693307596527651726e-02
1.686542729977447141e-02
1.699641641665743108e-02
1.699641641665743108e-02
1.714590680505836962e-02
1.722471419310298013e-02
1.719927939747065843e-02
1.711653351635364015e-02
1.693669502532000118e-02
1.680218429928850149e-02
1.653972532229629894e-02
1.624015040832701637e-02
1.594642381337114251e-02
1.570476790377011919e-02
1.570476790377011919e-02
1.549998509790362355e-02
1.534883188834440179e-02
1.510967872333287589e-02
1.492178339701651611e-02
1.476033127724672885e-02
1.472904595093518267e-02
1.475751040986691791e-02
1.473550329636218355e-02
1.469153436790843203e-02
1.465152510008532749e-02
1.465152510008532749e-02
1.467905310292326806e-02
1.469629927899941159e-02
1.472980606314291604e-02
1.478631927697278588e-02
1.484105403809702316e-02
1.495885109143523829e-02
1.507131512250270769e-02
1.513135760117594042e-02
1.522355893985672705e-02
1.527209763663854060e-02
1.527209763663854060e-02
1.531064950015381329e-02
1.551750077843878917e-02
1.574869294834402647e-02
1.606663160025340389e-02
1.636043785155617825e-02
1.651324078462051287e-02
1.656765839044285413e-02
1.653464734850475931e-02
1.646506109312182581e-02
1.651480515051877845e-02
1.651480515051877845e-02
1.649031406523677329e-02
1.632469037855600186e-02
1.623141123849429837e-02
1.616881898871344592e-02
1.613833707432998574e-02
1.600073552466775573e-02
1.583618975066608189e-02
1.578640372799327424e-02
1.581475364376014325e-02
1.575410724295952733e-02
1.575410724295952733e-02
1.561385570691651258e-02
1.548864726054576153e-02
1.550747359882825339e-02
1.544009239880953128e-02
1.537942038329774032e-02
1.533180749057644517e-02
1.540901948362577607e-02
1.543951911496462860e-02
1.543552622558960058e-02
1.548605923568383176e-02
