5.034793168306350708e-02
4.945702105760574341e-02
4.830931499600410461e-02
4.733579605817794800e-02
4.625781998038291931e-02
4.575309157371520996e-02
4.492778703570365906e-02
4.421228170394897461e-02
4.344266653060913086e-02
4.267714172601699829e-02
4.188767820596694946e-02
4.188767820596694946e-02
4.108582437038421631e-02
4.042908176779747009e-02
4.004452377557754517e-02
3.982853889465332031e-02
3.984095528721809387e-02
4.019954428076744080e-02
4.082608595490455627e-02
4.144249856472015381e-02
4.207476973533630371e-02
4.257428273558616638e-02
4.257428273558616638e-02
4.305225983262062073e-02
4.331798478960990906e-02
4.362404718995094299e-02
4.397623240947723389e-02
4.436855390667915344e-02
4.466139525175094604e-02
4.486331716179847717e-02
4.497293010354042053e-02
4.516341909766197205e-02
4.532821848988533020e-02
4.532821848988533020e-02
4.537510126829147339e-02
4.525856301188468933e-02
4.505621641874313354e-02
4.505389928817749023e-02
4.512356594204902649e-02
4.517281800508499146e-02
4.527601227164268494e-02
4.515036568045616150e-02
4.494179412722587585e-02
4.473912715911865234e-02
4.473912715911865234e-02
4.452137276530265808e-02
4.414571449160575867e-02
4.379056766629219055e-02
4.338045418262481689e-02
4.286107793450355530e-02
4.246541485190391541e-02
4.202362149953842163e-02
4.148587211966514587e-02
4.106971994042396545e-02
4.072075337171554565e-02
4.072075337171554565e-02
4.032579436898231506e-02
3.993408009409904480e-02
3.939677774906158447e-02
3.883991017937660217e-02
3.828814998269081116e-02
3.768969699740409851e-02
3.729264438152313232e-02
3.685932233929634094e-02
3.659234195947647095e-02
3.628517687320709229e-02
3.628517687320709229e-02
3.598546236753463745e-02
3.555693849921226501e-02
3.533946722745895386e-02
3.519028425216674805e-02
3.506226092576980591e-02
3.506402298808097839e-02
3.500447049736976624e-02
3.483755886554718018e-02
3.458644077181816101e-02
3.421927988529205322e-02
3.421927988529205322e-02
3.383274003863334656e-02
3.337526693940162659e-02
3.290825337171554565e-02
3.243255987763404846e-02
3.185383230447769165e-02
3.132934868335723877e-02
3.078816458582878113e-02
3.037586621940135956e-02
2.995422482490539551e-02
2.942283265292644501e-02
2.942283265292644501e-02
2.898757345974445343e-02
2.853466570377349854e-02
2.796735055744647980e-02
2.743631973862648010e-02
2.690165489912033081e-02
2.635025233030319214e-02
2.586546726524829865e-02
2.559513784945011139e-02
2.524854429066181183e-02
2.486811392009258270e-02
2.486811392009258270e-02
2.457312308251857758e-02
2.425952069461345673e-02
2.401223964989185333e-02
2.385502494871616364e-02
2.364313229918479919e-02
2.336189337074756622e-02
2.311970852315425873e-02
2.288264594972133636e-02
2.263851277530193329e-02
2.246340364217758179e-02
2.246340364217758179e-02
2.233840152621269226e-02
2.209520526230335236e-02
2.187327109277248383e-02
2.176268771290779114e-02
2.175337821245193481e-02
2.163745462894439697e-02
2.140966057777404785e-02
2.129682153463363647e-02
2.120283804833889008e-02
2.115593291819095612e-02
2.115593291819095612e-02
2.107392437756061554e-02
2.111439779400825500e-02
2.121704258024692535e-02
2.134272269904613495e-02
2.147376909852027893e-02
2.164312638342380524e-02
2.178161032497882843e-02
2.187753655016422272e-02
2.189398370683193207e-02
2.187885344028472900e-02
2.187885344028472900e-02
2.181777544319629669e-02
2.167727239429950714e-02
2.138728462159633636e-02
2.108667232096195221e-02
2.067552693188190460e-02
2.021215856075286865e-02
1.998604275286197662e-02
1.958883181214332581e-02
1.917218789458274841e-02
1.873152889311313629e-02
1.873152889311313629e-02
1.831256039440631866e-02
1.813572831451892853e-02
1.791832782328128815e-02
1.768639311194419861e-02
1.735137030482292175e-02
1.702145114541053772e-02
1.665335707366466522e-02
1.654262468218803406e-02
1.634308136999607086e-02
1.617697253823280334e-02
1.617697253823280334e-02
1.612136140465736389e-02
1.610614918172359467e-02
1.622460596263408661e-02
1.626100763678550720e-02
1.630117744207382202e-02
1.645026914775371552e-02
1.659173332154750824e-02
1.677639223635196686e-02
1.677093282341957092e-02
1.669418253004550934e-02
1.669418253004550934e-02
1.648830249905586243e-02
1.616209745407104492e-02
1.567971892654895782e-02
1.508980803191661835e-02
1.442591194063425064e-02
1.358286198228597641e-02
1.281114760786294937e-02
1.208072435110807419e-02
1.127734035253524780e-02
1.068469136953353882e-02
1.068469136953353882e-02
1.038652565330266953e-02
1.037063263356685638e-02
1.029575336724519730e-02
1.045187376439571381e-02
1.049758307635784149e-02
1.049799285829067230e-02
1.030091382563114166e-02
1.002804841846227646e-02
9.569587185978889465e-03
8.850289508700370789e-03
8.850289508700370789e-03
8.042499423027038574e-03
7.392047904431819916e-03
6.836348678916692734e-03
6.377494893968105316e-03
6.102155428379774094e-03
5.638355389237403870e-03
4.920470528304576874e-03
4.230997990816831589e-03
3.669382771477103233e-03
3.365620505064725876e-03
3.365620505064725876e-03
3.278623800724744797e-03
3.490614937618374825e-03
3.967545926570892334e-03
4.367999732494354248e-03
4.641153849661350250e-03
4.793041385710239410e-03
4.799732007086277008e-03
4.760303534567356110e-03
4.669221583753824234e-03
4.521805327385663986e-03
4.521805327385663986e-03
4.408224951475858688e-03
4.381043836474418640e-03
4.608727991580963135e-03
4.910717252641916275e-03
5.239882972091436386e-03
5.598535295575857162e-03
5.905664525926113129e-03
6.056844256818294525e-03
5.802040919661521912e-03
5.252084694802761078e-03
5.252084694802761078e-03
4.868675023317337036e-03
4.724631551653146744e-03
4.892446100711822510e-03
5.450161639600992203e-03
6.042154971510171890e-03
6.480474956333637238e-03
6.765952799469232559e-03
6.837425287812948227e-03
6.686370354145765305e-03
6.486345548182725906e-03
6.486345548182725906e-03
6.054988130927085876e-03
5.817164201289415359e-03
5.778317339718341827e-03
6.103508640080690384e-03
6.549465470016002655e-03
7.011902518570423126e-03
7.201852276921272278e-03
7.090073078870773315e-03
6.733912974596023560e-03
6.437093485146760941e-03
6.437093485146760941e-03
6.262688897550106049e-03
6.407128646969795227e-03
6.536131259053945541e-03
6.687633693218231201e-03
6.819541566073894501e-03
6.845795083791017532e-03
6.998037919402122498e-03
7.245036773383617401e-03
7.805780507624149323e-03
8.573831059038639069e-03
8.573831059038639069e-03
9.181132540106773376e-03
9.501892141997814178e-03
9.856183081865310669e-03
1.002623140811920166e-02
1.022286992520093918e-02
1.041205599904060364e-02
1.085296086966991425e-02
1.146371848881244659e-02
1.232752017676830292e-02
1.305899489670991898e-02
1.305899489670991898e-02
1.382817700505256653e-02
1.440289430320262909e-02
1.462991070002317429e-02
1.459655351936817169e-02
1.424366980791091919e-02
1.377784181386232376e-02
1.337651163339614868e-02
1.323435921221971512e-02
1.345424167811870575e-02
1.390989683568477631e-02
1.390989683568477631e-02
1.434576790779829025e-02
1.472697127610445023e-02
1.481525693088769913e-02
1.469750702381134033e-02
1.426108926534652710e-02
1.364177279174327850e-02
1.300090178847312927e-02
1.234141830354928970e-02
1.177205424755811691e-02
1.129074208438396454e-02
1.129074208438396454e-02
1.110257487744092941e-02
1.112671568989753723e-02
1.140856556594371796e-02
1.151676289737224579e-02
1.144388224929571152e-02
1.121622882783412933e-02
1.081788074225187302e-02
1.028298679739236832e-02
9.607354179024696350e-03
8.976847864687442780e-03
8.976847864687442780e-03
8.515309542417526245e-03
8.243159390985965729e-03
8.178253658115863800e-03
8.373431861400604248e-03
8.579771034419536591e-03
8.737164549529552460e-03
8.538891561329364777e-03
8.176739327609539032e-03
7.969042286276817322e-03
7.734180428087711334e-03
7.734180428087711334e-03
7.484056055545806885e-03
7.336705457419157028e-03
7.331937551498413086e-03
7.363071199506521225e-03
7.495383266359567642e-03
7.712434977293014526e-03
7.814521901309490204e-03
7.835277356207370758e-03
7.808604743331670761e-03
7.671006489545106888e-03
7.671006489545106888e-03
7.492138538509607315e-03
7.345417514443397522e-03
7.253438234329223633e-03
7.263625040650367737e-03
7.373853586614131927e-03
7.534411270171403885e-03
7.625326514244079590e-03
7.668211590498685837e-03
7.735607679933309555e-03
7.800972089171409607e-03
7.800972089171409607e-03
7.821472361683845520e-03
7.577699143439531326e-03
7.314853370189666748e-03
7.096785120666027069e-03
6.852945778518915176e-03
6.675027776509523392e-03
6.611206103116273880e-03
6.621996872127056122e-03
6.628988310694694519e-03
6.595480721443891525e-03
6.595480721443891525e-03
6.471228785812854767e-03
6.409678608179092407e-03
6.383162923157215118e-03
6.421715486794710159e-03
6.546044722199440002e-03
6.622429471462965012e-03
6.724180653691291809e-03
6.761204916983842850e-03
6.794115994125604630e-03
6.769052240997552872e-03
6.769052240997552872e-03
6.742903031408786774e-03
6.695840973407030106e-03
6.712162401527166367e-03
6.704574450850486755e-03
6.611874327063560486e-03
6.488368846476078033e-03
6.538016721606254578e-03
6.817198824137449265e-03
7.275415118783712387e-03
7.899475283920764923e-03
7.899475283920764923e-03
8.658787235617637634e-03
9.383935481309890747e-03
9.909015148878097534e-03
1.007075142115354538e-02
9.869131259620189667e-03
9.515282697975635529e-03
9.184930473566055298e-03
8.910210803151130676e-03
8.782585151493549347e-03
8.818616159260272980e-03
8.818616159260272980e-03
8.914680220186710358e-03
9.152318350970745087e-03
9.325499646365642548e-03
9.404867887496948242e-03
9.501527994871139526e-03
9.503994137048721313e-03
9.400025010108947754e-03
9.273439645767211914e-03
9.077805094420909882e-03
8.932995609939098358e-03
8.932995609939098358e-03
8.738867007195949554e-03
8.605333976447582245e-03
8.564198389649391174e-03
8.483619429171085358e-03
8.481163531541824341e-03
8.543179370462894440e-03
8.594631217420101166e-03
8.620965294539928436e-03
8.767119608819484711e-03
8.990230970084667206e-03
8.990230970084667206e-03
9.384468197822570801e-03
9.663245640695095062e-03
9.755600243806838989e-03
9.642423130571842194e-03
9.566338732838630676e-03
9.444751776754856110e-03
9.263354353606700897e-03
9.087587706744670868e-03
8.978618308901786804e-03
9.069882333278656006e-03
9.069882333278656006e-03
9.378110989928245544e-03
9.732245467603206635e-03
1.010877359658479691e-02
1.040710415691137314e-02
1.055092830210924149e-02
1.049733255058526993e-02
1.026888191699981689e-02
9.916909970343112946e-03
9.468160569667816162e-03
9.093402884900569916e-03
9.093402884900569916e-03
8.740457706153392792e-03
8.461089804768562317e-03
8.277797140181064606e-03
8.247104473412036896e-03
8.295333944261074066e-03
8.447239175438880920e-03
8.464441634714603424e-03
8.377049118280410767e-03
8.279468864202499390e-03
8.081494830548763275e-03
8.081494830548763275e-03
7.958134636282920837e-03
7.958134636282920837e-03
7.806676905602216721e-03
7.648375350981950760e-03
7.512017153203487396e-03
7.298083975911140442e-03
7.001083809882402420e-03
6.731897126883268356e-03
6.501763593405485153e-03
6.317820865660905838e-03
6.317820865660905838e-03
6.185375619679689407e-03
6.131525151431560516e-03
6.033460609614849091e-03
5.903541576117277145e-03
5.765432491898536682e-03
5.665773060172796249e-03
5.610547959804534912e-03
5.643884185701608658e-03
5.779969971626996994e-03
5.876375362277030945e-03
5.876375362277030945e-03
6.053934339433908463e-03
6.273789796978235245e-03
6.468601059168577194e-03
6.693134084343910217e-03
6.864438764750957489e-03
6.966663990169763565e-03
7.250539492815732956e-03
7.250539492815732956e-03
7.250539492815732956e-03
7.250539492815732956e-03
7.250539492815732956e-03
7.497604005038738251e-03
7.727318909019231796e-03
7.905953563749790192e-03
8.006551302969455719e-03
8.038804866373538971e-03
8.015910163521766663e-03
8.132531307637691498e-03
8.311253972351551056e-03
8.443260565400123596e-03
8.599688299000263214e-03
8.599688299000263214e-03
8.817417547106742859e-03
9.123655036091804504e-03
9.429997764527797699e-03
9.743519127368927002e-03
9.986001998186111450e-03
1.024403236806392670e-02
1.043083611875772476e-02
1.051786076277494431e-02
1.060422509908676147e-02
1.069159340113401413e-02
1.069159340113401413e-02
1.073813345283269882e-02
1.030550990253686905e-02
1.000107266008853912e-02
9.686271660029888153e-03
9.316971525549888611e-03
8.955601602792739868e-03
8.596373721957206726e-03
8.238487876951694489e-03
7.953521795570850372e-03
7.791593205183744431e-03
7.791593205183744431e-03
7.833849638700485229e-03
8.061684668064117432e-03
8.295461535453796387e-03
8.420100435614585876e-03
8.436008356511592865e-03
8.442401885986328125e-03
8.486325852572917938e-03
8.562995120882987976e-03
8.758706040680408478e-03
8.988395333290100098e-03
8.988395333290100098e-03
9.241792373359203339e-03
9.437948465347290039e-03
9.661922231316566467e-03
9.829130023717880249e-03
1.011271774768829346e-02
1.043499913066625595e-02
1.070501748472452164e-02
1.083030644804239273e-02
1.068247389048337936e-02
1.037134043872356415e-02
1.037134043872356415e-02
1.017733663320541382e-02
1.010490767657756805e-02
1.020595896989107132e-02
1.052547898143529892e-02
1.091319974511861801e-02
1.137352827936410904e-02
1.175294537097215652e-02
1.197255495935678482e-02
1.195759046822786331e-02
1.171505171805620193e-02
1.171505171805620193e-02
1.134978700429201126e-02
1.095460914075374603e-02
1.064053550362586975e-02
1.042088028043508530e-02
1.036056503653526306e-02
1.034880150109529495e-02
1.035280991345643997e-02
1.035324204713106155e-02
1.023227348923683167e-02
1.023227348923683167e-02
1.023227348923683167e-02
1.007060240954160690e-02
9.778463281691074371e-03
9.508149698376655579e-03
9.287863969802856445e-03
9.147599339485168457e-03
9.058715775609016418e-03
9.090563282370567322e-03
9.248173795640468597e-03
9.573110379278659821e-03
1.002693083137273788e-02
1.002693083137273788e-02
1.051237527281045914e-02
1.096824929118156433e-02
1.130692753940820694e-02
1.154506858438253403e-02
1.167471054941415787e-02
1.140802819281816483e-02
1.137046888470649719e-02
1.148848235607147217e-02
1.183218974620103836e-02
1.242872141301631927e-02
