7.274747360497713089e-03
7.274747360497713089e-03
6.847929675132036209e-03
7.484779693186283112e-03
8.227364160120487213e-03
8.462607860565185547e-03
8.185126818716526031e-03
7.850286550819873810e-03
7.585920393466949463e-03
7.453349884599447250e-03
7.598829921334981918e-03
7.568373344838619232e-03
7.568373344838619232e-03
7.654104381799697876e-03
7.880910299718379974e-03
7.976068183779716492e-03
7.984387688338756561e-03
8.068748749792575836e-03
8.133749477565288544e-03
8.035247214138507843e-03
7.722525391727685928e-03
7.374795619398355484e-03
7.009139750152826309e-03
7.009139750152826309e-03
6.679484155029058456e-03
6.429062690585851669e-03
6.128485780209302902e-03
5.842319224029779434e-03
5.467792041599750519e-03
5.099353380501270294e-03
4.921070300042629242e-03
4.880373366177082062e-03
4.858372267335653305e-03
4.829942248761653900e-03
4.829942248761653900e-03
4.782014060765504837e-03
4.718324169516563416e-03
4.682564176619052887e-03
4.651105497032403946e-03
4.642571322619915009e-03
4.717664793133735657e-03
4.832636564970016479e-03
5.055625922977924347e-03
5.430404096841812134e-03
6.040129344910383224e-03
6.040129344910383224e-03
6.526691373437643051e-03
6.923886016011238098e-03
7.060665171593427658e-03
7.100261282175779343e-03
7.174693979322910309e-03
7.363423705101013184e-03
7.700668647885322571e-03
8.084501139819622040e-03
8.499041199684143066e-03
8.820964023470878601e-03
8.820964023470878601e-03
9.062003344297409058e-03
9.234067052602767944e-03
9.153900668025016785e-03
8.819323033094406128e-03
8.357715792953968048e-03
7.935273461043834686e-03
7.637473288923501968e-03
7.424024399369955063e-03
7.436585146933794022e-03
7.425246294587850571e-03
7.425246294587850571e-03
7.521004881709814072e-03
7.594822905957698822e-03
7.538087200373411179e-03
7.381222210824489594e-03
7.059519179165363312e-03
6.718971300870180130e-03
6.390580441802740097e-03
6.182473152875900269e-03
6.155369337648153305e-03
6.114962510764598846e-03
6.114962510764598846e-03
6.092979107052087784e-03
6.052535492926836014e-03
5.974254570901393890e-03
5.831387359648942947e-03
5.653662607073783875e-03
5.539211444556713104e-03
5.505833309143781662e-03
5.488526076078414917e-03
5.491488147526979446e-03
5.499219056218862534e-03
5.499219056218862534e-03
5.578938405960798264e-03
5.698865279555320740e-03
5.846535786986351013e-03
5.960242822766304016e-03
6.058951839804649353e-03
6.193244364112615585e-03
6.369010545313358307e-03
6.574174389243125916e-03
6.794517859816551208e-03
7.060141302645206451e-03
7.060141302645206451e-03
7.391514256596565247e-03
7.703548762947320938e-03
7.856874726712703705e-03
7.897486910223960876e-03
7.901731878519058228e-03
7.939524948596954346e-03
7.800229359418153763e-03
7.853158749639987946e-03
7.967798970639705658e-03
8.134955540299415588e-03
8.134955540299415588e-03
8.306118659675121307e-03
8.514445275068283081e-03
8.621638640761375427e-03
8.670167066156864166e-03
8.598836138844490051e-03
8.371704258024692535e-03
8.122695609927177429e-03
7.918540388345718384e-03
7.735120132565498352e-03
7.701863534748554230e-03
7.701863534748554230e-03
7.789337076246738434e-03
7.886841893196105957e-03
7.963117212057113647e-03
7.804056629538536072e-03
7.480813190340995789e-03
7.148535456508398056e-03
6.939542014151811600e-03
6.970180198550224304e-03
7.121119182556867599e-03
7.360741496086120605e-03
7.360741496086120605e-03
7.665270473808050156e-03
7.933382876217365265e-03
8.104085922241210938e-03
8.014190010726451874e-03
7.833178155124187469e-03
7.760285865515470505e-03
7.789910305291414261e-03
7.938200607895851135e-03
8.124460466206073761e-03
8.367414586246013641e-03
8.367414586246013641e-03
8.862504735589027405e-03
8.956808596849441528e-03
8.874513208866119385e-03
8.568911813199520111e-03
8.130824193358421326e-03
7.645737845450639725e-03
7.250258233398199081e-03
7.024260703474283218e-03
7.001977413892745972e-03
7.053275592625141144e-03
7.053275592625141144e-03
7.137602195143699646e-03
7.083170115947723389e-03
6.901188753545284271e-03
6.671850103884935379e-03
6.466298364102840424e-03
6.364424247294664383e-03
6.309482268989086151e-03
6.403392646461725235e-03
6.652342155575752258e-03
7.048319559544324875e-03
7.048319559544324875e-03
7.387919351458549500e-03
7.660007104277610779e-03
7.856120355427265167e-03
7.941483519971370697e-03
7.964969612658023834e-03
7.892003282904624939e-03
7.814183831214904785e-03
7.598918396979570389e-03
7.355826906859874725e-03
7.073356304317712784e-03
7.073356304317712784e-03
6.965633481740951538e-03
7.070793304592370987e-03
7.289147935807704926e-03
7.480920758098363876e-03
7.690208964049816132e-03
7.890751585364341736e-03
7.988111115992069244e-03
7.984920404851436615e-03
7.889263331890106201e-03
7.718760985881090164e-03
7.718760985881090164e-03
7.451493293046951294e-03
7.100554183125495911e-03
6.732160225510597229e-03
6.419435609132051468e-03
6.303502712398767471e-03
6.347686517983675003e-03
6.405816879123449326e-03
6.438878830522298813e-03
6.379333324730396271e-03
6.259798072278499603e-03
6.259798072278499603e-03
6.045912392437458038e-03
5.942787043750286102e-03
5.864373873919248581e-03
5.908608902245759964e-03
5.923971068114042282e-03
6.030030082911252975e-03
6.152356509119272232e-03
6.324711255729198456e-03
6.295044440776109695e-03
6.077017169445753098e-03
6.077017169445753098e-03
5.632971413433551788e-03
5.088295787572860718e-03
4.521955735981464386e-03
4.224600270390510559e-03
4.269695375114679337e-03
4.619096405804157257e-03
4.953431896865367889e-03
5.261656362563371658e-03
5.518272984772920609e-03
5.681069102138280869e-03
5.681069102138280869e-03
5.747465416789054871e-03
5.691779311746358871e-03
5.667844787240028381e-03
5.728643853217363358e-03
5.869626533240079880e-03
6.130275316536426544e-03
6.439217366278171539e-03
6.614433601498603821e-03
6.616778671741485596e-03
6.566766183823347092e-03
6.566766183823347092e-03
6.317860912531614304e-03
6.078605074435472488e-03
5.863300990313291550e-03
5.783068947494029999e-03
5.830212496221065521e-03
5.920510739088058472e-03
6.078005302697420120e-03
6.191382184624671936e-03
6.223740056157112122e-03
6.189499050378799438e-03
6.189499050378799438e-03
6.076568737626075745e-03
5.973693449050188065e-03
5.839082878082990646e-03
5.767547525465488434e-03
5.757927894592285156e-03
5.804402753710746765e-03
5.798984318971633911e-03
5.648336373269557953e-03
5.372369661927223206e-03
5.069163162261247635e-03
5.069163162261247635e-03
4.905630834400653839e-03
4.745022393763065338e-03
4.615094978362321854e-03
4.286369774490594864e-03
4.108144901692867279e-03
4.096418619155883789e-03
4.153735470026731491e-03
4.144244361668825150e-03
4.093992058187723160e-03
3.961963113397359848e-03
3.961963113397359848e-03
3.877733834087848663e-03
3.873227862641215324e-03
3.929283004254102707e-03
4.080506972968578339e-03
4.317928105592727661e-03
4.558778833597898483e-03
4.704744089394807816e-03
4.801133181899785995e-03
4.870141856372356415e-03
4.859059117734432220e-03
