2.272598101449980687e-02
2.272598101449980687e-02
2.291476017559618272e-02
2.240422375730102139e-02
2.172181922641579915e-02
2.079505326576678095e-02
1.990425703708069774e-02
1.956392689483457681e-02
1.915528423787578316e-02
1.867266245890631879e-02
1.807779453354984786e-02
1.785197603679411840e-02
1.785197603679411840e-02
1.751714319038808268e-02
1.724374505202021582e-02
1.722006626525965367e-02
1.696846391207173371e-02
1.655950835532070051e-02
1.605351084688484697e-02
1.535853518817505495e-02
1.450135286172434326e-02
1.384221775128581695e-02
1.356549463943917955e-02
1.356549463943917955e-02
1.321866208427481537e-02
1.297480614870788994e-02
1.274476788204803764e-02
1.235317516874178366e-02
1.202840350104681863e-02
1.167829753158502494e-02
1.123885396216877525e-02
1.096502595866094901e-02
1.060947898409406176e-02
1.019386332591457750e-02
1.019386332591457750e-02
9.869305704733521631e-03
9.472972440354832102e-03
9.012769485404194605e-03
8.631902417351657031e-03
8.266941638036283402e-03
7.994312274358487264e-03
7.794873685811604461e-03
7.466369720856550277e-03
7.278095911277030448e-03
7.116325846083153793e-03
7.116325846083153793e-03
7.050688567797840263e-03
6.974723249799358663e-03
6.933570271929056540e-03
6.828848362184196039e-03
6.807952960976595101e-03
6.873998587837069907e-03
6.853478374858179741e-03
6.830962725393617020e-03
6.851028994555483434e-03
6.851393404128789354e-03
6.851393404128789354e-03
6.981366406370621315e-03
7.158030934942417878e-03
7.180437389135546286e-03
7.170469339443264790e-03
7.330887828488332099e-03
7.537928929846289539e-03
7.654418408139039565e-03
7.750752314633045821e-03
7.905593857187198648e-03
8.061852455010693613e-03
8.061852455010693613e-03
8.203785101618373335e-03
8.102712702705728437e-03
7.980737445818238129e-03
7.864499576943717249e-03
7.828807150527418782e-03
7.872134792911825857e-03
7.901292614976046513e-03
7.856977248781931919e-03
7.676515809397146603e-03
7.467540628589596982e-03
7.467540628589596982e-03
7.293750995670359415e-03
7.177271054862452947e-03
7.114827327725419502e-03
7.010362304945168960e-03
6.835567543321380800e-03
6.793808047096450142e-03
6.788279609110507186e-03
6.840949251323445376e-03
6.873490830104382263e-03
6.946591899741695435e-03
6.946591899741695435e-03
7.070078078478156738e-03
7.212290595844754286e-03
7.292463082344402027e-03
7.317979724355857044e-03
7.196139338202187444e-03
7.068439200169570301e-03
6.921779315046266284e-03
6.858830274265446947e-03
6.838865245758885859e-03
6.998207693026664913e-03
6.998207693026664913e-03
6.983205141097553921e-03
6.797325947583498541e-03
6.610425982590252721e-03
6.567539708159719943e-03
6.629422399878901959e-03
6.765309599655563652e-03
6.889726086146861009e-03
6.984970664978273035e-03
7.005284503149125305e-03
7.059235950690592731e-03
7.059235950690592731e-03
7.181684759596850508e-03
7.306418533887754606e-03
7.387547717726581677e-03
7.524138634770084245e-03
7.583167327969226462e-03
7.600417238300779220e-03
7.609651162686190302e-03
7.709044510636243325e-03
7.858219517124696851e-03
8.015139972602081456e-03
8.015139972602081456e-03
8.115523427476182411e-03
8.227556548679838128e-03
8.314664789506171633e-03
8.396900430371497664e-03
8.472211155640911942e-03
8.595666507030979772e-03
8.666802772548986081e-03
8.565870746043653672e-03
8.410328189911006960e-03
8.299409138681967599e-03
8.299409138681967599e-03
8.184666982264400190e-03
8.109025014232697226e-03
8.004758367249904805e-03
8.020046068501358524e-03
8.039475973269240294e-03
8.159778666995656099e-03
8.290251094200383822e-03
8.408341259045654451e-03
8.482197025684135722e-03
8.444497457390365627e-03
8.444497457390365627e-03
8.497553772743707268e-03
8.530479331648421065e-03
8.688816108934859644e-03
8.918614212079824244e-03
9.102499547161170546e-03
9.241959306750285874e-03
9.375368969376740580e-03
9.363157448687610060e-03
9.383143031052310068e-03
9.330355359222497480e-03
9.330355359222497480e-03
9.374161613577652874e-03
9.440159053404768505e-03
9.465186474360480148e-03
9.521465657633560245e-03
9.517970699796615350e-03
9.496634105038120888e-03
9.442504710267245194e-03
9.504487104135076261e-03
9.585968450044658057e-03
9.670101899935003645e-03
9.670101899935003645e-03
9.684941765087069082e-03
9.620513222501269820e-03
9.584029486493247582e-03
9.626600184684601727e-03
9.626600184684601727e-03
9.686632363815670874e-03
9.844483976160937899e-03
9.956105056546005541e-03
1.006587168798399150e-02
1.009595440627941709e-02
1.009595440627941709e-02
1.009904518003839832e-02
1.002349743374993801e-02
9.885095589373636693e-03
9.722727570533027525e-03
9.556031047791799585e-03
9.418966119998825950e-03
9.322540830675222004e-03
9.231918274337931260e-03
9.156237366153261586e-03
8.986730452426965748e-03
8.986730452426965748e-03
8.855323194970989020e-03
8.664392377011055982e-03
8.490917040619321010e-03
8.333312934592305293e-03
8.245331493580945054e-03
8.118746818422943601e-03
8.065557971873714427e-03
8.051157827310168047e-03
8.185709657770795511e-03
8.363998991373508551e-03
8.363998991373508551e-03
8.527187694917805899e-03
8.695105734449868826e-03
8.936633283309281667e-03
9.239821012892354343e-03
9.497686817769832729e-03
9.497686817769832729e-03
9.497686817769832729e-03
9.673383805207953073e-03
9.579050447474538738e-03
9.453174719932098263e-03
9.453174719932098263e-03
9.267600093489076693e-03
9.159654285528983850e-03
9.133766577890112259e-03
9.149967761135038846e-03
9.212859786156291433e-03
9.253536558530667602e-03
9.114799699329293944e-03
8.945271602094665223e-03
8.830936527681548798e-03
8.835337554996172682e-03
8.835337554996172682e-03
8.870110050670980059e-03
9.063759272321789476e-03
9.345362075193734339e-03
9.788497438563905848e-03
1.025827250503127085e-02
1.068685964707157855e-02
1.099930298879809448e-02
1.118191648344574705e-02
1.120963222870123566e-02
1.107327680549503521e-02
1.107327680549503521e-02
1.073219800521820269e-02
1.041381076860201094e-02
1.008579831724923728e-02
9.698431147977209024e-03
9.386243693139364325e-03
9.079789652473770761e-03
8.796052464940293247e-03
8.609172322537460287e-03
8.318403879406070789e-03
8.032503446232679145e-03
8.032503446232679145e-03
7.778796604796762298e-03
7.496525350018238762e-03
7.376065547917750459e-03
7.374999813618234555e-03
7.476927850035115612e-03
7.650726326359546213e-03
7.879687734201945570e-03
8.126254305166528621e-03
8.418623274187851321e-03
8.744686183251698317e-03
8.744686183251698317e-03
8.993875054529466145e-03
9.449030957174619702e-03
9.778719888142221178e-03
9.972216615597698577e-03
1.005324159712561553e-02
1.011250771619054759e-02
1.019052954262930112e-02
1.041328598280696210e-02
1.054124558541994980e-02
1.059063570068631902e-02
1.059063570068631902e-02
1.065195603022318048e-02
1.061630731621178957e-02
1.054614293775908360e-02
1.037788511886105977e-02
1.026023607274764715e-02
1.016018902656882182e-02
1.006791727928179996e-02
1.008688560384264632e-02
1.012189688896376373e-02
1.014966103367839247e-02
1.014966103367839247e-02
1.018739333726264781e-02
1.017375987839314912e-02
1.016786790530829765e-02
1.014252844884191637e-02
1.009730740518843470e-02
1.005986569066154995e-02
9.997834301172287344e-03
1.000380433927315453e-02
9.933423914735834206e-03
9.817579751872588384e-03
9.817579751872588384e-03
9.664528425851560967e-03
9.539506313670636020e-03
9.400104757536493008e-03
9.301221910352923394e-03
9.211901409603366619e-03
9.102354769676239410e-03
9.011118765274194961e-03
9.018031404157293707e-03
9.091681142300789970e-03
9.241496519353130032e-03
9.241496519353130032e-03
9.384139608585775200e-03
9.494867947155967089e-03
9.549272524666229875e-03
9.589789644220579265e-03
9.530265509553199552e-03
9.467614899980276999e-03
9.405124378164176138e-03
9.351808519412776327e-03
9.337467487936850982e-03
9.309498117270931933e-03
9.309498117270931933e-03
9.221293481683682722e-03
9.111780101061025747e-03
9.057011879065376275e-03
9.043093509034738284e-03
9.043093509034738284e-03
9.043093509034738284e-03
9.075036063720188714e-03
9.083156140562917424e-03
9.093152037996007561e-03
9.094022944640092060e-03
9.094022944640092060e-03
9.009527132547084233e-03
9.069527573150507060e-03
9.151830214582551068e-03
9.258314158365536090e-03
9.335428341964125201e-03
8.958809366036888169e-03
8.569519358031005285e-03
8.321798331809352606e-03
8.171694342075050757e-03
8.160584820327897865e-03
8.160584820327897865e-03
8.027261456941284234e-03
7.926021918703399921e-03
7.748186614097119299e-03
7.552823624904019331e-03
7.423181436396221293e-03
7.444749654904312709e-03
7.586432520778011585e-03
7.830650337704808325e-03
8.126453312966229817e-03
8.393388096404790291e-03
8.393388096404790291e-03
8.642790778704849755e-03
8.654240743328546828e-03
8.656376204494640320e-03
8.632675167879289707e-03
8.628065437235456908e-03
8.627608609130083331e-03
8.680064590156745877e-03
8.741306045527561658e-03
8.741306045527561658e-03
8.741306045527561658e-03
8.741306045527561658e-03
8.760017897047431279e-03
8.822290284024508766e-03
8.755705576304468468e-03
8.622785382991906417e-03
8.478934260332122649e-03
8.276378605467038518e-03
8.096877722269628375e-03
7.958721019428941293e-03
7.896659846466844851e-03
7.995676897943981495e-03
7.995676897943981495e-03
8.164820587973407526e-03
8.257430688467622820e-03
8.436587837360570372e-03
8.590762222223366495e-03
8.732629468250098850e-03
8.779972128832649880e-03
8.819293812394162976e-03
8.804077880040712609e-03
8.831011208813912064e-03
8.894361580095251282e-03
8.894361580095251282e-03
9.024408819950854865e-03
9.246765426189540796e-03
9.479273761357431827e-03
9.641393234228936432e-03
9.680995725672892835e-03
9.600562600067448840e-03
9.602950458959567254e-03
9.465648845652896784e-03
9.184267270745685718e-03
8.788500360524493377e-03
8.788500360524493377e-03
8.420598364304039685e-03
8.192159212772363169e-03
8.125928274544495789e-03
8.226495690358680279e-03
8.372227240521761676e-03
8.565352991377813210e-03
8.565352991377813210e-03
8.654576274659970744e-03
8.634626852206681372e-03
8.520315581870562677e-03
8.520315581870562677e-03
8.480660940986508439e-03
8.458611349833422208e-03
8.414098353261421914e-03
8.362896942479830162e-03
8.297985382604976257e-03
8.273228251290697111e-03
8.300483202572449259e-03
8.313112633205737081e-03
8.267776887891575485e-03
8.240251754631734357e-03
8.240251754631734357e-03
8.261271893130799071e-03
8.353764309070813715e-03
8.416886227392894604e-03
8.420885164105213275e-03
8.473410222827203533e-03
8.604067249731122899e-03
8.705069644504874124e-03
8.740414526294400591e-03
8.699999101638144008e-03
8.671610527734338603e-03
8.671610527734338603e-03
8.670204448281567181e-03
8.677119574386370562e-03
8.742311792550284955e-03
8.816061074621989180e-03
8.908216878252748355e-03
8.982201007199586834e-03
9.041392449282335819e-03
9.028433687199794236e-03
9.034108632817044321e-03
9.007644195643024765e-03
