3.321016355969445832e-02
3.384330204209658188e-02
3.331262614759539914e-02
3.282566122073332648e-02
3.220914550711817537e-02
3.158007692995715848e-02
3.091134171347981879e-02
3.016109876168894879e-02
2.952679178780834995e-02
2.892153006661806608e-02
2.836318478013423114e-02
2.784166955813808381e-02
2.741821184666043409e-02
2.713042275023501079e-02
2.676274440507172073e-02
2.644304159684678079e-02
2.615476526250514952e-02
2.615476526250514952e-02
2.615476526250514952e-02
2.615476526250514952e-02
2.579412630999407610e-02
2.552213125121956597e-02
2.529996031391743699e-02
2.507619545708874784e-02
2.488461107339938472e-02
2.468531020268066936e-02
2.449991378338664538e-02
2.439069371183257007e-02
2.428768306518563902e-02
2.408048014505182952e-02
2.384624791915359796e-02
