3.029026493623978092e-02
3.029026493623978092e-02
3.047960083242993307e-02
2.957154506768208332e-02
2.906166633054609386e-02
2.830681706514213275e-02
2.748122939941052487e-02
2.699486254006485189e-02
2.644065064360445055e-02
2.576420633473281915e-02
2.494077970902072380e-02
2.425186328999190052e-02
2.425186328999190052e-02
2.364671128487867008e-02
2.306529847167995001e-02
2.254924685538759258e-02
2.204199630678632671e-02
2.151208409126978069e-02
2.109376952673783570e-02
2.052906398710754865e-02
1.990493146190538964e-02
1.927210902512548757e-02
1.866908246789309930e-02
1.866908246789309930e-02
1.830301577588018536e-02
1.797673141394056512e-02
1.769574812034474878e-02
1.757378269911069602e-02
1.749969771594531848e-02
1.755791218241045323e-02
1.756391334848867239e-02
1.742137114495637129e-02
1.714348509275053986e-02
1.691364537585712119e-02
1.691364537585712119e-02
1.659709547414744274e-02
1.634330317069743882e-02
1.600334098793690721e-02
1.568240853282998684e-02
1.536471443441045880e-02
1.505815550832893118e-02
1.465613093725663500e-02
1.426223918491265411e-02
1.395810823733221670e-02
1.372123647372211659e-02
1.372123647372211659e-02
1.341996851717465293e-02
1.328248557154939648e-02
1.301480737739417123e-02
1.285792980930510615e-02
1.280042550426178406e-02
1.279228504503851505e-02
1.288914619866748414e-02
1.291965856086850668e-02
1.298586369867106051e-02
1.290294398743260101e-02
1.290294398743260101e-02
1.281334251343543493e-02
1.260542012447078523e-02
1.241155946099452290e-02
1.223701806008677812e-02
1.198636609880351228e-02
1.160237029034799465e-02
1.129144846865314487e-02
1.099713902124311790e-02
1.074567217666660447e-02
1.049403149467028132e-02
1.049403149467028132e-02
1.034373605841815494e-02
1.032366657512702457e-02
1.031726163128393776e-02
1.038875578117465573e-02
1.035046230733598777e-02
1.035611078946617296e-02
1.044755370545887366e-02
1.042290326720278319e-02
1.038395431170123333e-02
1.027063472472330811e-02
1.027063472472330811e-02
1.006174547162286791e-02
9.910846779692389710e-03
9.667152821445213970e-03
9.410340388754531715e-03
9.167863209797328869e-03
8.902203846786626087e-03
8.518803441143247071e-03
8.203487301490982112e-03
7.893502114162913655e-03
7.751841945190909682e-03
7.751841945190909682e-03
7.615268773472763826e-03
7.487645193184899739e-03
7.303872245251611869e-03
7.062499792896753323e-03
6.805233091029942206e-03
6.494622276031043751e-03
6.224623257181346840e-03
6.044553341945338616e-03
5.894975782731175229e-03
5.792556450948538847e-03
5.792556450948538847e-03
5.914351472315950223e-03
5.992927619916013811e-03
5.815124822379767223e-03
5.643917479659235105e-03
5.311265790602306622e-03
5.075335287630748475e-03
4.834503533092586978e-03
4.710213069509806318e-03
4.631586051291245593e-03
4.620161242934191226e-03
4.620161242934191226e-03
4.686678897691240464e-03
4.837131991425619275e-03
4.910633434332865865e-03
4.850562520831468334e-03
4.783269726708166449e-03
4.730050445853904544e-03
4.716060424718785532e-03
4.683248898977226959e-03
4.787120479526978632e-03
4.825332248708623026e-03
4.825332248708623026e-03
4.835379165257442172e-03
4.899564051524922699e-03
4.978468470661914606e-03
4.947485651511131233e-03
4.914129813041658891e-03
4.891588347683275932e-03
4.797686427558484068e-03
4.701417781359045443e-03
4.617788874014374170e-03
4.602933652479738666e-03
4.602933652479738666e-03
4.770520971702754166e-03
4.992052447056323679e-03
5.216299787661552931e-03
5.373762627930675148e-03
5.494837959937966601e-03
5.528108690925277388e-03
5.579084460778635512e-03
5.596931609320033099e-03
5.702228390854522516e-03
5.778513160595743180e-03
5.778513160595743180e-03
5.823812372424574946e-03
5.801617483676079455e-03
5.798176236694870672e-03
5.835751259310626923e-03
5.851485687176099897e-03
5.799557216211414547e-03
5.768555247134889673e-03
5.778143412776166887e-03
5.810852602801759061e-03
5.837776490290560137e-03
5.837776490290560137e-03
5.821835525358725304e-03
5.779266857004438686e-03
5.777342510720723939e-03
5.797809469161075563e-03
5.765477566371247399e-03
5.717520151295381846e-03
5.686601653466066310e-03
5.678567526855174755e-03
5.692738480419176801e-03
5.650474809075086390e-03
5.650474809075086390e-03
5.686453043252437389e-03
5.667215087323412143e-03
5.617493389519461269e-03
5.617484077699080522e-03
5.602545554063690335e-03
5.613954104965620390e-03
5.655174890367065457e-03
5.658019810971643380e-03
5.598707676130903511e-03
5.499217678453382704e-03
5.499217678453382704e-03
5.379112347116901324e-03
5.338654497061842176e-03
5.243340769429015273e-03
5.074798630601307439e-03
4.838944412978139070e-03
4.567570288639507224e-03
4.383631534239459775e-03
4.201502875112546852e-03
4.032759158334119597e-03
3.882678887004467790e-03
3.882678887004467790e-03
3.730229751708171240e-03
3.553322295933272496e-03
3.408356270555101299e-03
3.327097199613967930e-03
3.275592221909508911e-03
3.277564131675112825e-03
3.419627803330385022e-03
3.578001262378855112e-03
3.519522078850075529e-03
3.466861901603784588e-03
3.466861901603784588e-03
3.371581131387685250e-03
3.266622633302743422e-03
3.211989024950068650e-03
3.159035948780712557e-03
3.003218976217694562e-03
2.795237995833952521e-03
2.717378702144520805e-03
2.611966561613427926e-03
2.586247014762808882e-03
2.636543114918471313e-03
2.636543114918471313e-03
2.598359611774270304e-03
2.468002325229094046e-03
2.249958419181630198e-03
2.105384706878989445e-03
1.974487474107971229e-03
1.866526661070009576e-03
1.598011689072384315e-03
1.392565290717981061e-03
1.246923756676921466e-03
1.145139981201425978e-03
1.145139981201425978e-03
1.064817132031490145e-03
1.068425137238811478e-03
1.146111030977244646e-03
1.210621596077181370e-03
1.309425019033280072e-03
1.501241064547915354e-03
1.620348873565535417e-03
1.683914004698125466e-03
1.633872740269415617e-03
1.460799233870585696e-03
1.460799233870585696e-03
1.422020469141267902e-03
1.422020469141267902e-03
1.422020469141267902e-03
1.422020469141267902e-03
1.422020469141267902e-03
1.503328188937023318e-03
1.704530180339318890e-03
1.810840439732897857e-03
1.707585286988797923e-03
1.651525099809111321e-03
1.651525099809111321e-03
1.572734333936627159e-03
1.575357489091828772e-03
1.514426141624511521e-03
1.366655557317446789e-03
1.291295537769878788e-03
1.206182833563698839e-03
1.083648468962118694e-03
1.006268870025510019e-03
8.893654050015514269e-04
7.934844896522978827e-04
7.934844896522978827e-04
8.178338082854730729e-04
1.066635387852133245e-03
1.496611234337533224e-03
1.831319838447622401e-03
1.784994469986832689e-03
1.599530442326512055e-03
1.366390009252250971e-03
1.275887552601702316e-03
1.273893794468145468e-03
1.288777206584787753e-03
1.288777206584787753e-03
1.330437332767222917e-03
1.393875905617045479e-03
1.467490633684474582e-03
1.374510707995690081e-03
1.227762180751014280e-03
1.149849187277183224e-03
1.024821567169450489e-03
9.747703452367801561e-04
9.959863258571781831e-04
1.063030109236664167e-03
1.063030109236664167e-03
1.141902022824364772e-03
1.008895467018884823e-03
9.838114609080589150e-04
9.935402705414436361e-04
1.059932652656821574e-03
1.181993945333243649e-03
1.356579602562137240e-03
1.476443180604647583e-03
1.557251163815353374e-03
1.645072548359018160e-03
1.645072548359018160e-03
1.526572957810825356e-03
1.427119374105952077e-03
1.420913659314012450e-03
1.693781535706192403e-03
1.947423340274978759e-03
2.242186517518210756e-03
2.310793692492403052e-03
2.331258203215427673e-03
2.435582598737797127e-03
2.614606219299495018e-03
2.614606219299495018e-03
2.896166226678210422e-03
3.216823531417188631e-03
3.579326057242438082e-03
3.903828125790402646e-03
4.081519013633420380e-03
4.129797932810021222e-03
4.115189525060483806e-03
3.993672732429868685e-03
3.779071963573744398e-03
3.552345532030089410e-03
3.552345532030089410e-03
3.350670055904159377e-03
3.261790807623171119e-03
3.375045679449353679e-03
3.730605436650499731e-03
4.148317886949225326e-03
4.554167031974106113e-03
4.739467486760074767e-03
4.814538594396025606e-03
4.742830814296858204e-03
4.600334221998104989e-03
4.600334221998104989e-03
4.360514391027872638e-03
4.360514391027872638e-03
4.223381306643077260e-03
4.119168465354603251e-03
3.917998324114714027e-03
3.872902652470320076e-03
4.051009792748252840e-03
4.408903669160533015e-03
4.820851769113428456e-03
5.132761125205383829e-03
5.132761125205383829e-03
5.375281147434173359e-03
5.569140885549737040e-03
5.592898753146303796e-03
5.542814190921663102e-03
5.462280134111892511e-03
5.345975893849090436e-03
5.297894563126410127e-03
5.654394532316335195e-03
5.854806155607438119e-03
6.110641889895890473e-03
6.110641889895890473e-03
6.271392497323351536e-03
6.408123038337458152e-03
6.438230581987982627e-03
6.334504872075332436e-03
6.204269938226137510e-03
6.059120497873674883e-03
5.962548421412934736e-03
5.993592306439132593e-03
6.046411775860091251e-03
6.124107490856958540e-03
6.124107490856958540e-03
6.366664353095065516e-03
6.690758514868253709e-03
7.056842765835600467e-03
7.201331902438432193e-03
7.208083816488486742e-03
7.224955437571588257e-03
7.229600858066878924e-03
7.174824216757521439e-03
7.159711224627968162e-03
7.108176460358384130e-03
7.108176460358384130e-03
7.192387985503112015e-03
7.463976962947279845e-03
7.628690468853176372e-03
7.803716267590929054e-03
7.930818887803154846e-03
7.939767702512551956e-03
8.042107329719832762e-03
8.164087602372966171e-03
8.206003140308710739e-03
8.257288314913138749e-03
8.257288314913138749e-03
8.625771495344512763e-03
8.756921869005802189e-03
8.701315220435155637e-03
8.555098697372304564e-03
8.171020105828423474e-03
7.893024398607220368e-03
7.731555853687156754e-03
7.743561973262620170e-03
7.852806924134710098e-03
7.956028578502772133e-03
7.956028578502772133e-03
8.096050586438264737e-03
8.300040381935222880e-03
8.489312302658378120e-03
8.647869197001107136e-03
8.722637828270037724e-03
8.718809262670114066e-03
8.548112321400276256e-03
8.358966591645240404e-03
8.273399219760977502e-03
8.209815999917645726e-03
8.209815999917645726e-03
8.212306883644734587e-03
8.275778713536699471e-03
8.440561206377773448e-03
8.730840371453914631e-03
8.930604000112878429e-03
8.925887788454612767e-03
8.752466922169905086e-03
8.573568678884679536e-03
8.391310241761588962e-03
8.090814448623643435e-03
8.090814448623643435e-03
7.840351994648043360e-03
7.563306845073213339e-03
7.425273289806175181e-03
7.454096855915259140e-03
7.707770766040151524e-03
8.008837047469434187e-03
8.290090860225760375e-03
8.479764833163979526e-03
8.430432806300776002e-03
8.528029187905662722e-03
8.528029187905662722e-03
8.536695437079152779e-03
8.370145904705935877e-03
8.117543236737839035e-03
7.940433973855191147e-03
8.058781097904340121e-03
8.256502502207944266e-03
8.533046632844454651e-03
8.806844523038852984e-03
8.661473514974898924e-03
8.599580035905515438e-03
