2.882226556539535522e-02
3.679892048239707947e-02
4.070564359426498413e-02
4.441451653838157654e-02
5.047339200973510742e-02
5.557727813720703125e-02
5.769792571663856506e-02
5.977851152420043945e-02
6.189538165926933289e-02
6.393459439277648926e-02
6.411037594079971313e-02
6.411037594079971313e-02
6.415600329637527466e-02
6.380742043256759644e-02
6.294100731611251831e-02
6.090876087546348572e-02
5.888120457530021667e-02
5.718300119042396545e-02
5.619582161307334900e-02
5.387525260448455811e-02
5.231853947043418884e-02
4.938414692878723145e-02
4.938414692878723145e-02
4.580486193299293518e-02
4.286737740039825439e-02
4.036859050393104553e-02
3.850724175572395325e-02
3.580523654818534851e-02
3.346548601984977722e-02
3.118365257978439331e-02
3.039737418293952942e-02
2.963662520051002502e-02
2.864480763673782349e-02
2.864480763673782349e-02
2.749804034829139709e-02
2.573164552450180054e-02
2.407046221196651459e-02
2.179422602057456970e-02
1.959101669490337372e-02
1.904980279505252838e-02
1.912295073270797729e-02
1.940402016043663025e-02
2.064616605639457703e-02
2.201518043875694275e-02
2.201518043875694275e-02
2.333673462271690369e-02
2.491414733231067657e-02
2.624915726482868195e-02
2.772239036858081818e-02
2.879305183887481689e-02
2.970014140009880066e-02
3.069369122385978699e-02
3.194710612297058105e-02
3.246264532208442688e-02
3.301678597927093506e-02
3.301678597927093506e-02
3.373299166560173035e-02
3.414822742342948914e-02
3.358171507716178894e-02
3.299567475914955139e-02
3.042100928723812103e-02
2.742476202547550201e-02
2.431028150022029877e-02
2.166666276752948761e-02
1.928602531552314758e-02
1.761096343398094177e-02
1.761096343398094177e-02
1.610270887613296509e-02
1.481260266155004501e-02
1.514824293553829193e-02
1.586455479264259338e-02
1.800402998924255371e-02
2.079106122255325317e-02
2.402390539646148682e-02
2.595325000584125519e-02
2.661723829805850983e-02
2.686084620654582977e-02
2.686084620654582977e-02
2.679144404828548431e-02
2.697163075208663940e-02
2.693262323737144470e-02
2.646418102085590363e-02
2.557560987770557404e-02
2.497075498104095459e-02
2.426167763769626617e-02
2.328806370496749878e-02
2.284727618098258972e-02
2.255465462803840637e-02
2.255465462803840637e-02
2.213045209646224976e-02
2.230293303728103638e-02
2.242932096123695374e-02
2.290818654000759125e-02
2.309985458850860596e-02
2.345293201506137848e-02
2.321842685341835022e-02
2.291782759130001068e-02
2.314721792936325073e-02
2.320090867578983307e-02
2.320090867578983307e-02
2.300740964710712433e-02
2.243560180068016052e-02
2.222701534628868103e-02
2.041626907885074615e-02
1.826638914644718170e-02
1.654836907982826233e-02
1.489327289164066315e-02
1.248278841376304626e-02
1.064807083457708359e-02
1.003698725253343582e-02
1.003698725253343582e-02
1.027587335556745529e-02
1.094185281544923782e-02
1.203193794935941696e-02
1.385280210524797440e-02
1.643135398626327515e-02
1.885702461004257202e-02
2.213802747428417206e-02
2.501472085714340210e-02
2.707162126898765564e-02
2.844174951314926147e-02
2.844174951314926147e-02
2.913082763552665710e-02
2.906683087348937988e-02
2.781973965466022491e-02
2.698612958192825317e-02
2.567222155630588531e-02
2.373089827597141266e-02
2.189504727721214294e-02
2.021720632910728455e-02
1.855725422501564026e-02
1.756476983428001404e-02
1.756476983428001404e-02
1.807157695293426514e-02
1.661015488207340240e-02
1.350585278123617172e-02
1.125309243798255920e-02
9.346057660877704620e-03
8.346700109541416168e-03
8.072505705058574677e-03
8.635014295578002930e-03
1.032809074968099594e-02
1.212797407060861588e-02
