4.609454389814966052e-02
4.609454389814966052e-02
4.555651716058369688e-02
4.538099059405605040e-02
4.563899746207183972e-02
4.526458969490303186e-02
4.499758596184846166e-02
4.444920113179570004e-02
4.405080312470400355e-02
4.364715855335398603e-02
4.351997099187895207e-02
4.423139788096649289e-02
4.423139788096649289e-02
4.489791570471234755e-02
4.548402363907523560e-02
4.605211179712242336e-02
4.663327403923436809e-02
4.716253716842475074e-02
4.753348078340614152e-02
4.785056597766734060e-02
4.814171276608818217e-02
4.847447121388029356e-02
4.877161179308847627e-02
