4.142049631215773825e-02
4.129358383964720075e-02
4.004896183335426851e-02
3.938096065233924470e-02
3.883067106185077860e-02
3.830008292275178389e-02
3.746713175115428535e-02
3.671805488381327254e-02
3.597091997977140687e-02
3.530993421434323876e-02
3.461571044571992717e-02
3.461571044571992717e-02
3.401304089608351428e-02
3.355944688895191874e-02
3.302055470030963724e-02
3.259288489578381770e-02
3.210574167719169869e-02
3.167473480386726742e-02
3.113791110389346750e-02
3.055668978417653420e-02
2.992640155132805790e-02
2.930435499341346728e-02
2.930435499341346728e-02
2.865442593881806915e-02
2.814593504287552297e-02
2.765549782577503279e-02
2.719292175044385126e-02
2.681679897816002453e-02
2.639734913705886823e-02
2.607325363144664607e-02
2.561296185570306749e-02
2.520220120198131755e-02
2.477943993769574776e-02
2.477943993769574776e-02
2.436763324315134246e-02
2.387255128698232559e-02
2.334843765145855690e-02
2.276840693404790297e-02
2.221685931695351404e-02
2.169506706784955774e-02
2.119432003165493822e-02
2.067539757800777173e-02
2.037932493564810141e-02
1.998701963174332602e-02
1.998701963174332602e-02
1.940690403771454589e-02
1.892158103152183704e-02
1.853420395720500533e-02
1.819380468523977556e-02
1.811441674074099756e-02
1.806222883797838075e-02
1.810120481749984828e-02
1.813978879317838799e-02
1.819863386579591985e-02
1.828217928250771770e-02
1.828217928250771770e-02
1.848007210286840840e-02
1.885769866982023313e-02
1.894620800004417210e-02
1.872255759737930653e-02
1.846206028776874175e-02
1.826662701344784062e-02
1.831460193013976709e-02
1.818668592714469193e-02
1.795298865295403765e-02
1.768411978726412703e-02
1.768411978726412703e-02
1.729998673403913140e-02
1.668388252373678368e-02
1.608974139075836779e-02
1.532384900962001015e-02
1.486870137713481102e-02
1.441805464660721528e-02
1.404767727222493677e-02
1.385004449083708511e-02
1.376012590000409187e-02
1.398494471981282308e-02
1.398494471981282308e-02
1.423492721256292178e-02
1.448486945602491145e-02
1.486380069092325430e-02
1.501413926998504920e-02
1.534632350525975096e-02
1.546989618150966701e-02
1.558693959520220454e-02
1.544700103225551437e-02
1.529742585621140724e-02
1.530053665432780548e-02
1.530053665432780548e-02
1.523802663350072931e-02
1.518268734689171874e-02
1.475045189829171308e-02
1.419363140543595213e-02
1.384463040455635036e-02
1.351795561840800006e-02
1.331352960269663495e-02
1.327155716148740831e-02
1.340038576537403228e-02
1.362957407864215029e-02
1.362957407864215029e-02
1.380484285278396096e-02
1.372320175329741487e-02
1.354113104816736211e-02
1.335640443318963401e-02
1.333788992599480375e-02
1.342269125153205435e-02
1.361553117918966500e-02
1.392562290132779573e-02
1.441219868106581418e-02
1.498217827419566148e-02
1.498217827419566148e-02
1.527469830417249250e-02
1.548023661150477875e-02
1.560150650407773031e-02
1.564000223156544744e-02
1.561813632586091065e-02
1.568914789727452255e-02
1.575616563619900226e-02
1.588997392241595086e-02
1.600861577213819748e-02
1.613868291445773664e-02
1.613868291445773664e-02
1.638709211302311411e-02
1.666846133962549339e-02
1.677934603496614857e-02
1.681454918160823694e-02
1.689830440367273354e-02
1.702524613079537535e-02
1.713436146584495709e-02
1.723324587240537831e-02
1.726480376059596339e-02
1.746776461503268471e-02
1.746776461503268471e-02
1.765460201588054875e-02
1.774931917455109531e-02
1.761982529208792891e-02
1.743231465144172085e-02
1.717913141804178895e-02
1.767709542544871129e-02
1.828973851972414549e-02
1.897200695194596262e-02
1.960158095157136376e-02
2.026440091801029464e-02
2.026440091801029464e-02
2.079225678317039860e-02
2.122060906302431979e-02
2.156800997483471552e-02
2.177337769379929580e-02
2.167497748592895485e-02
2.151362889707399834e-02
2.119932571852387732e-02
2.079496029317175546e-02
2.034503467686389275e-02
1.986041597797571015e-02
1.986041597797571015e-02
1.934006731372394858e-02
1.888698116567459964e-02
1.871974188328578634e-02
1.856928559499006898e-02
1.819922202687064214e-02
1.787715023526920480e-02
1.770445586557729475e-02
1.758834044423018828e-02
1.758606062867533806e-02
1.771150206460781265e-02
1.771150206460781265e-02
1.788739637867744689e-02
1.801551785900642327e-02
1.797290715905702774e-02
1.796611123019275710e-02
1.795782536646250982e-02
1.804030137988687360e-02
1.816426168931267043e-02
1.825836751916071546e-02
1.813706118744949289e-02
1.792316729397875480e-02
1.792316729397875480e-02
1.777934454231343275e-02
1.755125773955879334e-02
1.717034274302617000e-02
1.684397625426399189e-02
1.655616925164627926e-02
1.636471991796281319e-02
1.606724446822411015e-02
1.598552726003961769e-02
1.589606226851482396e-02
1.585801288223669114e-02
1.585801288223669114e-02
1.588958042583572469e-02
1.597911859328226755e-02
1.606034186914576112e-02
1.619352251088630387e-02
1.646627937693923363e-02
1.661917316372998540e-02
1.665542371325749033e-02
1.663798456740900322e-02
1.651574422081076091e-02
1.634471696540884186e-02
1.634471696540884186e-02
1.623274409726556747e-02
1.613615228892704631e-02
1.598426745008014321e-02
1.610308057626621756e-02
1.624867477385319448e-02
1.643169908517484734e-02
1.654324906190059175e-02
1.661372559700776547e-02
1.661901436227639084e-02
1.658930128952371130e-02
1.658930128952371130e-02
1.647828589455370418e-02
1.638495774047700124e-02
1.628645245943082659e-02
1.625943781532551702e-02
1.626693725672988949e-02
1.632663531516119135e-02
1.628846201865741597e-02
1.625700067434964619e-02
1.624329305936152851e-02
1.622254777364421849e-02
1.622254777364421849e-02
1.622283617799380462e-02
1.617019305451311909e-02
1.606803207948851939e-02
1.589541677414424425e-02
1.577831259165126190e-02
1.575826683653001881e-02
1.571459170509388603e-02
1.573622640901717676e-02
1.579700434406748275e-02
1.583769579859856461e-02
1.583769579859856461e-02
1.577028412173319891e-02
1.571297211054550197e-02
1.552901430733527773e-02
1.548485189069411828e-02
1.547677622822750051e-02
1.533048046686577917e-02
1.519169421814270914e-02
1.514861709903189690e-02
1.510864609563025013e-02
1.510008376332118603e-02
1.510008376332118603e-02
1.511517828865951985e-02
1.508698269606843778e-02
1.490504521786637816e-02
1.481877900235142528e-02
1.465185912071308161e-02
1.456053052900740767e-02
1.473158745917232948e-02
1.514843453497178617e-02
1.558533882919807892e-02
1.590713576050137995e-02
1.590713576050137995e-02
1.605044322893930259e-02
1.621064811026445146e-02
1.622835327153132959e-02
1.620067236201085115e-02
1.610298161297953751e-02
1.595952552774124178e-02
1.579260831357031866e-02
1.565809382720813672e-02
1.568849441213129511e-02
1.590462000996097774e-02
1.590462000996097774e-02
1.615169624519313674e-02
1.612635030471217673e-02
1.601017122613750121e-02
1.586641990807369576e-02
1.585224236029874473e-02
1.589696547927998624e-02
1.595642033366715187e-02
1.603928497973417661e-02
1.607527320850728192e-02
1.611185517511525347e-02
1.611185517511525347e-02
1.612856939791462024e-02
1.611483197596782005e-02
1.606168662633282451e-02
1.596092048607869809e-02
1.600044736527451300e-02
1.606399551719666502e-02
1.614855094528275595e-02
1.614299119065025143e-02
1.618536833654549492e-02
1.621486326224524932e-02
1.621486326224524932e-02
1.609110831996130378e-02
1.600515402702179513e-02
1.595376555623168047e-02
1.578093410593895893e-02
1.570044689135632193e-02
1.556987926261240926e-02
1.532613152228838246e-02
1.511616293151248069e-02
1.513712217949496341e-02
1.496635855322083625e-02
1.496635855322083625e-02
1.490362491005899244e-02
1.532228940815793389e-02
1.581946550960632719e-02
1.618571855853636818e-02
1.642463560535356928e-02
1.670344705689490519e-02
1.677836110038725265e-02
1.680962953078955074e-02
1.674528353624857649e-02
1.656475623363273114e-02
1.656475623363273114e-02
1.626224671668506302e-02
1.599568944539400336e-02
1.575699034025137071e-02
1.573131919986489949e-02
1.634432298290611901e-02
1.701167370296658224e-02
1.764853257108440696e-02
1.807690935931507634e-02
1.838602543020277300e-02
1.862978624608243802e-02
1.862978624608243802e-02
1.871143703923436666e-02
1.864251820295625972e-02
1.840493199757390827e-02
1.818042936823226208e-02
1.797989265484460988e-02
1.773413954311797713e-02
1.754995839785597825e-02
1.755005415159013871e-02
1.765132400882794134e-02
1.778005945607517152e-02
1.778005945607517152e-02
1.788727392034397332e-02
1.801979320465572562e-02
1.804313381313402131e-02
1.812282903942400228e-02
1.809460311951483977e-02
1.810234386707762488e-02
1.812411620784159377e-02
1.809418913647653504e-02
1.795944219241790707e-02
1.792605758150550913e-02
1.792605758150550913e-02
1.780613009895807772e-02
1.781383716674284426e-02
1.775045779923223668e-02
1.784407650775670165e-02
1.790994385389479276e-02
1.800772571722948981e-02
1.805240491780044088e-02
1.801026665499338292e-02
1.791374350741700705e-02
1.787191764214114340e-02
1.787191764214114340e-02
1.800209762168190550e-02
1.811092448053132006e-02
1.824636675121975304e-02
1.816255279147311469e-02
1.809889027202211606e-02
1.789925858344223325e-02
1.785090892950459349e-02
1.771550457029972755e-02
1.764778719537414553e-02
1.751241446719940462e-02
1.751241446719940462e-02
1.729540997894681020e-02
1.708277094911676147e-02
1.684412500443999150e-02
1.666479299370923761e-02
1.656404931304352596e-02
1.645476354886081169e-02
1.652935249917949698e-02
1.669560300960016772e-02
1.684213745980144006e-02
1.701696677027870683e-02
1.701696677027870683e-02
1.722649613791940940e-02
1.742700485855995865e-02
1.758388260124231495e-02
1.764254892924838405e-02
1.771829355141434081e-02
1.778775996024275011e-02
1.771960235726391039e-02
1.757155166273240490e-02
1.731978314149458520e-02
1.705862987215403873e-02
1.705862987215403873e-02
1.700105338632970642e-02
1.695736419188310223e-02
1.692576552078441793e-02
1.683138089297402107e-02
1.678534624833580985e-02
1.676756224251461577e-02
1.678290857248046150e-02
1.678714314223223036e-02
1.677950058164761477e-02
1.666896826999823486e-02
1.666896826999823486e-02
1.662599161104566514e-02
1.652381060510278721e-02
1.627716659983568723e-02
1.615888453927388779e-02
1.610854827445045226e-02
1.613632695988443874e-02
1.619253365514137719e-02
1.617030746202418809e-02
1.618421167674008454e-02
1.613015131314938719e-02
1.613015131314938719e-02
1.598131955228487139e-02
1.586005049295673847e-02
1.569047417911783107e-02
1.557010111172273115e-02
1.543395366740659552e-02
1.532803800396210191e-02
1.526934413062526648e-02
1.522931872734916217e-02
1.516230938292164807e-02
1.505257511721726227e-02
1.505257511721726227e-02
1.509171487493280762e-02
1.506263616941656835e-02
1.502204382129789309e-02
1.498897625241443592e-02
1.501148544775519726e-02
1.502293079372842878e-02
1.503268705702196992e-02
1.496620673949172232e-02
1.485865133405312247e-02
1.461613244061327199e-02
1.461613244061327199e-02
1.445636847559435799e-02
1.432885210337175690e-02
1.424949592823340945e-02
1.421130000210070118e-02
1.418512947213443690e-02
1.408228504292386406e-02
1.402532507551648190e-02
1.396724530182871793e-02
1.389385375958379458e-02
1.383289141469425804e-02
1.383289141469425804e-02
1.379013426082041291e-02
1.372865551438238844e-02
1.383503843182047957e-02
1.394937841673991180e-02
1.397199746396428702e-02
1.396019071977042982e-02
1.385546489243448011e-02
1.375576883450755142e-02
1.358860807692502046e-02
1.354255799060148126e-02
1.354255799060148126e-02
1.351021380761820330e-02
1.351900224209284795e-02
1.364445450791757983e-02
1.386876661547653371e-02
1.406718084425536558e-02
1.415373541727849190e-02
1.416709322918384070e-02
1.409963513403143277e-02
1.395197380922247321e-02
1.380207168126381528e-02
1.380207168126381528e-02
1.366375978663723033e-02
1.353403254646891318e-02
1.335539589340852332e-02
1.316587820215690992e-02
1.308199649827275664e-02
1.303481331610205178e-02
1.299679138436806401e-02
1.301883062443557303e-02
1.298266188138607301e-02
1.297707209371552588e-02
1.297707209371552588e-02
1.297034181955738878e-02
1.306611138592259080e-02
1.315542664376016281e-02
1.318336064850911607e-02
1.317784217200680674e-02
1.320440311432900284e-02
1.307656999927281349e-02
1.287383699563556839e-02
1.262226956404041527e-02
1.287123907477162252e-02
1.287123907477162252e-02
1.310842849170503963e-02
1.321492414629500504e-02
1.327026919529942367e-02
1.332811404123543722e-02
1.335679328855952745e-02
1.331707028257446759e-02
1.330685918140738118e-02
1.323261998740410221e-02
1.319737308077307929e-02
1.317280785294241974e-02
1.317280785294241974e-02
1.318142200978154877e-02
1.317624340209180671e-02
1.307541459228515369e-02
1.299310661111284168e-02
1.289624005430515391e-02
1.289080426012874543e-02
1.275107143873053205e-02
1.273561088001594691e-02
1.276867562456462588e-02
1.283476568622414840e-02
1.283476568622414840e-02
1.299068685579110767e-02
1.314813916130973606e-02
1.336596128080808250e-02
1.356038135511268734e-02
1.366571798963338129e-02
1.376807148804951031e-02
1.376230958505764677e-02
1.365918054748336587e-02
1.347991697116342723e-02
1.321314015902099251e-02
1.321314015902099251e-02
1.299125206666662709e-02
1.284458098130629791e-02
1.282787393284390114e-02
1.300172871725963769e-02
1.329314844131878302e-02
1.355106033751809699e-02
1.379091028674874798e-02
1.399856834114254940e-02
1.399856834114254940e-02
1.406168703990371381e-02
1.406168703990371381e-02
1.403097753784731359e-02
1.396631798256310619e-02
1.389110257988115764e-02
1.380206632477694491e-02
1.375134392297991046e-02
1.371995579753774661e-02
1.370852888147622815e-02
1.389061301392191181e-02
1.411567121361804664e-02
1.422444058837929459e-02
1.422444058837929459e-02
1.424309816224665626e-02
1.418078951474192710e-02
1.405243145679472942e-02
1.399607210939309704e-02
1.394503735731268852e-02
1.392876795966251080e-02
1.394621840347938339e-02
1.400269530868412417e-02
1.405983756325844547e-02
1.417299554612550840e-02
1.417299554612550840e-02
1.425572158854855435e-02
1.425258058378803608e-02
1.422559151709424860e-02
1.411568482746574510e-02
1.411794068310111630e-02
1.429427353360251257e-02
1.454392065339439773e-02
1.489180913457836646e-02
1.514222099699949996e-02
1.527974113376345290e-02
1.527974113376345290e-02
1.537396204013553695e-02
1.547023359736782351e-02
1.538486910534413513e-02
1.536925322227166400e-02
1.511840504755003999e-02
1.486327401344311565e-02
1.477618185298500662e-02
1.479673671584690736e-02
1.484203160469660387e-02
1.492157780447714473e-02
