2.426115494835878825e-03
2.426115494835878825e-03
1.664658695350220612e-03
1.553120975081524269e-03
1.906541177010154676e-03
2.278097062578529793e-03
2.430863526316168720e-03
2.702532039749721855e-03
3.084042675049592126e-03
3.609029963182922018e-03
3.971647020437917008e-03
4.188991214902348069e-03
4.188991214902348069e-03
4.224320205277094092e-03
4.175799504995698908e-03
3.999461680046510585e-03
3.646748520245075321e-03
3.314442974532449872e-03
2.893385212235397713e-03
2.465197901304604870e-03
2.108518219754019433e-03
1.847199584393483364e-03
1.625943274826070024e-03
1.625943274826070024e-03
1.498436159442783971e-03
1.448521306680623962e-03
1.539260901509114732e-03
1.775138946245715353e-03
2.033738558573452461e-03
2.313201237213412514e-03
2.368177917490151083e-03
2.313574551137826882e-03
2.275893346425961888e-03
2.280249759641148413e-03
2.280249759641148413e-03
2.389443039643022147e-03
2.440015248518662052e-03
2.473923010684145676e-03
2.542290824026994210e-03
2.590796812155583915e-03
2.583797279953455473e-03
2.545141118006152489e-03
2.423741364883163271e-03
2.292485668843751573e-03
2.154645971699505752e-03
2.154645971699505752e-03
1.944596772164708300e-03
2.005619000752202705e-03
2.096727734717268414e-03
2.119023384842954640e-03
2.101744394293915234e-03
2.031883294784279839e-03
1.920340228371781102e-03
1.740537680091117437e-03
1.457335714329081921e-03
1.310166672124595758e-03
1.310166672124595758e-03
1.272272453030088776e-03
1.410255136696301212e-03
1.556097818647554903e-03
1.767629868410889368e-03
1.851447981999053459e-03
1.989783931455223892e-03
2.015143855103887927e-03
1.958674230779311985e-03
1.909096836283808579e-03
1.831047990216639080e-03
1.831047990216639080e-03
1.727012711084106736e-03
1.624449484502038998e-03
1.477297577535594030e-03
1.464668328982133769e-03
1.581922629084904323e-03
1.668004662307013327e-03
1.746149238840625888e-03
1.741305242451832115e-03
1.678551022910658311e-03
1.595145446799868440e-03
1.595145446799868440e-03
1.564984395254669222e-03
1.552278700757523224e-03
1.849286864207519681e-03
2.063127095821291109e-03
2.152321072284989201e-03
2.160686857934334890e-03
2.048075571142565429e-03
1.909359921477130507e-03
1.824352285650593462e-03
1.733581448747334962e-03
1.733581448747334962e-03
1.690287415554827914e-03
1.738586827310850767e-03
1.890334724854784510e-03
1.977895190725375511e-03
1.955372831850975615e-03
1.883344253244234948e-03
1.781303506920200183e-03
1.621001782423278246e-03
1.534736459663209275e-03
1.549859372541211424e-03
1.549859372541211424e-03
1.668039525188330392e-03
1.770952697808153608e-03
1.935585088153568513e-03
1.959435513550372189e-03
1.876591577473366804e-03
1.728390614519870758e-03
1.657114046425723188e-03
1.594484488615049208e-03
1.503458767727480164e-03
1.441282246137722944e-03
1.441282246137722944e-03
1.472061612818587094e-03
1.542868982121670205e-03
1.578418174102995744e-03
1.610131642077151102e-03
1.483091431409032596e-03
1.365214239414850152e-03
1.272379347061435495e-03
1.213817612504477974e-03
1.360487191860445567e-03
1.530856768556042085e-03
1.530856768556042085e-03
1.606293472303261345e-03
1.504188752513240359e-03
1.264515258551581313e-03
1.115240758637037286e-03
1.173486342392646414e-03
1.436259056708127403e-03
1.646277472950337557e-03
1.781928522072734767e-03
1.706694429113555156e-03
1.541772301109398113e-03
1.541772301109398113e-03
1.284254343251280345e-03
1.160694111682165344e-03
1.124962820583510180e-03
1.205257453881272136e-03
1.308434379896213908e-03
1.337059498322453865e-03
1.316383573340241999e-03
1.474300303300847981e-03
1.631046992228985752e-03
1.720864075999685612e-03
1.720864075999685612e-03
1.676706628453308954e-03
1.462729832946614529e-03
1.258954604225851707e-03
1.118569349922624110e-03
1.067111476473409917e-03
1.125524133747179490e-03
1.234477113056567463e-03
1.428307913427822066e-03
1.450099121545232695e-03
1.441341224633442553e-03
1.441341224633442553e-03
1.362121613309026386e-03
1.200380087351194227e-03
9.833889862097720206e-04
8.244535764340474695e-04
7.300158895539036108e-04
7.749805900613674801e-04
1.071855353728539328e-03
1.352886247607922639e-03
1.625915101125602379e-03
1.658185271585401041e-03
1.658185271585401041e-03
1.530105855073193811e-03
1.249746158297393786e-03
9.451586512983079077e-04
7.589073155322855922e-04
7.412972308238305634e-04
9.137763970500818733e-04
1.200371880629461704e-03
1.466682046314743242e-03
1.614536758630345358e-03
1.588371126647364351e-03
1.588371126647364351e-03
1.335287834986893102e-03
1.145040257188396611e-03
1.013559585281412342e-03
9.866728818865920340e-04
1.018987747090220261e-03
1.081068571672985775e-03
1.155644985806866419e-03
1.183285411990141287e-03
1.086946387918276587e-03
9.561099788269420427e-04
9.561099788269420427e-04
8.761410459190983706e-04
8.394897551954572882e-04
8.709620018118244267e-04
8.504079388138792482e-04
9.054621400112705882e-04
9.567229282850444466e-04
9.276139655190754818e-04
9.178769559375859035e-04
9.892634471985763383e-04
1.134865860226825195e-03
1.134865860226825195e-03
1.157248090421468534e-03
1.170546178403663977e-03
1.202455031194272920e-03
1.248265037165492176e-03
1.239388459923841754e-03
1.061173478237248738e-03
9.626169788588513025e-04
9.527480375904253534e-04
1.002879355118135125e-03
9.702747828927996620e-04
9.702747828927996620e-04
8.926731222957443555e-04
8.518865622706345070e-04
8.408162956469663078e-04
9.256126369577341974e-04
9.692717708648585558e-04
9.714442535398836592e-04
1.098159173768640780e-03
1.202047814617586202e-03
1.328699712922324066e-03
1.494192980541691118e-03
1.494192980541691118e-03
1.571376088268933158e-03
1.458567797188711551e-03
1.254331786809592328e-03
9.932430651713019393e-04
9.496970356442609781e-04
1.129667749692539382e-03
1.260638602074688188e-03
1.441682706146655375e-03
1.632639383253585517e-03
1.701108798765023746e-03
1.701108798765023746e-03
1.639724325798171166e-03
1.513564181747700885e-03
1.384773520686229976e-03
1.335514828814653512e-03
1.419664705432136919e-03
1.538231858495328792e-03
1.638483524984877876e-03
1.739421328466061968e-03
1.800153762244762617e-03
1.816151391165446178e-03
1.816151391165446178e-03
1.807100930352243664e-03
1.679426225645804698e-03
1.547427166267360647e-03
1.457025123171596000e-03
1.476930388590743781e-03
1.601467846409126462e-03
1.812332081435948311e-03
1.993243425171864307e-03
1.998929531902152949e-03
1.877378981998710505e-03
1.877378981998710505e-03
1.656268823208478834e-03
1.428431294737986593e-03
1.294668263612052663e-03
1.182316459909903660e-03
1.180239365555295480e-03
1.335967743970138287e-03
1.588483175374454451e-03
1.771945705132800053e-03
1.875129077571587727e-03
1.953240996344937294e-03
