1.777149124957187049e-02
1.803944884310201141e-02
1.816836838314577623e-02
1.852091694413556672e-02
1.865530473359986591e-02
1.883262673112156421e-02
1.918285251987658646e-02
1.932817462216167292e-02
1.951847897205877258e-02
1.963756596078269911e-02
1.969497908252264978e-02
1.969497908252264978e-02
1.993966502996645171e-02
2.017794416679897715e-02
2.046580205278818176e-02
2.037183830780536428e-02
2.036083897574839791e-02
2.030323386321193635e-02
2.021862800819692121e-02
2.007958248765530362e-02
2.005572773053904828e-02
1.992162273137533524e-02
1.992162273137533524e-02
1.987474294633071251e-02
1.977278292277990721e-02
1.970297249071326431e-02
1.961933422119027659e-02
1.946882189005053054e-02
1.931830897175870060e-02
1.918220225307338753e-02
1.900954494649763349e-02
1.881234955396428668e-02
1.866192204943372887e-02
1.866192204943372887e-02
1.854233185609644591e-02
1.835646744605753597e-02
1.819535923212567755e-02
1.810121607623549345e-02
1.815172438681169134e-02
1.826284795779549788e-02
1.831519855886442477e-02
1.848700986756682610e-02
1.864050583537527062e-02
1.877154051931543416e-02
1.877154051931543416e-02
1.885957728974291259e-02
1.899004458344229554e-02
1.912605026901686989e-02
1.923667029085651334e-02
1.930021687057940569e-02
1.940648983324113827e-02
1.956668293151130056e-02
1.972315164401408291e-02
1.980955121059438384e-02
1.989225102183069319e-02
1.989225102183069319e-02
1.993717967158075213e-02
1.991233628543036954e-02
1.980178295157884738e-02
1.955709915462930035e-02
1.936481552545027060e-02
1.920970633693197538e-02
1.903216452844335230e-02
1.881265613813301943e-02
1.865640723435301948e-02
1.854043969492881472e-02
1.854043969492881472e-02
1.848655969981098657e-02
1.842520942390638364e-02
1.841013522521078513e-02
1.838649235640192614e-02
1.832443951962541701e-02
1.831007655107948912e-02
1.829220527822481013e-02
1.825622768937169849e-02
1.821679251101045172e-02
1.822759993512643173e-02
1.822759993512643173e-02
1.821977900537117764e-02
1.813710063501147371e-02
1.812544399868477527e-02
1.816754791112423773e-02
1.825193817636583046e-02
1.840712394998488682e-02
1.862831310174547714e-02
1.872945676629185485e-02
1.885347828802335160e-02
1.894934717024025078e-02
1.894934717024025078e-02
1.905427455199051184e-02
1.906747423687136719e-02
1.910997521837009064e-02
1.911955861674832780e-02
1.918498356944867839e-02
1.921876485667629864e-02
1.926528946117821162e-02
1.934072245836902099e-02
1.946416341154504070e-02
1.960678963908661296e-02
1.960678963908661296e-02
1.974407213976917333e-02
1.993663170912535892e-02
2.022143092664833650e-02
2.042688033903281367e-02
2.050638601009940887e-02
2.061162412232798308e-02
2.077514443179130643e-02
2.085574599254194986e-02
2.095837602073336720e-02
2.093074554740111809e-02
2.093074554740111809e-02
2.104845272175262516e-02
2.123764676653487962e-02
2.143604960801691675e-02
2.156643959398283142e-02
2.168615272759297566e-02
2.172529347803210317e-02
2.168172471713808100e-02
2.161124597339031395e-02
2.158191395952576558e-02
2.153236442903686335e-02
2.153236442903686335e-02
2.130333065520394892e-02
2.088892658729060714e-02
2.049132862489267196e-02
2.016047267818482994e-02
1.991214545261659613e-02
1.958927529016146057e-02
1.926944367844903375e-02
1.913490877038691307e-02
1.901896522762364095e-02
1.886463860706513382e-02
1.886463860706513382e-02
1.873927446017010709e-02
1.871285708174582826e-02
1.866591391809040504e-02
1.862990849801082760e-02
1.859245046797428427e-02
1.845854005915867346e-02
1.836117860632447557e-02
1.828712976434220330e-02
1.807562311585645884e-02
1.784025269112248652e-02
1.784025269112248652e-02
1.768607136962150120e-02
1.752127044249920940e-02
1.734651855131258066e-02
1.727136318220690372e-02
1.725114956651236167e-02
1.716270118806625597e-02
1.713765537345512263e-02
1.725635128378202876e-02
1.737523362885913872e-02
1.749659145853051101e-02
1.749659145853051101e-02
1.756739087550254069e-02
1.774413325023669816e-02
1.790490625421545245e-02
1.817396467453337439e-02
1.830443199382598279e-02
1.836333393409284379e-02
1.837615271401000366e-02
1.833078839089033463e-02
1.833500487269450890e-02
1.809964630740643760e-02
1.809964630740643760e-02
1.789657271241153202e-02
1.775595935338972892e-02
1.755004108449926756e-02
1.741672060376111067e-02
1.723465097295422480e-02
1.703200231572700798e-02
1.687885896192945281e-02
1.673052057545261137e-02
1.659575983484604458e-02
1.642121033600986782e-02
1.642121033600986782e-02
1.623102363261674438e-02
1.607198393559747251e-02
1.595223423968771675e-02
1.579617104407746164e-02
1.572426163079918351e-02
1.556535897072026074e-02
1.537388347937676189e-02
1.532224305745217077e-02
1.524049271929792115e-02
1.499234093149230500e-02
1.499234093149230500e-02
1.477259007139444108e-02
1.459763552359228528e-02
1.455352424704317062e-02
1.457164743865485557e-02
1.450863697210630181e-02
1.454587685835073176e-02
1.457118647812329255e-02
1.461496125235773116e-02
1.465951353670670240e-02
1.469884592202763858e-02
1.469884592202763858e-02
1.480933229439458480e-02
1.487499120861095377e-02
1.487335965945063739e-02
1.482124472314258132e-02
1.474966748833664125e-02
1.455686340207460426e-02
1.433766762794205091e-02
1.433766762794205091e-02
1.433766762794205091e-02
1.421763190054439741e-02
1.421763190054439741e-02
1.411865780929698333e-02
1.413801653100333483e-02
1.425047685551313580e-02
1.450003695039157187e-02
1.487080947927977778e-02
1.528058185412614622e-02
1.561548375398941028e-02
1.597926448076374475e-02
1.624789886995476468e-02
1.630621968058102236e-02
1.630621968058102236e-02
1.607627299275752458e-02
1.570181292347946900e-02
1.504052191496267100e-02
1.426607309513525795e-02
1.367188706415132377e-02
1.317149515026775838e-02
1.279482691622143425e-02
1.245920008108113847e-02
1.212280530625644941e-02
1.182939557818922342e-02
1.182939557818922342e-02
1.169504590542281772e-02
1.154200361909776471e-02
1.140823933082866191e-02
1.121732913140033490e-02
1.114639510621448851e-02
1.111329456721415511e-02
1.105459492066338326e-02
1.099005394434399499e-02
1.035031379690957293e-02
9.826426880490634480e-03
9.826426880490634480e-03
9.378979392159951176e-03
8.907455846716958586e-03
8.464570895471949449e-03
8.081046609522022847e-03
7.735414114340382133e-03
7.454500366647769626e-03
7.299589436315108600e-03
7.186166383959710288e-03
7.179858006969961834e-03
7.231538108241306571e-03
7.231538108241306571e-03
7.316805962018431940e-03
7.475391008493287304e-03
7.685405589304422289e-03
8.024052119107347517e-03
7.887437163367452125e-03
7.700522767805284205e-03
7.694315299540661554e-03
7.711153721509675027e-03
7.697908152346399219e-03
7.733215325299065343e-03
7.733215325299065343e-03
7.845811469136685506e-03
7.946410125882961278e-03
8.072548141851430478e-03
8.284047549265795285e-03
8.503523651194739436e-03
8.692755636190737170e-03
8.771021511995182735e-03
8.794699725708935226e-03
8.776163861546495623e-03
8.658147327721616923e-03
8.658147327721616923e-03
8.412985195237730057e-03
8.186878541367948597e-03
8.023098541979606368e-03
7.835817913399101275e-03
7.720595283257711793e-03
7.579150675143246640e-03
7.563159077679166772e-03
7.633113029847339408e-03
7.795153944816991115e-03
8.095195628609457364e-03
8.095195628609457364e-03
8.313393506077342010e-03
8.513977562722430115e-03
8.674801137259088857e-03
8.858282203275733360e-03
8.944362534288116326e-03
9.041967075326999559e-03
9.113111551168492919e-03
9.252628547901865091e-03
9.403382224807931011e-03
9.534355470525800180e-03
9.534355470525800180e-03
9.745090939848436579e-03
9.972156112026866331e-03
1.023261297468590868e-02
1.043072743839162757e-02
1.057713940459044724e-02
1.071572436145352102e-02
1.079617606309782145e-02
1.074738484434527470e-02
1.074445168080209734e-02
1.073907631923932092e-02
1.073907631923932092e-02
1.068453074111032700e-02
1.062589645889433672e-02
1.058001680708592351e-02
1.055786263857250162e-02
1.046128162483896638e-02
1.027379800301203051e-02
1.011471120591601013e-02
9.955240134976039643e-03
9.871656098089327813e-03
9.677513387690007268e-03
9.677513387690007268e-03
9.514198017231455598e-03
9.344916652554734193e-03
9.189922585332114049e-03
9.083422224385469257e-03
9.377435013772290537e-03
9.908472862281077903e-03
1.058937280217707791e-02
1.124530631164477774e-02
1.170656348384829619e-02
1.206838334212244172e-02
1.206838334212244172e-02
1.230914486053420048e-02
1.248466786009800288e-02
1.231136168866881278e-02
1.204646471080309846e-02
1.184466847047836204e-02
1.156959854886483764e-02
1.125930519209263070e-02
1.098974270808297272e-02
1.073364196282922817e-02
1.059160853651363622e-02
1.059160853651363622e-02
1.043258363762488393e-02
1.023225003467578484e-02
1.009152507437790364e-02
9.815240610957237308e-03
9.621605365135683929e-03
9.513545178245557191e-03
9.435362634313991179e-03
9.359817260357710528e-03
9.187368640231317191e-03
9.064269131704700763e-03
9.064269131704700763e-03
9.009070598436164437e-03
8.967758523199824763e-03
8.958548142417192828e-03
8.949335238866549039e-03
8.971929806139646371e-03
9.010465521022659532e-03
9.123273220817797527e-03
9.231155356202582624e-03
9.335683614612053094e-03
9.414727819273938092e-03
9.414727819273938092e-03
9.390677004476081016e-03
9.383393797967227307e-03
9.432319948840117360e-03
9.504609027431555959e-03
9.636305384317086359e-03
9.752294071382890811e-03
9.877204339021956880e-03
1.002590657301528389e-02
1.016321683785502070e-02
1.028895600596769870e-02
1.028895600596769870e-02
1.028895600596769870e-02
1.031600715352936314e-02
1.031600715352936314e-02
1.031600715352936314e-02
1.031600715352936314e-02
1.031600715352936314e-02
1.037690852032322093e-02
1.040559775892181682e-02
1.033716982043810309e-02
1.025371354352069657e-02
1.025371354352069657e-02
1.011836604103151342e-02
9.926519789976663913e-03
9.702556955758572313e-03
9.548854978839196178e-03
9.450252338353642978e-03
9.399345212738949643e-03
9.307797493040099665e-03
9.209297291891717363e-03
9.071153867950340274e-03
9.000035132076615249e-03
9.000035132076615249e-03
8.860258649726570485e-03
8.852288326711045194e-03
8.889902485077193564e-03
8.977722460111671465e-03
9.181674645235131729e-03
9.446175739653979789e-03
9.637701648803547599e-03
9.795659382791400971e-03
9.907335100060562019e-03
9.990667557635736148e-03
9.990667557635736148e-03
1.000964273276935303e-02
9.978205143692941634e-03
9.923970682567411286e-03
9.811671974975181426e-03
9.694742211332922632e-03
9.567176954057338492e-03
9.482351043026126039e-03
9.397164329563926013e-03
9.306551511633802745e-03
9.341745875198197158e-03
9.341745875198197158e-03
9.419351325179781825e-03
9.400810603230684917e-03
9.471534783455304307e-03
9.519473742647662634e-03
9.587773089601825047e-03
9.566549768627911898e-03
9.499133469028494745e-03
9.444420988636920838e-03
9.366163755306956135e-03
9.308972820838342169e-03
9.308972820838342169e-03
9.290848931494904636e-03
9.352906566953349959e-03
9.422056199806653695e-03
9.522055749388204024e-03
9.556545914147640888e-03
9.617815631622089745e-03
9.641185821655630719e-03
9.654298156768520434e-03
9.644681859418481260e-03
9.676137414520488700e-03
9.676137414520488700e-03
9.664917733369301350e-03
9.689914612923070797e-03
9.669767232645377908e-03
9.717552660900630190e-03
9.766378169045259600e-03
9.798373586633058949e-03
9.958207041651385635e-03
1.004698292241145048e-02
1.010276124020972541e-02
1.010019739133328175e-02
1.010019739133328175e-02
1.007014099156762314e-02
9.984154569018586015e-03
9.896842667821759143e-03
9.832510569315177501e-03
9.793793883955020582e-03
9.726191545181719564e-03
9.721270594737126472e-03
9.801309574960500454e-03
9.902528578042153057e-03
9.987705749555273252e-03
9.987705749555273252e-03
1.009125765820162272e-02
1.002640548736021507e-02
9.962039727593558977e-03
9.863513430590808637e-03
9.758947787425599138e-03
9.674705302130555407e-03
9.603449586938364244e-03
9.603367911922257999e-03
9.535522713430173714e-03
9.436373051445730992e-03
9.436373051445730992e-03
9.353723027274354201e-03
9.196966640604436680e-03
9.049417033974677810e-03
8.935470157972308022e-03
8.767733412403158275e-03
8.712938546033017345e-03
8.665819948253616206e-03
8.609671711485333487e-03
8.598234460002554883e-03
8.602451288079161762e-03
8.602451288079161762e-03
8.682919049671312950e-03
8.807405414703491087e-03
8.962246929271295431e-03
7.890746537918652895e-03
7.046198630185960751e-03
6.357937904156791241e-03
5.802850427329009006e-03
5.396398255131372793e-03
5.135747183940630491e-03
5.001126163536342289e-03
5.001126163536342289e-03
4.981906378004482237e-03
5.045891846674902328e-03
5.018522443185324464e-03
5.038346148065489527e-03
5.152544667811639542e-03
5.391084942780974797e-03
5.731057898158507975e-03
6.118734070380614336e-03
6.434915823568673580e-03
6.723861922483795328e-03
6.723861922483795328e-03
6.946123030618042184e-03
7.178078985995885695e-03
7.411809098597627564e-03
7.435208733932651207e-03
7.472367087092568125e-03
7.532142418544253426e-03
7.457630818317305225e-03
7.317909410890148340e-03
7.201298919614438493e-03
7.052011256384748024e-03
7.052011256384748024e-03
6.790691492970053408e-03
6.476828681589745160e-03
6.132930966061066191e-03
5.821065825710980760e-03
5.604128466989479092e-03
5.435827735778946297e-03
5.290335576950998438e-03
5.195994201484929222e-03
5.078517822255968449e-03
4.964848307040981186e-03
4.964848307040981186e-03
4.888489890700830134e-03
4.838081022664796407e-03
4.781594178413083908e-03
4.765875465736413123e-03
4.555800086674920320e-03
4.356822741973644629e-03
4.217675853328908993e-03
4.124032939729523929e-03
4.067180824147450906e-03
3.927697802800840521e-03
3.927697802800840521e-03
3.942319532821984135e-03
3.954021047095882153e-03
4.030440112293485859e-03
4.195709437546805802e-03
4.415634779678121423e-03
4.596365925814771027e-03
4.836790765148776469e-03
5.060354218486521824e-03
5.115142180816818589e-03
5.107177623310189991e-03
5.107177623310189991e-03
5.102676028584308097e-03
5.146359644128320650e-03
5.252201333426795467e-03
5.375890889179287847e-03
5.467552237891573283e-03
5.553467934876133404e-03
5.627567802739076586e-03
5.684128014892691344e-03
5.800272359355347108e-03
5.823064298373753847e-03
5.823064298373753847e-03
5.844122329677715021e-03
5.823317813083392011e-03
5.798928350209486479e-03
5.770069408983488635e-03
5.717421264927110940e-03
5.713208200897110581e-03
5.582940128661065954e-03
5.488525990098832089e-03
5.409287919828788260e-03
5.368770349703231790e-03
