1.054417062550783157e-02
1.054417062550783157e-02
1.060189958661794662e-02
1.186604332178831100e-02
1.290418952703475952e-02
1.408708933740854263e-02
1.483008917421102524e-02
1.544236671179533005e-02
1.606254279613494873e-02
1.659213751554489136e-02
1.703289337456226349e-02
1.730252802371978760e-02
1.730252802371978760e-02
1.746556535363197327e-02
1.726968586444854736e-02
1.676562987267971039e-02
1.665598526597023010e-02
1.638102345168590546e-02
1.600487530231475830e-02
1.554969139397144318e-02
1.510276738554239273e-02
1.469691749662160873e-02
1.438439078629016876e-02
1.438439078629016876e-02
1.412295736372470856e-02
1.379865966737270355e-02
1.325887069106101990e-02
1.268421765416860580e-02
1.222344115376472473e-02
1.176694408059120178e-02
1.143096014857292175e-02
1.119511853903532028e-02
1.113059371709823608e-02
1.097078062593936920e-02
1.097078062593936920e-02
1.081706769764423370e-02
1.065850444138050079e-02
1.052699424326419830e-02
1.042653899639844894e-02
1.046941615641117096e-02
1.057172100991010666e-02
1.063839532434940338e-02
1.067227497696876526e-02
1.061967108398675919e-02
1.052294112741947174e-02
1.052294112741947174e-02
1.040855795145034790e-02
1.031967625021934509e-02
1.016268599778413773e-02
1.001432351768016815e-02
9.875204414129257202e-03
9.757619351148605347e-03
9.609233587980270386e-03
9.472372941672801971e-03
9.382972493767738342e-03
9.412839077413082123e-03
9.412839077413082123e-03
9.438105858862400055e-03
9.435007348656654358e-03
9.522994048893451691e-03
9.537364356219768524e-03
9.502382017672061920e-03
9.488907642662525177e-03
9.445983916521072388e-03
9.367436170578002930e-03
9.334763512015342712e-03
9.299099445343017578e-03
9.299099445343017578e-03
9.292899630963802338e-03
9.285438805818557739e-03
9.256992489099502563e-03
9.286930784583091736e-03
9.394800290465354919e-03
9.594033472239971161e-03
9.828658774495124817e-03
1.009024959057569504e-02
1.029118802398443222e-02
1.041246578097343445e-02
1.041246578097343445e-02
1.051981654018163681e-02
1.055921800434589386e-02
1.047116983681917191e-02
1.039459463208913803e-02
1.033449824899435043e-02
1.033940818160772324e-02
1.047773472964763641e-02
1.062931120395660400e-02
1.077968347817659378e-02
1.078806445002555847e-02
1.078806445002555847e-02
1.075609959661960602e-02
1.063419226557016373e-02
1.051422581076622009e-02
1.040113624185323715e-02
1.022401638329029083e-02
1.008525583893060684e-02
9.980636648833751678e-03
9.929349645972251892e-03
9.850404225289821625e-03
9.796041063964366913e-03
9.796041063964366913e-03
9.718772955238819122e-03
9.614525362849235535e-03
9.538607671856880188e-03
9.502493776381015778e-03
9.446078911423683167e-03
9.391998872160911560e-03
9.474360384047031403e-03
9.566478431224822998e-03
9.620612487196922302e-03
9.668324142694473267e-03
9.668324142694473267e-03
9.586734697222709656e-03
9.501578286290168762e-03
9.577878750860691071e-03
9.737397544085979462e-03
9.973304346203804016e-03
1.018276903778314590e-02
1.031496562063694000e-02
1.034211274236440659e-02
1.023642998188734055e-02
1.009449083358049393e-02
1.009449083358049393e-02
9.893273934721946716e-03
9.772964753210544586e-03
9.713016450405120850e-03
9.681974537670612335e-03
9.647290222346782684e-03
9.689607657492160797e-03
9.694455191493034363e-03
9.481045417487621307e-03
9.294477291405200958e-03
9.192267432808876038e-03
9.192267432808876038e-03
9.133581072092056274e-03
9.113149717450141907e-03
9.179673157632350922e-03
9.368525817990303040e-03
9.598570875823497772e-03
9.846205823123455048e-03
1.003339048475027084e-02
1.045952457934617996e-02
1.082385517656803131e-02
1.109295710921287537e-02
1.109295710921287537e-02
1.128083094954490662e-02
1.147103589028120041e-02
1.167205814272165298e-02
1.188553124666213989e-02
1.207746565341949463e-02
1.209096796810626984e-02
1.202865596860647202e-02
1.190729252994060516e-02
1.170617435127496719e-02
1.134498324245214462e-02
1.134498324245214462e-02
1.100172195583581924e-02
1.065243128687143326e-02
1.021386310458183289e-02
9.707088582217693329e-03
9.464773349463939667e-03
9.393964894115924835e-03
9.494761936366558075e-03
9.706236422061920166e-03
9.850295260548591614e-03
9.833249263465404510e-03
9.833249263465404510e-03
9.614941664040088654e-03
9.352017194032669067e-03
9.052883833646774292e-03
8.690742775797843933e-03
8.353315293788909912e-03
8.079607971012592316e-03
7.864083163440227509e-03
7.746916264295578003e-03
7.692956831306219101e-03
7.636259775608778000e-03
7.636259775608778000e-03
7.564537227153778076e-03
7.456486113369464874e-03
7.340271025896072388e-03
7.248978130519390106e-03
7.252984214574098587e-03
7.250570692121982574e-03
7.340084761381149292e-03
7.484467234462499619e-03
7.683236617594957352e-03
7.683236617594957352e-03
7.683236617594957352e-03
7.938586175441741943e-03
8.257814683020114899e-03
8.628292009234428406e-03
8.995955809950828552e-03
9.350416250526905060e-03
9.736381471157073975e-03
1.007280871272087097e-02
1.033743191510438919e-02
1.056348346173763275e-02
1.076939515769481659e-02
1.076939515769481659e-02
1.092323474586009979e-02
1.102698408067226410e-02
1.115266047418117523e-02
1.125659141689538956e-02
1.131042838096618652e-02
1.131017040461301804e-02
1.128651760518550873e-02
1.122334226965904236e-02
1.109880954027175903e-02
1.088879071176052094e-02
1.088879071176052094e-02
1.069521252065896988e-02
1.051246374845504761e-02
1.038645021617412567e-02
1.030341163277626038e-02
1.033000182360410690e-02
1.043549273163080215e-02
1.056233886629343033e-02
1.057015452533960342e-02
1.049081888049840927e-02
1.049081888049840927e-02
1.049081888049840927e-02
1.030237600207328796e-02
1.010585110634565353e-02
9.930418804287910461e-03
9.853024035692214966e-03
9.851897135376930237e-03
9.942298755049705505e-03
9.967897087335586548e-03
9.990664198994636536e-03
9.887206368148326874e-03
9.680256247520446777e-03
9.680256247520446777e-03
9.482279419898986816e-03
9.305911138653755188e-03
9.232599288225173950e-03
9.189455769956111908e-03
9.122276678681373596e-03
9.053882211446762085e-03
8.941902779042720795e-03
8.784948848187923431e-03
8.524575270712375641e-03
8.296320214867591858e-03
8.296320214867591858e-03
8.211273699998855591e-03
8.253595791757106781e-03
8.486423641443252563e-03
8.866506628692150116e-03
9.299618192017078400e-03
9.654820896685123444e-03
9.872458875179290771e-03
9.847166016697883606e-03
9.792796336114406586e-03
9.774831123650074005e-03
9.774831123650074005e-03
9.927565231919288635e-03
1.023342646658420563e-02
1.061704568564891815e-02
1.102000847458839417e-02
1.137951482087373734e-02
1.159643568098545074e-02
1.160425227135419846e-02
1.139459665864706039e-02
1.111241895705461502e-02
1.088362932205200195e-02
1.088362932205200195e-02
1.070330105721950531e-02
1.059170253574848175e-02
1.053013745695352554e-02
1.042127609252929688e-02
1.028626412153244019e-02
1.007055118680000305e-02
9.685007855296134949e-03
9.297581389546394348e-03
8.952707983553409576e-03
8.703723549842834473e-03
