1.818753220140933990e-02
1.818753220140933990e-02
1.652405783534049988e-02
1.625576987862586975e-02
1.609005033969879150e-02
1.596834510564804077e-02
1.635867543518543243e-02
1.693944819271564484e-02
1.739516481757164001e-02
1.804508268833160400e-02
1.865124702453613281e-02
1.857443526387214661e-02
1.857443526387214661e-02
1.825866661965847015e-02
1.809472218155860901e-02
1.784973591566085815e-02
1.771760359406471252e-02
1.741698943078517914e-02
1.725068688392639160e-02
1.710738427937030792e-02
1.704530231654644012e-02
1.700690574944019318e-02
1.695631816983222961e-02
1.695631816983222961e-02
1.686993613839149475e-02
1.664542034268379211e-02
1.631404832005500793e-02
1.611610874533653259e-02
1.572212018072605133e-02
1.517906412482261658e-02
1.484009996056556702e-02
1.439289376139640808e-02
1.397155318409204483e-02
1.378628145903348923e-02
1.378628145903348923e-02
1.362358778715133667e-02
1.346896775066852570e-02
1.336625032126903534e-02
1.311805564910173416e-02
1.271144766360521317e-02
1.234683301299810410e-02
1.200540270656347275e-02
1.147141586989164352e-02
1.102220360189676285e-02
1.055802684277296066e-02
1.055802684277296066e-02
1.030046679079532623e-02
9.955810382962226868e-03
9.706898592412471771e-03
9.625718928873538971e-03
9.604814462363719940e-03
9.364261291921138763e-03
9.036625735461711884e-03
8.894464001059532166e-03
8.929749950766563416e-03
9.081969037652015686e-03
9.081969037652015686e-03
9.279857389628887177e-03
9.347109124064445496e-03
9.434037841856479645e-03
9.605733677744865417e-03
9.920363314449787140e-03
1.016403455287218094e-02
1.041574962437152863e-02
1.066171657294034958e-02
1.110964640974998474e-02
1.171358674764633179e-02
1.171358674764633179e-02
1.213427633047103882e-02
1.220626384019851685e-02
1.210656762123107910e-02
1.206243969500064850e-02
1.207474339753389359e-02
1.217786129564046860e-02
1.228073146194219589e-02
1.238730922341346741e-02
1.255435496568679810e-02
1.272165309637784958e-02
1.272165309637784958e-02
1.302191801369190216e-02
1.326908916234970093e-02
1.345128659158945084e-02
1.351018529385328293e-02
1.363487821072340012e-02
1.371390465646982193e-02
1.390601601451635361e-02
1.413625571876764297e-02
1.423187460750341415e-02
1.441773679107427597e-02
1.441773679107427597e-02
1.453306339681148529e-02
1.478371955454349518e-02
1.489775441586971283e-02
1.493648625910282135e-02
1.494923140853643417e-02
1.441936753690242767e-02
1.391669455915689468e-02
1.357947476208209991e-02
1.340040750801563263e-02
1.340103987604379654e-02
1.340103987604379654e-02
1.361721474677324295e-02
1.390804909169673920e-02
1.420785486698150635e-02
1.457339525222778320e-02
1.513826847076416016e-02
1.574943214654922485e-02
1.635401509702205658e-02
1.709958165884017944e-02
1.787647232413291931e-02
1.858907192945480347e-02
1.858907192945480347e-02
1.933222077786922455e-02
2.007365226745605469e-02
2.076642960309982300e-02
2.153895795345306396e-02
2.241790480911731720e-02
2.327100746333599091e-02
2.402687445282936096e-02
2.468408830463886261e-02
2.525653876364231110e-02
2.585114911198616028e-02
2.585114911198616028e-02
2.658517844974994659e-02
2.735647559165954590e-02
2.808570303022861481e-02
2.883412316441535950e-02
2.944959513843059540e-02
2.978654578328132629e-02
3.010641597211360931e-02
3.040856495499610901e-02
3.046285919845104218e-02
3.064716421067714691e-02
3.064716421067714691e-02
3.086131624877452850e-02
3.103731945157051086e-02
3.128469362854957581e-02
3.143836557865142822e-02
3.170436993241310120e-02
3.202679753303527832e-02
3.223765641450881958e-02
3.243860602378845215e-02
3.247639164328575134e-02
3.240863233804702759e-02
3.240863233804702759e-02
3.230256959795951843e-02
3.214504942297935486e-02
3.192273527383804321e-02
3.171867877244949341e-02
3.160740435123443604e-02
3.147368133068084717e-02
3.125262260437011719e-02
3.130404651165008545e-02
3.133093938231468201e-02
3.132756799459457397e-02
3.132756799459457397e-02
3.126166760921478271e-02
3.116816841065883636e-02
3.093461692333221436e-02
3.062164783477783203e-02
3.033466823399066925e-02
2.999583818018436432e-02
2.970244921743869781e-02
2.941473200917243958e-02
2.904122881591320038e-02
2.805656939744949341e-02
2.805656939744949341e-02
2.725903503596782684e-02
2.654788270592689514e-02
2.601923421025276184e-02
2.560742571949958801e-02
2.531450986862182617e-02
2.516367472708225250e-02
2.528924867510795593e-02
2.564221806824207306e-02
2.603442035615444183e-02
2.642410434782505035e-02
2.642410434782505035e-02
2.673642709851264954e-02
2.706849575042724609e-02
2.745883353054523468e-02
2.776257693767547607e-02
2.806633338332176208e-02
2.839971706271171570e-02
2.869235165417194366e-02
2.873040176928043365e-02
2.880603633821010590e-02
2.891083061695098877e-02
2.891083061695098877e-02
2.898706682026386261e-02
2.912307344377040863e-02
2.920489944517612457e-02
2.920694090425968170e-02
2.919092960655689240e-02
2.912538871169090271e-02
2.889936976134777069e-02
2.865293622016906738e-02
2.843173407018184662e-02
2.817597985267639160e-02
2.817597985267639160e-02
2.795301191508769989e-02
2.769780904054641724e-02
2.747550979256629944e-02
2.727933041751384735e-02
2.710813656449317932e-02
2.691883407533168793e-02
2.671852335333824158e-02
2.654745243489742279e-02
2.646648697555065155e-02
2.642265707254409790e-02
2.642265707254409790e-02
2.632703445851802826e-02
2.629536390304565430e-02
2.627918869256973267e-02
2.637449279427528381e-02
2.643085643649101257e-02
2.659705840051174164e-02
2.670320309698581696e-02
2.679449692368507385e-02
2.686997316777706146e-02
2.692731283605098724e-02
2.692731283605098724e-02
2.691649273037910461e-02
2.678430080413818359e-02
2.651318907737731934e-02
2.620212547481060028e-02
2.581657283008098602e-02
2.532256580889225006e-02
2.482469752430915833e-02
2.441555447876453400e-02
2.399194240570068359e-02
2.356978878378868103e-02
2.356978878378868103e-02
2.313246950507164001e-02
2.276688255369663239e-02
2.247698046267032623e-02
2.230725996196269989e-02
2.214754931628704071e-02
2.221365831792354584e-02
2.251169644296169281e-02
2.287506684660911560e-02
2.321369573473930359e-02
2.348333410918712616e-02
2.348333410918712616e-02
2.372510917484760284e-02
2.399296686053276062e-02
2.421153523027896881e-02
2.438937313854694366e-02
2.444445714354515076e-02
2.449078485369682312e-02
2.450591325759887695e-02
2.456441521644592285e-02
2.448747865855693817e-02
2.433847077190876007e-02
2.433847077190876007e-02
2.414807677268981934e-02
2.393363416194915771e-02
2.368267625570297241e-02
2.336923964321613312e-02
2.308513037860393524e-02
2.295890077948570251e-02
2.300889976322650909e-02
2.322993241250514984e-02
2.346193417906761169e-02
2.376794442534446716e-02
2.376794442534446716e-02
2.425410784780979156e-02
2.486825175583362579e-02
2.564988657832145691e-02
2.642929553985595703e-02
2.728560753166675568e-02
2.784234471619129181e-02
2.852100878953933716e-02
2.907737344503402710e-02
2.941019460558891296e-02
2.948668226599693298e-02
2.948668226599693298e-02
2.940805256366729736e-02
2.949078194797039032e-02
2.940692380070686340e-02
2.928690612316131592e-02
2.912621758878231049e-02
2.877847477793693542e-02
2.837723679840564728e-02
2.804038673639297485e-02
2.771008573472499847e-02
2.736182324588298798e-02
2.736182324588298798e-02
2.706701681017875671e-02
2.673355117440223694e-02
2.638142742216587067e-02
2.609186433255672455e-02
2.580432780086994171e-02
2.554293908178806305e-02
2.523364499211311340e-02
2.490572072565555573e-02
2.454840578138828278e-02
2.420662716031074524e-02
2.420662716031074524e-02
2.385955490171909332e-02
2.347472123801708221e-02
2.320700883865356445e-02
2.306419052183628082e-02
2.303416468203067780e-02
2.295305021107196808e-02
2.282468043267726898e-02
2.274111285805702209e-02
2.251106686890125275e-02
2.232756279408931732e-02
2.232756279408931732e-02
2.218263968825340271e-02
2.210144884884357452e-02
2.205403149127960205e-02
2.209779992699623108e-02
2.223847433924674988e-02
2.238009497523307800e-02
2.256679534912109375e-02
2.291182987391948700e-02
2.333042584359645844e-02
2.370209246873855591e-02
2.370209246873855591e-02
2.410919591784477234e-02
2.450951188802719116e-02
2.490486949682235718e-02
2.531588822603225708e-02
2.532768994569778442e-02
2.532316371798515320e-02
2.537543885409832001e-02
2.544742636382579803e-02
2.551698125898838043e-02
2.560717053711414337e-02
2.560717053711414337e-02
2.573360875248908997e-02
2.580536343157291412e-02
2.603994309902191162e-02
2.617987431585788727e-02
2.608772553503513336e-02
2.587580308318138123e-02
2.557729184627532959e-02
2.511506900191307068e-02
2.460409887135028839e-02
2.420244365930557251e-02
2.420244365930557251e-02
2.383937500417232513e-02
2.351990528404712677e-02
2.327093482017517090e-02
2.308973111212253571e-02
2.296915277838706970e-02
2.304828912019729614e-02
2.318305149674415588e-02
2.332208678126335144e-02
2.346336841583251953e-02
2.356575615704059601e-02
2.356575615704059601e-02
2.362855710089206696e-02
2.364127151668071747e-02
2.355494536459445953e-02
2.347685396671295166e-02
2.337105385959148407e-02
2.321998402476310730e-02
2.305734716355800629e-02
2.282116562128067017e-02
2.261237986385822296e-02
2.241613157093524933e-02
2.241613157093524933e-02
2.224870026111602783e-02
2.207777462899684906e-02
2.188112586736679077e-02
2.188762463629245758e-02
2.205804549157619476e-02
2.224636264145374298e-02
2.257016114890575409e-02
2.299084141850471497e-02
2.337276749312877655e-02
2.376780658960342407e-02
2.376780658960342407e-02
2.405891753733158112e-02
2.424944005906581879e-02
2.427297644317150116e-02
2.424730546772480011e-02
2.420002408325672150e-02
2.407693304121494293e-02
2.395124360918998718e-02
2.395969815552234650e-02
2.399807982146739960e-02
2.416032366454601288e-02
2.416032366454601288e-02
2.439443394541740417e-02
2.463707327842712402e-02
2.477313764393329620e-02
2.472600527107715607e-02
2.464874275028705597e-02
2.457558549940586090e-02
2.444884367287158966e-02
2.414106577634811401e-02
2.380448579788208008e-02
2.345397323369979858e-02
2.345397323369979858e-02
2.320865169167518616e-02
2.308863401412963867e-02
2.310485951602458954e-02
2.322607673704624176e-02
2.324158512055873871e-02
2.390400134027004242e-02
2.450276724994182587e-02
2.507684566080570221e-02
2.641150914132595062e-02
2.762031741440296173e-02
2.762031741440296173e-02
2.878956310451030731e-02
2.983654476702213287e-02
3.072250261902809143e-02
3.152383863925933838e-02
3.221238404512405396e-02
3.280296921730041504e-02
3.332590684294700623e-02
3.378071635961532593e-02
3.416901826858520508e-02
3.449742868542671204e-02
3.449742868542671204e-02
3.475666791200637817e-02
3.485006093978881836e-02
3.490691632032394409e-02
3.490397334098815918e-02
3.492078185081481934e-02
3.486571088433265686e-02
3.482646122574806213e-02
3.469609841704368591e-02
3.455966338515281677e-02
3.445541113615036011e-02
3.445541113615036011e-02
3.437719494104385376e-02
3.427662327885627747e-02
3.414182364940643311e-02
3.397435322403907776e-02
3.379604592919349670e-02
3.363163396716117859e-02
3.344541788101196289e-02
3.328452631831169128e-02
3.307260572910308838e-02
3.284979239106178284e-02
