4.035253957183280310e-02
4.035253957183280310e-02
3.879221083726441116e-02
3.830481434048580575e-02
3.808818336752337746e-02
3.763724776031495550e-02
3.722761944224622227e-02
3.675842996146352210e-02
3.668862063603725576e-02
3.657362180302086568e-02
3.635584406146264574e-02
3.599423920205854777e-02
3.599423920205854777e-02
3.548067621213525646e-02
3.502049742002889127e-02
3.468265375900420749e-02
3.448959440907456431e-02
3.436874900220382445e-02
3.421075670579505623e-02
3.401724260166184149e-02
3.382858958309299668e-02
3.352619727417633505e-02
3.331069873632667988e-02
3.331069873632667988e-02
3.299293877338994180e-02
3.263214671551250418e-02
3.235062394942291031e-02
3.203735706824458601e-02
3.159488814587946282e-02
3.114540366663320209e-02
3.072844440748525446e-02
3.015865371500597511e-02
2.973803617871572519e-02
2.937767308609984598e-02
2.937767308609984598e-02
2.907198414858854288e-02
2.856895902046422200e-02
2.808408117325896652e-02
2.776201455658134851e-02
2.748673370227941101e-02
2.727335437646605590e-02
2.708552640637017575e-02
2.696467423072720915e-02
2.676524694296415416e-02
2.652454873847977235e-02
2.652454873847977235e-02
2.627594131428045640e-02
2.610962719940331314e-02
2.584735229492044969e-02
2.565545160206024120e-02
2.541433714852011153e-02
2.512131549518301088e-02
2.486465425286095779e-02
2.456301101807336837e-02
2.433012384240899190e-02
2.413383000626097633e-02
2.413383000626097633e-02
2.407126557360770441e-02
2.388781346441066350e-02
2.387274228601370812e-02
2.380681741716880739e-02
2.384185019380370696e-02
2.391239947370773361e-02
2.395461467781329415e-02
2.397083875093081184e-02
2.393292052505840636e-02
2.402316457832038774e-02
2.402316457832038774e-02
2.386464096617393546e-02
2.371340091021822277e-02
2.362570788858050011e-02
2.348448671935131002e-02
2.322020817256794864e-02
2.298773491325218146e-02
2.270336280749190097e-02
2.252722792845244376e-02
2.229710816030287812e-02
2.211347217677353538e-02
2.211347217677353538e-02
2.201627111272968368e-02
2.195796542419910236e-02
2.188299369342457112e-02
2.182422227550221555e-02
2.196546858181864029e-02
2.208613969011456388e-02
2.215564246588842823e-02
2.220474162876377375e-02
2.217219896135100982e-02
2.210700246036581898e-02
2.210700246036581898e-02
2.201068779657820371e-02
2.183376675353764992e-02
2.156765165016527250e-02
2.133720735634308044e-02
2.103497630531269563e-02
2.078441962477179869e-02
2.052544068018313447e-02
2.037283813803050445e-02
2.022130650869483418e-02
2.011257074225104510e-02
2.011257074225104510e-02
1.999682826431297550e-02
1.989193181495914689e-02
1.976175976553163488e-02
1.965297226196834057e-02
1.969818585802577890e-02
1.983302376797349553e-02
1.997338196000887287e-02
2.007800206729724174e-02
1.996780061656915073e-02
1.965986506952787510e-02
1.965986506952787510e-02
1.945707339712570913e-02
1.935972699812969419e-02
1.925189124673353652e-02
1.914337648134503342e-02
1.911872989144125859e-02
1.897678340880864720e-02
1.873257931066986404e-02
1.856682238877588667e-02
1.843115742477180810e-02
1.821006027741260344e-02
1.821006027741260344e-02
1.803577152992642818e-02
1.772616838554298344e-02
1.747516403223291562e-02
1.716480344678963932e-02
1.689839178661376243e-02
1.666346213629537124e-02
1.649084903672859426e-02
1.630333329792010844e-02
1.620474892676522505e-02
1.617901693863820975e-02
1.617901693863820975e-02
1.633601609952535505e-02
1.649225473022536761e-02
1.652195109725093647e-02
1.647366297231880883e-02
1.668854791398081960e-02
1.666418475997293730e-02
1.663453463078119754e-02
1.677056151277505833e-02
1.687253776440260020e-02
1.716090767720217583e-02
1.716090767720217583e-02
1.736122729619250793e-02
1.748115914498527684e-02
1.760672141037139538e-02
1.770270246469501582e-02
1.768364593955821726e-02
1.758589045352543581e-02
1.745472074213281349e-02
1.736133374737620222e-02
1.722105545288401748e-02
1.708234765962974785e-02
1.708234765962974785e-02
1.686632232907381290e-02
1.675690944813567132e-02
1.659424798391799516e-02
1.651921090232513767e-02
1.648206129173820922e-02
1.643627040906455936e-02
1.641967799832131161e-02
1.651062199398295460e-02
1.656417020103878937e-02
1.646636004835965242e-02
1.646636004835965242e-02
1.642130790096500009e-02
1.628778959873546095e-02
1.609358393950580807e-02
1.589046556180348860e-02
1.569784474690129328e-02
1.541937394676583944e-02
1.508544801894268379e-02
1.480694814126421767e-02
1.467384309113323702e-02
1.450312848186200571e-02
1.450312848186200571e-02
1.445137665859306218e-02
1.445144874187026356e-02
1.440709980485498087e-02
1.439540917981312410e-02
1.451498330675662571e-02
1.467156788043750756e-02
1.492417503338036404e-02
1.510187593448945875e-02
1.533331001168770219e-02
1.567294555642837622e-02
1.567294555642837622e-02
1.589155595221453804e-02
1.585873415137965467e-02
1.576435519699293658e-02
1.561940151899643761e-02
1.539951258216330776e-02
1.505448376762780725e-02
1.475413932448718830e-02
1.453290405306471335e-02
1.436734654973757450e-02
1.427019921934023078e-02
1.427019921934023078e-02
1.426906449339863936e-02
1.434338990851624467e-02
1.440563707318126725e-02
1.455678841345152408e-02
1.478319957236537245e-02
1.509888499207349098e-02
1.542085616776585864e-02
1.558522908305783744e-02
1.562130272796872880e-02
1.564902121078034711e-02
1.564902121078034711e-02
1.565033834175508579e-02
1.561490087709417260e-02
1.554223649654847515e-02
1.555208617348071906e-02
1.601523416010222980e-02
1.629983304816233491e-02
1.660990125456543801e-02
1.691762815719335261e-02
1.710460441533095954e-02
1.720315449937003666e-02
1.720315449937003666e-02
1.735015767669243272e-02
1.733724674084342887e-02
1.736438424789843449e-02
1.734615100083869085e-02
1.736463722198995641e-02
1.743806618144616571e-02
1.740781915377092107e-02
1.721001035951046088e-02
1.704853390720923248e-02
1.673553103589247790e-02
1.673553103589247790e-02
1.651594336203029978e-02
1.646269973358675115e-02
1.641305592315846218e-02
1.635152119619441222e-02
1.621437595340803270e-02
1.592265832326534777e-02
1.584604436019011048e-02
1.562218138628504796e-02
1.550374254817274075e-02
1.542435124491663145e-02
1.542435124491663145e-02
1.534419461975368958e-02
1.530226375903883003e-02
1.535254977725133106e-02
1.534924965286085623e-02
1.547174240904059320e-02
1.561722312250409146e-02
1.569823956111065372e-02
1.573845934252170869e-02
1.537743450775266342e-02
1.512067354726807401e-02
1.512067354726807401e-02
1.497051883572667400e-02
1.496120193555205459e-02
1.489357040513980893e-02
1.489306995383063784e-02
1.481298496115983354e-02
1.477121459731024766e-02
1.472707730175194449e-02
1.463769914486436584e-02
1.451762219188727776e-02
1.438579585066861871e-02
1.438579585066861871e-02
1.425383008448061033e-02
1.414196376688341833e-02
1.421832305860549518e-02
1.428686239289505416e-02
1.434021396446402523e-02
1.442526082645568565e-02
1.440822306009449140e-02
1.442273673796668106e-02
1.447627569541880613e-02
1.451595429635782301e-02
1.451595429635782301e-02
1.457769179386782417e-02
1.461253043840941152e-02
1.471498864004231605e-02
1.478742670778045165e-02
1.490928990078558246e-02
1.502969092294086095e-02
1.517880584491284289e-02
1.531000923427654897e-02
1.536140428415944115e-02
1.549559003425297898e-02
1.549559003425297898e-02
1.558417808258993377e-02
1.580264909612565105e-02
1.607229168762164262e-02
1.638088504566616310e-02
1.670779627879177484e-02
1.707166120906972867e-02
1.727369747133872951e-02
1.740945937188104198e-02
1.738029225149810217e-02
1.735919286999817318e-02
1.735919286999817318e-02
1.736140839666618432e-02
1.727374924679392701e-02
1.713988899819441150e-02
1.707917226872716909e-02
1.717882130625061551e-02
1.724430222542092106e-02
1.733356912851543793e-02
1.746362985425052930e-02
1.761485073653220462e-02
1.775005719344397576e-02
1.775005719344397576e-02
1.776956476247957412e-02
1.767709985155630631e-02
1.749969334488113426e-02
1.727572448678149630e-02
1.707218771070087224e-02
1.689498299400818068e-02
1.668570315959312655e-02
1.661935395802017004e-02
1.661445923794531432e-02
1.675611788757930959e-02
1.675611788757930959e-02
1.697205074787569781e-02
1.718010724240428069e-02
1.738534828808136617e-02
1.744005926204420659e-02
1.735398789634416683e-02
1.723398629080962266e-02
1.669940807750464745e-02
1.622310370615502942e-02
1.578902848243870019e-02
1.548428270156647357e-02
1.548428270156647357e-02
1.522610383898916064e-02
1.496620306038827161e-02
1.471018863193921354e-02
1.452133197860396713e-02
1.436122311749103014e-02
1.422059130701747859e-02
1.418112883609587080e-02
1.418784277490547918e-02
1.409537198280758769e-02
1.394754178081852522e-02
1.394754178081852522e-02
1.388382493022293808e-02
1.381781536024195671e-02
1.369676837791825551e-02
1.348955576220273872e-02
1.328943102834739473e-02
1.311553607535861227e-02
1.284232658109949604e-02
1.256257576859267679e-02
1.232087324909258638e-02
1.212146268874152860e-02
1.212146268874152860e-02
1.195996453598089856e-02
1.183266567790277647e-02
1.170227257790584785e-02
1.155868140816548179e-02
1.141138612440286380e-02
1.132328976427667173e-02
1.122794997753046552e-02
1.120546382002737297e-02
1.159880021988713567e-02
1.210497512856392038e-02
1.210497512856392038e-02
1.252896361235258070e-02
1.283381582026356382e-02
1.299538886363739952e-02
1.300991840994984716e-02
1.280169548658835824e-02
1.261725679494647874e-02
1.252756999341074484e-02
1.251087503299761622e-02
1.245197939159045988e-02
1.246164724823083277e-02
1.246164724823083277e-02
1.244821043662180417e-02
1.245360415810430749e-02
1.249010953031729973e-02
1.254862318187939009e-02
1.258184232587203528e-02
1.264683527735664323e-02
1.261601803594024178e-02
1.264894853304141496e-02
1.264268128308064683e-02
1.249472489277520665e-02
1.249472489277520665e-02
1.219860613886059736e-02
1.182138807824441133e-02
1.143572555233742828e-02
1.109146460518629050e-02
1.083984022516855904e-02
1.073445635098674300e-02
1.078610371959091638e-02
1.100285024608658666e-02
1.132248016487120285e-02
1.159271830325203125e-02
1.159271830325203125e-02
1.187744910662494498e-02
1.213031304948457290e-02
1.232497680089373465e-02
1.242185235079728417e-02
1.234777511057785597e-02
1.227684230898348598e-02
1.200728281639650875e-02
1.169520487265567239e-02
1.148196072473487220e-02
1.129014549530444646e-02
1.129014549530444646e-02
1.110173918286221431e-02
1.098000114440010437e-02
1.077535251441029233e-02
1.065746588578317389e-02
1.073006116098490850e-02
1.076472064555350668e-02
1.078074301944334859e-02
1.062353976910246009e-02
1.049528658326728467e-02
1.039400666811583947e-02
1.039400666811583947e-02
1.029588378377821467e-02
1.026607021607872476e-02
1.029753356962799515e-02
1.041981021225503803e-02
1.051546157337112861e-02
1.054469874407537242e-02
1.057207930206161169e-02
1.049385327175771793e-02
1.032298583918445090e-02
1.024120426169874976e-02
1.024120426169874976e-02
1.017705418851539215e-02
1.018336652348633686e-02
1.020858845518861704e-02
1.028561726818419744e-02
1.037452276712015099e-02
1.052140793282019433e-02
1.064774432604841288e-02
1.071925535095740074e-02
1.070360209393957963e-02
1.064580721993751110e-02
1.064580721993751110e-02
1.052613630063671882e-02
1.043650548535253637e-02
1.038833134824872217e-02
1.038047359557881313e-02
1.045117789237953732e-02
1.048482276931120977e-02
1.055827760764563999e-02
1.061148432908127007e-02
1.064154640335278693e-02
1.053763395711235749e-02
1.053763395711235749e-02
1.054820882529309417e-02
1.067541598212757951e-02
1.074479226817480655e-02
1.075604462160005374e-02
1.075803522351322788e-02
1.074098462865667736e-02
1.077967992395800073e-02
1.083743177009104802e-02
1.092410397991950589e-02
1.104125121965708785e-02
1.104125121965708785e-02
1.114805094218765565e-02
1.128776967211768401e-02
1.142351541308080608e-02
1.159437741944536679e-02
1.158355103375093877e-02
1.164394372014523373e-02
1.165193608583568741e-02
1.156460827217944964e-02
1.151941552618052263e-02
1.143796359760826213e-02
1.143796359760826213e-02
1.108942121252259883e-02
1.084816243211562600e-02
1.065070418457800781e-02
1.048194929430499786e-02
1.043752859116791470e-02
1.034768671393926712e-02
1.031235419145202711e-02
1.020832270364054051e-02
1.008507719337649496e-02
9.932552083723372727e-03
9.932552083723372727e-03
9.797227041052229690e-03
9.757636368243227665e-03
9.707838986122553290e-03
9.781374881601839072e-03
9.802750727869367908e-03
9.846480584800887739e-03
9.868851134104366166e-03
9.905143166306626390e-03
9.851120427503435098e-03
9.744780395158712805e-03
9.744780395158712805e-03
9.677693645237255352e-03
9.629373930621768982e-03
9.700374339453263564e-03
9.786497788574337678e-03
9.866334306981304134e-03
9.889673546498733286e-03
9.856296527450882083e-03
9.754744819832777275e-03
9.543640123170724424e-03
9.440782688747232851e-03
9.440782688747232851e-03
9.329033078372812177e-03
9.262869731699936715e-03
9.190118443141494578e-03
9.182617788713350396e-03
9.099818496775290144e-03
9.041001452692728688e-03
9.092562934639392136e-03
9.121661542828505762e-03
9.154501325950926624e-03
9.161801233745877487e-03
9.161801233745877487e-03
9.162572023375803801e-03
9.068238979539742020e-03
8.950679002682569024e-03
8.871664821810777007e-03
8.791860943133503886e-03
8.770551786852378087e-03
8.800194821202171266e-03
8.849231279472329764e-03
8.928379943335142815e-03
9.064487709450156153e-03
9.064487709450156153e-03
9.197752564036499809e-03
9.342584146656372074e-03
9.461891004402740377e-03
9.577341669042912717e-03
9.688046296963830767e-03
9.721845623247835078e-03
9.784779400740345814e-03
9.763324825588967290e-03
9.639924686295561415e-03
9.501854860137333436e-03
9.501854860137333436e-03
9.406944914378767564e-03
9.341362365583047098e-03
9.273288915752568584e-03
9.185188985481576932e-03
9.153079103486843823e-03
9.164720459129938393e-03
9.077029932206983828e-03
8.989881630981896854e-03
8.920376255561085141e-03
8.831421702083836270e-03
8.831421702083836270e-03
8.826306949036423141e-03
8.829269617112188440e-03
8.836587212157952578e-03
8.924469416877838651e-03
9.123996745683777415e-03
9.286355200776821861e-03
9.315718915940785633e-03
9.311352335385972637e-03
9.265101652664345724e-03
9.180514701794734167e-03
9.180514701794734167e-03
9.078599989219934829e-03
8.998498462958590474e-03
9.037685337185321494e-03
9.038568362625029259e-03
9.036745149972246968e-03
9.044724513073544234e-03
9.069463926376168314e-03
9.082891780518031338e-03
9.145685135888073983e-03
9.240567747032107926e-03
9.240567747032107926e-03
9.353317719547428466e-03
9.437780918114297909e-03
9.565785606480766909e-03
9.623234596714162065e-03
9.609611148500275118e-03
9.647056604491513476e-03
9.625205781879015918e-03
9.579012933282268771e-03
9.563804834114659689e-03
9.564716707761222042e-03
9.564716707761222042e-03
9.691373708673506684e-03
9.799226688102007088e-03
9.861876455424268065e-03
9.928883924516553050e-03
9.937253830905035806e-03
9.895592579065132580e-03
9.830369847383377269e-03
9.750850287981862458e-03
9.621178478337944970e-03
9.450883207280850670e-03
9.450883207280850670e-03
9.282468559606047581e-03
9.167164783947594556e-03
9.092601583889619449e-03
9.121635137763220436e-03
9.197646359279939426e-03
9.287852892006268415e-03
9.389509810243029664e-03
9.628150875349994128e-03
9.791863089274301102e-03
9.969631555989205696e-03
9.969631555989205696e-03
1.014233781651925452e-02
1.018642678168296158e-02
1.017241291749500579e-02
1.000924525308894558e-02
9.805208859894165574e-03
9.598842165477418018e-03
9.384708984173342067e-03
9.181565071183745569e-03
9.000767274309004126e-03
8.852377583363969793e-03
8.852377583363969793e-03
8.711175811534155669e-03
8.595268331322555855e-03
8.518418824056569333e-03
8.519466060416227421e-03
8.516438618059927329e-03
8.542190512452932372e-03
8.579252025927531708e-03
8.595096836618855776e-03
8.541546129761540609e-03
8.470068869045371124e-03
8.470068869045371124e-03
8.422633721702968770e-03
8.301521945928588136e-03
8.240899281152055944e-03
8.206390525915117917e-03
8.182524426589635191e-03
8.135713274655932692e-03
8.043699714729405509e-03
7.954880824646685250e-03
7.881835727374416137e-03
7.810003250005541700e-03
7.810003250005541700e-03
7.764802077701868713e-03
7.275519221815111674e-03
6.911817869535457314e-03
6.745881471258066003e-03
6.701009977238775103e-03
6.810533417840170141e-03
7.040334641501986603e-03
7.327259121645182671e-03
7.578862378852608585e-03
7.819191699643379331e-03
7.819191699643379331e-03
8.005652909747572668e-03
8.162256752940728541e-03
8.285986759299585405e-03
8.266150289411881499e-03
8.225446946308044918e-03
8.190422003685575436e-03
8.206112635061291530e-03
8.174745067887042096e-03
8.177496339500859093e-03
8.200447424026811524e-03
8.200447424026811524e-03
8.258692901313537463e-03
8.318614385562986269e-03
8.348611535977894585e-03
8.341082565551868888e-03
8.304066941885865014e-03
8.194622858928536299e-03
7.942130078053168465e-03
7.676390082506882352e-03
7.378795516076527491e-03
7.113826624064681185e-03
7.113826624064681185e-03
6.859665906574581931e-03
6.594457304251489203e-03
6.369367510259121325e-03
6.188310963168242029e-03
6.012072038709628634e-03
5.935867347310075717e-03
5.914372029978130427e-03
5.951746179552460519e-03
5.947543017410988897e-03
5.901393296053172866e-03
5.901393296053172866e-03
5.788029244858725400e-03
5.565282794004645407e-03
5.309106498511153432e-03
5.078200494838895282e-03
4.884023604568980305e-03
4.693707316491226543e-03
4.564678225835663503e-03
4.433339044756268686e-03
4.317616402588741673e-03
4.210256668662639042e-03
