2.616644568277407337e-02
2.596002853397317428e-02
2.582891312594701866e-02
2.585970118763330008e-02
2.585093167075148274e-02
2.581436608332745436e-02
2.588473374815050340e-02
2.603345671177327916e-02
2.639493717257764688e-02
2.676993135331427048e-02
2.689926360567739330e-02
2.689926360567739330e-02
2.699859445559475712e-02
2.717796524213084500e-02
2.749054505636978202e-02
2.783567782925613909e-02
2.812272153564642288e-02
2.822303960779290466e-02
2.841971589155886657e-02
2.845854730777884478e-02
2.844775916921130424e-02
2.829302183984365102e-02
2.829302183984365102e-02
2.819959759466249272e-02
2.803838469838816974e-02
2.771122422881646188e-02
2.738116029585505734e-02
2.700268274910363336e-02
2.669245689223467832e-02
2.656930594459438327e-02
2.642257794742677857e-02
2.627699489038888905e-02
2.604399497079533735e-02
2.604399497079533735e-02
2.571863535524213096e-02
2.552255422686238590e-02
2.531532326181331477e-02
2.519451707571484372e-02
2.497067572491940349e-02
2.485448711207403905e-02
2.462929172228258551e-02
2.450274752813112397e-02
2.450274752813112397e-02
2.428728453495687320e-02
2.428728453495687320e-02
2.398184047175767192e-02
2.364840766318972512e-02
2.330302406779596186e-02
2.296271383403220359e-02
2.259434451591847345e-02
2.229382376720134146e-02
2.192048678915941781e-02
2.133887505713135194e-02
2.085104663951621931e-02
2.041760683170694077e-02
2.041760683170694077e-02
1.997858414420487783e-02
1.957345375760106282e-02
1.913071261608598889e-02
1.868939988713701206e-02
1.876553238346963942e-02
1.885739882535163517e-02
1.892656467039306734e-02
1.902476321462703845e-02
1.908395030108306356e-02
1.911418560541661496e-02
1.911418560541661496e-02
1.920402202892010357e-02
1.927317899521267461e-02
1.939291932171711280e-02
1.953493968893461538e-02
1.960866419176513983e-02
1.965307554695029310e-02
1.974131376971608245e-02
1.990128400398414460e-02
1.993145909549899272e-02
2.005432817140232957e-02
2.005432817140232957e-02
2.013414266870542854e-02
2.014100710151539575e-02
2.010372350051736409e-02
2.000124060391666667e-02
1.991458090663505986e-02
1.982994055030264102e-02
1.981097964884351650e-02
1.976020725793234400e-02
1.964029742031926651e-02
1.948000896321601741e-02
1.948000896321601741e-02
1.936902380326490508e-02
1.931142897049543949e-02
1.920882813273666612e-02
1.914919994364039368e-02
1.915924400588569360e-02
1.980461252803098274e-02
2.037343880368562912e-02
2.091160233972809077e-02
2.130539030121138266e-02
2.161580582391436911e-02
2.161580582391436911e-02
2.190421458410732672e-02
2.210381478144497758e-02
2.223689766122151010e-02
2.235722723652141392e-02
2.249645878594115633e-02
2.249645878594115633e-02
2.287798838289447495e-02
2.314769842078983134e-02
2.321812269132238205e-02
2.328039531879987772e-02
2.328039531879987772e-02
2.335207448416847659e-02
2.328592700223911655e-02
2.320216216436316384e-02
2.295147493130151456e-02
2.265225699517794955e-02
2.236122437245944769e-02
2.217201539538897134e-02
2.201755433710532103e-02
2.180473021572085224e-02
2.170582121765638611e-02
2.170582121765638611e-02
2.155130022037183776e-02
2.148710805613333538e-02
2.139595709059229425e-02
2.123812103535992896e-02
2.113717137491094578e-02
2.104004919285317257e-02
2.082614487862982644e-02
2.065608555710714278e-02
2.048254015938198030e-02
2.032217046932699792e-02
2.032217046932699792e-02
2.012879010788959019e-02
1.997728940115596832e-02
1.999635965485647288e-02
1.996711104211417592e-02
1.991064351680833094e-02
1.972512089737970056e-02
1.957020189163643023e-02
1.940000059177595867e-02
1.920553785700554114e-02
1.914577614788396526e-02
1.914577614788396526e-02
1.915135027182228791e-02
1.919109799829325086e-02
1.926592656357427671e-02
1.936623154122703305e-02
1.942772850847040988e-02
1.961331581107576827e-02
1.983070518451562902e-02
2.003248042856259348e-02
2.027377995531718866e-02
2.042610758227149034e-02
2.042610758227149034e-02
2.049181425633721590e-02
2.052303172602995204e-02
2.054151466752089650e-02
2.061380917973525129e-02
2.050203310203642035e-02
2.073781675316287154e-02
2.099847407179657177e-02
2.131059194715195435e-02
2.171092904412101274e-02
2.215201876157807392e-02
2.215201876157807392e-02
2.266988288753762557e-02
2.317910409415705267e-02
2.378564768271057561e-02
2.434687764386569281e-02
2.482118904333268858e-02
2.530711838860885340e-02
2.573868624458845039e-02
2.573868624458845039e-02
2.605621428494322642e-02
2.643008911156730090e-02
2.643008911156730090e-02
2.679869998239863341e-02
2.717606792935274226e-02
2.746645406473312984e-02
2.769647070178121034e-02
2.794191466125954537e-02
2.816079727789955883e-02
2.828928844305072729e-02
2.836099740660307303e-02
2.841300489606380514e-02
2.855270954645328096e-02
2.855270954645328096e-02
2.866130206752618564e-02
2.864848171578683947e-02
2.867874223259933575e-02
2.869655433888815277e-02
2.869655433888815277e-02
2.880231016480137504e-02
2.897383210698546013e-02
2.911711641705034756e-02
2.932265577930965456e-02
2.952043774513548810e-02
2.952043774513548810e-02
2.962789486575618733e-02
2.975874855246404480e-02
2.980597777539291393e-02
2.971847669972598263e-02
2.964485643584401781e-02
2.958882767203117881e-02
2.961633168077766956e-02
2.970170005943358407e-02
2.976555152718594194e-02
2.993417794508139440e-02
2.993417794508139440e-02
3.010246012529000509e-02
3.026068519659238718e-02
3.026814695781648162e-02
3.023709020694771363e-02
3.016964298218893087e-02
3.014829546232139154e-02
3.014829546232139154e-02
3.016601737794191024e-02
3.019960362583335584e-02
3.028603159834021216e-02
3.028603159834021216e-02
3.026298750512488450e-02
3.014020187505460358e-02
2.984117203455661366e-02
2.956662436205827540e-02
2.936075745179589358e-02
2.912578949708235360e-02
2.898900405840233729e-02
2.902873170019668048e-02
2.913505754258992331e-02
2.936249924877095893e-02
2.936249924877095893e-02
2.951312973281765978e-02
2.948944488590861390e-02
2.942069792239569367e-02
2.938005851769994944e-02
2.927693107627542951e-02
2.916919560326588709e-02
2.907176840109891927e-02
2.904262328253998451e-02
2.904171960396410498e-02
2.904322488859365989e-02
2.904322488859365989e-02
2.900231424197051086e-02
2.899163798177961660e-02
2.899513559909494900e-02
2.893174863745964775e-02
2.880207705543950600e-02
2.868993815217955531e-02
2.864208308993053398e-02
2.865384725005736336e-02
2.869520088711927097e-02
2.874960996624548529e-02
2.874960996624548529e-02
2.876821533826968286e-02
2.875617865874921172e-02
2.848520549060153118e-02
2.829157582789774278e-02
2.811691874142377423e-02
2.787300683858753153e-02
2.764343305566654974e-02
2.741903830332759889e-02
2.722236131489377473e-02
2.701926834945645589e-02
2.701926834945645589e-02
2.688702843822637217e-02
2.681226762197655780e-02
2.678195286228910246e-02
2.668542725709858662e-02
2.661249194366357637e-02
2.646555495185283144e-02
2.625037361167775404e-02
2.610371076618089869e-02
2.599675496523837920e-02
2.595887913654678844e-02
2.595887913654678844e-02
2.599873875508529678e-02
2.599905740971459114e-02
2.593820844313060939e-02
2.581331811423789521e-02
2.579247321945534258e-02
2.583930822759056625e-02
2.596410852156346566e-02
2.608306035318614866e-02
2.624825612969432231e-02
2.636096615677515492e-02
2.636096615677515492e-02
2.641976569595998886e-02
2.639628658248406243e-02
2.633625724310461810e-02
2.622205101170102526e-02
2.617255105891182904e-02
2.606914311041125601e-02
2.597000507402320163e-02
2.593365738076202839e-02
2.597507679372463435e-02
2.607375961672111012e-02
2.607375961672111012e-02
2.621625132812100550e-02
2.637938544966213911e-02
2.664562193356543110e-02
2.688551714010755170e-02
2.714600265153624056e-02
2.729122175163425576e-02
2.739600626368432837e-02
2.741656591787973787e-02
2.745889902698763971e-02
2.742833462683593598e-02
2.742833462683593598e-02
2.740712260333304229e-02
2.740446640156800340e-02
2.741517679359748577e-02
2.745982702368193404e-02
2.755209594682674762e-02
2.768183473929780244e-02
2.775925414261848356e-02
2.785180853739042603e-02
2.797358553497539604e-02
2.810304535589368616e-02
2.810304535589368616e-02
2.818338914097132109e-02
2.821365586866047409e-02
2.819517869385279249e-02
2.815541118362332312e-02
2.816157229170717508e-02
2.804990376848212966e-02
2.793954013638691794e-02
2.788982390081878177e-02
2.786851552871315654e-02
2.785012207640460286e-02
2.785012207640460286e-02
2.788996168937687287e-02
2.785013476135737159e-02
2.778717702583635707e-02
2.764547274815121886e-02
2.752555732916791773e-02
2.737070172214759248e-02
2.722878989225475943e-02
2.699313094123772724e-02
2.680434150352534878e-02
2.657626466020323458e-02
2.657626466020323458e-02
2.641298770137557109e-02
2.627296283034824195e-02
2.622934317633555945e-02
2.612010321600451504e-02
2.597705852314274172e-02
2.572701154945345944e-02
2.544889873992838697e-02
2.510013836666981704e-02
2.476573470348692255e-02
2.448147600383700218e-02
2.448147600383700218e-02
2.412274613385580885e-02
2.385665298564536990e-02
2.355073202436351598e-02
2.333183353515208211e-02
2.313632711880118931e-02
2.289704219608064417e-02
2.266260458008755377e-02
2.239479753366541495e-02
2.207954447988652938e-02
2.175076966153623170e-02
2.175076966153623170e-02
2.147087915973935890e-02
2.125321914963036046e-02
2.107838163223775887e-02
2.091976804917873231e-02
2.077990357459133866e-02
2.064209001254860634e-02
2.047794614319683321e-02
2.029076263966747909e-02
2.009352845103763371e-02
1.986758230202361961e-02
1.986758230202361961e-02
1.968946318499911405e-02
1.965073218900008356e-02
1.963581922207560324e-02
1.958003506323870158e-02
1.938068711571077143e-02
1.922488293048718599e-02
1.908294138821028940e-02
1.892896695309332494e-02
1.872140242685383163e-02
1.834022110717674348e-02
1.834022110717674348e-02
1.798832880429987457e-02
1.761296803135498079e-02
1.732006371020752833e-02
1.704546492503252950e-02
1.681389334383532469e-02
1.660945142792261825e-02
1.639497601421379194e-02
1.617367599413808282e-02
1.598946154202546960e-02
1.575412540511310008e-02
1.575412540511310008e-02
1.552126154636407525e-02
1.523913405269655512e-02
1.503944481479878997e-02
1.476274333980127224e-02
1.447218411282595249e-02
1.415883923914544075e-02
1.394259433404770702e-02
1.379471419068025589e-02
1.365834017263545773e-02
1.354918387469412379e-02
1.354918387469412379e-02
1.328674538903064535e-02
1.300795837501404068e-02
1.282642409858946418e-02
1.264020506081190050e-02
1.245667718058733435e-02
1.232519476099667825e-02
1.224200677620502359e-02
1.219753907206046380e-02
1.211194832200722556e-02
1.190541695002904007e-02
1.190541695002904007e-02
1.175488773977026620e-02
1.164291814422259951e-02
1.156933193378675839e-02
1.149774282054400430e-02
1.142693244393288600e-02
1.128841309678646661e-02
1.109506398914419240e-02
1.067458461836707888e-02
1.025480128801788821e-02
9.889616499663420393e-03
9.889616499663420393e-03
9.619432568624323651e-03
9.532699071527019063e-03
9.513059206018690747e-03
9.515613776407874647e-03
9.443399166689722679e-03
9.219674706004724052e-03
8.941820811905401914e-03
8.589410090481338148e-03
8.306543842614236631e-03
8.059244867210584723e-03
8.059244867210584723e-03
7.867089894562190669e-03
7.722048646892568612e-03
7.668908824416073924e-03
7.705578192694156892e-03
7.799269279569705227e-03
7.897792364062182144e-03
7.955589394455448229e-03
7.898898183876578577e-03
7.739370886550895820e-03
7.566844214698589290e-03
7.566844214698589290e-03
7.494351644599317290e-03
7.451923440962238132e-03
6.952606718413291594e-03
6.680764013095967513e-03
6.541752698114438290e-03
6.419663865217631847e-03
6.330029041862802325e-03
6.216297990251688776e-03
6.100541637606533667e-03
6.010635054240539427e-03
6.010635054240539427e-03
5.982756203359351592e-03
6.017570298079615541e-03
6.102698501556959310e-03
6.102698501556959310e-03
6.102698501556959310e-03
6.102698501556959310e-03
6.192969649629015069e-03
6.353621449403666459e-03
6.510628743922104548e-03
6.684241469141189926e-03
6.684241469141189926e-03
6.842276395225669466e-03
7.010941383943216330e-03
7.303045950090289624e-03
7.611417644005387742e-03
8.012640580568592893e-03
8.359606182024642215e-03
8.674909701913502760e-03
8.950045865446594820e-03
9.158544446348207760e-03
9.452175702346224742e-03
9.452175702346224742e-03
9.620755313241408438e-03
9.850709392526697805e-03
1.007486368282512097e-02
1.028110867501515722e-02
1.042569926684699944e-02
1.049823472741264613e-02
1.050752950551470805e-02
1.047602920203086381e-02
1.044587418742038559e-02
1.043736121372810209e-02
1.043736121372810209e-02
1.044552856431413615e-02
1.053393587124636446e-02
1.059168860512935822e-02
1.065511878647187188e-02
1.071154260111927513e-02
1.078601269000015357e-02
1.089044610558220771e-02
1.091886937213738633e-02
1.088759769272653125e-02
1.092068589440162683e-02
1.092068589440162683e-02
1.095004744238420140e-02
1.095230240030848311e-02
1.097637158966639943e-02
1.101812172833471770e-02
1.099630757980132705e-02
1.094204461886467451e-02
1.099839147630017958e-02
1.102913532766908872e-02
1.096744822597252485e-02
1.089307808059377866e-02
1.089307808059377866e-02
1.083825609571462470e-02
1.077282365474270878e-02
1.071258967903894292e-02
1.064743908053312170e-02
1.060669319776410928e-02
1.059532171569480333e-02
1.058522005809262208e-02
1.055840472662343370e-02
1.056262740687102103e-02
1.050936282015599472e-02
1.050936282015599472e-02
1.049224811683364782e-02
1.046336785410348705e-02
1.043895039333322949e-02
1.038969957747701636e-02
1.020844370595415558e-02
1.012405938895923757e-02
1.013568269548525622e-02
1.009233517309177444e-02
1.002164550199220565e-02
9.991677372253654141e-03
9.991677372253654141e-03
9.984779100653618303e-03
9.688262345206864398e-03
9.573321783614604716e-03
9.560252749048541929e-03
9.746758385658962562e-03
9.980198708379560760e-03
1.025645878317369385e-02
1.053461513135896602e-02
1.067457909756845506e-02
1.057680426046249747e-02
1.057680426046249747e-02
1.057680426046249747e-02
1.057680426046249747e-02
1.057680426046249747e-02
1.040403315950967980e-02
1.015487849746298833e-02
9.835977262291146356e-03
9.543611138925305742e-03
9.234565192876848308e-03
9.115282149477333881e-03
9.060752963470985327e-03
9.060752963470985327e-03
9.108113905608984651e-03
9.188053711670494950e-03
9.248175609852792370e-03
9.298159455709144317e-03
9.316667540568441402e-03
9.335376750640266355e-03
9.322235525235410616e-03
9.487475743284472587e-03
9.707367012806240175e-03
9.917732375486451243e-03
