5.482387915253639221e-02
5.482387915253639221e-02
5.503083765506744385e-02
5.434001609683036804e-02
5.437458306550979614e-02
5.413693934679031372e-02
5.404695868492126465e-02
5.378138273954391479e-02
5.392232909798622131e-02
5.417681112885475159e-02
5.424654111266136169e-02
5.426221340894699097e-02
5.426221340894699097e-02
5.428880825638771057e-02
5.410638451576232910e-02
5.373150110244750977e-02
5.355749651789665222e-02
5.348138138651847839e-02
5.347965285181999207e-02
5.344458669424057007e-02
5.344183370471000671e-02
5.346141755580902100e-02
5.380136147141456604e-02
