1.389074280856632780e-02
1.389074280856632780e-02
1.432668734099569116e-02
1.473752443877866108e-02
1.490412327651223154e-02
1.454140101020344293e-02
1.413898291527251536e-02
1.398023503718670221e-02
1.416766935700542254e-02
1.419686163620564011e-02
1.418226400001485268e-02
1.418406642649317102e-02
1.418406642649317102e-02
1.413020433310477504e-02
1.423004475840430536e-02
1.462654660244139954e-02
1.499067913437675259e-02
1.523516797969399865e-02
1.568479071755816620e-02
1.612741439956175138e-02
1.664099995551615932e-02
1.700041740640870561e-02
1.714225673288551077e-02
1.714225673288551077e-02
1.724158683910756787e-02
1.726188950097132940e-02
1.731904474776396405e-02
1.766542740748240983e-02
1.796745607459909050e-02
1.800204028569233131e-02
1.818246634326565678e-02
1.824642676586943346e-02
1.830952316664059831e-02
1.861119509448504183e-02
1.861119509448504183e-02
1.897771058450495665e-02
1.911148848789817264e-02
1.926469509308114877e-02
1.926867211982741593e-02
1.933644070918117894e-02
1.923970241184878860e-02
1.923906610863235569e-02
1.913472029966756596e-02
1.918138075080500632e-02
1.912940504957048524e-02
1.912940504957048524e-02
1.938067791170992871e-02
1.974021572467900276e-02
2.014689215964007504e-02
2.059779114334018765e-02
2.086009516311741752e-02
2.134584977688584392e-02
2.178880183080696142e-02
2.216403762211969358e-02
2.210155956640614053e-02
2.183506167399122677e-02
2.183506167399122677e-02
2.183506167399122677e-02
2.138379061474008497e-02
2.077953291806164046e-02
2.020658184736828095e-02
1.993786722011706147e-02
1.990278695767076431e-02
2.004589665430635964e-02
2.023907679170563328e-02
2.043144838262842683e-02
2.059903466211895906e-02
2.059903466211895906e-02
2.084834912295969317e-02
2.107869898478307094e-02
2.094294059228900620e-02
2.050592701767886897e-02
1.997945618321715633e-02
1.955092379235221292e-02
1.922375112987314422e-02
1.911628091676915650e-02
1.917824349428957215e-02
1.931820980794089412e-02
1.931820980794089412e-02
1.957476137588016335e-02
1.982841368190581613e-02
1.983726197951595285e-02
1.984406090363014311e-02
1.960693098155774639e-02
1.911764942965808040e-02
1.860348849903236887e-02
1.808203528292314996e-02
1.760428948166712151e-02
1.707400246908141045e-02
1.707400246908141045e-02
1.673513770578655482e-02
1.645524392553210369e-02
1.653034527780013890e-02
1.663209203570419417e-02
1.676176256571557457e-02
1.666296439050661549e-02
1.654016574014766788e-02
1.618690539376039378e-02
1.541907234937476417e-02
1.467519468421283300e-02
1.467519468421283300e-02
1.418917454127187165e-02
1.418917454127187165e-02
1.418917454127187165e-02
1.418917454127187165e-02
1.345984612412472539e-02
1.286316600470259301e-02
1.262160049022126133e-02
1.265039377361922880e-02
1.283196451635209949e-02
1.293763150106434258e-02
1.293763150106434258e-02
1.281244146343471502e-02
1.270542102800412479e-02
1.238076294311489696e-02
1.210583005543105183e-02
1.195169200203297956e-02
1.189097291703536743e-02
1.206942225824818131e-02
1.240469038237549185e-02
1.281658788018635864e-02
1.342506506958062416e-02
1.342506506958062416e-02
1.393111407547617704e-02
1.445106144392900582e-02
1.497866294830747097e-02
1.540624155938394302e-02
1.577466951245693264e-02
1.620191093532770063e-02
1.662819918744809153e-02
1.687787194703505717e-02
1.695233966655733046e-02
1.692335132340389708e-02
1.692335132340389708e-02
1.680729836147330444e-02
1.659086947846576121e-02
1.629011007950292508e-02
1.612251952706309985e-02
1.605226465194445340e-02
1.607924696063577769e-02
1.616955763230525089e-02
1.619554332392043189e-02
1.632522718387761224e-02
1.645789892615461339e-02
1.645789892615461339e-02
1.663224071622950925e-02
1.678065618327087560e-02
1.702794590688025064e-02
1.724600098123106259e-02
1.737116837298159980e-02
1.750323376531234820e-02
1.754712431987196647e-02
1.753995356093277641e-02
1.746322055433481568e-02
1.739698109104159673e-02
1.739698109104159673e-02
1.753194729024439708e-02
1.767219305923317316e-02
1.788986370839099060e-02
1.793205966823922803e-02
1.778057241757092719e-02
1.762863364549682732e-02
1.758457184215353464e-02
1.790771013849250942e-02
1.833535350623013288e-02
1.865089550991167258e-02
1.865089550991167258e-02
1.886685542587511824e-02
1.906204526161878535e-02
1.923901880835044570e-02
1.918570197169146285e-02
1.895061686529678213e-02
1.888079110863554247e-02
1.876088392811520525e-02
1.860615200656891635e-02
1.838209216632765222e-02
1.821926409160290472e-02
1.821926409160290472e-02
1.827678851008406047e-02
1.825749329842100283e-02
1.805775797951456735e-02
1.796678103252754080e-02
1.792164997008434402e-02
1.784218569308100577e-02
1.769651717572392688e-02
1.776505996809882304e-02
1.781963793694921888e-02
1.812596247531088334e-02
1.812596247531088334e-02
1.828970640202405920e-02
1.827526605360531298e-02
1.818773370853313948e-02
1.803516705833452943e-02
1.794444380442339684e-02
1.785904229739277219e-02
1.783903264074732445e-02
1.789343967294808324e-02
1.785181801094239823e-02
1.778479863736297933e-02
1.778479863736297933e-02
1.828694521179299523e-02
1.882881200324736451e-02
1.924695576739287803e-02
1.957867651795414804e-02
1.993830245791093636e-02
2.022333253079083848e-02
2.041995538843180760e-02
2.044732465805011376e-02
2.033841444479845412e-02
2.008073003720957719e-02
2.008073003720957719e-02
1.975586249516180296e-02
1.951932784327024134e-02
1.938025969580682226e-02
1.929401948991920496e-02
1.946449707879228941e-02
1.966992379940510002e-02
1.987163045980879991e-02
2.003482893737637202e-02
2.013033686845358897e-02
2.021476143185869240e-02
2.021476143185869240e-02
2.035191103938597743e-02
2.042851789382089597e-02
2.051992746739178183e-02
2.071008283049427870e-02
2.101974750531786229e-02
2.134571942410114914e-02
2.164839568432850442e-02
2.181292531038798305e-02
2.181654002880339602e-02
2.180212433388897461e-02
2.180212433388897461e-02
2.175194027551153111e-02
2.173957037841751927e-02
2.171126396264446215e-02
2.179241262303464183e-02
2.172186038955744095e-02
2.166047679966740316e-02
2.151040883523769667e-02
2.128085521214933759e-02
2.104480339746725437e-02
2.091829968072608792e-02
2.091829968072608792e-02
2.082913993897690663e-02
2.079654169182883205e-02
2.086564769477905132e-02
2.098527821594016463e-02
2.099290061817169623e-02
2.099340723879981538e-02
2.092593165949935621e-02
2.085951814761166645e-02
2.085372292790018192e-02
2.085439099207906516e-02
2.085439099207906516e-02
2.087070902514958498e-02
2.085360114235577933e-02
2.069723368176022704e-02
2.048789651337349846e-02
2.035115985080816065e-02
2.032201919293542824e-02
2.025312182920800674e-02
2.011505370363170231e-02
1.991002769859153212e-02
1.960303486136417625e-02
1.960303486136417625e-02
1.947079169901205775e-02
1.953319060996733594e-02
1.968463846808281639e-02
1.975407369475746383e-02
1.973859198438254747e-02
1.960977823492067798e-02
1.943996617531858206e-02
1.929387869248093759e-02
1.918557267546486603e-02
1.919729221666986382e-02
1.919729221666986382e-02
1.922957477278040145e-02
1.925233414747369240e-02
1.918438063686349684e-02
1.904697581137074908e-02
1.889672881203070809e-02
1.878771692972624682e-02
1.871137254634633665e-02
1.862252093747454249e-02
1.852703628319056148e-02
1.849829874681626143e-02
1.849829874681626143e-02
1.851510493820687081e-02
1.845869241924732659e-02
1.842243565980075312e-02
1.838018416933962645e-02
1.823799450118700552e-02
1.808454910310183447e-02
1.784020298576236355e-02
1.760562814285494132e-02
1.733443288460281145e-02
1.713762392519552549e-02
1.713762392519552549e-02
1.696448470435776498e-02
1.681153369105097342e-02
1.674183717649306222e-02
1.673524740776985778e-02
1.682946782519341086e-02
1.684406425704101581e-02
1.672810353797801741e-02
1.640646024965959973e-02
1.646003415685525981e-02
1.653225008995185680e-02
1.653225008995185680e-02
1.653165463247307718e-02
1.646049891936029672e-02
1.633968057892222492e-02
1.624442488960896325e-02
1.633774786013020980e-02
1.642009887022973999e-02
1.642009887022973999e-02
1.642009887022973999e-02
1.642009887022973999e-02
1.634900973662395743e-02
1.634900973662395743e-02
1.621874174432568622e-02
1.602803007469593213e-02
1.579059808543117546e-02
1.568787101690270053e-02
1.560681719872831705e-02
1.558796763364022307e-02
1.546468244199363483e-02
1.534015271441732664e-02
1.522225983666101838e-02
1.508785950606874801e-02
1.508785950606874801e-02
1.522217649770721444e-02
1.520639964853322083e-02
1.496029958431396682e-02
1.462527391235475364e-02
1.421681556615027320e-02
1.389896106398269549e-02
1.361813700518916224e-02
1.341941656067221003e-02
1.330376465096411512e-02
1.336372157212994613e-02
1.336372157212994613e-02
1.345014560613538336e-02
1.354938973849036284e-02
1.354938973849036284e-02
1.360612386447124927e-02
1.369134128226899040e-02
1.378329222344564300e-02
1.383491471433601940e-02
1.394973808434030009e-02
1.396597769831313222e-02
1.383853204697998301e-02
1.383853204697998301e-02
1.359364641703771776e-02
1.334028784544110530e-02
1.319044536473792419e-02
1.296324854922649775e-02
1.282315182283264195e-02
1.270885485098566942e-02
1.269952978461462434e-02
1.266737554414381142e-02
1.266535671443587939e-02
1.275253845847424718e-02
1.275253845847424718e-02
1.291013855924282201e-02
1.306253444292629698e-02
1.318649985855914128e-02
1.325087383976985590e-02
1.313065041553567423e-02
1.295144129386430372e-02
1.282438265136860017e-02
1.268966375073132986e-02
1.260340317635085319e-02
1.257075304709954176e-02
1.257075304709954176e-02
1.249044237301930212e-02
1.243755695132754691e-02
1.237355888136678836e-02
1.232404256258380279e-02
1.236678507100957662e-02
1.248975449138248553e-02
1.264212163491926395e-02
1.277531216447226961e-02
1.297815159776413534e-02
1.305812842626066783e-02
1.305812842626066783e-02
1.312128664891319685e-02
1.314956232360860525e-02
1.319813542197492522e-02
1.326772457907393968e-02
1.331400209265319774e-02
1.329623194908985395e-02
1.321816600568307722e-02
1.306488954409982216e-02
1.293871065103145007e-02
1.281383041347641805e-02
1.281383041347641805e-02
1.258656289715538203e-02
1.231798622415228653e-02
1.211533178250437034e-02
1.200212808906011945e-02
1.198762436045739191e-02
1.200144307360109450e-02
1.204188603612364218e-02
1.204053973140384315e-02
1.192014929160858765e-02
1.185500303019554856e-02
1.185500303019554856e-02
1.192615117942110066e-02
1.191609568577518992e-02
1.187974684362317832e-02
1.172545254164415393e-02
1.150388097574821071e-02
1.112363084778011414e-02
1.060983623899162433e-02
1.009048870561455973e-02
9.538827693885285758e-03
9.059218891453054562e-03
9.059218891453054562e-03
8.685220405088442397e-03
8.381667473463706372e-03
8.119187695387697010e-03
7.883312954093852493e-03
7.765962993632456214e-03
7.721364835100358315e-03
7.669523874614801728e-03
7.626019822569924007e-03
7.702924550848495172e-03
7.806241703500127298e-03
