3.360207052458042548e-02
3.450398497150857641e-02
3.538021742163974942e-02
3.496452127894487255e-02
3.461349020343921362e-02
3.408887215708422680e-02
3.334266507709728045e-02
3.251788902022104133e-02
3.183886674477614392e-02
3.094945758107278677e-02
3.008116167399601387e-02
3.008116167399601387e-02
2.941999762144532557e-02
2.888202822019839827e-02
2.836828570598875360e-02
2.799398703195299723e-02
2.787767775355459027e-02
2.776886231830040519e-02
2.771934219794437368e-02
2.777007021266027220e-02
2.784960670088807919e-02
2.796815654196406833e-02
2.796815654196406833e-02
2.795262410019815069e-02
2.785194243275536385e-02
2.777146845279256787e-02
2.761202253023065101e-02
2.747529794043392440e-02
2.748095544397089612e-02
2.742437700466854311e-02
2.669911514912648789e-02
2.600993798035803814e-02
2.536887919755293624e-02
2.536887919755293624e-02
2.477198265322501369e-02
2.424116674071456756e-02
2.377452873682387932e-02
2.334034844298694955e-02
2.293221791625222120e-02
2.260079263445540290e-02
2.228647327513926663e-02
2.199004581492140439e-02
2.179242841571669628e-02
2.163445928750583336e-02
2.163445928750583336e-02
2.144463233048089432e-02
2.126720409053395322e-02
2.114005289233358842e-02
2.097156390334513343e-02
2.084767298003095334e-02
2.072310912544928288e-02
2.058454929701809127e-02
2.048817112315035743e-02
2.038170925358510563e-02
2.028754058110453229e-02
2.028754058110453229e-02
2.023021950099846561e-02
2.017227475503480250e-02
2.010745792422102135e-02
1.999268265125005162e-02
1.989935338543805804e-02
1.981876656597081343e-02
1.984143430954669537e-02
1.985033992654358995e-02
1.980769253244720265e-02
1.978163781742860172e-02
1.978163781742860172e-02
1.982748137450418210e-02
1.984486046721184449e-02
1.982569038108638812e-02
1.976335899015884204e-02
1.969166017425874951e-02
1.961551965039837891e-02
1.944462922866306218e-02
1.937947725806546395e-02
1.926776757864359299e-02
1.918181893633000637e-02
1.918181893633000637e-02
1.908217340638793114e-02
1.906176704220323426e-02
1.907982970508919143e-02
1.911355796413374136e-02
1.890306040487694031e-02
1.862567495015860289e-02
1.835263436484400185e-02
1.806348078273099095e-02
1.773025121038697763e-02
1.743469342694770052e-02
1.743469342694770052e-02
1.706998850240678059e-02
1.655828548220187810e-02
1.614915375875098855e-02
1.578898237919270156e-02
1.542390411433040669e-02
1.508121097308418555e-02
1.470929604366140279e-02
1.428789616876731915e-02
1.388495492767784396e-02
1.351637505295740123e-02
1.351637505295740123e-02
1.305765439739536848e-02
1.282482095045344231e-02
1.254687638676010332e-02
1.233455544013265133e-02
1.210700267378066880e-02
1.189421180270914917e-02
1.176743811328495072e-02
1.162843634457983409e-02
1.156506367025970754e-02
1.164361897312678543e-02
1.164361897312678543e-02
1.190970789097445422e-02
1.217867938016167773e-02
1.239348140164371094e-02
1.253640781815622447e-02
1.283284159543791013e-02
1.314119298911251184e-02
1.358336039088739282e-02
1.399833349147530139e-02
1.441001643214670155e-02
1.478658350286973094e-02
1.478658350286973094e-02
1.503594535174200726e-02
1.518830824240701913e-02
1.533583726516415426e-02
1.536978302320414838e-02
1.531010847060537521e-02
1.529978669824599499e-02
1.529449890251103478e-02
1.533810089998315258e-02
1.519388666759512001e-02
1.505661025661354964e-02
1.505661025661354964e-02
1.502471961196381704e-02
1.498102628145216858e-02
1.499698456085678255e-02
1.514307996997612919e-02
1.540886098479907901e-02
1.550608153112407149e-02
1.558978399726021653e-02
1.567958729025864528e-02
1.578389757793671744e-02
1.588409258118499146e-02
1.588409258118499146e-02
1.594753268856867121e-02
1.613467818106316745e-02
1.635845709753497995e-02
1.641143332251661716e-02
1.631570086013292564e-02
1.601254088534916076e-02
1.570856889547877708e-02
1.539923962112901834e-02
1.520100458266748777e-02
1.503945505551068651e-02
1.503945505551068651e-02
1.491340075134060979e-02
1.472903539514350442e-02
1.457689730644256415e-02
1.445886821385006238e-02
1.445170318748760507e-02
1.449709918836429925e-02
1.458560339047046926e-02
1.469060601222831400e-02
1.467795928639302472e-02
1.469115572139161573e-02
1.469115572139161573e-02
1.471569112786239378e-02
1.463517667930392015e-02
1.445366650459353752e-02
1.431878219968257815e-02
1.440500299585435393e-02
1.459570611841779809e-02
1.494452291630273162e-02
1.523239669157237103e-02
1.548221097700053575e-02
1.563944383799399304e-02
1.563944383799399304e-02
1.571858621581023394e-02
1.562412725348328452e-02
1.550793904682992025e-02
1.543021874923469934e-02
1.533456652983258145e-02
1.531880535747812654e-02
1.539689617526274028e-02
1.551457842139329288e-02
1.571343228838747649e-02
1.591264274939575146e-02
1.591264274939575146e-02
1.610059915421612961e-02
1.630514256714646684e-02
1.685950163776052044e-02
1.691643921939092743e-02
1.694533572145985600e-02
1.706746286234739340e-02
1.726634754722452744e-02
1.743757123330434700e-02
1.767340690382206495e-02
1.750117302214610274e-02
1.750117302214610274e-02
1.738060204969991973e-02
1.726094326931048445e-02
1.721983211274627848e-02
1.720800922119015627e-02
1.715429174210850866e-02
1.716853412894620706e-02
1.734602526076488987e-02
1.762884972454206028e-02
1.797477049639605376e-02
1.835144967843724620e-02
1.835144967843724620e-02
1.869941899233106344e-02
1.906720113989126067e-02
1.941403095509531065e-02
1.971230971923703876e-02
2.003731336680308547e-02
2.030502139957354388e-02
2.055505419357961036e-02
2.096632635112060522e-02
2.132623354584645831e-02
2.162128604400207973e-02
2.162128604400207973e-02
2.178623220336151078e-02
2.174508299524896895e-02
2.156614999771691923e-02
2.134224387453522234e-02
2.109429523170416529e-02
2.065304967382338916e-02
2.018814074970563463e-02
1.987023920897862395e-02
1.964211924909321089e-02
1.953201341039616581e-02
1.953201341039616581e-02
1.947388429612010446e-02
1.965130778921793386e-02
1.993078242282063373e-02
1.998623881917329856e-02
1.990993144340924212e-02
1.992810480950062829e-02
1.989382267628883941e-02
1.980791187961979463e-02
1.967550280228479512e-02
1.963729293415623217e-02
1.963729293415623217e-02
1.960830186862613095e-02
1.969277877949603128e-02
1.975222363558160402e-02
1.975337012366480335e-02
1.974989821528107953e-02
1.986581081846846078e-02
1.995769859294706933e-02
2.012672518347388695e-02
2.019651181849347124e-02
2.019994051756425144e-02
2.019994051756425144e-02
2.009847661843957092e-02
1.981714204768686427e-02
1.947001637383540332e-02
1.915165124813301978e-02
1.900427623726387572e-02
1.874582272220345555e-02
1.851566246448791905e-02
1.828938675882559386e-02
1.805034033556390111e-02
1.781366352595722957e-02
1.781366352595722957e-02
1.757031535582484830e-02
1.737479171512936946e-02
1.721192228693917484e-02
1.720872665344694297e-02
1.727881589256935121e-02
1.732631584751952517e-02
1.735329416334117220e-02
1.736681120049788501e-02
1.739883063308876598e-02
1.745363037396500602e-02
1.745363037396500602e-02
1.755841565824614592e-02
1.765013957232020383e-02
1.772812388600755740e-02
1.780615883026168481e-02
1.784570940347612877e-02
1.779272708122407384e-02
1.790354148312116311e-02
1.789829699822418491e-02
1.788234553571615981e-02
1.778723190568476040e-02
1.778723190568476040e-02
1.756445115345709948e-02
1.724388090880082242e-02
1.675472497873101499e-02
1.634924909793353948e-02
1.621991611535869571e-02
1.611385910866335730e-02
1.596440401167944015e-02
1.589575672396042333e-02
1.569311961444286654e-02
1.550720514571468124e-02
1.550720514571468124e-02
1.542268814464119696e-02
1.538825420810785959e-02
1.545631309100206283e-02
1.548405168596128818e-02
1.559938656996494658e-02
1.588801786093840124e-02
1.629455446807701394e-02
1.661920386833739410e-02
1.678204727846924205e-02
1.655649285114412297e-02
1.655649285114412297e-02
1.642423449574870881e-02
1.609136783874072149e-02
1.577373233195608973e-02
1.538681273344813527e-02
1.507218830234447263e-02
1.465955726758120213e-02
1.425746210801977394e-02
1.387739271583563090e-02
1.360631772871338969e-02
1.341172191924936037e-02
1.341172191924936037e-02
1.340973066963718242e-02
1.337257333855256837e-02
1.331107300729377288e-02
1.333226384059323782e-02
1.349577605006359142e-02
1.382825110375265724e-02
1.407742153296453851e-02
1.433545822763244472e-02
1.453570743075509840e-02
1.468127349290276884e-02
1.468127349290276884e-02
1.489374222416833642e-02
1.503288473810811959e-02
1.522315314977682951e-02
1.531544153929911140e-02
1.535526007644651830e-02
1.517917831020122038e-02
1.493114124482823081e-02
1.493791387181024437e-02
1.491651287839583159e-02
1.490754953586787349e-02
1.490754953586787349e-02
1.493775357944322757e-02
1.499830147888770067e-02
1.511458106520995222e-02
1.526805108862386295e-02
1.536691026742242894e-02
1.546923514609431505e-02
1.571277958021798093e-02
1.587068774520116257e-02
1.560052209870833526e-02
1.530041964455979009e-02
1.530041964455979009e-02
1.515974777114978411e-02
1.504905834528607114e-02
1.492700424915166871e-02
1.471674469010339145e-02
1.454372212718870253e-02
1.438902685308808896e-02
1.417895893904419155e-02
1.399072829296904227e-02
1.380875838834705847e-02
1.354172446597157360e-02
1.354172446597157360e-02
1.338639973851656062e-02
1.332545727157048721e-02
1.318988950175327933e-02
1.302663373164974006e-02
1.285226313942651119e-02
1.261721699158765281e-02
1.239338267367841653e-02
1.220790311674740947e-02
1.206743659559794853e-02
1.205071701995575825e-02
1.205071701995575825e-02
1.198229128771503317e-02
1.195681099643772401e-02
1.202673413448429943e-02
1.202709595465968097e-02
1.211871413764340800e-02
1.214921295371579855e-02
1.211309092653843622e-02
1.200833352651969541e-02
1.196577768355187345e-02
1.190182443515401707e-02
1.190182443515401707e-02
1.182544156611091413e-02
1.168975747852184742e-02
1.153182362628354767e-02
1.124342405276909825e-02
1.090660935581488737e-02
1.063563184725133288e-02
1.058040407825938320e-02
1.058836982287860752e-02
1.063469690883282401e-02
1.077682506769066413e-02
1.077682506769066413e-02
1.077682506769066413e-02
1.089435812657837087e-02
1.109037233101212508e-02
1.116951372018742950e-02
1.123042468001560906e-02
1.126396186291481541e-02
1.125089845225928607e-02
1.119123400685241750e-02
1.097722235422031803e-02
1.063946121203525677e-02
1.063946121203525677e-02
1.036935410315878610e-02
1.007756258443971882e-02
1.011188282477008121e-02
1.027000528607161824e-02
1.041868736013547118e-02
1.056210595217917624e-02
1.070106659770726255e-02
1.070663646180598783e-02
1.068091039090145883e-02
1.072692326547233788e-02
1.072692326547233788e-02
1.083915331875343925e-02
1.099875481478976291e-02
1.112352165521889556e-02
1.116929691203277092e-02
1.117188248217125014e-02
1.111719786625878573e-02
1.103672533227588286e-02
1.101913233129405562e-02
1.096500526684460360e-02
1.084452146462563070e-02
1.084452146462563070e-02
1.077093576415116133e-02
1.070009146465370972e-02
1.058755451733482678e-02
1.058096349436955623e-02
1.053572367124245082e-02
1.045043852578654564e-02
1.037128311282968333e-02
1.037452688086721968e-02
1.031519728317049564e-02
1.025560047349487885e-02
1.025560047349487885e-02
1.023994754609441372e-02
1.020789456886609693e-02
1.026082414765872551e-02
1.024689969107498398e-02
1.017899050459814859e-02
1.005087251182733114e-02
1.000306457752481865e-02
9.825240405489616552e-03
9.812822523551936738e-03
9.721067952824678435e-03
9.721067952824678435e-03
9.709521816425094667e-03
9.816306652112014031e-03
9.879439999629736902e-03
9.834985025121763258e-03
9.738203880764949652e-03
9.568117494563405101e-03
9.393327822386540737e-03
1.011651674749613171e-02
1.116004349116917274e-02
1.233779796088662652e-02
1.233779796088662652e-02
1.351429119633632860e-02
1.464002757224225522e-02
1.571173401990756668e-02
1.666135119168895423e-02
1.750216216038619904e-02
1.822606747751001621e-02
1.883833451632031808e-02
1.939172045936844377e-02
1.983185824844288167e-02
2.024847252167679551e-02
2.024847252167679551e-02
2.061106284236998223e-02
2.093280191279078481e-02
2.121663565795484097e-02
2.144547468317782937e-02
2.163014825104606423e-02
2.178557075079857672e-02
2.189751848144148860e-02
2.198782907722238167e-02
2.202767354218261239e-02
2.204490527463592864e-02
2.204490527463592864e-02
2.207826924493487900e-02
2.209503361710736871e-02
2.211967201257793864e-02
2.212964419326391569e-02
2.213577083747921351e-02
2.212304421404008917e-02
2.209117950348649453e-02
2.204089130232388810e-02
2.198363073126869197e-02
2.187218873084729662e-02
2.187218873084729662e-02
2.172665705585639234e-02
2.157045109276999051e-02
2.142394701711653610e-02
2.126683299668106694e-02
2.111455649221372424e-02
2.096707716914604155e-02
2.080560652887259582e-02
2.065933667367142804e-02
2.048808400212072042e-02
2.033020254977247615e-02
2.033020254977247615e-02
2.022009264433874062e-02
2.013958764931694442e-02
2.003855697960747403e-02
1.991858647193539902e-02
1.990666537540001016e-02
1.987589362922366834e-02
1.986055616106587388e-02
1.983454975371121143e-02
1.977795644128333211e-02
1.974764867379003030e-02
1.974764867379003030e-02
1.970601319428384735e-02
1.965592470211076706e-02
1.956889686587237609e-02
1.949914635951559283e-02
1.940931110396441200e-02
1.931236279123042798e-02
1.922428495231405174e-02
1.911223471045340322e-02
1.898365000174160114e-02
1.886304819801807447e-02
1.886304819801807447e-02
1.874650897914061781e-02
1.863068729817586935e-02
1.852039985222886029e-02
1.841793853577908952e-02
1.830828127191429927e-02
1.819808708673785122e-02
1.810025840965648336e-02
1.797041950690928674e-02
1.781381065592011273e-02
1.766528641984978568e-02
1.766528641984978568e-02
1.747734327949804559e-02
1.731442278452238401e-02
1.716411704776815358e-02
1.704072457061113141e-02
1.693800083989243851e-02
1.684940745131095416e-02
1.672874927014570204e-02
1.654842255956535252e-02
1.634452043862892265e-02
1.615458835482838640e-02
1.615458835482838640e-02
1.599230164064938120e-02
1.580824134588831864e-02
1.561498158397953834e-02
1.542553495553202272e-02
1.524907405414007572e-02
1.508162676199468338e-02
1.496907145190574939e-02
1.486942013198321554e-02
1.478797303073834703e-02
1.470881151889394563e-02
