2.162304034105492004e-02
2.162304034105492004e-02
2.055041659694232387e-02
1.947023306866718304e-02
1.858121557345341832e-02
1.766045354648025992e-02
1.688138481795724288e-02
1.619338511089642510e-02
1.554418275418462982e-02
1.522680136647527362e-02
1.491402166006251286e-02
1.473855497343841241e-02
1.473855497343841241e-02
1.464372033767275157e-02
1.471386797619750504e-02
1.469392373127400425e-02
1.463961767853664935e-02
1.467729639106859704e-02
1.479315246775220194e-02
1.498740216319260042e-02
1.495318025537371170e-02
1.485695231691465043e-02
1.543027908140288777e-02
1.543027908140288777e-02
1.597005801042969755e-02
1.652061430288929988e-02
1.707204315377407536e-02
1.754310451691814404e-02
1.802864471618288722e-02
1.845638032360955721e-02
1.890556973024648188e-02
1.930657572142039161e-02
1.952330033866686229e-02
1.970881691733776184e-02
1.970881691733776184e-02
1.987673503613130582e-02
1.997771059211326736e-02
2.009575792848813935e-02
2.014140798819975126e-02
2.018991031372716766e-02
2.019503339142280501e-02
2.025073548879078103e-02
2.027643074772771462e-02
2.025193989282888726e-02
2.022700191177814050e-02
2.022700191177814050e-02
2.015546803151606337e-02
2.005894629698953824e-02
2.012677622058215224e-02
2.015331747337549551e-02
2.019992635166453776e-02
2.024783244053324563e-02
2.029845782103716426e-02
2.033719813806728755e-02
2.037971357760340330e-02
2.049226500990508626e-02
2.049226500990508626e-02
2.060434351189677910e-02
2.071241487156097461e-02
2.086269350233737122e-02
2.095277112452649873e-02
2.100567343136646239e-02
2.101499645134685332e-02
2.102109828278853759e-02
2.100020488203113711e-02
2.102648816138161236e-02
2.104313797729645205e-02
2.104313797729645205e-02
2.108984465579711101e-02
2.124388009638060459e-02
2.150172594671380041e-02
2.176552251384579820e-02
2.212928811696706841e-02
2.250697394232199430e-02
2.279542321289329543e-02
2.296088651975883646e-02
2.309438317324051526e-02
2.318733114097133730e-02
2.318733114097133730e-02
2.320855437796644910e-02
2.318515364700873480e-02
2.307624399066338788e-02
2.290612151839076932e-02
2.280579526941420992e-02
2.276593434428420340e-02
2.267335878007484956e-02
2.258865299568259960e-02
2.254544489725967410e-02
2.234055373300822267e-02
2.234055373300822267e-02
2.201463086327872659e-02
2.164396207352946300e-02
2.129781504495422903e-02
2.095584823600672025e-02
2.070967284249692481e-02
2.066089605450035366e-02
2.074415840186294088e-02
2.053781503652584578e-02
2.040197834904811450e-02
2.036726713469920805e-02
2.036726713469920805e-02
2.044089054097447677e-02
2.054913368155516368e-02
2.061503878750040042e-02
2.074540215180374972e-02
2.082794871136799814e-02
2.064236687218231822e-02
2.029922167421482904e-02
1.992060799187259784e-02
1.953555034002709204e-02
1.919697108600790583e-02
1.919697108600790583e-02
1.873622625716301129e-02
1.830023461204680069e-02
1.795493450849810005e-02
1.776122709871509955e-02
1.772869650859780835e-02
1.786717143007077527e-02
1.809469172841032814e-02
1.838484327155362474e-02
1.802147385344260444e-02
1.775784060099764444e-02
1.775784060099764444e-02
1.765386460905810431e-02
1.766874190670032069e-02
1.778445867311777631e-02
1.788220273628239945e-02
1.796153592581894304e-02
1.794635101006248831e-02
1.786280926239803765e-02
1.772269548058282365e-02
1.751619466584558582e-02
1.738560934294119606e-02
1.738560934294119606e-02
1.729330273679114544e-02
1.723218804399482065e-02
1.719131340212405948e-02
1.717536116870097690e-02
1.717703919581485897e-02
1.714901051948378163e-02
1.702346659837579781e-02
1.696143098337135960e-02
1.693745731063046531e-02
1.702950971244051107e-02
1.702950971244051107e-02
1.711438740415512777e-02
1.731127973012423077e-02
1.750453957805471472e-02
1.772660067425798139e-02
1.804381621320621382e-02
1.830713438231727427e-02
1.849441047074207312e-02
1.858734071980848099e-02
1.860668839081159112e-02
1.865997780819316290e-02
1.865997780819316290e-02
1.868300785857771040e-02
1.861098102335777965e-02
1.845368762163559703e-02
1.822220070782409190e-02
1.791827955546648407e-02
1.754040664419235368e-02
1.706686825044657560e-02
1.667927719429931899e-02
1.634534206925487843e-02
1.607817593663220593e-02
1.607817593663220593e-02
1.583787001539018260e-02
1.568891976171821884e-02
1.568458452207444759e-02
1.565953956853430654e-02
1.560351893146881899e-02
1.551061574047993795e-02
1.546422919387845270e-02
1.536443029433036053e-02
1.532469416269407678e-02
1.529593662553421600e-02
1.529593662553421600e-02
1.529397032172726337e-02
1.536743746803630531e-02
1.543331114303476796e-02
1.543434544872084903e-02
1.538861972261448656e-02
1.529664018122033932e-02
1.511434256972285159e-02
1.497013478162857042e-02
1.488791902325234569e-02
1.479520369521332944e-02
1.479520369521332944e-02
1.467089494813077905e-02
1.457279248254842938e-02
1.443175294431228196e-02
1.437908462047185650e-02
1.441825298785687215e-02
1.450934683320541894e-02
1.463739976181236552e-02
1.474837530344494732e-02
1.469682940039977910e-02
1.456273672465622712e-02
1.456273672465622712e-02
1.427472013222444956e-02
1.383337947483782165e-02
1.341545802000264700e-02
1.317159589931037912e-02
1.294707920005150337e-02
1.280912853651325171e-02
1.296282690437706824e-02
1.315606094301430620e-02
1.326369283913174553e-02
1.336209252763766696e-02
1.336209252763766696e-02
1.337750811366916585e-02
1.322248458311636558e-02
1.299201344570600006e-02
1.288485709222571447e-02
1.285218041620068107e-02
1.295720567310247248e-02
1.320790185621869423e-02
1.351373056435689092e-02
1.373835398692878178e-02
1.386894398054925107e-02
1.386894398054925107e-02
1.391096573106279793e-02
1.388332229013722677e-02
1.376795794426403409e-02
1.363625155696196294e-02
1.351283960715819916e-02
1.343369985651406660e-02
1.337823995453190501e-02
1.350542679307512040e-02
1.364100134039240332e-02
1.382899362487679563e-02
1.382899362487679563e-02
1.402317312807405299e-02
1.426786727907696124e-02
1.451096383271680869e-02
1.490630355674232681e-02
1.528161155263619252e-02
1.556786758146840553e-02
1.580014558471655450e-02
1.585971877795737742e-02
1.579369954487629818e-02
1.564527376001741132e-02
1.564527376001741132e-02
1.553277923743700412e-02
1.547142494261185240e-02
1.554363256236179075e-02
1.568736781548817766e-02
1.596888581962779829e-02
1.618093401995417124e-02
1.630677446904861896e-02
1.639083170928105210e-02
1.646411672339918517e-02
1.657082245241291510e-02
1.657082245241291510e-02
1.656670386643962004e-02
1.650973792322009415e-02
1.635695888023393912e-02
1.614951133158142038e-02
1.592103317094658785e-02
1.577154258144534971e-02
1.557483241325397470e-02
1.535445505129571717e-02
1.523962528726836678e-02
1.520552519720673804e-02
1.520552519720673804e-02
1.524279285001257922e-02
1.523305987739141665e-02
1.526386266572476828e-02
1.520303692989911221e-02
1.512502228808784363e-02
1.506923615029389339e-02
1.490336970648992176e-02
1.473781255756210704e-02
1.465216974767075131e-02
1.452386121881746317e-02
1.452386121881746317e-02
1.444313582182712649e-02
1.492828746923396434e-02
1.533435700091123621e-02
1.595685551398727531e-02
1.637070324401300458e-02
1.654528510569671859e-02
1.658340060012602341e-02
1.646764559281645168e-02
1.635858947930768706e-02
1.631054458040659752e-02
1.631054458040659752e-02
1.636513946874718767e-02
1.643886901571090312e-02
1.663555694480025465e-02
1.674284566638571323e-02
1.673395043987901606e-02
1.664281531148987733e-02
1.649987185254742431e-02
1.620663252439269453e-02
1.589516690520485775e-02
1.555664896526658125e-02
1.555664896526658125e-02
1.523064778161321679e-02
1.493250158615071731e-02
1.460336013799627686e-02
1.432409909228869391e-02
1.414561767648243526e-02
1.402298003493489958e-02
1.400272904404497622e-02
1.396922289994400462e-02
1.387606994457359078e-02
1.369973151555053947e-02
1.369973151555053947e-02
1.343479595007336658e-02
1.311243807264028498e-02
1.278598881925453214e-02
1.252742423857204114e-02
1.236649444989826319e-02
1.229577753215881086e-02
1.228946081770381123e-02
1.227207007114129028e-02
1.221891086475495637e-02
1.221958237893813227e-02
1.221958237893813227e-02
1.224936892764627062e-02
1.222637085306236063e-02
1.219111524629380022e-02
1.210713272993476329e-02
1.199324531308385532e-02
1.189777099578049474e-02
1.182346012140772333e-02
1.171787375054717667e-02
1.168429481975110512e-02
1.164470079698284345e-02
1.164470079698284345e-02
1.159165265048285771e-02
1.156628288020093188e-02
1.150935479639907458e-02
1.143058556074293998e-02
1.137016522612352420e-02
1.131974321567948139e-02
1.124682297865100752e-02
1.113777947739436926e-02
1.103108265699649301e-02
1.094947912551803675e-02
1.094947912551803675e-02
1.085165069974412463e-02
1.085354585587576352e-02
1.087089978690439739e-02
1.083857859351920402e-02
1.080552290594996925e-02
1.066633951751899158e-02
1.051339798629259345e-02
1.041861685409352541e-02
1.034416322615820845e-02
1.028000511666167863e-02
1.028000511666167863e-02
1.022418282274912930e-02
1.020709831294147087e-02
1.018606473140604325e-02
1.015710617200683841e-02
1.016591546344439503e-02
1.011613102713832674e-02
1.004831760541060985e-02
1.005890968729454896e-02
1.006677999110708842e-02
1.001666992823591756e-02
1.001666992823591756e-02
9.829903012389566014e-03
9.585753265120785377e-03
9.416010486762296100e-03
9.439741363933976462e-03
9.500758854658224173e-03
9.673042881676714028e-03
9.812831811351688249e-03
9.870351734977189651e-03
9.919771886475440767e-03
9.893812183270138741e-03
9.893812183270138741e-03
9.823347468343276989e-03
9.759240775786959601e-03
9.763249877348808073e-03
9.718474250795701430e-03
9.646353918520342990e-03
9.562873042226138764e-03
9.462812519939299213e-03
9.280731495427234357e-03
9.104133073113347338e-03
8.921785882808053875e-03
8.921785882808053875e-03
8.738970341684325349e-03
8.574192192084944750e-03
8.458272151263990235e-03
8.352409905379115304e-03
8.356675337048891442e-03
8.407695197543984394e-03
8.445904778904981050e-03
8.345968744663570874e-03
8.190623647699325771e-03
8.004601913854042863e-03
8.004601913854042863e-03
7.902665533077338905e-03
7.943826355165918562e-03
8.123854264792881863e-03
8.322527684110779880e-03
8.480799954761076426e-03
8.541432595063295358e-03
8.529895118772144041e-03
8.420073587598133485e-03
8.118558114064353126e-03
7.871923192036554481e-03
7.871923192036554481e-03
7.766436176760678836e-03
7.793308040585424437e-03
7.927989400796479208e-03
7.993762626935111207e-03
7.980411756213407620e-03
7.931188212874869248e-03
7.859302974116591511e-03
7.775319873220734590e-03
7.661680918444526735e-03
7.625156844876397264e-03
7.625156844876397264e-03
7.577490159730175361e-03
7.567287170445908921e-03
7.552318224562697135e-03
7.564012446956440774e-03
7.568146738388860026e-03
7.506557813869043846e-03
7.474434190142378691e-03
7.324527001036996825e-03
7.176992389418292845e-03
7.084299076725886560e-03
7.084299076725886560e-03
7.035816831866299227e-03
7.004986228717470682e-03
7.044778410322033967e-03
7.088542796879007853e-03
7.070885745318488194e-03
6.983962513196468637e-03
6.853737264563528574e-03
6.679314243629428695e-03
6.554808533600910495e-03
6.525417083696189238e-03
6.525417083696189238e-03
6.583242779485315270e-03
6.632304625498063391e-03
6.804238864127022321e-03
6.963687538048820430e-03
7.029837556502797555e-03
6.985609659860947396e-03
6.863662861521359002e-03
6.863662861521359002e-03
6.863662861521359002e-03
6.863662861521359002e-03
6.863662861521359002e-03
6.731730387703609673e-03
6.706414102997357123e-03
6.740439822298904295e-03
6.949531027832103920e-03
6.982348755477915669e-03
7.070937462984519008e-03
7.248005856214551589e-03
7.501420303922746308e-03
7.713028134715462121e-03
7.771900144773811851e-03
7.771900144773811851e-03
7.698507385536169229e-03
7.500525137080082602e-03
7.242900352471224983e-03
6.940648638801481980e-03
6.676319563411784244e-03
6.400644414710905845e-03
6.263024851709880422e-03
6.207858304496667590e-03
6.241874141750359400e-03
6.170874106614392465e-03
6.170874106614392465e-03
6.217056324572180215e-03
6.335133945233514460e-03
6.258106000634072047e-03
6.098609130573597568e-03
6.002990050416844026e-03
6.037945956139566250e-03
6.200052728822194603e-03
6.404368450865712513e-03
6.458367124447417229e-03
6.356786380161860012e-03
6.356786380161860012e-03
6.225699757818441149e-03
6.151823857440240177e-03
6.119194184567235302e-03
6.125422017399371165e-03
6.113577162564253972e-03
6.084129432763796773e-03
6.007653957426918948e-03
5.892618591985560039e-03
5.761733925100415328e-03
5.631065267969823616e-03
5.631065267969823616e-03
5.514393519331859013e-03
5.529407423034965637e-03
5.653848887465531131e-03
5.846922459764201593e-03
5.952651655203635046e-03
5.898616713817140568e-03
5.723991584823145962e-03
5.489234994443730441e-03
5.272287454525423009e-03
5.115952103534228933e-03
5.115952103534228933e-03
5.115952103534228933e-03
5.028276517983264714e-03
5.021982214297831572e-03
5.104892715227860207e-03
5.219052411643237792e-03
5.269571541582225051e-03
5.250260304824959194e-03
5.211780688011654651e-03
5.222050547703411053e-03
5.202911745427600022e-03
5.202911745427600022e-03
5.130163430524485937e-03
5.068168698484469548e-03
4.976615544223886647e-03
4.921772964687846572e-03
4.890583280750836204e-03
4.839573442375838010e-03
4.817665824156821403e-03
4.811072358185115687e-03
4.749574922783729100e-03
4.627780182550033858e-03
4.627780182550033858e-03
4.548350612430766306e-03
4.485939004239959497e-03
4.432299606763914074e-03
4.375944976511609956e-03
4.391591079279563194e-03
4.394922394484514390e-03
4.414877884777071264e-03
4.490653002667013144e-03
4.638162485589823053e-03
4.748519593821128211e-03
4.748519593821128211e-03
4.785015580408601490e-03
4.807192562893263313e-03
4.724892003658235674e-03
4.563147230654720186e-03
4.423761023323201022e-03
4.260984874766646051e-03
4.154898681615198063e-03
4.117603715524289186e-03
4.072190780416242752e-03
4.023379402572231298e-03
4.023379402572231298e-03
3.945769344775511972e-03
3.839923012141070995e-03
3.701638205444096347e-03
3.569395647669551617e-03
3.541263366657725672e-03
3.577709387998019661e-03
3.633519979321030505e-03
3.605310766113439640e-03
3.547542858039459245e-03
3.502784243092550535e-03
3.502784243092550535e-03
3.462091052539176175e-03
3.433987052332812887e-03
3.412428800635971485e-03
3.417404523109260957e-03
3.380015211345058310e-03
3.316520509614354507e-03
3.217186930569798219e-03
3.111902268964704833e-03
3.057761817013990302e-03
3.105087365657788201e-03
3.105087365657788201e-03
3.134551744792948413e-03
3.162810782798910168e-03
3.292816636629716884e-03
3.482329882613970345e-03
3.572525221718050176e-03
3.628646432837472589e-03
3.626280148220574658e-03
3.639989624672023902e-03
3.666055547110961231e-03
3.691964527482926098e-03
3.691964527482926098e-03
3.724704329601231847e-03
3.716134601538796482e-03
3.667827064387692033e-03
3.578548066903425914e-03
3.517190695211966020e-03
3.467763631040814230e-03
3.480313131781686761e-03
3.529776478913550838e-03
3.620869946590402500e-03
3.655889700944525353e-03
3.655889700944525353e-03
3.667597309370973155e-03
3.628849235218105374e-03
3.545918157981370940e-03
3.472975253405545786e-03
3.379646237451476055e-03
3.305155898189103547e-03
3.250208235184635312e-03
3.204746484560379305e-03
3.139026902725400130e-03
3.086121612945805486e-03
3.086121612945805486e-03
3.060843602346740785e-03
3.057151231520263603e-03
3.007756551607695169e-03
2.968443112210551911e-03
2.950853665221527845e-03
2.931794955584151024e-03
2.951600447322848871e-03
2.879638802391128270e-03
2.840092402049374919e-03
2.816597102928357355e-03
2.816597102928357355e-03
2.853186211757970277e-03
2.810285319652073947e-03
2.729025817466779972e-03
2.706227917621303880e-03
2.671006421323530826e-03
2.692582553246152671e-03
2.645582140682089297e-03
2.622985747045043434e-03
2.677294938420783556e-03
2.803866976099008389e-03
2.803866976099008389e-03
2.949174552349234212e-03
3.022651404205258571e-03
3.062652849569619425e-03
3.060767694531574008e-03
2.983836186729568133e-03
2.901199664968936390e-03
2.527089632300381916e-03
2.307592652512116625e-03
2.176043944012413280e-03
2.120273670546285374e-03
2.120273670546285374e-03
2.043448969822159872e-03
2.111344095265003159e-03
2.154886769590190140e-03
2.262701296626896431e-03
2.494568523224042610e-03
2.747071855763789927e-03
2.964975334075606924e-03
3.109534660347174680e-03
3.130150893541799526e-03
3.168730237519091011e-03
3.168730237519091011e-03
2.985015150968460106e-03
2.851827077344853099e-03
2.726667848503837397e-03
2.347116086605714573e-03
2.312395729240477107e-03
2.554856260013519276e-03
2.938088762410859863e-03
3.314318525414927403e-03
3.574831343010133854e-03
3.820178286747694628e-03
3.820178286747694628e-03
4.009286163785068767e-03
4.080914486598106149e-03
4.067904241678559768e-03
4.041961200845587722e-03
4.036668064206713064e-03
4.009779336539866929e-03
3.851197373733016103e-03
3.700855756795857175e-03
3.555444629775366891e-03
3.405624338482038296e-03
3.405624338482038296e-03
3.415774055796142340e-03
3.489937186326473595e-03
3.589186961141944965e-03
3.633434637972858192e-03
3.543332877147972043e-03
3.396459217648361683e-03
3.259576689559888062e-03
3.210016238351212896e-03
3.242302283757828724e-03
3.321245769770143474e-03
3.321245769770143474e-03
3.420040753050179565e-03
3.495545133358282826e-03
3.491192503091089354e-03
3.497594139876881048e-03
3.503039491896607106e-03
3.537173536545481448e-03
3.564955663547264304e-03
3.615511316008609543e-03
3.588144570160043019e-03
3.546790503560381079e-03
