5.436859615193439382e-02
5.436859615193439382e-02
5.306836822677490212e-02
5.217359934644291014e-02
5.123604013008266345e-02
5.045508898331350911e-02
4.966953890920683401e-02
4.928236818416806275e-02
4.881266670060952634e-02
4.830792811234155965e-02
4.774483671530738160e-02
4.705973108690127138e-02
4.705973108690127138e-02
4.633397534965177228e-02
4.554390394283905352e-02
4.476513175162737807e-02
4.395664863024709851e-02
4.313654451642862098e-02
4.240002857819983456e-02
4.168428814153297274e-02
4.103246742885164472e-02
4.034889156047218733e-02
3.967175476190842182e-02
3.967175476190842182e-02
3.907739168389012807e-02
3.847366849571647734e-02
3.785578462070406103e-02
3.730888054949377253e-02
3.680107814369765890e-02
3.626265322072410452e-02
3.577931782322239795e-02
3.529381149131544798e-02
3.484296319686414067e-02
3.447281360250247645e-02
3.447281360250247645e-02
3.412356105151159724e-02
3.379906669406901321e-02
3.353013835340494520e-02
3.323614801257183254e-02
3.291859268658711701e-02
3.250554141181982021e-02
3.211821116693637512e-02
3.177750612622068371e-02
3.149094000634775070e-02
3.118288163051024381e-02
3.118288163051024381e-02
3.083987607987976470e-02
3.047042796344543586e-02
3.006605828115349599e-02
2.969124506695621293e-02
2.930305126067739643e-02
2.893336364631461308e-02
2.844387292845143925e-02
2.804566168823326502e-02
2.761783170430365253e-02
2.723046124156395034e-02
2.723046124156395034e-02
2.690114900152239252e-02
2.666434309755925242e-02
2.636999010310306368e-02
2.603335154584052180e-02
2.571206494108408194e-02
2.542010909369404187e-02
2.516581532918563124e-02
2.489391594087519630e-02
2.456594437688686128e-02
2.427375961536602442e-02
2.427375961536602442e-02
2.392995314006065438e-02
2.362539910819948241e-02
2.329571024532441775e-02
2.314429189490025893e-02
2.313794734714480841e-02
2.310084595917392264e-02
2.303073862036668362e-02
2.295784077158635403e-02
2.285705632498886974e-02
2.275024975223422299e-02
2.275024975223422299e-02
2.260500823961276301e-02
2.241700009330406182e-02
2.230713145227278260e-02
2.227462667396937906e-02
2.222955245646958747e-02
2.216888516161182043e-02
2.213826030892564189e-02
2.215294505271232089e-02
2.210472990202810156e-02
2.200758083940404161e-02
2.200758083940404161e-02
2.195649639652897875e-02
2.195666030036372285e-02
2.193030704630445984e-02
2.188188695455809546e-02
2.179206757765726407e-02
2.172167761170991016e-02
2.160123059421538080e-02
2.152217876328858803e-02
2.130324010599502285e-02
2.104352607098847888e-02
2.104352607098847888e-02
2.087488568002805744e-02
2.071947596489434607e-02
2.068952614963007197e-02
2.070533902556304096e-02
2.071817362362815551e-02
2.068565365662722658e-02
2.067516317112902055e-02
2.070230705011212244e-02
2.073385830875597996e-02
2.073623756512516306e-02
2.073623756512516306e-02
2.081347849668998412e-02
2.094047923289695315e-02
2.111039138720089206e-02
2.129469627360247586e-02
2.146860677591120800e-02
2.158671907247542224e-02
2.172044395237275258e-02
2.137777111407549238e-02
2.112677428537879792e-02
2.097556203732016747e-02
2.097556203732016747e-02
2.080776971101934436e-02
2.067939817410991560e-02
2.053736937042341740e-02
2.056298228588431323e-02
2.058215902285848165e-02
2.067437252233762096e-02
2.087884026836921494e-02
2.097529718111815905e-02
2.081148061220369772e-02
2.062869622275059767e-02
2.062869622275059767e-02
2.052036139005408016e-02
2.036836312369228255e-02
2.019451797090218020e-02
1.998680705647909450e-02
1.967656512277164704e-02
1.934475650906419472e-02
1.916587191582836552e-02
1.895136407601626452e-02
1.870255008025256682e-02
1.827958709000557583e-02
1.827958709000557583e-02
1.787648937979946506e-02
1.753208117402992386e-02
1.737640753744912683e-02
1.722200202619129233e-02
1.713431921708976138e-02
1.726161876491983174e-02
1.728554983119238997e-02
1.721372845743214530e-02
1.715437651252131601e-02
1.700298090758944197e-02
1.700298090758944197e-02
1.682865988216602007e-02
1.653012420621033374e-02
1.601474992541923256e-02
1.540791354593003259e-02
1.478298342200160334e-02
1.417132370051615159e-02
1.370020822047854185e-02
1.326674818915292431e-02
1.286398360414007548e-02
1.237585838676782610e-02
1.237585838676782610e-02
1.186634586541899031e-02
1.153276712333801968e-02
1.134954504380013100e-02
1.111537213334668796e-02
1.102330380302059439e-02
1.110280015492592920e-02
1.128384952117292457e-02
1.134520839340114572e-02
1.139825966337204219e-02
1.141326745272891983e-02
1.141326745272891983e-02
1.142949227612156428e-02
1.137984023243986814e-02
1.149454271509206017e-02
1.185672648643217204e-02
1.226435370679879872e-02
1.271719838362764948e-02
1.319209910938628529e-02
1.348633970927124587e-02
1.360918692300006061e-02
1.360089548962391086e-02
1.360089548962391086e-02
1.366188901333642222e-02
1.371171157138368658e-02
1.362858938637504305e-02
1.336025322825177414e-02
1.299471546020751142e-02
1.299471546020751142e-02
1.277518461251240557e-02
1.260861170987431605e-02
1.242417558456522172e-02
1.239564391135424513e-02
1.239564391135424513e-02
1.281653087940782393e-02
1.318402621588505436e-02
1.356533901338427203e-02
1.378909686467025796e-02
1.398604214756676498e-02
1.411433206882058318e-02
1.425991697698548652e-02
1.434635006833329465e-02
1.429741843383796306e-02
1.423058361700091021e-02
1.423058361700091021e-02
1.418375797447251133e-02
1.407951931275314844e-02
1.396442028065346570e-02
1.391370789422656518e-02
1.390495826136802643e-02
1.385780531190270067e-02
1.381372491772342101e-02
1.368455215375083585e-02
1.360101299031487437e-02
1.356016227821599078e-02
1.356016227821599078e-02
1.346563573982693246e-02
1.331991304193115740e-02
1.321789962688623039e-02
1.293594808873119520e-02
1.274421373764007479e-02
1.260330946095127025e-02
1.239289014097997785e-02
1.225998564750164187e-02
1.215183243576289755e-02
1.211347304054656918e-02
1.211347304054656918e-02
1.216868649251022332e-02
1.235725836947692419e-02
1.249171262136721840e-02
1.263989094464207548e-02
1.273183421442873955e-02
1.283822521346016099e-02
1.279003836335118952e-02
1.272047726133958105e-02
1.259305905437838220e-02
1.250998922825621515e-02
1.250998922825621515e-02
1.241755512459495440e-02
1.236772911787641961e-02
1.220405474310366084e-02
1.207897043954007758e-02
1.203161932433473476e-02
1.201615780492078060e-02
1.201749132660241172e-02
1.205980462687066164e-02
1.215582250816114179e-02
1.222750295990258397e-02
1.222750295990258397e-02
1.240028979910439040e-02
1.253738191191114057e-02
1.259108098715191332e-02
1.266076621716008370e-02
1.269734697704394052e-02
1.272390878418552980e-02
1.277647520369200318e-02
1.276623567266858307e-02
1.259447678662054156e-02
1.241774128748736848e-02
1.241774128748736848e-02
1.228599556648970852e-02
1.241299212937364664e-02
1.253698846550235953e-02
1.249511287481860217e-02
1.231733235932723838e-02
1.213937581003123566e-02
1.200690595921445961e-02
1.189985591790070421e-02
1.185138791031621619e-02
1.173658425961901855e-02
1.173658425961901855e-02
1.172899141492399731e-02
1.157344118943263132e-02
1.138238581902630345e-02
1.121210471627029012e-02
1.112746688924560502e-02
1.141335287363833863e-02
1.153893117694048710e-02
1.160939613614269013e-02
1.176207982757738850e-02
1.187701793879031471e-02
1.187701793879031471e-02
1.192186422511017606e-02
1.196361438351641743e-02
1.210831327925619878e-02
1.209147802626147142e-02
1.194096465074332217e-02
1.182210619331212735e-02
1.166194972776180699e-02
1.133951972302918443e-02
1.107761043285748585e-02
1.113617079530264571e-02
1.113617079530264571e-02
1.125460922061698871e-02
1.138360261908333108e-02
1.141628271004142652e-02
1.145062663144362329e-02
1.156743833528558855e-02
1.167381327987144016e-02
1.190566388134361303e-02
1.204105445631683743e-02
1.215721288080979373e-02
1.219111900985817183e-02
1.219111900985817183e-02
1.209280098578070610e-02
1.201279556515051118e-02
1.181845298384643327e-02
1.157441938178266697e-02
1.144826985802937722e-02
1.145126260024724278e-02
1.174625514252039191e-02
1.204184816586470301e-02
1.233617920927026525e-02
1.233617920927026525e-02
1.233617920927026525e-02
1.259829944424032885e-02
1.282975664949923683e-02
1.299508736599789584e-02
1.299508736599789584e-02
1.304064149724045232e-02
1.292930320378729049e-02
1.276231247952279088e-02
1.262794648638703408e-02
1.252054671806217094e-02
1.258700411979098155e-02
1.258700411979098155e-02
1.264651500359421227e-02
1.271800305783389769e-02
1.263644593225383972e-02
1.218741604617607985e-02
1.218741604617607985e-02
1.218741604617607985e-02
1.177235159603726503e-02
1.141794509685102772e-02
1.114111197167664234e-02
1.108952925339021234e-02
1.108952925339021234e-02
1.127721540349899652e-02
1.155838122579981933e-02
1.185511867396954987e-02
1.204253230216087260e-02
1.217970624640201185e-02
1.219324429029290668e-02
1.218795254949443449e-02
1.214059150910966334e-02
1.215895963278001458e-02
1.216022749174962107e-02
1.216022749174962107e-02
1.213991274799423349e-02
1.207350479001009433e-02
1.208910049164673220e-02
1.218174111443764800e-02
1.223988067819248120e-02
1.230007070331378891e-02
1.241057054266945549e-02
1.215858456528462993e-02
1.198358926064667027e-02
1.191022806341400508e-02
1.191022806341400508e-02
1.199245625456562409e-02
1.209854829050675123e-02
1.238436608448385476e-02
1.269322490131286237e-02
1.285369369564473563e-02
1.294975056187645975e-02
1.286182421884181880e-02
1.267134821199226991e-02
1.242087006380255577e-02
1.214430155199818819e-02
1.214430155199818819e-02
1.174997144408908636e-02
1.136466673340470399e-02
1.103546847284883267e-02
1.084539196113301456e-02
1.086175831937321451e-02
1.086280738775713406e-02
1.106741624918653431e-02
1.120213654288243661e-02
1.132338935697265424e-02
1.136058979042537179e-02
1.136058979042537179e-02
1.137581816673113345e-02
1.139915577601238045e-02
1.139241635004115995e-02
1.133661406190370272e-02
1.122456906693712966e-02
1.118298089954437510e-02
1.115835266485518291e-02
1.117750413266497232e-02
1.111462411494738498e-02
1.088175899302995520e-02
1.088175899302995520e-02
1.056698430170375375e-02
1.027575950113671609e-02
1.005763489722890681e-02
1.000159803999943302e-02
1.004855652789572208e-02
1.027354394128730287e-02
1.049286956733930590e-02
1.079875728177450041e-02
1.101408112127261717e-02
1.131532645914078150e-02
1.131532645914078150e-02
1.153852066108766901e-02
1.178780113838536966e-02
1.194764262331816408e-02
1.214398729426201771e-02
1.225811691093210351e-02
1.226323497495357406e-02
1.220494167205998966e-02
1.205220568480499209e-02
1.194453858779825906e-02
1.172194126372184432e-02
1.172194126372184432e-02
1.168412617645662663e-02
1.164955570415927497e-02
1.175645184283358353e-02
1.183717114982206671e-02
1.194191263790880635e-02
1.217520426797434260e-02
1.247567915242630068e-02
1.260972770932829862e-02
1.258259170806290232e-02
1.244786023777761340e-02
