3.360164168219654385e-02
3.360164168219654385e-02
3.190570842308400323e-02
3.051511972199977621e-02
2.903337133111089097e-02
2.825629160671382437e-02
2.821038177015577561e-02
2.804479758618637700e-02
2.790546660442425400e-02
2.771477015237964331e-02
2.780816970223385157e-02
2.785213275258351107e-02
2.785213275258351107e-02
2.763143352471454303e-02
2.726896979490516654e-02
2.688891819218883553e-02
2.634261042562854871e-02
2.585853932527012664e-02
2.561604938873964302e-02
2.539959344232038327e-02
2.514638771077999310e-02
2.490617566320775175e-02
2.450233492929480839e-02
