3.118618763983249664e-02
2.381651662290096283e-02
1.960381679236888885e-02
1.563237234950065613e-02
1.165690179914236069e-02
8.274657651782035828e-03
6.305481307208538055e-03
5.224444903433322906e-03
3.609575098380446434e-03
2.518084831535816193e-03
2.982370089739561081e-03
2.982370089739561081e-03
4.220135044306516647e-03
5.370373837649822235e-03
6.808930542320013046e-03
8.431941270828247070e-03
8.953450247645378113e-03
9.411431849002838135e-03
9.965361095964908600e-03
1.012996863573789597e-02
1.075151562690734863e-02
1.130065135657787323e-02
1.130065135657787323e-02
1.338542066514492035e-02
1.575126126408576965e-02
1.752727478742599487e-02
1.901881210505962372e-02
2.117964066565036774e-02
2.339114807546138763e-02
2.586354874074459076e-02
2.843520045280456543e-02
3.171680495142936707e-02
3.483941033482551575e-02
3.483941033482551575e-02
3.866684809327125549e-02
4.224007949233055115e-02
4.550552368164062500e-02
4.865283891558647156e-02
5.072251334786415100e-02
5.302448198199272156e-02
5.495001003146171570e-02
5.709706246852874756e-02
5.952991917729377747e-02
6.120192259550094604e-02
6.120192259550094604e-02
6.317546218633651733e-02
6.462069600820541382e-02
6.623192876577377319e-02
6.821073591709136963e-02
6.901969760656356812e-02
6.921898573637008667e-02
6.812387704849243164e-02
6.764494627714157104e-02
6.680692732334136963e-02
6.537089496850967407e-02
6.537089496850967407e-02
6.466553360223770142e-02
6.421790271997451782e-02
6.345981359481811523e-02
6.250965595245361328e-02
6.109211221337318420e-02
5.904752388596534729e-02
5.726677924394607544e-02
5.651245266199111938e-02
5.578802525997161865e-02
5.453359335660934448e-02
5.453359335660934448e-02
5.304063484072685242e-02
5.174329504370689392e-02
5.078734084963798523e-02
5.097842216491699219e-02
5.188104137778282166e-02
5.265826731920242310e-02
5.348603799939155579e-02
5.426568165421485901e-02
5.628938972949981689e-02
5.807669833302497864e-02
5.807669833302497864e-02
5.914779379963874817e-02
5.993384495377540588e-02
6.005699932575225830e-02
5.976242944598197937e-02
5.985281243920326233e-02
5.947041884064674377e-02
5.883098766207695007e-02
5.794999748468399048e-02
5.689201131463050842e-02
5.559151619672775269e-02
5.559151619672775269e-02
5.486879497766494751e-02
5.385691300034523010e-02
5.338595807552337646e-02
5.349005386233329773e-02
5.360588431358337402e-02
5.383217707276344299e-02
5.410723015666007996e-02
5.367283895611763000e-02
5.357643589377403259e-02
5.342800542712211609e-02
5.342800542712211609e-02
5.327517911791801453e-02
5.314331874251365662e-02
5.299776419997215271e-02
5.258020386099815369e-02
5.231194198131561279e-02
5.249319598078727722e-02
5.212805420160293579e-02
5.202557146549224854e-02
5.137855559587478638e-02
4.986867681145668030e-02
4.986867681145668030e-02
4.798419401049613953e-02
4.641596600413322449e-02
4.474810138344764709e-02
4.329346865415573120e-02
4.202745482325553894e-02
4.079792648553848267e-02
4.048580303788185120e-02
4.042630270123481750e-02
3.991502523422241211e-02
3.968698903918266296e-02
3.968698903918266296e-02
3.974684700369834900e-02
3.941891714930534363e-02
4.004799574613571167e-02
4.069572687149047852e-02
4.055442288517951965e-02
4.080770537257194519e-02
3.904966264963150024e-02
3.706027194857597351e-02
3.438551723957061768e-02
3.213189169764518738e-02
3.213189169764518738e-02
2.955663017928600311e-02
2.706699073314666748e-02
2.515000104904174805e-02
2.340838313102722168e-02
2.247110195457935333e-02
2.162071876227855682e-02
2.110187709331512451e-02
2.041502669453620911e-02
1.840904913842678070e-02
1.650342158973217010e-02
