4.003123121960040082e-02
4.003123121960040082e-02
3.983171860456890395e-02
3.973726968886343719e-02
3.972284103367659108e-02
3.905823597404478598e-02
3.853022795215279434e-02
3.817148414860208755e-02
3.798040343368860178e-02
3.771235860721862398e-02
3.729990585551650611e-02
3.692208730319318510e-02
3.692208730319318510e-02
3.648319025782392061e-02
3.593692167116969288e-02
3.537052404438360831e-02
3.483654607734788106e-02
3.447014949185660260e-02
3.479627927100469725e-02
3.493223908384358173e-02
3.494645769136054542e-02
3.484586319669823878e-02
3.461197127731236584e-02
3.461197127731236584e-02
3.430264283939491593e-02
3.394763040479219923e-02
3.365196815492616650e-02
3.341318378356172847e-02
3.322049229519730834e-02
3.298811121655328277e-02
3.285369293554018383e-02
3.276803073223383267e-02
3.268026980138547671e-02
3.255308296018952219e-02
3.255308296018952219e-02
3.218443023886009141e-02
3.176297628374048082e-02
3.129692130121292798e-02
3.048095932388451834e-02
2.981383470504445077e-02
2.917147401342950683e-02
2.845478752777166193e-02
2.779333956412934417e-02
2.709575663204531748e-02
2.644195249172295176e-02
2.644195249172295176e-02
2.583031713839272631e-02
2.535211964592179804e-02
2.489204319945001465e-02
2.441613918741501743e-02
2.386842076225455592e-02
2.336893071572233513e-02
2.295799686682777410e-02
2.262292325649969960e-02
2.222458048770046060e-02
2.185226021795234203e-02
2.185226021795234203e-02
2.155137208264603157e-02
2.113229635576057211e-02
2.069393441734968669e-02
2.023585741415272893e-02
1.985039025739880961e-02
1.927249277214477738e-02
1.866582841228510425e-02
1.813788957834059495e-02
1.775631950324794289e-02
1.741034637656470666e-02
1.741034637656470666e-02
1.709658547011309870e-02
1.676584708401134341e-02
1.654354664134878583e-02
1.632722556969898320e-02
1.608047495022114567e-02
1.577580399559184651e-02
1.548511621280411997e-02
1.526867680325354540e-02
1.507239565339050374e-02
1.489026565172432183e-02
1.489026565172432183e-02
1.474761781041162255e-02
1.472462804450781586e-02
1.446622620252137684e-02
1.419573564555134428e-02
1.378396242761710869e-02
1.350562694357840959e-02
1.310430871551722387e-02
1.278007613628443992e-02
1.260202145018705748e-02
1.250916659032966227e-02
1.250916659032966227e-02
1.255233700785621936e-02
1.261215521435179142e-02
1.263690422026705895e-02
1.253969627930252156e-02
1.233263324176976303e-02
1.204698181811835432e-02
1.178868725109954475e-02
1.152072337947069279e-02
1.136046883712672415e-02
1.127413107547108224e-02
1.127413107547108224e-02
1.105145622260367451e-02
1.073825502311313851e-02
1.069982246258685543e-02
1.062153544827531063e-02
1.050977156362637756e-02
1.030881010975387251e-02
1.006174520230839961e-02
9.738388094915138848e-03
9.377686154915186242e-03
8.894279487489969993e-03
8.894279487489969993e-03
8.467328165439913165e-03
8.028996853688808930e-03
7.621545509100307453e-03
7.316863596626459881e-03
7.044339308396939218e-03
6.716420545914388203e-03
6.440067725280224607e-03
6.300064764046327259e-03
6.236273551026480164e-03
6.073543009947405570e-03
6.073543009947405570e-03
6.078332832956018922e-03
5.963792538735095475e-03
5.785294796060667759e-03
5.626707273139364314e-03
5.373533891463525176e-03
5.123628364419800622e-03
4.976349802053579505e-03
4.957931017055154654e-03
5.038000117790519469e-03
5.269733717149362000e-03
5.269733717149362000e-03
5.423162577140667323e-03
5.360552302593159062e-03
5.314991934744454395e-03
5.296278084234722246e-03
5.153597249600369232e-03
4.957148074348374442e-03
4.766806849781790242e-03
4.434614328828471314e-03
4.168233386372781346e-03
3.823237274697210020e-03
3.823237274697210020e-03
3.538471632457921168e-03
3.318536707850832171e-03
3.169978031716803608e-03
3.007170123066941602e-03
2.910769175224282683e-03
2.885136421691403535e-03
2.941633611768830394e-03
3.144189239198222786e-03
3.329509166215795062e-03
3.472687073997293879e-03
3.472687073997293879e-03
3.535164315486276788e-03
3.682243007759717756e-03
3.952777655680252480e-03
4.234055895800648527e-03
4.548219433156498563e-03
4.742221822421175022e-03
4.854144444509999462e-03
4.855397302549809870e-03
4.874612769935546264e-03
4.788975329374468674e-03
4.788975329374468674e-03
4.685673046475982359e-03
4.609023065197833530e-03
4.537680414492617845e-03
4.371012332685574042e-03
3.985261397171447131e-03
3.607352961535185976e-03
3.315383824482648692e-03
3.058598828931558856e-03
2.842281138352424890e-03
2.693190297703674466e-03
2.693190297703674466e-03
2.372232784882701093e-03
2.089671246925806601e-03
1.904607321714207359e-03
1.753823807861306337e-03
1.653008449473061716e-03
1.624845040082417182e-03
1.607154594134946064e-03
1.301500636738241483e-03
9.267317841243961386e-04
7.747555253107203969e-04
7.747555253107203969e-04
6.387188478565841276e-04
5.057262127134220337e-04
5.393024731607549017e-04
6.206626877477227191e-04
7.010425581141770807e-04
7.191276482336758993e-04
6.541518992286821359e-04
6.536588276458519132e-04
8.552723242015935427e-04
1.082810305103595406e-03
1.082810305103595406e-03
1.182708011310755047e-03
1.181519027235918397e-03
1.032139264168291685e-03
8.955804421568862870e-04
8.682606598684156985e-04
8.936757934783092329e-04
1.001367986596941265e-03
1.127106453454691445e-03
1.207213233896403497e-03
1.224353073873030379e-03
1.224353073873030379e-03
1.245992744123783878e-03
1.101123942638216908e-03
8.469479939471320860e-04
8.528021837824827740e-04
1.037706176049907293e-03
1.401666619102447456e-03
1.766220879017089572e-03
1.987798815159257191e-03
2.011783358480472798e-03
1.946297379607904183e-03
1.946297379607904183e-03
1.925365892015390651e-03
2.110427369949357396e-03
2.237385085507445030e-03
2.056497339722104627e-03
2.023504918391651544e-03
2.130930210518587435e-03
2.126823425822892480e-03
1.951531687597839832e-03
1.988985949678868936e-03
1.988985949678868936e-03
1.988985949678868936e-03
2.205862998327933616e-03
2.473200097144178169e-03
2.546042630030803233e-03
2.566248973484872280e-03
2.593792357738597138e-03
2.509325899240497787e-03
2.153743648052076042e-03
1.837836696766654383e-03
1.752869469669128240e-03
2.023214451368077205e-03
2.023214451368077205e-03
2.356680802264635253e-03
2.682649914965107209e-03
3.050217334564045771e-03
3.195825876992151003e-03
3.165052889378367623e-03
3.088019863531234373e-03
2.942905768382912419e-03
2.839959130578429986e-03
2.791471872901620573e-03
2.903907305985263445e-03
2.903907305985263445e-03
3.078166756317167983e-03
3.186384465695662593e-03
3.205768881448461862e-03
3.098440286682178912e-03
2.976662609784748881e-03
2.976662609784748881e-03
2.951339121461516064e-03
3.045638864043553971e-03
3.183530208943549482e-03
3.236091940011182576e-03
3.236091940011182576e-03
3.050058369777558422e-03
2.723687275742773910e-03
2.349869308832032953e-03
2.019610076759380778e-03
1.830139069489105383e-03
1.812713465345232484e-03
1.923682644167622581e-03
1.997501479354478471e-03
2.041541659561685231e-03
2.009164450247912220e-03
2.009164450247912220e-03
1.913187478086560579e-03
1.878026673332250504e-03
1.955975566055666304e-03
2.002305860632750626e-03
2.083630615710770507e-03
2.057499318471235020e-03
2.003703125696248023e-03
1.844960830947036962e-03
1.817271973811093039e-03
1.827188009076421678e-03
1.827188009076421678e-03
1.824560163669882145e-03
2.035813310307763458e-03
2.281016780927298381e-03
2.525986603801125448e-03
2.483495397754106188e-03
2.469641393191950203e-03
2.456254377572394086e-03
2.413736685045224199e-03
2.391498154809903326e-03
2.391498154809903326e-03
2.391498154809903326e-03
2.344905393777037446e-03
2.334995955241326877e-03
2.431495607561217145e-03
2.571206197069800074e-03
2.889537149736661186e-03
3.065014198038963286e-03
3.239777438026597740e-03
3.241703842326923782e-03
3.265439327431700432e-03
3.271420611888804526e-03
3.271420611888804526e-03
3.294827912150050542e-03
3.249675916153603114e-03
3.235351811711041723e-03
3.239761697792042320e-03
3.234838927224374834e-03
3.209732456069522288e-03
3.190912382293399803e-03
3.175958227748629844e-03
3.196139344589524200e-03
3.239295324127311904e-03
3.239295324127311904e-03
3.283234401428052583e-03
3.239326093394106088e-03
3.238224602020729759e-03
3.250054620043129304e-03
3.298821178311387315e-03
3.320530274414549600e-03
3.320530274414549600e-03
3.298891412189543758e-03
3.266788512234297150e-03
3.275781758346808271e-03
3.275781758346808271e-03
3.357383454074238521e-03
3.429869991882783693e-03
3.525292639761978385e-03
3.509717212533468127e-03
3.451703692301666924e-03
3.421713323605788705e-03
3.406619846157756763e-03
3.393145143457544644e-03
3.445440232892098536e-03
3.553098852641091172e-03
3.553098852641091172e-03
3.604557606673225098e-03
3.537316211940204087e-03
3.362372746127412649e-03
3.136485159270076348e-03
2.942589147770665291e-03
2.942589147770665291e-03
2.942589147770665291e-03
2.942589147770665291e-03
2.885674162946953204e-03
2.879999387500826406e-03
2.879999387500826406e-03
2.918598726442880355e-03
2.800264246195848655e-03
2.686129459638080842e-03
2.560071286139894466e-03
2.429474152369260481e-03
2.372483117530868168e-03
2.360053041210975582e-03
2.326306957443533951e-03
2.185336714178021805e-03
2.027127509626916284e-03
2.027127509626916284e-03
1.855893350741016261e-03
1.775204287761377288e-03
1.742807516267434048e-03
1.970875333843167491e-03
2.353379713340706010e-03
2.593539415142198570e-03
2.646136262749596273e-03
2.507832638750465051e-03
2.349599955636870376e-03
2.155916804629605041e-03
2.155916804629605041e-03
2.099032435883543043e-03
2.185475766869460820e-03
2.260949545630806540e-03
2.267754086026433236e-03
2.205358911453216865e-03
2.048418362723212344e-03
1.939604601497567620e-03
1.943061214132154116e-03
2.015518548624902016e-03
2.043315614134502342e-03
2.043315614134502342e-03
1.966124824441954026e-03
1.835644723112222435e-03
1.677094523145134701e-03
1.505440065609450198e-03
1.544472950095577808e-03
1.830219580598768615e-03
2.120203345623267611e-03
2.297752928385523533e-03
2.361383883161767561e-03
2.342391836838879533e-03
2.342391836838879533e-03
2.230282398257762803e-03
2.109310919938075894e-03
2.019761166485937575e-03
1.917633274223248894e-03
1.804976066190994329e-03
1.796912927446431838e-03
1.875366301028872458e-03
2.026728256932443847e-03
2.128816333991472021e-03
2.215789769374676074e-03
2.215789769374676074e-03
2.175107277607534525e-03
2.134328641234028556e-03
2.001154564749805728e-03
1.949040456244204933e-03
1.925103108280924865e-03
1.922687791561812805e-03
2.031350115968787867e-03
2.042955027751037524e-03
2.035732827889678419e-03
2.068078609894772376e-03
2.068078609894772376e-03
2.186861994315776863e-03
2.323457720548204562e-03
2.479815968940481466e-03
2.523014866799170274e-03
2.321868597464358305e-03
2.106617403307804986e-03
2.106617403307804986e-03
2.012989499024292993e-03
2.013255059135388679e-03
2.175393723346639822e-03
2.175393723346639822e-03
2.400529230131186881e-03
2.643197722493287327e-03
2.772239307915380386e-03
2.767561481412870051e-03
2.737395503914785005e-03
2.653738788198481847e-03
2.573028521064592723e-03
2.535212696549663230e-03
2.521936133718685660e-03
2.472243133548197511e-03
2.472243133548197511e-03
2.532167306196297148e-03
2.513714155162083061e-03
2.533678427954464546e-03
2.541476231409954979e-03
2.454728038307483259e-03
2.440344969860282903e-03
2.364754039761321567e-03
2.164003051870615289e-03
1.949382226345224836e-03
1.810434699425219653e-03
1.810434699425219653e-03
1.822233527433687146e-03
1.901797256856102136e-03
2.045117295513471274e-03
2.158983430448779654e-03
2.090848577252664257e-03
2.044538853632172151e-03
1.996750705592440205e-03
1.954928897666784095e-03
1.953956323342301033e-03
2.309979440503809843e-03
2.309979440503809843e-03
2.490403960175001114e-03
2.560798327440052050e-03
2.555530276345133276e-03
2.402638039093438899e-03
2.529312810161334427e-03
2.707636525220015293e-03
2.922342552570998155e-03
3.083647922846427004e-03
3.127040798861701817e-03
2.964534284196503576e-03
2.964534284196503576e-03
2.693625609749191949e-03
2.499237205716669467e-03
2.262780606173657970e-03
2.098920643541645533e-03
2.013983979663795405e-03
2.084569737056395176e-03
2.216397473370408135e-03
2.303531064845969895e-03
2.351203823526742519e-03
2.306302459199279387e-03
2.306302459199279387e-03
2.216230736975789446e-03
2.054234273663477564e-03
1.821638248898807804e-03
1.666501193295411715e-03
1.619477310363923389e-03
1.597871832868827131e-03
1.848653020781094742e-03
1.897386554930200787e-03
1.711568640976803219e-03
1.296285909347624646e-03
1.296285909347624646e-03
1.021910577181434163e-03
1.116299409409212979e-03
1.207488304953001487e-03
1.207488304953001487e-03
1.207488304953001487e-03
1.324141398869322587e-03
1.481452548137472984e-03
1.629458257644472675e-03
1.573337907407904197e-03
1.363876391144418915e-03
1.363876391144418915e-03
1.151098442823079559e-03
9.161924157063030660e-04
9.632113568254132424e-04
1.284732096844501186e-03
1.630896090203453165e-03
1.670374803970447802e-03
1.571526710929641718e-03
1.711857076687886082e-03
1.837754884835693468e-03
1.937439270837076509e-03
1.937439270837076509e-03
1.983620354049347740e-03
2.098438619456451191e-03
2.259534219540904661e-03
2.356912152649894530e-03
2.343306884662850649e-03
2.199269624221100380e-03
2.063068955598042035e-03
1.981154134034491133e-03
1.944909617838545607e-03
1.966205969345005689e-03
1.966205969345005689e-03
1.961010725385122205e-03
1.808631581743766438e-03
1.620988473174980607e-03
1.439411409821287832e-03
1.355017073487412146e-03
1.350756615762457999e-03
1.312637067493724980e-03
1.373230548730967589e-03
1.437087102149364574e-03
1.469707739353698275e-03
1.469707739353698275e-03
1.406757712877372817e-03
1.231769650891513393e-03
1.099704276908553121e-03
1.098116177106888509e-03
1.268093426745981953e-03
1.430225858424131937e-03
1.544855338352108193e-03
1.522605566646346390e-03
1.390685361507012704e-03
1.333084564698695795e-03
1.333084564698695795e-03
1.369776400677615285e-03
1.486834609257766879e-03
1.583341547406057811e-03
1.551374446460384183e-03
1.489464428920704098e-03
1.383985446648534467e-03
1.340016781869498045e-03
1.313425974562468712e-03
1.405830073399624977e-03
1.613897623204284607e-03
1.613897623204284607e-03
1.855305158234372238e-03
2.124989594971794793e-03
2.471738521095445239e-03
2.666151483994909106e-03
2.703411296534014539e-03
2.617914647864076887e-03
2.544308840512030535e-03
2.581155859399714928e-03
2.763030207997368114e-03
2.848323108238614947e-03
2.848323108238614947e-03
2.938369237590205893e-03
2.976036285386844411e-03
2.943837805555488130e-03
2.923356818500426942e-03
2.827856560759733039e-03
2.827856560759733039e-03
2.827856560759733039e-03
2.833112768828124906e-03
2.841884441938070591e-03
2.765258361603073478e-03
2.765258361603073478e-03
2.471909023752044167e-03
2.225314551222302550e-03
2.082060117358816836e-03
2.050374460462231485e-03
2.121196362131871471e-03
2.154540834802925933e-03
2.179090426314523460e-03
2.199491290241529628e-03
2.266029435964884986e-03
2.251858119070418267e-03
2.251858119070418267e-03
2.160495244496569382e-03
1.986755293368754841e-03
1.820098855019674881e-03
1.769030827641177158e-03
1.734573081857853933e-03
1.723472638482968300e-03
1.728192116270179388e-03
1.746758747281607418e-03
1.707109429039815668e-03
1.677123348891721268e-03
1.677123348891721268e-03
1.668805300819620717e-03
1.652431402668842276e-03
1.740113063240905297e-03
1.868294705914973772e-03
1.983840264378226512e-03
2.021271951201933457e-03
1.904198771047076189e-03
1.632967187555435301e-03
1.332892234883414819e-03
1.243455106441933040e-03
1.243455106441933040e-03
1.342705186795250085e-03
1.474876130126661147e-03
1.594897272691158351e-03
1.582103160136338069e-03
1.426680965832362704e-03
1.175301038266065570e-03
1.027769207800191108e-03
1.031001312725581898e-03
1.211795231102402075e-03
1.365161950074271144e-03
1.365161950074271144e-03
1.458598396664032969e-03
1.554372568353610097e-03
1.572639661060910897e-03
1.535340419976342387e-03
1.404391692841339264e-03
1.292280483420360634e-03
1.320165779491065108e-03
1.347330172232071152e-03
1.445039730617361058e-03
1.551186129766466424e-03
1.551186129766466424e-03
1.589348308043928883e-03
1.548120196630493406e-03
1.516791142713757451e-03
1.427584183474061652e-03
1.420053381731478355e-03
1.569122417382259882e-03
1.787727015859594043e-03
1.926605921289813389e-03
2.073822618287277618e-03
2.217582899522362039e-03
2.217582899522362039e-03
2.360142208684324998e-03
2.464739063926310505e-03
2.553821879293805691e-03
2.535703411214250413e-03
2.450860966501437494e-03
2.338260105422309762e-03
2.225545261197739867e-03
2.132678497420568541e-03
2.156808302593185827e-03
2.175628964962745757e-03
2.175628964962745757e-03
2.196447172046479303e-03
2.189370156037690526e-03
2.053336771069847952e-03
1.523861465361055949e-03
1.203067446858854762e-03
1.073941760871744214e-03
1.291148262105240498e-03
1.623104739011678888e-03
1.841401363157821195e-03
1.721542597662015965e-03
1.721542597662015965e-03
1.495919958103386410e-03
1.325733072112172516e-03
1.201985149174256313e-03
1.287954744061883079e-03
1.425912687053857049e-03
1.557559213647021542e-03
1.643968534277390767e-03
1.649280784499492641e-03
1.524042237983197360e-03
1.345169314305705169e-03
1.345169314305705169e-03
1.249289783996639742e-03
1.246054946068864437e-03
1.278404303351383855e-03
1.228536117629912229e-03
1.252908957319658718e-03
1.332086257821596441e-03
1.365094099586263788e-03
1.385843790650854133e-03
1.464407851910928338e-03
1.499231589096858925e-03
