8.957666344940662384e-03
8.957666344940662384e-03
9.681158699095249176e-03
8.788811974227428436e-03
7.663683034479618073e-03
6.972267758101224899e-03
6.454143673181533813e-03
6.261967588216066360e-03
6.176980677992105484e-03
5.902655422687530518e-03
5.946612916886806488e-03
6.182997487485408783e-03
6.182997487485408783e-03
6.779021117836236954e-03
7.560603786259889603e-03
8.489031344652175903e-03
9.498665109276771545e-03
1.043419726192951202e-02
1.120427343994379044e-02
1.185839809477329254e-02
1.233869791030883789e-02
1.278175413608551025e-02
1.312303636223077774e-02
1.312303636223077774e-02
1.335941348224878311e-02
1.349552534520626068e-02
1.352332159876823425e-02
1.342857442796230316e-02
1.316913403570652008e-02
1.271052286028862000e-02
1.220667921006679535e-02
1.177305541932582855e-02
1.143986452370882034e-02
1.124630589038133621e-02
1.124630589038133621e-02
1.112365350127220154e-02
1.124214287847280502e-02
1.146847940981388092e-02
1.182903908193111420e-02
1.226201653480529785e-02
1.266617048531770706e-02
1.296718604862689972e-02
1.325643341988325119e-02
1.324767433106899261e-02
1.320302952080965042e-02
1.320302952080965042e-02
1.316901575773954391e-02
1.308959256857633591e-02
1.296131219714879990e-02
1.273854076862335205e-02
1.245064008980989456e-02
1.212246995419263840e-02
1.178650092333555222e-02
1.135332323610782623e-02
1.098326500505208969e-02
1.066131517291069031e-02
1.066131517291069031e-02
1.041696220636367798e-02
1.004473213106393814e-02
9.720761328935623169e-03
9.473718702793121338e-03
9.276546537876129150e-03
9.137435816228389740e-03
9.142446331679821014e-03
9.198765270411968231e-03
9.367528371512889862e-03
9.409249760210514069e-03
9.409249760210514069e-03
9.413216263055801392e-03
9.292066097259521484e-03
9.084931574761867523e-03
8.803580887615680695e-03
8.558368310332298279e-03
8.267283439636230469e-03
7.996493019163608551e-03
7.621925789862871170e-03
7.259380538016557693e-03
6.900332402437925339e-03
6.900332402437925339e-03
6.583748850971460342e-03
6.352881435304880142e-03
6.317482795566320419e-03
6.380069535225629807e-03
6.552584934979677200e-03
6.710147950798273087e-03
6.888611242175102234e-03
7.063767407089471817e-03
7.264636922627687454e-03
7.380309514701366425e-03
7.380309514701366425e-03
7.426707074046134949e-03
7.446351461112499237e-03
7.440270856022834778e-03
7.432453334331512451e-03
7.342288270592689514e-03
7.221740204840898514e-03
7.159722037613391876e-03
7.071090862154960632e-03
6.894198711961507797e-03
6.706337910145521164e-03
6.706337910145521164e-03
6.533138919621706009e-03
6.397221703082323074e-03
6.242322269827127457e-03
6.127502769231796265e-03
6.098852027207612991e-03
6.098311860114336014e-03
6.042173597961664200e-03
6.022784393280744553e-03
6.121576298028230667e-03
6.362654268741607666e-03
6.362654268741607666e-03
6.618679035454988480e-03
6.818980909883975983e-03
7.078124675899744034e-03
7.418704684823751450e-03
7.913515903055667877e-03
8.405369706451892853e-03
8.798364549875259399e-03
9.139135479927062988e-03
9.325522929430007935e-03
9.519916027784347534e-03
9.519916027784347534e-03
9.632194414734840393e-03
9.801165200769901276e-03
9.954908862709999084e-03
1.006726548075675964e-02
1.013015676289796829e-02
1.015397068113088608e-02
1.020773779600858688e-02
1.038887444883584976e-02
1.060554664582014084e-02
1.087979320436716080e-02
1.087979320436716080e-02
1.113375276327133179e-02
1.127805933356285095e-02
1.136180292814970016e-02
1.138212066143751144e-02
1.129898242652416229e-02
1.120800338685512543e-02
1.110281050205230713e-02
1.106782257556915283e-02
1.099945977330207825e-02
1.081209909170866013e-02
1.081209909170866013e-02
1.053966674953699112e-02
1.021867338567972183e-02
9.905057027935981750e-03
9.677432477474212646e-03
9.513948112726211548e-03
9.418738074600696564e-03
9.303361177444458008e-03
9.146139025688171387e-03
9.036927483975887299e-03
8.942555636167526245e-03
8.942555636167526245e-03
8.902494795620441437e-03
8.797985501587390900e-03
8.675399236381053925e-03
8.493736386299133301e-03
8.216214366257190704e-03
8.040865883231163025e-03
7.900813594460487366e-03
7.876768708229064941e-03
7.940481416881084442e-03
8.033308200538158417e-03
8.033308200538158417e-03
7.940890267491340637e-03
7.787508890032768250e-03
7.662883959710597992e-03
7.758168037980794907e-03
8.138627745211124420e-03
8.472690358757972717e-03
8.848113939166069031e-03
9.022933430969715118e-03
9.062903001904487610e-03
8.948154747486114502e-03
8.948154747486114502e-03
8.708929643034934998e-03
8.365816436707973480e-03
7.964567281305789948e-03
7.501951884478330612e-03
6.947439629584550858e-03
6.305026821792125702e-03
5.599566735327243805e-03
5.120488815009593964e-03
4.772915039211511612e-03
4.598598927259445190e-03
4.598598927259445190e-03
4.381982143968343735e-03
4.141182173043489456e-03
4.001573659479618073e-03
4.073770251125097275e-03
4.298493266105651855e-03
4.676043055951595306e-03
5.013884045183658600e-03
5.245711188763380051e-03
5.359221715480089188e-03
5.437341053038835526e-03
5.437341053038835526e-03
5.389149766415357590e-03
5.285902414470911026e-03
5.202500615268945694e-03
5.128818564116954803e-03
5.138128530234098434e-03
5.165575537830591202e-03
5.208062473684549332e-03
5.297502968460321426e-03
5.388572812080383301e-03
5.435964558273553848e-03
5.435964558273553848e-03
5.467095877975225449e-03
5.442623049020767212e-03
5.435250699520111084e-03
5.363737698644399643e-03
5.275088362395763397e-03
5.233169998973608017e-03
5.190495401620864868e-03
5.114596337080001831e-03
5.027531646192073822e-03
4.922225605696439743e-03
4.922225605696439743e-03
4.739116411656141281e-03
4.614205099642276764e-03
4.502131603658199310e-03
4.430494271218776703e-03
4.415717441588640213e-03
4.421129822731018066e-03
4.421580117195844650e-03
4.488424863666296005e-03
4.539595451205968857e-03
4.958626348525285721e-03
4.958626348525285721e-03
5.384639836847782135e-03
5.726980045437812805e-03
5.979474633932113647e-03
6.151511799544095993e-03
6.231279112398624420e-03
6.311248522251844406e-03
6.263006478548049927e-03
6.133342627435922623e-03
5.988586694002151489e-03
5.805012769997119904e-03
5.805012769997119904e-03
5.653571803122758865e-03
5.409246310591697693e-03
5.122606176882982254e-03
4.865022376179695129e-03
4.583676345646381378e-03
4.460716620087623596e-03
4.409905057400465012e-03
4.456216003745794296e-03
4.549691453576087952e-03
4.689653869718313217e-03
4.689653869718313217e-03
4.883986897766590118e-03
5.124706309288740158e-03
5.352086387574672699e-03
5.499104037880897522e-03
5.520060192793607712e-03
5.511198192834854126e-03
5.486652720719575882e-03
5.457061342895030975e-03
5.515919532626867294e-03
5.646377801895141602e-03
5.646377801895141602e-03
5.785142537206411362e-03
5.836300551891326904e-03
5.777087528258562088e-03
5.586851853877305984e-03
5.376736633479595184e-03
5.248065106570720673e-03
5.170166958123445511e-03
5.105601623654365540e-03
4.987450782209634781e-03
4.885050002485513687e-03
