2.290664895237701226e-02
2.325293512086943834e-02
2.374305901064630020e-02
2.341702209317098396e-02
2.303714240327411900e-02
2.281628317104516038e-02
2.253852312796654489e-02
2.235568585889012583e-02
2.214655698286601901e-02
2.194618346950959545e-02
2.171971835195460332e-02
2.171971835195460332e-02
2.167995248922975973e-02
2.155759579321412864e-02
2.145542931041689166e-02
2.135340875761394114e-02
2.123341961530625377e-02
2.108042275355537579e-02
2.096520717156074784e-02
2.089926548772391354e-02
2.077189815708561579e-02
2.064593475021996721e-02
2.064593475021996721e-02
2.049085668600964319e-02
2.030678840124830811e-02
2.013755933728332559e-02
2.000709330679946094e-02
1.989076650569692600e-02
1.974570863023972916e-02
1.967221571337533434e-02
1.958143241059072392e-02
1.936470406338896416e-02
1.915858280383421486e-02
1.915858280383421486e-02
1.897544168342889942e-02
1.884832614121705052e-02
1.872564442137134716e-02
1.862276313934561195e-02
1.849863407184366287e-02
1.836434143890562296e-02
1.822796425876665322e-02
1.806031185915899992e-02
1.791832997235470390e-02
1.722453501113896390e-02
1.722453501113896390e-02
1.660914371677338700e-02
1.605984288191544124e-02
1.556458055840492620e-02
1.515553713867114766e-02
1.481063972380575015e-02
1.449455985823056535e-02
1.423380588751685383e-02
1.398949927217200614e-02
1.377638113077562197e-02
1.358666093261150752e-02
1.358666093261150752e-02
1.342380048192750620e-02
1.328472499266998216e-02
1.315779866142433203e-02
1.303829692826244738e-02
1.296030960873523555e-02
1.291739695934449560e-02
1.289729229167945954e-02
1.289860443185047306e-02
1.289512377358906052e-02
1.288196362146552289e-02
1.288196362146552289e-02
1.285370405613821959e-02
1.284150187702802134e-02
1.281701194179504268e-02
1.282175154173986927e-02
1.274084241856235020e-02
1.265750105757348226e-02
1.255836481301063692e-02
1.245655641874101292e-02
1.234829726192360547e-02
1.226220361103302382e-02
1.226220361103302382e-02
1.220145133780279646e-02
1.214546981671083166e-02
1.206223429975235815e-02
1.196410828202485073e-02
1.186153228703476330e-02
1.176950982935989418e-02
1.182907082593834258e-02
1.190034972385892523e-02
1.200073585769667953e-02
1.210153180752901805e-02
1.210153180752901805e-02
1.222298104718078267e-02
1.235120743982537177e-02
1.246612320993976432e-02
1.256925188478568052e-02
1.265143478743990281e-02
1.272273924356925531e-02
1.278172221551895742e-02
1.282667033230229514e-02
1.286935296973772645e-02
1.298107732942663586e-02
1.298107732942663586e-02
1.305482755683055884e-02
1.312835067292683275e-02
1.317708224641825528e-02
1.321104832576417212e-02
1.321995680785899296e-02
1.318527644802702445e-02
1.317581147279172325e-02
1.315637026270524874e-02
1.312355860469992946e-02
1.309464613865202014e-02
1.309464613865202014e-02
1.305702092313073409e-02
1.303863266687592393e-02
1.302169046080396339e-02
1.301919732364293161e-02
1.300765064470162102e-02
1.298603108445636235e-02
1.295442149492928227e-02
1.290548965289177452e-02
1.285171368230248086e-02
1.278389045647135118e-02
1.278389045647135118e-02
1.272092870866465587e-02
1.263736282580150104e-02
1.275998712652775050e-02
1.287868123915515001e-02
1.296437297865719526e-02
1.304171570197179726e-02
1.311949047910274113e-02
1.318767987380235762e-02
1.323991671669472701e-02
1.327579442397514367e-02
1.327579442397514367e-02
1.332391963769674267e-02
1.336468671840555268e-02
1.337977029056143692e-02
1.339698485172873335e-02
1.336311702719593375e-02
1.328518210949272867e-02
1.318689096579978882e-02
1.309220064567952549e-02
1.292022231047480936e-02
1.275173644851348813e-02
1.275173644851348813e-02
1.257945391927470409e-02
1.243805503506675153e-02
1.231547889420923393e-02
1.216772321204241149e-02
1.203728614236047705e-02
1.190408520315545081e-02
1.175956750620002662e-02
1.160472325330638536e-02
1.142188847479379266e-02
1.125591019453677649e-02
1.125591019453677649e-02
1.110702332248124369e-02
1.093677627905112817e-02
1.077307667186942243e-02
1.061404641540038100e-02
1.044431869497559201e-02
1.028821085243845218e-02
1.012181611778403476e-02
9.952218198030131011e-03
9.783123695033554487e-03
9.617764150757102115e-03
9.617764150757102115e-03
9.452991379126710059e-03
9.291203659349640473e-03
9.122568061258575639e-03
8.958174352390201392e-03
8.801005077730544857e-03
8.651332139700753862e-03
8.502316117118892055e-03
8.362223584001323221e-03
8.213010969586711021e-03
8.080549302445765719e-03
8.080549302445765719e-03
7.973491836063368796e-03
7.884564232897668321e-03
7.827073814918893147e-03
7.775465222447686640e-03
7.703275377761160773e-03
7.640759385981700166e-03
7.581183215911380807e-03
7.500927486084192110e-03
7.500927486084192110e-03
7.432880208377914966e-03
7.432880208377914966e-03
7.357609388220368377e-03
7.397643040453756418e-03
7.490134077472228140e-03
7.614355573744492622e-03
7.731954253656154324e-03
7.847444511878616177e-03
7.958063218169624323e-03
8.039696106741810525e-03
8.077946731497465810e-03
8.124092127622214304e-03
8.124092127622214304e-03
8.124092127622214304e-03
8.124092127622214304e-03
8.087985758258345662e-03
8.012243200684561473e-03
7.924837845624373156e-03
7.764633828102305430e-03
7.604882318165284358e-03
7.458187180043538041e-03
7.272588652378507955e-03
7.084772988969592449e-03
7.084772988969592449e-03
6.926826779477609705e-03
6.818070534416944585e-03
6.619649600285276367e-03
6.619649600285276367e-03
6.619649600285276367e-03
6.619649600285276367e-03
6.474905308117844156e-03
6.382145395741474839e-03
6.365657445017710442e-03
6.365116751511081319e-03
6.365116751511081319e-03
6.380435419948692413e-03
6.467145048313928911e-03
6.559476893051073912e-03
6.612462053299321060e-03
6.654772168449166712e-03
6.646795260018125567e-03
6.630053049502453687e-03
6.623729081037436385e-03
6.602844689394516374e-03
6.555332793121845629e-03
6.555332793121845629e-03
6.589951021623127909e-03
6.656075615117613108e-03
6.756935460037754790e-03
6.907251500525271072e-03
7.179939912932707495e-03
7.420568702602636443e-03
7.648250925838063867e-03
7.810777922017954691e-03
7.933705176080340510e-03
7.992403265258832615e-03
7.992403265258832615e-03
8.031516317649938300e-03
8.013504434759023340e-03
7.969415936446360219e-03
7.853362477475398645e-03
7.728060670053296839e-03
7.602038645636509731e-03
7.491317093915763996e-03
7.367243278312952427e-03
7.223152276147431355e-03
7.094570580751352953e-03
7.094570580751352953e-03
6.956983990336731809e-03
6.818185854071803775e-03
6.683257194311615149e-03
6.543894917663542130e-03
6.434137306661053685e-03
6.354377221408610658e-03
6.282892862944395619e-03
6.253007471484352958e-03
6.234895308435150531e-03
6.203168802447123729e-03
6.203168802447123729e-03
6.241996022739780201e-03
6.300915538206893797e-03
6.323872569695935739e-03
6.370945439813169645e-03
6.347956082771295978e-03
6.330084363849885695e-03
6.343376544093118179e-03
6.277565696520728822e-03
6.623806011722036848e-03
6.912763788542861804e-03
6.912763788542861804e-03
7.216910891756279922e-03
7.475974711372493711e-03
7.598775388592351326e-03
7.611331902638607781e-03
7.523094460926417829e-03
7.368505857161404375e-03
7.170501023493599559e-03
6.975949774602579513e-03
6.787376999814036596e-03
6.635997080377747243e-03
6.635997080377747243e-03
6.530900564402171773e-03
6.546005744254342756e-03
6.586207922966495071e-03
6.672947762060205991e-03
6.520587154893404090e-03
6.595906493350090286e-03
6.701823824834039593e-03
6.816399755932241178e-03
7.105203751221103592e-03
7.316688120062571875e-03
7.316688120062571875e-03
7.451666242342314637e-03
7.531806381641048022e-03
7.570842750841135296e-03
7.642097213283584843e-03
7.708667822824868780e-03
7.785375984180169413e-03
7.785375984180169413e-03
7.837565340834167643e-03
7.907624681479824211e-03
7.971302801946958047e-03
7.971302801946958047e-03
8.019825586908141402e-03
8.045696661396605637e-03
8.160396169088581994e-03
8.215457770052173730e-03
8.229404845359011150e-03
8.219323714196606970e-03
8.190205802237343277e-03
8.154019759241458096e-03
8.132385271344329605e-03
8.132385271344329605e-03
8.132385271344329605e-03
8.105326793514465444e-03
8.021317387930992915e-03
7.912461198159609355e-03
7.814460399385167802e-03
7.710217995390632878e-03
7.594208972923455203e-03
7.456186528419587664e-03
7.307830725676124628e-03
7.101450351363933211e-03
6.854869895618451343e-03
6.854869895618451343e-03
6.648063887460565168e-03
6.557751244069234126e-03
6.472263712894742171e-03
6.374361123142648251e-03
6.278566255635272680e-03
6.234915296680781233e-03
6.204474734326496932e-03
6.197184220074359456e-03
6.209128909004631505e-03
6.283117416299047707e-03
6.283117416299047707e-03
6.306042520951031863e-03
6.348423192018443420e-03
6.344599310422554227e-03
6.326465617272016354e-03
6.319836676434682256e-03
6.295078737860918157e-03
6.236508676328199156e-03
6.138909129433764607e-03
6.019070633861348454e-03
5.878069460549010042e-03
5.878069460549010042e-03
5.878069460549010042e-03
5.878069460549010042e-03
5.773650785623299884e-03
5.707801312413511921e-03
5.707801312413511921e-03
5.707801312413511921e-03
5.707801312413511921e-03
5.707801312413511921e-03
5.707801312413511921e-03
5.643874781454874881e-03
5.643874781454874881e-03
5.566432797348803800e-03
5.427155338157907405e-03
5.403711457897213480e-03
5.391287243296536379e-03
5.406762563250355931e-03
5.466176273704500578e-03
5.519564662485256130e-03
5.586011013332715242e-03
5.448534682112920503e-03
5.321475262080002655e-03
5.321475262080002655e-03
5.217514762059058571e-03
5.147103086138405531e-03
5.003804468114862562e-03
4.855893436545171554e-03
4.744882210459030157e-03
4.584114010876676540e-03
4.545898133650415861e-03
4.507022138143470906e-03
4.444100649576438952e-03
4.398143156047727015e-03
4.398143156047727015e-03
4.398143156047727015e-03
4.392249355029479753e-03
4.360738920833469659e-03
4.312239908686197297e-03
4.194549141154261564e-03
4.119331953479611619e-03
4.056490450716611872e-03
3.954220260611064457e-03
3.863128090894781246e-03
3.758473660019495677e-03
3.758473660019495677e-03
3.712846575024711122e-03
3.694714740395801077e-03
3.690446672312470457e-03
3.688418993503283713e-03
3.667016775683464447e-03
3.629464218563317832e-03
3.577012323015172409e-03
3.540447417409482364e-03
3.526591710505266961e-03
3.534747425910161282e-03
3.534747425910161282e-03
3.563848267008115807e-03
3.981536747443695408e-03
4.359840090347582089e-03
4.679698065111111312e-03
4.872163281771172035e-03
5.010312139060280924e-03
5.110697234306627035e-03
5.151119185367525159e-03
5.155102667395329054e-03
5.062372856166324347e-03
5.062372856166324347e-03
4.860557115121698357e-03
4.699806554326572440e-03
4.505300259657642886e-03
4.350073584603464036e-03
4.156402259866347204e-03
3.959900307294186329e-03
3.754842304919094736e-03
3.610779627341039518e-03
3.479105188897596047e-03
3.378784682016587430e-03
3.378784682016587430e-03
3.233947841802296743e-03
3.076968318133590022e-03
2.882298454601226606e-03
2.691640166668000933e-03
2.607891070363934499e-03
2.666533345408633130e-03
2.874137853347584568e-03
3.114769338457233031e-03
3.367759549076252464e-03
3.561693888800044738e-03
3.561693888800044738e-03
3.658917189489246154e-03
3.682090861002898161e-03
3.637773948658200567e-03
3.619405247131855796e-03
3.545056284581676789e-03
3.465973306949464341e-03
3.416122172110024752e-03
3.345770285697852175e-03
3.283046114068518921e-03
3.266531649781776164e-03
3.266531649781776164e-03
3.257196359760369895e-03
3.313369329171919793e-03
3.423284456484521152e-03
3.572080404740126443e-03
3.722039393186733942e-03
3.830058233259903046e-03
3.914389647621658447e-03
4.024984401264885582e-03
4.150246986230113865e-03
4.334698248659237842e-03
4.334698248659237842e-03
4.510834319281632407e-03
4.651947380931872877e-03
4.714516187142214244e-03
4.765405333254314237e-03
4.810936379130209897e-03
4.841499023531940261e-03
4.865681924517416788e-03
4.878537944728180732e-03
4.868823389394556951e-03
4.815505933791354443e-03
4.815505933791354443e-03
4.794553945351272967e-03
4.838078439267878145e-03
4.839729351051266261e-03
4.802776756838923918e-03
4.766736654094255038e-03
4.741473964992321682e-03
4.859859723241441790e-03
5.009018068083351087e-03
5.136460623802853800e-03
5.300851371268671709e-03
5.300851371268671709e-03
5.393222347754242536e-03
5.544168635780829385e-03
5.661468700088810070e-03
5.729341666325977675e-03
5.760948602504546365e-03
5.794117337354708075e-03
5.873791758821200054e-03
5.922769705645251036e-03
5.950352638184473915e-03
5.977034450261316072e-03
5.977034450261316072e-03
5.997634062554207425e-03
5.984846021756921181e-03
5.972554052485022115e-03
5.992349161126765689e-03
5.950605566383113457e-03
5.964509612451322947e-03
6.048766860903870453e-03
6.203630021406681024e-03
6.369621406293684250e-03
6.491894836801665944e-03
6.491894836801665944e-03
6.507627574846561180e-03
6.473345686895104305e-03
6.410406965060889278e-03
6.314477303421436177e-03
6.258434451837931005e-03
6.194512715137374774e-03
6.172015056106473080e-03
6.193896085365798582e-03
6.257439674465143514e-03
6.344653212146878635e-03
6.344653212146878635e-03
6.516777882796208170e-03
6.516777882796208170e-03
6.516777882796208170e-03
6.687813800840331467e-03
6.863855166911373047e-03
7.010485173109046522e-03
7.128326935711007742e-03
7.219831625606872201e-03
7.272076560771918198e-03
7.194911071195397682e-03
7.194911071195397682e-03
7.075782484258056476e-03
6.943546710552881383e-03
6.889916577591814056e-03
6.784385096499302888e-03
6.627602809822652312e-03
6.528239168355415463e-03
6.477462264475251398e-03
6.482520908313992893e-03
6.506732438063918787e-03
6.582001020807108291e-03
6.582001020807108291e-03
6.750587263401493926e-03
6.927463831043194353e-03
7.093944416829013611e-03
7.241970202607177914e-03
7.352080726015459977e-03
7.429798278426791650e-03
7.484111961794495498e-03
7.477074864669109103e-03
7.534535957969937942e-03
7.552716066942072662e-03
7.552716066942072662e-03
7.543540073992530473e-03
7.518929775258990401e-03
7.455073597108857579e-03
7.420884194525022813e-03
7.488438877676918161e-03
7.517663013263399877e-03
7.504952015426705550e-03
7.465502094144977133e-03
7.442773087033463519e-03
7.409399502005826338e-03
