1.502436495556248820e-03
1.502436495556248820e-03
2.773365761388241809e-03
2.134615548994617858e-03
1.462856105704050556e-03
1.338547483134388660e-03
1.355119824525004811e-03
1.526015382103938908e-03
1.822739795038921719e-03
2.072664737580263896e-03
2.152501056856254320e-03
2.083188464946563595e-03
2.083188464946563595e-03
1.920628419057818356e-03
1.824655026385320691e-03
1.839276083680600792e-03
1.861726209202520504e-03
1.965023074007712922e-03
2.215163404978015126e-03
2.383786455931177078e-03
2.390158926127176117e-03
2.321745109792688454e-03
2.186920293963437976e-03
2.186920293963437976e-03
2.055218551861936506e-03
1.943631443255754935e-03
1.955759674189150744e-03
2.038322283759806848e-03
2.211784032327406870e-03
2.346148639115449956e-03
2.360435680696800712e-03
2.229594846077239626e-03
2.003006602248683533e-03
1.884067646038599473e-03
1.884067646038599473e-03
1.884162815348792595e-03
2.045054793297274368e-03
2.264950056033976020e-03
2.382336305339083967e-03
2.353424447439218282e-03
2.183128756621667988e-03
2.063145910093963468e-03
2.032883596529076221e-03
2.125100471236545871e-03
2.382154154922924358e-03
2.382154154922924358e-03
2.531553388761181855e-03
2.580894073926894797e-03
2.573927713231409422e-03
2.503181835953498854e-03
2.198365183354014998e-03
1.931675670200531892e-03
1.844655214935452632e-03
1.829509916651076654e-03
1.832558214265462551e-03
1.942825098126215290e-03
1.942825098126215290e-03
2.025597783852635218e-03
1.974081429970447193e-03
1.812188037106373696e-03
1.689986053026453980e-03
1.534978250389011818e-03
1.470721916513547051e-03
1.495480544925760751e-03
1.638477857120481090e-03
1.829102973960440278e-03
1.925423562741189910e-03
1.925423562741189910e-03
1.846465976720603743e-03
1.662518327941331841e-03
1.579759448338346074e-03
1.683521442620896638e-03
1.936779777381397987e-03
2.269448542401933996e-03
2.473303943554468112e-03
2.534338603475854920e-03
2.345242869335122538e-03
2.088177787951631982e-03
2.088177787951631982e-03
1.902720937687789717e-03
1.836646073688534163e-03
2.046996371513129433e-03
2.317163036149822407e-03
2.414682805301203352e-03
2.274233136848890363e-03
2.054986067701668456e-03
1.905185911795594751e-03
1.880378403642594650e-03
1.929805379195368830e-03
1.929805379195368830e-03
1.980867392884521228e-03
2.166438954927398138e-03
2.302864512771109814e-03
2.266204140191458230e-03
2.236886686279536667e-03
2.239156513001535741e-03
2.315959893311925113e-03
2.468848449688606280e-03
2.621809468160728619e-03
2.648577899641800775e-03
2.648577899641800775e-03
2.433397683774107551e-03
2.215405209282974783e-03
2.074535851171354500e-03
2.091739045376997310e-03
2.210195499426177365e-03
2.302889194823741579e-03
2.364787072998861001e-03
2.329932223247466790e-03
2.262074507636846390e-03
2.246432824325096493e-03
2.246432824325096493e-03
2.048232112476959695e-03
1.895680428456149964e-03
1.823436983402264679e-03
1.929061627778824728e-03
2.033838825678283609e-03
2.076125233521763837e-03
1.910952161565660206e-03
1.720541502449581418e-03
1.664489915587174986e-03
1.756745299280988758e-03
1.756745299280988758e-03
1.893493736311729903e-03
1.987259624747067781e-03
1.982219681978364748e-03
1.723941912101069037e-03
1.428596878183466994e-03
1.332730168188034098e-03
1.403883312019644364e-03
1.645261361491240880e-03
1.851314970493882044e-03
1.973069810718390462e-03
1.973069810718390462e-03
1.982918009351786887e-03
1.675781324156347266e-03
1.358297878037044177e-03
1.129161185194057192e-03
1.141391513004714944e-03
1.369692353433603826e-03
1.610237307915264940e-03
1.585347187801815520e-03
1.405677057042998722e-03
1.276649952335870896e-03
1.276649952335870896e-03
1.233081309857438773e-03
1.310051670486283258e-03
1.453088271494307453e-03
1.570341243914973994e-03
1.513990075928276467e-03
1.394598925593336283e-03
1.360963766542624487e-03
1.369042736903503931e-03
1.410106747556208505e-03
1.412230071847439886e-03
1.412230071847439886e-03
1.472007805767017782e-03
1.562565949733488386e-03
1.678459060396246148e-03
1.717539014892519641e-03
1.986642383763660008e-03
2.119902774236815182e-03
2.206773535491786745e-03
2.138079948279625157e-03
1.925750774652180671e-03
1.645911670948831335e-03
1.645911670948831335e-03
1.532742732337902909e-03
1.697423733927571265e-03
1.964361160412539994e-03
2.205533156419099434e-03
2.134628072719158345e-03
1.914492491220455865e-03
1.745418533442406666e-03
1.643548951244648473e-03
1.636751136107951607e-03
1.738708595006838338e-03
1.738708595006838338e-03
1.917556366485676607e-03
1.981836556854396636e-03
1.930026508360257369e-03
1.767374928321327520e-03
1.668551884689037194e-03
1.636597054868653509e-03
1.639892764071865889e-03
1.684196105575256871e-03
1.792123654651931039e-03
1.821979565897366557e-03
1.821979565897366557e-03
1.810770462325850087e-03
1.727090675506365606e-03
1.643932228902340300e-03
1.632733536473138626e-03
1.646986687751401859e-03
1.707707430436034186e-03
1.790933636898392510e-03
1.839305939593156381e-03
1.839065084398841185e-03
1.852452548679951174e-03
1.852452548679951174e-03
1.826767307957338207e-03
1.853723353639930536e-03
1.909727843312525666e-03
1.916990356218712657e-03
1.890739769299600156e-03
1.826784024941824998e-03
1.789732599029152495e-03
1.812387680274651870e-03
1.817115437423020121e-03
1.798442300552781370e-03
1.798442300552781370e-03
1.849486776212029343e-03
1.913721039945028360e-03
1.856973749965249885e-03
1.772376212513444328e-03
1.706951807103090695e-03
1.706951807103090695e-03
1.658892235780617388e-03
1.624056890221758313e-03
1.712807972218426643e-03
1.802585718696188277e-03
1.802585718696188277e-03
1.834552871368405093e-03
1.761804676037126297e-03
1.611299530222716925e-03
1.562743845949127706e-03
1.605040946025450103e-03
1.710761285148419079e-03
1.726127609909301275e-03
1.835830029396878912e-03
1.868339635417175151e-03
1.809596361401334761e-03
1.809596361401334761e-03
1.676355825716125065e-03
1.517439009078552564e-03
1.406177530221010318e-03
1.348113071818421611e-03
1.288939452326580068e-03
1.313947061691002121e-03
1.385681913043983887e-03
1.427792987158896286e-03
1.408237602519805433e-03
1.311473737548445994e-03
1.311473737548445994e-03
1.212888851780713527e-03
1.177441283593828967e-03
1.169813858773471188e-03
1.242229885851341359e-03
1.346515339265552886e-03
1.446817758045081332e-03
1.470626781568120170e-03
1.397689358562190492e-03
1.265467223470510480e-03
1.234581390570431468e-03
1.234581390570431468e-03
1.328776807292150926e-03
1.605775842044506211e-03
1.861791496334578265e-03
1.877748993285353321e-03
1.718834001825838989e-03
1.514629220118366868e-03
1.424750636612165345e-03
1.398508891534408927e-03
1.445761685776376275e-03
1.588999347360464187e-03
1.588999347360464187e-03
1.757279945900451544e-03
1.852866408957037393e-03
1.741144417153724783e-03
1.529102396793270181e-03
1.300562125634726696e-03
1.198079058837874791e-03
1.236559128953452656e-03
1.505221427930329790e-03
1.730842872495697666e-03
1.850737989938770148e-03
