3.488691582586511686e-02
3.488686192497425509e-02
3.561136106909223997e-02
3.625687874147676126e-02
3.655647392988203848e-02
3.683941009812041756e-02
3.707001394789255500e-02
3.692398672771091128e-02
3.668305110321590234e-02
3.645488155518172846e-02
3.626418188421443034e-02
3.626418188421443034e-02
3.605960245391415242e-02
3.596095868001825124e-02
3.572838970035441264e-02
3.577269711633945803e-02
3.588376833572404223e-02
3.584398268549371380e-02
3.596224906425327106e-02
3.615955869728626482e-02
3.639852844798685538e-02
3.656033437734507174e-02
3.656033437734507174e-02
3.663718314987374214e-02
3.679325004193589876e-02
3.683060432899232239e-02
3.690276480379584001e-02
3.706270510709597232e-02
3.718167991172727227e-02
3.724400444339348581e-02
3.724400444339348581e-02
3.724400444339348581e-02
3.724400444339348581e-02
3.724400444339348581e-02
3.728523018394724886e-02
3.733550220930315078e-02
3.727349835194981864e-02
3.723178948058070148e-02
3.718753042240674489e-02
3.711114554407313193e-02
3.703724525028473380e-02
3.698139058057492434e-02
3.691928533499044818e-02
3.671212958521241632e-02
3.671212958521241632e-02
3.643728624211561851e-02
3.626491305684087507e-02
3.612233411533605221e-02
3.584846981258582588e-02
3.555141304393139023e-02
3.530038141642677374e-02
3.510060486740051999e-02
3.487997203822335024e-02
3.464047801578207242e-02
3.444259382140124615e-02
3.444259382140124615e-02
3.433746990573371960e-02
3.428352482541363599e-02
3.431765244910511825e-02
3.429479692292947135e-02
3.426929869064920808e-02
3.430033059226023084e-02
3.435072102807446015e-02
3.435762324982682969e-02
3.423100043394544656e-02
3.389977950429390319e-02
3.389977950429390319e-02
3.359674010908975106e-02
3.340052641996216209e-02
3.325849542403069847e-02
3.316293560122662853e-02
3.303234513770458847e-02
3.292309268955495583e-02
3.274933714703287535e-02
3.253186560195864274e-02
3.239687145409408942e-02
3.230551408410065051e-02
3.230551408410065051e-02
3.222354497366541892e-02
3.213971634852974546e-02
3.207226584108457956e-02
3.201825772756361488e-02
3.199440425323540893e-02
3.192862937801255185e-02
3.184720535395690888e-02
3.170168494135605641e-02
3.154408416517018310e-02
3.138126283575282116e-02
3.138126283575282116e-02
3.119254317314101854e-02
3.103203545144506137e-02
3.094713268942772544e-02
3.083417677131006229e-02
3.074599682215772845e-02
3.069123511901405976e-02
3.056515298334971931e-02
3.034671609216044175e-02
3.011245723843192224e-02
2.984322787146709288e-02
2.984322787146709288e-02
2.962863435032847548e-02
2.939173029138864024e-02
2.908907505617275291e-02
2.874711670475349479e-02
2.837507382473081208e-02
2.798928522164256805e-02
2.764252311420101194e-02
2.743889506963359537e-02
2.718423188721796890e-02
2.694850236953083567e-02
2.694850236953083567e-02
2.675382985302388050e-02
2.652770285875405420e-02
2.635217743891260511e-02
2.619718011886007503e-02
2.607394132693841016e-02
2.602995826068710272e-02
2.611852542695203283e-02
2.625263371571584514e-02
2.648177076007307562e-02
2.670559855391463344e-02
2.670559855391463344e-02
2.697589667918531831e-02
2.725919726482484151e-02
2.763336351686707104e-02
2.796112651033499930e-02
2.825875194202787100e-02
2.856130328800254858e-02
2.886726590424881778e-02
2.911924745392013847e-02
2.921349559617691938e-02
2.927513422917904506e-02
2.927513422917904506e-02
2.919694162191888154e-02
2.919447023402188535e-02
2.914996605318265210e-02
2.903868976931445189e-02
2.891579782542130772e-02
2.871882929866753642e-02
2.853241521477567488e-02
2.840158399876724360e-02
2.829491325593114226e-02
2.802487025396782627e-02
2.802487025396782627e-02
2.772628325679971084e-02
2.746529995975066640e-02
2.727662928337526438e-02
2.711984867843852953e-02
2.695521551659130211e-02
2.679795870912027311e-02
2.668679375884597249e-02
2.662804831548992723e-02
2.671215926486780745e-02
2.685634290004923486e-02
2.685634290004923486e-02
2.697341238197292768e-02
2.707384025170522790e-02
2.716175491492300864e-02
2.725187275382356944e-02
2.727642942939656479e-02
2.721293880013941902e-02
2.710583512736519651e-02
2.699205969953144546e-02
2.686186418477198856e-02
2.669398214277762804e-02
2.669398214277762804e-02
2.649152592836223619e-02
2.631552023927508088e-02
2.606713932728954575e-02
2.583341937236749430e-02
2.567315029038130803e-02
2.549367021250237286e-02
2.530714305288128685e-02
2.516958943737801491e-02
2.506381520520406525e-02
2.496097394472407416e-02
2.496097394472407416e-02
2.490978400753984801e-02
2.496191627302390970e-02
2.498935022995762978e-02
2.504991747414742065e-02
2.514859838155736327e-02
2.516848875273947073e-02
2.522517433161652889e-02
2.528706894065546606e-02
2.544606160873463807e-02
2.566860736169118695e-02
2.566860736169118695e-02
2.590666509251793315e-02
2.615966938434333144e-02
2.635597220426966203e-02
2.658424207178278209e-02
2.687226282534638244e-02
2.704489035167423339e-02
2.719425483504434027e-02
2.727435397543942486e-02
2.742440736981421878e-02
2.763513962034291893e-02
2.763513962034291893e-02
2.794743015427147981e-02
2.826948920558614020e-02
2.858284595264315442e-02
2.890110537417278636e-02
2.922533593368381588e-02
2.952690461563012292e-02
2.982527918875366169e-02
3.009695406342238755e-02
3.036517159991980463e-02
3.055976470900834130e-02
3.055976470900834130e-02
3.055976470900834130e-02
3.055976470900834130e-02
3.067930932352957996e-02
3.077667916401161108e-02
3.083567394851183252e-02
3.089131523854504735e-02
3.098122006784276294e-02
3.101789122072151628e-02
3.102930571841877594e-02
3.102930571841877594e-02
3.102930571841877594e-02
3.103556574062338314e-02
3.105425838734454658e-02
3.105742618279361267e-02
3.117144630999924004e-02
3.129378164722407263e-02
3.141168543491446030e-02
3.141207519943911564e-02
3.130150890377247919e-02
3.118646549818304692e-02
3.108431726622296054e-02
3.108431726622296054e-02
3.103877556685752381e-02
3.103069050056550537e-02
3.101899304043609362e-02
3.102569256931442254e-02
3.091738646369979193e-02
3.084592721058676545e-02
3.079070417705764839e-02
3.074985219632608846e-02
3.068146353396628001e-02
3.058561235233359099e-02
3.058561235233359099e-02
3.040627640488402506e-02
3.020057743513238080e-02
3.006732964071456848e-02
2.990986043574661579e-02
2.975414808945142653e-02
2.964267931092923192e-02
2.949147839159405038e-02
2.930897333085358269e-02
2.908957675531809173e-02
2.888884900597776806e-02
2.888884900597776806e-02
2.863480546323593501e-02
2.834635267288643234e-02
2.804918781874032874e-02
2.778030779390938676e-02
2.751498427184451145e-02
2.730392436802464573e-02
2.713303623263829678e-02
2.698239510575906053e-02
2.685645485475784966e-02
2.676539569937830265e-02
2.676539569937830265e-02
2.671652293230142305e-02
2.671539664153677052e-02
2.671253101965742616e-02
2.672489399127453424e-02
2.670465594640170082e-02
2.679860532350897273e-02
2.676193092358847281e-02
2.670549415694178919e-02
2.664955179574413080e-02
2.664955179574413080e-02
2.664955179574413080e-02
2.657460620795770723e-02
2.652489502190658044e-02
2.650593333246487049e-02
2.654265083788853730e-02
2.655996843506169824e-02
2.656268713000553561e-02
2.653877829447726100e-02
2.656210234185873986e-02
2.659072997237998948e-02
2.663151008742747905e-02
2.663151008742747905e-02
2.660437399033543926e-02
2.657662844997332741e-02
2.663916279089306727e-02
2.671368897560633116e-02
2.681596251364126715e-02
2.688512893305716744e-02
2.691876569149087572e-02
2.692331350490739794e-02
2.695354224250312569e-02
2.698010222801006108e-02
2.698010222801006108e-02
2.717596026454227598e-02
2.732993568327657385e-02
2.738672111921047758e-02
2.732813250898136204e-02
2.726389970607989710e-02
2.714236734037100973e-02
2.694418675676413244e-02
2.672824263462825201e-02
2.645454027140647923e-02
2.613541560051402257e-02
2.613541560051402257e-02
2.585280498398656590e-02
2.557047225245412392e-02
2.535898344962372875e-02
2.517976004378574828e-02
2.502223265402747643e-02
2.489367317063528873e-02
2.478460055929954109e-02
2.478460055929954109e-02
2.478460055929954109e-02
2.469119856365598054e-02
2.469119856365598054e-02
2.460470937637193600e-02
2.463479599690376887e-02
2.465787182485890128e-02
2.472373445259545832e-02
2.480532143878910745e-02
2.491043391447433919e-02
2.499043381927101848e-02
2.507822135281490006e-02
2.511515738502367867e-02
2.514803297952195038e-02
2.514803297952195038e-02
2.513047590732941927e-02
2.502857690718851558e-02
2.491037156886388715e-02
2.478189674134867460e-02
2.472639606462845308e-02
2.469101718791577582e-02
2.454712811623060986e-02
2.446788811800892915e-02
2.445414814597324238e-02
2.451191985714906707e-02
2.451191985714906707e-02
2.458275607768811710e-02
2.463960832506995047e-02
2.466796327436071579e-02
2.470635199669590776e-02
2.473385048242526807e-02
2.472664320326423137e-02
2.476859330202163534e-02
2.471948698080073115e-02
2.453074226013107761e-02
2.437457694256117691e-02
2.437457694256117691e-02
2.420211934918103935e-02
2.403891818164716199e-02
2.390257800186912363e-02
2.372550125729944170e-02
2.359579435855341245e-02
2.343357347549357428e-02
2.326491342730996337e-02
2.302212894707267310e-02
2.288574359819328663e-02
2.277214476919997566e-02
2.277214476919997566e-02
2.271926397544277165e-02
2.267548965317889298e-02
2.267771052830802603e-02
2.272991653148004332e-02
2.282853588963007496e-02
2.285680651445431977e-02
2.288150634448271603e-02
2.287223677590688453e-02
2.293621008752566581e-02
2.301804735049728379e-02
2.301804735049728379e-02
2.307138376129724833e-02
2.310271039767197720e-02
2.320262919609472618e-02
2.319667897488919550e-02
2.313758406917454380e-02
2.305293699582211531e-02
2.297967653180688075e-02
2.294965002409465882e-02
2.286512963634290685e-02
2.277549956633340145e-02
2.277549956633340145e-02
2.269038900689768212e-02
2.260080207715198242e-02
2.250229522891888934e-02
2.238301141211174183e-02
2.229580560064992056e-02
2.229580560064992056e-02
2.229580560064992056e-02
2.214665599275189578e-02
2.199458174852431114e-02
2.179118956689229947e-02
2.179118956689229947e-02
2.155920977804903771e-02
2.135896844205831258e-02
2.110807770214151446e-02
2.081394361524768755e-02
2.054522498933941677e-02
2.024937800180026670e-02
1.998086723143988053e-02
1.981383287414129057e-02
1.965932094905920025e-02
1.945295421088832910e-02
1.945295421088832910e-02
1.921776954144771565e-02
1.901997251267761868e-02
1.879309187590205710e-02
1.860115828118669157e-02
1.850021352284159093e-02
1.845231385362122722e-02
1.836795091693144144e-02
1.827972702650537684e-02
1.820095521573605879e-02
1.812388711651280460e-02
1.812388711651280460e-02
1.812638148483713962e-02
1.819095709650486725e-02
1.827589591063283336e-02
1.833081107543499400e-02
1.836760660384495480e-02
1.847173758644693464e-02
1.858332314262867158e-02
1.882731317190966536e-02
1.903982660345882039e-02
1.921419100532339996e-02
1.921419100532339996e-02
1.942394024461702173e-02
1.966733879233828475e-02
1.989676010901941794e-02
2.012960008541941903e-02
2.030880184568317759e-02
2.045054963935566406e-02
2.058756702255948312e-02
2.065818806410213426e-02
2.065012769117302582e-02
2.052860956258406588e-02
2.052860956258406588e-02
2.037242416551343638e-02
2.017690815795170067e-02
1.996627003457795979e-02
1.972280710312190877e-02
1.943912386418222837e-02
1.911488461692734120e-02
1.880457270697277750e-02
1.853934485450903225e-02
1.829368890863758423e-02
1.804271466466289553e-02
1.804271466466289553e-02
1.789106764904246916e-02
1.792782317682917181e-02
1.805111137849468861e-02
1.823159148909692107e-02
1.844584105578306321e-02
1.862511764403684822e-02
1.877390919989441187e-02
1.889462638402417127e-02
1.897220927340192986e-02
1.904496523790744078e-02
1.904496523790744078e-02
1.914279385424499935e-02
1.916279756809036172e-02
1.916378197746393397e-02
1.909858052576929310e-02
1.899889174148849946e-02
1.887626045604751113e-02
1.871856830426121832e-02
1.859477381839713672e-02
1.843990356368685468e-02
1.829463720500079660e-02
1.829463720500079660e-02
1.808057396956552765e-02
1.808057396956552765e-02
1.780863695595868990e-02
1.750091788716634511e-02
1.715228049778971808e-02
1.685867491225501169e-02
1.665259796781182189e-02
1.646770744948611309e-02
1.631566160673880717e-02
1.623196768052270755e-02
1.623196768052270755e-02
1.625288997986817918e-02
1.633560223811691969e-02
1.637316956918777322e-02
1.636753969041748746e-02
1.632552991546631915e-02
1.628322949559546373e-02
1.625821583165976136e-02
1.719890902513032671e-02
1.811988208077863760e-02
1.896274341230430593e-02
1.896274341230430593e-02
1.972188472765079581e-02
2.045248849208292086e-02
2.107818952716389305e-02
2.165012462319015896e-02
2.217684425535537684e-02
2.263401520889107843e-02
2.304633997366511977e-02
2.338872241269562835e-02
2.368804357020160012e-02
2.394656548192308776e-02
2.394656548192308776e-02
2.412885657797581018e-02
2.426305572788045595e-02
2.437601722526405723e-02
2.453971619714678809e-02
2.465085511386355677e-02
2.472700791964488332e-02
2.477465900492692441e-02
2.478531919224558067e-02
2.477646827883717151e-02
2.478263038727668288e-02
2.478263038727668288e-02
2.477425888919615460e-02
2.473578952540211873e-02
2.466587495457694956e-02
2.461670224496170789e-02
2.459911394253122552e-02
2.452018192601013169e-02
2.443414235102814303e-02
2.433939373787108451e-02
2.421960696869973617e-02
2.410683910818534059e-02
2.410683910818534059e-02
2.399033473854306209e-02
2.385515771240331873e-02
2.370859066056318909e-02
2.357278957256614405e-02
2.348295019442314668e-02
2.340485793461066777e-02
2.332006900615724021e-02
2.325823936943205439e-02
2.317827513956149943e-02
2.305385488897648827e-02
2.305385488897648827e-02
2.289094405065839055e-02
2.267526840673017574e-02
2.250008825246307964e-02
2.233670219819927638e-02
2.221426010379801141e-02
2.206809263320330672e-02
2.194909693913249527e-02
2.184262524243063552e-02
2.175641501485436891e-02
2.167721376186726445e-02
2.167721376186726445e-02
2.154571847567865461e-02
2.140260217719180957e-02
2.125166128198419102e-02
2.107076660262396928e-02
2.087305101394587581e-02
2.072849120076369900e-02
2.056092877395254703e-02
2.037669346456016939e-02
2.016471201914882272e-02
1.995160280948748976e-02
