4.865620024483142958e-02
4.850591216206948803e-02
4.761850624454377900e-02
4.739121394926868597e-02
4.678978582349754139e-02
4.594405277117300651e-02
4.511830446167339886e-02
4.408035395457008537e-02
4.304201056985607066e-02
4.202590438508665288e-02
4.108942461505880883e-02
4.006244508671383264e-02
3.908844542486971524e-02
3.820855740162952541e-02
3.773730443053416317e-02
3.733763975496693505e-02
3.720317190184078276e-02
3.711254490894154434e-02
3.729731664900672733e-02
3.738340694209145443e-02
3.741095211228186862e-02
3.749179450140307374e-02
3.748924878623533657e-02
3.739796178997784742e-02
3.721877499105203518e-02
3.695126968914295984e-02
3.679531471156609335e-02
3.675523195465630472e-02
3.666079278677192993e-02
3.648106438025276038e-02
3.628140685439353030e-02
