2.928870171308517456e-02
3.078366257250308990e-02
3.098495304584503174e-02
3.082276321947574615e-02
3.086860291659832001e-02
3.072064183652400970e-02
3.053636290132999420e-02
3.030213899910449982e-02
3.045645914971828461e-02
3.048976883292198181e-02
3.058545663952827454e-02
3.058545663952827454e-02
3.072280436754226685e-02
3.093458712100982666e-02
3.119449689984321594e-02
3.153647109866142273e-02
3.192754089832305908e-02
3.230280056595802307e-02
3.266259655356407166e-02
3.298645466566085815e-02
3.326641395688056946e-02
3.354565799236297607e-02
3.354565799236297607e-02
3.393170982599258423e-02
3.437582030892372131e-02
3.474377095699310303e-02
3.503279760479927063e-02
3.521900624036788940e-02
3.537781909108161926e-02
3.553267940878868103e-02
3.560052812099456787e-02
3.573964908719062805e-02
3.590096160769462585e-02
3.590096160769462585e-02
3.610960766673088074e-02
3.629999235272407532e-02
3.650986403226852417e-02
3.665524348616600037e-02
3.675307333469390869e-02
3.685843572020530701e-02
3.692378476262092590e-02
3.685937076807022095e-02
3.685029968619346619e-02
3.689485043287277222e-02
3.689485043287277222e-02
3.690272569656372070e-02
3.706362470984458923e-02
3.715711086988449097e-02
3.726471215486526489e-02
3.723186999559402466e-02
3.723749890923500061e-02
3.732385858893394470e-02
3.741955384612083435e-02
3.746806457638740540e-02
3.747941553592681885e-02
3.747941553592681885e-02
3.731371462345123291e-02
3.710379451513290405e-02
3.685814514756202698e-02
3.664062172174453735e-02
3.646587207913398743e-02
3.638984262943267822e-02
3.634632006287574768e-02
3.641851246356964111e-02
3.658784553408622742e-02
3.669210523366928101e-02
3.669210523366928101e-02
3.616281226277351379e-02
3.575803712010383606e-02
3.546738252043724060e-02
3.516653552651405334e-02
3.498905897140502930e-02
3.479820489883422852e-02
3.470915928483009338e-02
3.477292507886886597e-02
3.487633168697357178e-02
3.494350984692573547e-02
3.494350984692573547e-02
3.505406156182289124e-02
3.520514070987701416e-02
3.533429652452468872e-02
3.538353741168975830e-02
3.547955304384231567e-02
3.548427298665046692e-02
3.540506958961486816e-02
3.525938838720321655e-02
3.515531122684478760e-02
3.502445667982101440e-02
3.502445667982101440e-02
3.479396179318428040e-02
3.457563370466232300e-02
3.421203047037124634e-02
3.377030044794082642e-02
3.337545320391654968e-02
3.271265700459480286e-02
3.215203061699867249e-02
3.163485974073410034e-02
3.127490729093551636e-02
3.104783408343791962e-02
3.104783408343791962e-02
3.089188225567340851e-02
3.083339892327785492e-02
3.089414909482002258e-02
3.103199601173400879e-02
3.121271729469299316e-02
3.146082162857055664e-02
3.171540796756744385e-02
3.198757767677307129e-02
3.224084898829460144e-02
3.256043419241905212e-02
3.256043419241905212e-02
3.285000100731849670e-02
3.319653868675231934e-02
3.357454761862754822e-02
3.395840153098106384e-02
3.427100554108619690e-02
3.451983630657196045e-02
3.475373238325119019e-02
3.495576605200767517e-02
3.522246330976486206e-02
3.543426096439361572e-02
3.543426096439361572e-02
3.566956892609596252e-02
3.595565259456634521e-02
3.608522936701774597e-02
3.617281839251518250e-02
3.625674918293952942e-02
3.630664572119712830e-02
3.627575188875198364e-02
3.625182434916496277e-02
3.617847338318824768e-02
3.610601648688316345e-02
3.610601648688316345e-02
3.613008558750152588e-02
3.613888472318649292e-02
3.619556501507759094e-02
3.631867468357086182e-02
3.646503016352653503e-02
3.658080846071243286e-02
3.689916431903839111e-02
3.719771280884742737e-02
3.759648650884628296e-02
3.797427564859390259e-02
3.797427564859390259e-02
3.827125579118728638e-02
3.852252662181854248e-02
3.859976679086685181e-02
3.854604810476303101e-02
3.837843611836433411e-02
3.809750452637672424e-02
3.778351098299026489e-02
3.749525919556617737e-02
3.698984906077384949e-02
3.670621663331985474e-02
3.670621663331985474e-02
3.637285530567169189e-02
3.601235896348953247e-02
3.582717105746269226e-02
3.564163297414779663e-02
3.550021722912788391e-02
3.547760099172592163e-02
3.532761335372924805e-02
3.515474870800971985e-02
3.500171005725860596e-02
3.467594832181930542e-02
3.467594832181930542e-02
3.410516306757926941e-02
3.347933292388916016e-02
3.272014483809471130e-02
3.192673251032829285e-02
3.113247267901897430e-02
3.028624877333641052e-02
2.928868122398853302e-02
2.832926996052265167e-02
2.740175276994705200e-02
2.666786871850490570e-02
2.666786871850490570e-02
2.619333192706108093e-02
2.575618959963321686e-02
2.550986409187316895e-02
2.535703033208847046e-02
2.534628845751285553e-02
2.540578879415988922e-02
2.556851133704185486e-02
2.582299150526523590e-02
2.607149071991443634e-02
2.616935223340988159e-02
2.616935223340988159e-02
2.616011351346969604e-02
2.592897787690162659e-02
2.573646791279315948e-02
2.538529783487319946e-02
2.499231509864330292e-02
2.461994998157024384e-02
2.415930293500423431e-02
2.391119487583637238e-02
2.400703169405460358e-02
2.424534410238265991e-02
2.424534410238265991e-02
2.454686537384986877e-02
2.487524785101413727e-02
2.510918863117694855e-02
2.517105266451835632e-02
2.507038600742816925e-02
2.483474276959896088e-02
2.432866021990776062e-02
2.383014187216758728e-02
2.333477698266506195e-02
2.280316874384880066e-02
2.280316874384880066e-02
2.212031930685043335e-02
2.157858572900295258e-02
2.100593969225883484e-02
2.043281309306621552e-02
1.996640302240848541e-02
1.963026821613311768e-02
1.907874830067157745e-02
1.844815351068973541e-02
1.795562542974948883e-02
1.742788590490818024e-02
1.742788590490818024e-02
1.698278263211250305e-02
1.657245680689811707e-02
1.627324335277080536e-02
1.606040820479393005e-02
1.591861620545387268e-02
1.589202508330345154e-02
1.599123142659664154e-02
1.620917581021785736e-02
1.624110899865627289e-02
1.613801717758178711e-02
1.613801717758178711e-02
1.575613580644130707e-02
1.535771880298852921e-02
1.507158204913139343e-02
1.544438395649194717e-02
1.576791517436504364e-02
1.591759733855724335e-02
1.593089476227760315e-02
1.580335944890975952e-02
1.566360704600811005e-02
1.545163709670305252e-02
1.545163709670305252e-02
1.505023613572120667e-02
1.471208967268466949e-02
1.435142289847135544e-02
1.400901656597852707e-02
1.361832488328218460e-02
1.315950881689786911e-02
1.263178605586290359e-02
1.200293097645044327e-02
1.137274969369173050e-02
1.077669393271207809e-02
1.077669393271207809e-02
1.035353727638721466e-02
1.004346832633018494e-02
9.747178293764591217e-03
9.513668715953826904e-03
9.233511984348297119e-03
8.899024687707424164e-03
8.550963364541530609e-03
8.182081393897533417e-03
8.257706649601459503e-03
8.379984647035598755e-03
8.379984647035598755e-03
8.376248180866241455e-03
8.367302827537059784e-03
8.353905752301216125e-03
8.232142776250839233e-03
8.155710995197296143e-03
8.071504533290863037e-03
7.962877862155437469e-03
7.966171950101852417e-03
8.007279597222805023e-03
7.947140373289585114e-03
7.947140373289585114e-03
7.832114584743976593e-03
7.614886388182640076e-03
7.286259438842535019e-03
7.050738204270601273e-03
6.805623415857553482e-03
6.651838775724172592e-03
6.761826574802398682e-03
7.096181623637676239e-03
7.655404973775148392e-03
8.357198908925056458e-03
8.357198908925056458e-03
9.147183038294315338e-03
1.003830507397651672e-02
1.085852552205324173e-02
1.147841289639472961e-02
1.185971312224864960e-02
1.198697648942470551e-02
1.181936822831630707e-02
1.151341199874877930e-02
1.109790522605180740e-02
1.066116336733102798e-02
1.066116336733102798e-02
1.015340909361839294e-02
9.988897480070590973e-03
1.003440469503402710e-02
1.042221579700708389e-02
1.075678598135709763e-02
1.118464861065149307e-02
1.169360242784023285e-02
1.225673127919435501e-02
1.265273336321115494e-02
1.280154567211866379e-02
1.280154567211866379e-02
1.260933931916952133e-02
1.219540741294622421e-02
1.167015731334686279e-02
1.099465135484933853e-02
1.051327865570783615e-02
1.020405068993568420e-02
1.010502222925424576e-02
1.016567740589380264e-02
1.022621151059865952e-02
1.021736208349466324e-02
1.021736208349466324e-02
1.029749121516942978e-02
1.033655088394880295e-02
1.038632541894912720e-02
1.030452176928520203e-02
1.005738321691751480e-02
9.795480407774448395e-03
9.591061621904373169e-03
9.479163214564323425e-03
9.506224654614925385e-03
9.622378274798393250e-03
9.622378274798393250e-03
9.846534579992294312e-03
1.015778165310621262e-02
1.046947017312049866e-02
1.079166587442159653e-02
1.096895895898342133e-02
1.117079891264438629e-02
1.135270111262798309e-02
1.137975417077541351e-02
1.112668402493000031e-02
1.063606236129999161e-02
1.063606236129999161e-02
9.873418137431144714e-03
9.082112461328506470e-03
8.267398923635482788e-03
7.546803914010524750e-03
7.127750664949417114e-03
6.945634726434946060e-03
6.874518934637308121e-03
6.971837021410465240e-03
7.224675733596086502e-03
7.517551537603139877e-03
7.517551537603139877e-03
7.776906713843345642e-03
8.017280139029026031e-03
8.250634185969829559e-03
8.458198048174381256e-03
8.606629446148872375e-03
8.652553893625736237e-03
8.577796630561351776e-03
8.463767357170581818e-03
8.335690014064311981e-03
8.218023926019668579e-03
8.218023926019668579e-03
8.142110891640186310e-03
8.161042816936969757e-03
8.143976330757141113e-03
8.342219516634941101e-03
9.219353087246417999e-03
9.874332696199417114e-03
1.021289546042680740e-02
1.033869106322526932e-02
1.026908028870820999e-02
1.001824531704187393e-02
1.001824531704187393e-02
9.696396067738533020e-03
9.240640327334403992e-03
8.778540417551994324e-03
8.184999227523803711e-03
7.570234127342700958e-03
6.935174576938152313e-03
6.245482247322797775e-03
5.548061337321996689e-03
4.811216145753860474e-03
4.087326582521200180e-03
4.087326582521200180e-03
3.386195283383131027e-03
2.805019496008753777e-03
2.337264595553278923e-03
2.109970431774854660e-03
2.049473347142338753e-03
2.122131874784827232e-03
2.161827171221375465e-03
2.217539120465517044e-03
2.277085324749350548e-03
2.319284947589039803e-03
2.319284947589039803e-03
2.304174937307834625e-03
2.304654568433761597e-03
2.505616517737507820e-03
2.758433576673269272e-03
3.065776079893112183e-03
3.314396366477012634e-03
3.428610507398843765e-03
3.307979321107268333e-03
3.089513164013624191e-03
2.836933126673102379e-03
2.836933126673102379e-03
2.689003013074398041e-03
2.733260858803987503e-03
2.894834149628877640e-03
3.146274248138070107e-03
3.446184098720550537e-03
3.668329445645213127e-03
3.799329046159982681e-03
3.891531378030776978e-03
3.918332047760486603e-03
3.770440118387341499e-03
3.770440118387341499e-03
3.588686930015683174e-03
3.466442227363586426e-03
3.261150093749165535e-03
3.123840084299445152e-03
3.020237898454070091e-03
3.047283040359616280e-03
3.096631262451410294e-03
3.152568126097321510e-03
3.307835664600133896e-03
3.611616324633359909e-03
3.611616324633359909e-03
4.065653774887323380e-03
4.550314974039793015e-03
4.902000539004802704e-03
5.227578803896903992e-03
5.431435536593198776e-03
5.625062156468629837e-03
5.768104922026395798e-03
5.770250223577022552e-03
5.714060273021459579e-03
5.671887658536434174e-03
5.671887658536434174e-03
5.617470480501651764e-03
5.548341199755668640e-03
5.400441586971282959e-03
5.259932484477758408e-03
5.223336629569530487e-03
5.164741538465023041e-03
5.109830293804407120e-03
5.073909647762775421e-03
5.019961856305599213e-03
4.918592050671577454e-03
4.918592050671577454e-03
4.822718445211648941e-03
4.709586966782808304e-03
4.536193329840898514e-03
4.395248368382453918e-03
4.268381744623184204e-03
4.148527979850769043e-03
4.070877563208341599e-03
3.979372326284646988e-03
3.880557836964726448e-03
3.960574045777320862e-03
3.960574045777320862e-03
4.007328767329454422e-03
4.011246375739574432e-03
4.031735938042402267e-03
4.087734036147594452e-03
4.128800705075263977e-03
4.211923107504844666e-03
4.397558048367500305e-03
4.704199265688657761e-03
5.119233392179012299e-03
5.505628418177366257e-03
5.505628418177366257e-03
5.808108951896429062e-03
6.157119292765855789e-03
6.463294383138418198e-03
6.531242281198501587e-03
6.420193240046501160e-03
6.281525827944278717e-03
6.226091179996728897e-03
6.264098919928073883e-03
6.294243037700653076e-03
6.414207164198160172e-03
6.414207164198160172e-03
6.667914800345897675e-03
6.885152775794267654e-03
7.029762491583824158e-03
7.138588000088930130e-03
7.094597443938255310e-03
6.867878139019012451e-03
6.633561104536056519e-03
6.396447774022817612e-03
6.177718285471200943e-03
6.146676838397979736e-03
6.146676838397979736e-03
6.283158902078866959e-03
6.622232962399721146e-03
6.973330862820148468e-03
7.336685899645090103e-03
7.654926273971796036e-03
7.777993101626634598e-03
7.747805677354335785e-03
7.572412025183439255e-03
7.415463682264089584e-03
7.164615206420421600e-03
7.164615206420421600e-03
6.773430854082107544e-03
6.538331508636474609e-03
6.374634336680173874e-03
6.208110135048627853e-03
6.176989525556564331e-03
6.376000121235847473e-03
6.776331458240747452e-03
7.198125589638948441e-03
7.596170995384454727e-03
7.964610122144222260e-03
7.964610122144222260e-03
8.210493251681327820e-03
8.343601599335670471e-03
8.352764882147312164e-03
8.343652822077274323e-03
8.314723148941993713e-03
8.246580138802528381e-03
8.118866011500358582e-03
7.969046942889690399e-03
7.862432859838008881e-03
7.875521667301654816e-03
7.875521667301654816e-03
7.998828776180744171e-03
8.161201141774654388e-03
8.397931233048439026e-03
8.659688755869865417e-03
8.924212306737899780e-03
8.986158296465873718e-03
8.951118215918540955e-03
8.813900873064994812e-03
8.659227751195430756e-03
8.496922440826892853e-03
8.496922440826892853e-03
8.388995192945003510e-03
8.318101055920124054e-03
8.300350047647953033e-03
8.405811153352260590e-03
8.546844124794006348e-03
8.781368844211101532e-03
9.050652384757995605e-03
9.336146526038646698e-03
9.557867422699928284e-03
9.753163903951644897e-03
9.753163903951644897e-03
9.868449531495571136e-03
9.994139894843101501e-03
1.006148383021354675e-02
1.011230237782001495e-02
1.015905663371086121e-02
1.023791078478097916e-02
1.037238072603940964e-02
1.039127074182033539e-02
1.036031544208526611e-02
1.038072630763053894e-02
1.038072630763053894e-02
1.046130154281854630e-02
1.068056188523769379e-02
1.103746984153985977e-02
1.139732170850038528e-02
1.176341623067855835e-02
1.207606773823499680e-02
1.230033952742815018e-02
1.222216803580522537e-02
1.195863634347915649e-02
1.139444205909967422e-02
