6.076924037188291550e-03
6.076924037188291550e-03
6.685048807412385941e-03
6.393706426024436951e-03
6.792019121348857880e-03
6.428665481507778168e-03
6.313137710094451904e-03
6.325400434434413910e-03
6.473167799413204193e-03
6.672822404652833939e-03
6.672602146863937378e-03
6.708086933940649033e-03
6.708086933940649033e-03
6.405235733836889267e-03
6.222878117114305496e-03
6.010216660797595978e-03
5.844293162226676941e-03
5.724926479160785675e-03
5.624471697956323624e-03
5.479218438267707825e-03
5.326056852936744690e-03
5.146641284227371216e-03
5.030064377933740616e-03
5.030064377933740616e-03
5.146526265889406204e-03
5.266585852950811386e-03
5.800984799861907959e-03
6.291904486715793610e-03
6.863323040306568146e-03
7.450744509696960449e-03
8.058855310082435608e-03
8.647751994431018829e-03
9.214194491505622864e-03
9.725956246256828308e-03
9.725956246256828308e-03
1.020178385078907013e-02
1.065871678292751312e-02
1.106026954948902130e-02
1.146606076508760452e-02
1.180636417120695114e-02
1.212401315569877625e-02
1.236653421074151993e-02
1.241026818752288818e-02
1.244062092155218124e-02
1.246911194175481796e-02
1.246911194175481796e-02
1.256196014583110809e-02
1.258834823966026306e-02
1.252316217869520187e-02
1.246734894812107086e-02
1.242409646511077881e-02
1.232702843844890594e-02
1.223298814147710800e-02
1.214454695582389832e-02
1.202374789863824844e-02
1.185266021639108658e-02
1.185266021639108658e-02
1.167955622076988220e-02
1.140946429222822189e-02
1.092263497412204742e-02
1.023721136152744293e-02
9.524002671241760254e-03
8.932947181165218353e-03
8.409757167100906372e-03
7.965927943587303162e-03
7.524496875703334808e-03
7.313222158700227737e-03
7.313222158700227737e-03
7.268402259796857834e-03
7.223769556730985641e-03
7.293252274394035339e-03
7.287452463060617447e-03
7.363285403698682785e-03
7.306276354938745499e-03
7.345882244408130646e-03
7.689641788601875305e-03
8.091275580227375031e-03
8.607158437371253967e-03
8.607158437371253967e-03
8.891230449080467224e-03
9.162957780063152313e-03
9.364293888211250305e-03
9.334554895758628845e-03
9.265320375561714172e-03
9.125609882175922394e-03
8.979778736829757690e-03
8.837243542075157166e-03
8.558391593396663666e-03
8.289671503007411957e-03
8.289671503007411957e-03
8.142808452248573303e-03
8.147153072059154510e-03
8.137909695506095886e-03
8.462248370051383972e-03
8.921630680561065674e-03
1.008034497499465942e-02
1.106847729533910751e-02
1.206308323889970779e-02
1.292449980974197388e-02
1.358810067176818848e-02
1.358810067176818848e-02
1.419362518936395645e-02
1.466438919305801392e-02
1.511471252888441086e-02
1.554984133690595627e-02
1.590562611818313599e-02
1.626446656882762909e-02
1.650508679449558258e-02
1.663740351796150208e-02
1.664077863097190857e-02
1.664793677628040314e-02
1.664793677628040314e-02
1.662470772862434387e-02
1.667107269167900085e-02
1.661257818341255188e-02
1.657221280038356781e-02
1.668494939804077148e-02
1.689840480685234070e-02
1.710559427738189697e-02
1.730020903050899506e-02
1.740681938827037811e-02
1.747852005064487457e-02
1.747852005064487457e-02
1.762162148952484131e-02
1.774465478956699371e-02
1.774382032454013824e-02
1.769129186868667603e-02
1.764664798974990845e-02
1.760520599782466888e-02
1.752941682934761047e-02
1.749605312943458557e-02
1.741513423621654510e-02
1.722123473882675171e-02
1.722123473882675171e-02
1.707062125205993652e-02
1.687289960682392120e-02
1.663600094616413116e-02
1.649249717593193054e-02
1.650095358490943909e-02
1.645628176629543304e-02
1.645247079432010651e-02
1.639896072447299957e-02
1.614147424697875977e-02
1.601722650229930878e-02
1.601722650229930878e-02
1.649752072989940643e-02
1.698719523847103119e-02
1.740230061113834381e-02
1.778268069028854370e-02
1.817820966243743896e-02
1.837231777608394623e-02
1.850692927837371826e-02
1.849632523953914642e-02
1.849465072154998779e-02
1.845161244273185730e-02
1.845161244273185730e-02
1.834507845342159271e-02
1.808341406285762787e-02
1.775140315294265747e-02
1.741271093487739563e-02
1.714402623474597931e-02
1.688698492944240570e-02
1.665994711220264435e-02
1.632762700319290161e-02
1.606169529259204865e-02
1.577324420213699341e-02
1.577324420213699341e-02
1.557093579322099686e-02
1.543608680367469788e-02
1.540522370487451553e-02
1.551750581711530685e-02
1.570167392492294312e-02
1.594856567680835724e-02
1.622911170125007629e-02
1.653075590729713440e-02
1.678745076060295105e-02
1.698024943470954895e-02
1.698024943470954895e-02
1.719575002789497375e-02
1.723388396203517914e-02
1.709543354809284210e-02
1.694049872457981110e-02
1.667359657585620880e-02
1.631481572985649109e-02
1.594857685267925262e-02
1.549653243273496628e-02
1.510218717157840729e-02
1.478469464927911758e-02
1.478469464927911758e-02
1.458114665001630783e-02
1.443165633827447891e-02
1.435581780970096588e-02
1.439952943474054337e-02
1.450921408832073212e-02
1.469580642879009247e-02
1.489401422441005707e-02
1.513416878879070282e-02
1.534182485193014145e-02
1.565253548324108124e-02
1.565253548324108124e-02
1.620781421661376953e-02
1.671268232166767120e-02
1.718310080468654633e-02
1.755134947597980499e-02
1.770894229412078857e-02
1.783078908920288086e-02
1.789821498095989227e-02
1.783444173634052277e-02
1.767401583492755890e-02
1.740122586488723755e-02
1.740122586488723755e-02
1.706322096288204193e-02
1.664660684764385223e-02
1.632668450474739075e-02
1.596190035343170166e-02
1.570557989180088043e-02
1.553681492805480957e-02
1.542368903756141663e-02
1.543361693620681763e-02
1.563179120421409607e-02
1.581672392785549164e-02
1.581672392785549164e-02
1.604498364031314850e-02
1.634279079735279083e-02
1.634279079735279083e-02
1.660431548953056335e-02
1.678141206502914429e-02
1.696846634149551392e-02
1.727067120373249054e-02
1.758127659559249878e-02
1.762894727289676666e-02
1.758497580885887146e-02
1.758497580885887146e-02
1.744220219552516937e-02
1.724501699209213257e-02
1.702964305877685547e-02
1.682166010141372681e-02
1.659227721393108368e-02
1.631368137896060944e-02
1.602004468441009521e-02
1.569731160998344421e-02
1.543375197798013687e-02
1.523817796260118484e-02
1.523817796260118484e-02
1.507443375885486603e-02
1.497137919068336487e-02
1.490004453808069229e-02
1.490426249802112579e-02
1.487250160425901413e-02
1.484331302344799042e-02
1.483581308275461197e-02
1.476579625159502029e-02
1.463766582310199738e-02
1.447579637169837952e-02
1.447579637169837952e-02
1.429047249257564545e-02
1.409597508609294891e-02
1.389635168015956879e-02
1.369633432477712631e-02
1.345273200422525406e-02
1.321555674076080322e-02
1.296228636056184769e-02
1.266436558216810226e-02
1.238130312412977219e-02
1.202225964516401291e-02
1.202225964516401291e-02
1.168999541550874710e-02
1.135728135704994202e-02
1.099981833249330521e-02
1.069600600749254227e-02
1.043101120740175247e-02
1.018073782324790955e-02
9.867953136563301086e-03
9.541012346744537354e-03
9.204423986375331879e-03
9.204423986375331879e-03
9.204423986375331879e-03
9.009076282382011414e-03
9.004793129861354828e-03
8.991689421236515045e-03
8.982623927295207977e-03
8.993703871965408325e-03
9.011110290884971619e-03
9.064254350960254669e-03
9.076941758394241333e-03
9.085163474082946777e-03
9.185528382658958435e-03
9.185528382658958435e-03
9.177736937999725342e-03
9.187594987452030182e-03
9.240269660949707031e-03
9.417434222996234894e-03
9.653796441853046417e-03
9.834503754973411560e-03
1.000811345875263214e-02
1.016157027333974838e-02
1.030887383967638016e-02
1.043227966874837875e-02
1.043227966874837875e-02
1.051481254398822784e-02
1.057943329215049744e-02
1.063223648816347122e-02
1.058868970721960068e-02
1.055570039898157120e-02
1.053600572049617767e-02
1.049417071044445038e-02
1.043983362615108490e-02
1.038695406168699265e-02
1.024410594254732132e-02
1.024410594254732132e-02
1.007991936057806015e-02
9.935230948030948639e-03
9.715448133647441864e-03
9.548800997436046600e-03
9.419550187885761261e-03
9.298236109316349030e-03
9.237766265869140625e-03
9.208608418703079224e-03
9.119872003793716431e-03
9.052714332938194275e-03
9.052714332938194275e-03
9.017471224069595337e-03
8.994026109576225281e-03
8.975098840892314911e-03
8.988678455352783203e-03
9.048130363225936890e-03
9.107139892876148224e-03
9.130021557211875916e-03
9.142580442130565643e-03
9.163931012153625488e-03
9.175973944365978241e-03
9.175973944365978241e-03
9.175408631563186646e-03
9.191936813294887543e-03
9.172097779810428619e-03
9.189381264150142670e-03
9.203466586768627167e-03
9.244178421795368195e-03
9.239229373633861542e-03
9.177054278552532196e-03
9.115204215049743652e-03
9.063326753675937653e-03
9.063326753675937653e-03
9.032129310071468353e-03
9.008549153804779053e-03
8.965491317212581635e-03
8.911816403269767761e-03
8.817685768008232117e-03
8.764097467064857483e-03
8.712923154234886169e-03
8.671486750245094299e-03
8.578915148973464966e-03
8.495780639350414276e-03
8.495780639350414276e-03
8.380850777029991150e-03
8.237433619797229767e-03
8.086640387773513794e-03
7.916951552033424377e-03
7.771234493702650070e-03
7.536884397268295288e-03
7.290683221071958542e-03
7.079955656081438065e-03
6.900663953274488449e-03
6.734336260706186295e-03
6.734336260706186295e-03
6.621002219617366791e-03
6.598076317459344864e-03
6.570095196366310120e-03
6.599812302738428116e-03
6.644052453339099884e-03
6.791733205318450928e-03
6.927341222763061523e-03
7.041892502456903458e-03
7.016506511718034744e-03
6.839094683527946472e-03
6.839094683527946472e-03
6.620888132601976395e-03
6.433313712477684021e-03
6.292168051004409790e-03
6.218745373189449310e-03
6.196161266416311264e-03
6.242943927645683289e-03
6.784850731492042542e-03
7.366225589066743851e-03
7.889841683208942413e-03
8.287768810987472534e-03
8.287768810987472534e-03
8.565056137740612030e-03
8.752673864364624023e-03
8.782781660556793213e-03
8.709934540092945099e-03
8.590349927544593811e-03
8.440414443612098694e-03
8.276216685771942139e-03
8.202624507248401642e-03
8.086120709776878357e-03
7.989307865500450134e-03
7.989307865500450134e-03
7.884308695793151855e-03
7.797639816999435425e-03
7.966315373778343201e-03
8.198492228984832764e-03
8.422627113759517670e-03
8.756391704082489014e-03
8.947158232331275940e-03
9.022326208651065826e-03
9.111617691814899445e-03
9.094646200537681580e-03
9.094646200537681580e-03
8.977330289781093597e-03
8.977330289781093597e-03
8.756707422435283661e-03
8.532620966434478760e-03
8.375327102839946747e-03
8.288687095046043396e-03
8.278418332338333130e-03
8.286236785352230072e-03
8.397104218602180481e-03
8.520182222127914429e-03
8.520182222127914429e-03
8.611340075731277466e-03
8.663358166813850403e-03
8.617513813078403473e-03
8.506256155669689178e-03
8.388723246753215790e-03
8.280796930193901062e-03
8.280796930193901062e-03
8.280796930193901062e-03
8.254457265138626099e-03
8.208096027374267578e-03
8.208096027374267578e-03
8.204483427107334137e-03
8.209529332816600800e-03
8.213588036596775055e-03
8.205007761716842651e-03
8.138101547956466675e-03
8.028197102248668671e-03
7.874594070017337799e-03
7.714511826634407043e-03
7.608531974256038666e-03
7.455588318407535553e-03
7.455588318407535553e-03
7.296381052583456039e-03
7.188585121184587479e-03
7.118816953152418137e-03
7.072475273162126541e-03
6.935436744242906570e-03
6.867649033665657043e-03
6.738506723195314407e-03
6.499336566776037216e-03
6.260845810174942017e-03
5.960239097476005554e-03
5.960239097476005554e-03
5.660785362124443054e-03
5.364214070141315460e-03
5.011481698602437973e-03
4.716028925031423569e-03
4.423372447490692139e-03
4.183896817266941071e-03
4.007727839052677155e-03
4.007727839052677155e-03
4.007727839052677155e-03
3.885667305439710617e-03
3.885667305439710617e-03
3.868469502776861191e-03
3.928736317902803421e-03
4.091328475624322891e-03
4.328050184994935989e-03
4.561601672321557999e-03
4.748301114886999130e-03
4.748301114886999130e-03
4.748301114886999130e-03
4.748301114886999130e-03
4.873809870332479477e-03
4.873809870332479477e-03
4.909955896437168121e-03
4.921694286167621613e-03
4.854068625718355179e-03
4.752732347697019577e-03
4.752732347697019577e-03
4.629223607480525970e-03
4.483162891119718552e-03
4.354436416178941727e-03
4.215088207274675369e-03
4.123456776142120361e-03
4.123456776142120361e-03
4.044744651764631271e-03
4.042326938360929489e-03
4.149208310991525650e-03
4.360781516879796982e-03
4.589151125401258469e-03
4.589151125401258469e-03
4.589151125401258469e-03
4.589151125401258469e-03
4.589151125401258469e-03
4.403226077556610107e-03
4.403226077556610107e-03
4.284773953258991241e-03
4.310870077461004257e-03
4.307512193918228149e-03
4.327957984060049057e-03
4.344873595982789993e-03
4.297282546758651733e-03
4.208435304462909698e-03
4.174110945314168930e-03
4.192804917693138123e-03
4.257238935679197311e-03
4.257238935679197311e-03
4.403432831168174744e-03
4.571361932903528214e-03
4.776943475008010864e-03
5.006602499634027481e-03
5.191725213080644608e-03
5.311988294124603271e-03
5.329504143446683884e-03
5.336053669452667236e-03
5.303348414599895477e-03
5.262802820652723312e-03
5.262802820652723312e-03
5.242732819169759750e-03
5.314985290169715881e-03
5.492982454597949982e-03
5.738527514040470123e-03
5.999464541673660278e-03
6.244974676519632339e-03
6.438157986849546432e-03
6.550830323249101639e-03
6.594799924641847610e-03
6.609999109059572220e-03
6.609999109059572220e-03
6.550228688865900040e-03
6.443048361688852310e-03
6.354922428727149963e-03
6.142178084701299667e-03
6.001939065754413605e-03
5.842009559273719788e-03
5.625858437269926071e-03
5.441356450319290161e-03
5.352283827960491180e-03
5.318263079971075058e-03
5.318263079971075058e-03
5.330703686922788620e-03
5.475072190165519714e-03
5.618030671030282974e-03
5.760954227298498154e-03
5.897427909076213837e-03
5.951393395662307739e-03
6.025073584169149399e-03
6.058492697775363922e-03
6.072615738958120346e-03
6.094330921769142151e-03
6.094330921769142151e-03
6.112673319876194000e-03
6.084606051445007324e-03
6.087264046072959900e-03
6.121307145804166794e-03
6.200623698532581329e-03
6.343487650156021118e-03
6.503997370600700378e-03
6.638714112341403961e-03
6.721075624227523804e-03
6.735802628099918365e-03
6.735802628099918365e-03
6.705542095005512238e-03
6.576161831617355347e-03
6.404940504580736160e-03
6.227076519280672073e-03
6.018610205501317978e-03
5.808767396956682205e-03
5.651074461638927460e-03
5.530260037630796432e-03
5.506651941686868668e-03
5.519054364413022995e-03
5.519054364413022995e-03
5.489151924848556519e-03
5.474817007780075073e-03
5.462212488055229187e-03
5.375965964049100876e-03
5.283836275339126587e-03
5.100306589156389236e-03
4.927553702145814896e-03
4.808940459042787552e-03
4.649766720831394196e-03
4.528183955699205399e-03
4.528183955699205399e-03
4.518888425081968307e-03
4.564882721751928329e-03
4.621648229658603668e-03
4.683536477386951447e-03
4.741256590932607651e-03
4.639925435185432434e-03
4.528196062892675400e-03
4.416765179485082626e-03
4.328101407736539841e-03
4.287175834178924561e-03
4.287175834178924561e-03
4.215172026306390762e-03
4.180033691227436066e-03
4.156246315687894821e-03
4.121733829379081726e-03
4.136469215154647827e-03
4.164875485002994537e-03
4.205718636512756348e-03
4.312154836952686310e-03
4.405924584716558456e-03
4.499603062868118286e-03
4.499603062868118286e-03
4.580593667924404144e-03
5.951858591288328171e-03
7.300055120140314102e-03
7.300055120140314102e-03
7.300055120140314102e-03
8.553243242204189301e-03
9.656102396547794342e-03
1.079270336776971817e-02
1.182366348803043365e-02
1.269414741545915604e-02
1.269414741545915604e-02
1.338470540940761566e-02
1.393962651491165161e-02
1.433437038213014603e-02
1.464465167373418808e-02
1.499049179255962372e-02
1.532823592424392700e-02
1.565583609044551849e-02
1.597605831921100616e-02
1.629641838371753693e-02
1.660536974668502808e-02
1.660536974668502808e-02
1.692062988877296448e-02
1.718640141189098358e-02
1.740917935967445374e-02
1.754361391067504883e-02
1.761346124112606049e-02
1.762750372290611267e-02
1.762614399194717407e-02
1.757994107902050018e-02
1.750384457409381866e-02
1.737657003104686737e-02
1.737657003104686737e-02
1.724698394536972046e-02
1.713278517127037048e-02
1.708083599805831909e-02
1.705076731741428375e-02
1.702944189310073853e-02
1.702978089451789856e-02
1.706142537295818329e-02
1.708801276981830597e-02
1.709548383951187134e-02
1.705163903534412384e-02
1.705163903534412384e-02
1.700144633650779724e-02
1.695156842470169067e-02
1.686894893646240234e-02
1.673549972474575043e-02
1.660921424627304077e-02
1.647405140101909637e-02
1.634451374411582947e-02
1.623685099184513092e-02
1.614787988364696503e-02
1.613186299800872803e-02
1.613186299800872803e-02
1.614288613200187683e-02
1.625980064272880554e-02
1.632768288254737854e-02
1.632929220795631409e-02
1.625980064272880554e-02
1.608719490468502045e-02
1.586218178272247314e-02
1.560733187943696976e-02
1.534280087798833847e-02
1.508848834782838821e-02
1.508848834782838821e-02
1.487074419856071472e-02
1.470715552568435669e-02
1.461378019303083420e-02
1.455760933458805084e-02
1.454593706876039505e-02
1.457378361374139786e-02
1.464725285768508911e-02
1.474974956363439560e-02
1.484099775552749634e-02
1.486209128051996231e-02
