3.095682524144649506e-02
2.338629402220249176e-02
1.956899650394916534e-02
2.026429027318954468e-02
2.121852524578571320e-02
2.201741561293601990e-02
2.061255276203155518e-02
1.939106546342372894e-02
1.668286137282848358e-02
1.522206235677003860e-02
1.494221575558185577e-02
1.494221575558185577e-02
1.658770628273487091e-02
1.911222003400325775e-02
2.164945006370544434e-02
2.387510053813457489e-02
2.560942806303501129e-02
2.657343447208404541e-02
2.745499461889266968e-02
2.637328021228313446e-02
2.519477717578411102e-02
2.401195466518402100e-02
2.401195466518402100e-02
2.228596433997154236e-02
2.020818367600440979e-02
1.823483780026435852e-02
1.631075516343116760e-02
1.423593237996101379e-02
1.289620157331228256e-02
1.286744233220815659e-02
1.230352744460105896e-02
1.251252461224794388e-02
1.269745547324419022e-02
1.269745547324419022e-02
1.330612134188413620e-02
1.398815494030714035e-02
1.471496559679508209e-02
1.565497554838657379e-02
1.672032661736011505e-02
1.850720681250095367e-02
1.987295970320701599e-02
2.057545445859432220e-02
2.134927548468112946e-02
2.202634327113628387e-02
2.202634327113628387e-02
2.170474268496036530e-02
2.110303379595279694e-02
2.039560303092002869e-02
2.012608386576175690e-02
1.892054639756679535e-02
1.776005513966083527e-02
1.656445115804672241e-02
1.532122213393449783e-02
1.388192828744649887e-02
1.253878790885210037e-02
1.253878790885210037e-02
1.106273941695690155e-02
1.001719664782285690e-02
8.524658158421516418e-03
7.099605165421962738e-03
4.989753477275371552e-03
3.724047215655446053e-03
3.597658360376954079e-03
5.262513644993305206e-03
7.385732606053352356e-03
9.430742822587490082e-03
9.430742822587490082e-03
1.130610983818769455e-02
1.191122923046350479e-02
1.374958176165819168e-02
1.552608329802751541e-02
1.702454499900341034e-02
1.838313415646553040e-02
1.953309401869773865e-02
2.128381282091140747e-02
2.233874425292015076e-02
2.296691387891769409e-02
2.296691387891769409e-02
2.339162304997444153e-02
2.330064214766025543e-02
2.378225326538085938e-02
2.492079138755798340e-02
2.567014470696449280e-02
2.763921767473220825e-02
2.957980893552303314e-02
3.145040944218635559e-02
3.246026113629341125e-02
3.353175520896911621e-02
3.353175520896911621e-02
3.371818736195564270e-02
3.365710377693176270e-02
3.324733301997184753e-02
3.372348845005035400e-02
3.387623280286788940e-02
3.305704891681671143e-02
3.242632001638412476e-02
3.213128820061683655e-02
3.231887519359588623e-02
3.292183578014373779e-02
3.292183578014373779e-02
3.348093479871749878e-02
3.409462422132492065e-02
3.374885767698287964e-02
3.281098604202270508e-02
3.145834803581237793e-02
3.132939711213111877e-02
3.091959096491336823e-02
3.050382249057292938e-02
3.009162843227386475e-02
2.890258468687534332e-02
2.890258468687534332e-02
2.839102037250995636e-02
2.774142660200595856e-02
2.715480886399745941e-02
2.545163594186306000e-02
2.365381270647048950e-02
2.209253236651420593e-02
2.043256163597106934e-02
1.832789182662963867e-02
1.727148517966270447e-02
1.599829830229282379e-02
1.599829830229282379e-02
1.496305689215660095e-02
1.583361811935901642e-02
1.719967275857925415e-02
1.804621517658233643e-02
1.878748275339603424e-02
2.032635174691677094e-02
2.183404564857482910e-02
2.308352291584014893e-02
2.437114529311656952e-02
2.530443668365478516e-02
2.530443668365478516e-02
2.583511173725128174e-02
2.597793377935886383e-02
2.585047110915184021e-02
2.500323764979839325e-02
2.407340705394744873e-02
2.243154309689998627e-02
2.072781324386596680e-02
1.951947063207626343e-02
1.745485328137874603e-02
1.577571779489517212e-02
1.577571779489517212e-02
1.510622911155223846e-02
1.465188246220350266e-02
1.499130576848983765e-02
1.581250689923763275e-02
1.653357595205307007e-02
1.715028099715709686e-02
1.720922626554965973e-02
1.726507768034934998e-02
1.752238161861896515e-02
1.771176606416702271e-02
