2.182453650868601200e-02
2.093866821630203240e-02
1.949479622321737687e-02
1.923741299569704105e-02
1.987970089865442533e-02
2.053778064520344823e-02
2.045567740168005230e-02
2.057803472207843376e-02
2.058715296669005532e-02
2.059926324016911336e-02
2.078901714714774182e-02
2.078901714714774182e-02
2.070750744642983407e-02
2.063528413232782951e-02
2.042877979454399417e-02
2.013241305711875248e-02
2.001429348244749412e-02
1.988370037573224808e-02
1.973865301668767738e-02
1.958459847556658778e-02
1.952227408716534357e-02
1.946549082519026877e-02
1.946549082519026877e-02
1.946102051074179162e-02
1.950874396489455168e-02
1.953314132136428627e-02
1.957117728377889831e-02
1.951687664370075834e-02
1.951185885188084362e-02
1.954918415484979341e-02
1.965797163075032328e-02
1.968993065596689324e-02
1.973552510098242063e-02
1.973552510098242063e-02
1.977668550294828589e-02
1.978531396144431187e-02
1.968722824692272638e-02
1.953973164847346705e-02
1.954365702650928335e-02
1.949183899839268194e-02
1.931770986583011482e-02
1.920761365615510433e-02
1.917311027534174608e-02
1.911704855818591176e-02
1.911704855818591176e-02
1.909050552601710901e-02
1.922242228828188737e-02
1.938195783495267124e-02
1.938286317286430985e-02
1.930676767462504578e-02
1.923375856677853740e-02
1.910912633910468242e-02
1.892131876883754518e-02
1.879816656415674719e-02
1.866563682900273732e-02
1.866563682900273732e-02
1.850367759197111411e-02
1.829815468378790527e-02
1.815235281462767095e-02
1.782838661917088285e-02
1.763248178669383007e-02
1.735698872754980193e-02
1.720459234085231978e-02
1.702236564086846704e-02
1.675794435860030948e-02
1.662324682316514493e-02
1.662324682316514493e-02
1.670167882646834967e-02
1.685672086811356579e-02
1.700993004028734240e-02
1.727711011753003262e-02
1.719283174136142928e-02
1.706994474824922656e-02
1.670251159279900061e-02
1.635368444490522752e-02
1.612368593808780406e-02
1.672628595162601456e-02
1.672628595162601456e-02
1.733694402534973963e-02
1.788891777337622141e-02
1.828975543634719925e-02
1.867987560762986859e-02
1.892723222072248065e-02
1.913751599510095380e-02
1.923366214974497196e-02
1.925433797746312417e-02
1.927738557623766280e-02
1.922751342251243986e-02
1.922751342251243986e-02
1.924831832806573120e-02
1.932008299982722679e-02
1.933638148550323455e-02
1.933584371003252422e-02
1.925751089727955126e-02
1.918535352405699446e-02
1.903170422888218402e-02
1.880687957025338128e-02
1.858841836703621977e-02
1.840211308037525278e-02
1.840211308037525278e-02
1.814894335551305374e-02
1.793537632703264342e-02
1.789077720063912691e-02
1.793000928249116263e-02
1.795131885091533902e-02
1.792123115976117925e-02
1.779468622281849682e-02
1.766506871234239592e-02
1.750117038331252747e-02
1.737666692849536981e-02
1.737666692849536981e-02
1.713473152400454141e-02
1.722839730191678270e-02
1.735287757599269717e-02
1.755788595208281067e-02
1.772604026148052667e-02
1.788612500756033008e-02
1.775647048627584587e-02
1.753435896291309984e-02
1.706571851923647035e-02
1.671318210585610517e-02
1.671318210585610517e-02
1.646102552976895159e-02
1.623578320773840997e-02
1.603848370792750055e-02
1.579981091638432353e-02
1.573913022961591704e-02
1.571013663503305346e-02
1.573712658054318356e-02
1.563484108996170130e-02
1.524933544747392178e-02
1.479554783018680909e-02
1.479554783018680909e-02
1.449270625244909565e-02
1.426429384281922494e-02
1.410142036006762668e-02
1.393306656275736764e-02
1.396527262235899500e-02
1.404295876155050270e-02
1.415645142557619279e-02
1.420856447976853384e-02
1.420066317884418131e-02
1.401374223409134097e-02
1.401374223409134097e-02
1.383308635355570693e-02
1.362460761633293993e-02
1.342575931507206284e-02
1.336556192118041990e-02
1.346213715590467708e-02
1.356884973274464709e-02
1.359503470168826715e-02
1.374444875039747792e-02
1.373861473648472185e-02
1.363869042439897275e-02
1.363869042439897275e-02
1.352812795150250443e-02
1.325359000045252950e-02
1.298833015218698282e-02
1.273055803602901777e-02
1.305005905463427381e-02
1.342178169350588882e-02
1.362764208303404376e-02
1.360291253862948128e-02
1.350652977092745878e-02
1.329187143086230961e-02
1.329187143086230961e-02
1.324442807674211867e-02
1.319913829482004947e-02
1.322299955082332709e-02
1.335849379878230152e-02
1.355254939044059359e-02
1.385269389781270885e-02
1.408754149264392942e-02
1.422033769626024347e-02
1.422853891184594488e-02
1.413106367311774830e-02
1.413106367311774830e-02
1.407196396218681443e-02
1.405144247921380658e-02
1.400047212722939360e-02
1.418077780139665595e-02
1.448472272546545876e-02
1.480328299005607279e-02
1.483002260608441009e-02
1.468741763497746766e-02
1.482757046660814447e-02
1.487989031867893025e-02
1.487989031867893025e-02
1.491393984466480964e-02
1.480636902965685661e-02
1.467227779017292282e-02
1.447194705980762650e-02
1.435460244886587952e-02
1.441990505792594204e-02
1.452981920867004416e-02
1.446505352897511920e-02
1.460418611245917035e-02
1.481624869059999967e-02
1.481624869059999967e-02
1.494502336225951751e-02
1.508340154403144985e-02
1.520876802137127032e-02
1.543662625450904248e-02
1.572432862997101902e-02
1.613661397871218872e-02
1.637125297756914302e-02
1.637999812713328632e-02
1.633240246753224489e-02
1.616537023935208511e-02
1.616537023935208511e-02
1.603815988166764836e-02
1.604948308266438209e-02
1.620940997545373963e-02
1.638586672461728524e-02
1.634619366126124212e-02
1.618687026248617072e-02
1.608937816980352334e-02
1.579519979949084094e-02
1.543412894467009570e-02
1.519183124127571234e-02
1.519183124127571234e-02
1.507549692834585058e-02
1.505413793808832099e-02
1.508858792142040058e-02
1.520413163448565939e-02
1.501830154535638284e-02
1.475710109175763958e-02
1.446796115508435301e-02
1.435449058884894456e-02
1.439721360611888150e-02
1.439414390385013176e-02
1.439414390385013176e-02
1.442798206402633350e-02
1.437656992437542740e-02
1.420786352430766612e-02
1.396442441838380982e-02
1.369910959721075752e-02
1.355481049965684415e-02
1.360014791308322528e-02
1.379101338036618947e-02
1.394551346356149267e-02
1.388412225835848265e-02
1.388412225835848265e-02
1.377501126275724672e-02
1.364060639861118529e-02
1.341430968144488589e-02
1.326762842415467498e-02
1.241166788431821190e-02
1.199035420852139280e-02
1.176906085597175140e-02
1.213056081610629222e-02
1.251710197373374911e-02
1.275594396839358977e-02
1.275594396839358977e-02
1.289626819355267975e-02
1.263589685657418721e-02
1.236162128266223882e-02
1.202560690160110052e-02
1.181457276578196797e-02
1.182917207197897204e-02
1.197320219039170637e-02
1.228920558149546732e-02
1.282143732628183291e-02
1.319056982617645632e-02
1.319056982617645632e-02
1.327203378193748777e-02
1.265525458674151942e-02
1.212070870188329021e-02
1.180318862419351723e-02
1.139267745936390318e-02
1.141309869072051029e-02
1.157054405273509612e-02
1.184213030745250028e-02
1.215825959648751328e-02
1.228161343757008112e-02
1.228161343757008112e-02
1.232327144236296593e-02
1.217312303243274843e-02
1.175728135028021072e-02
1.139713272611710820e-02
1.106122894464094640e-02
1.079321380373872083e-02
1.072646608498572206e-02
1.068408148078790060e-02
1.081887344637056519e-02
1.130510104327516960e-02
1.130510104327516960e-02
1.173817596916908353e-02
1.212932003057144714e-02
1.240123368875881323e-02
1.250202388806975068e-02
1.266981710180423333e-02
1.282381813420205990e-02
1.291946470445878847e-02
1.295025707036850070e-02
1.311565212317946684e-02
1.320232287106461525e-02
1.320232287106461525e-02
1.310924496119821384e-02
1.296679745472268351e-02
1.289143407551343254e-02
1.289561414834826565e-02
1.284747819535896757e-02
1.293817395992004522e-02
1.293258330532764434e-02
1.281871938246406314e-02
1.260863461113029271e-02
1.238041405762991577e-02
1.238041405762991577e-02
1.219538787571188866e-02
1.221525779633220524e-02
1.238828276699819979e-02
1.272547099486056807e-02
1.295924301801779088e-02
1.303940977532039476e-02
1.291134501870873884e-02
1.269805331453964167e-02
1.227581237452697246e-02
1.167940442966742577e-02
1.167940442966742577e-02
1.109174579575789542e-02
1.077648964518754769e-02
1.081544298241048953e-02
1.090215003237416345e-02
1.094471594646171178e-02
1.100641086428425126e-02
1.112979690608643761e-02
1.109314536834884318e-02
1.051559623303378530e-02
1.034148073875069962e-02
1.034148073875069962e-02
1.033685898205256859e-02
1.035168892063599057e-02
1.047742425697084125e-02
1.103152391583932593e-02
1.159151500546371644e-02
1.196977957501610575e-02
1.203361993332620686e-02
1.181936627267967180e-02
1.155234515217352584e-02
1.129862766117460150e-02
1.129862766117460150e-02
1.104682747245678588e-02
1.088201268118061532e-02
1.084452450018379144e-02
1.079429536946838533e-02
1.064661902048310259e-02
1.056264537396324130e-02
1.045395612773802191e-02
1.030707156720203285e-02
1.024217378226481914e-02
9.946107135841686028e-03
9.946107135841686028e-03
9.725932637539255396e-03
9.579095111322882480e-03
9.591223408128454059e-03
9.572325245228874985e-03
9.714349470545155518e-03
9.919980811555430614e-03
1.010197826098586070e-02
1.026736657861389117e-02
1.033677500592125945e-02
1.042730502716929936e-02
1.042730502716929936e-02
1.045427835626203117e-02
1.040904990992076902e-02
1.033568277978873760e-02
1.031164526942353159e-02
1.023388228731197426e-02
1.012105021215838237e-02
1.003288391395248946e-02
9.829966871960126376e-03
9.593075027137104582e-03
9.375865505024262581e-03
9.375865505024262581e-03
9.214416831987062156e-03
9.092298913745704494e-03
9.059525390274594456e-03
9.051852514737052449e-03
8.931724600025288396e-03
8.828970283150675002e-03
8.774234502309503567e-03
8.678091800309083517e-03
8.560109303449693965e-03
8.658772919517505884e-03
8.658772919517505884e-03
8.792213405306618240e-03
8.971955961299814264e-03
8.931649053331602861e-03
8.904434410562959631e-03
8.971491539556194703e-03
9.028786305969753456e-03
9.015335491717287736e-03
9.000140855242153362e-03
8.795312429387951852e-03
8.597981328711449753e-03
8.597981328711449753e-03
8.366262713503234971e-03
8.227195478288963637e-03
8.058745680540194481e-03
7.934215999045245507e-03
7.792866899521547382e-03
7.710914343891295784e-03
7.608178132894268669e-03
7.567735722465530022e-03
7.542142359935681897e-03
7.543551612808753297e-03
7.543551612808753297e-03
7.551490440179337536e-03
7.506039291538612636e-03
7.261209311524860835e-03
7.072242131604453315e-03
6.912245360944597149e-03
6.797767837303522222e-03
6.791444140862093470e-03
6.878062960513235680e-03
7.039035641840864221e-03
7.219570606473845777e-03
7.219570606473845777e-03
7.292328639374802066e-03
7.212619357029628059e-03
7.036812769245756431e-03
6.729984980259754064e-03
6.432645990549606604e-03
6.278298461930692347e-03
6.331009606510187848e-03
6.490809027408123676e-03
6.714127330089255698e-03
6.913198089561293017e-03
6.913198089561293017e-03
7.004995945476304858e-03
6.868422192522428450e-03
6.612625810108358447e-03
6.239836643668228433e-03
5.892837711374806879e-03
5.687842517971668406e-03
5.620036727440545429e-03
5.633122946979927589e-03
5.818546120320046422e-03
6.006977259690799396e-03
6.006977259690799396e-03
6.180965260130100690e-03
6.264964118534102275e-03
6.282481269935628887e-03
6.292409142148723891e-03
6.249289685986042162e-03
6.321543019901581031e-03
6.391214151743021890e-03
6.545747310633211191e-03
6.687236776917670870e-03
6.847833225167037144e-03
6.847833225167037144e-03
6.871164935731886858e-03
6.841107308453281931e-03
6.687052404522332918e-03
6.482323198633161906e-03
5.642348153110943350e-03
4.950370461149364298e-03
5.230713297554190171e-03
5.445896675618396715e-03
5.494469606396790509e-03
5.542572899589101945e-03
5.542572899589101945e-03
5.237520265735095236e-03
4.931936319778200926e-03
4.608967958233707064e-03
4.443856637794122572e-03
4.428593490126250982e-03
4.564304801657660324e-03
4.857266015783522767e-03
5.201534344004578141e-03
5.592241183874826355e-03
6.055263638274919862e-03
6.055263638274919862e-03
6.554695415985868287e-03
7.057474338523482028e-03
7.601320099064948037e-03
8.131423985934938328e-03
8.367411021477332012e-03
8.488611603974658554e-03
8.521760332509668856e-03
8.631945319260246954e-03
8.621880078781585591e-03
8.616770900506880160e-03
8.616770900506880160e-03
8.664219981437905685e-03
8.756121248199102286e-03
8.855519013843066514e-03
8.993413798707806939e-03
9.030905794721164406e-03
9.069543854978085948e-03
9.095295498309239127e-03
9.133158506366933355e-03
9.127610268926149989e-03
9.040618841342466447e-03
9.040618841342466447e-03
8.958692866190767420e-03
8.840995836610363381e-03
8.701229709661029155e-03
8.560119786628543267e-03
8.359069775159475024e-03
8.185317110627587933e-03
8.117905774976083219e-03
8.023005346626053969e-03
7.980793137560136807e-03
7.875327671264233109e-03
7.875327671264233109e-03
7.773517703403493191e-03
7.651249372292865530e-03
7.556913489644734652e-03
7.507549405676843327e-03
7.505742073170874017e-03
7.463860578453111912e-03
7.471805472038534762e-03
7.513179091245766189e-03
7.646988761404269891e-03
7.804536906737906919e-03
7.804536906737906919e-03
7.909087130945660973e-03
7.992537760575622527e-03
8.135739613088799685e-03
8.202507306121913783e-03
8.331054599355784684e-03
8.435403632227625459e-03
8.500913096709531575e-03
8.596835554782810557e-03
8.611044475158671080e-03
8.573862202220968939e-03
8.573862202220968939e-03
8.498392539754991148e-03
8.445524077848338279e-03
8.368959474726166831e-03
8.274884018349191669e-03
8.041460559102294250e-03
7.749334394307084463e-03
7.488491032845452818e-03
7.243044256356212865e-03
7.037715650279266141e-03
6.907434667487375758e-03
6.907434667487375758e-03
6.793832479947367955e-03
6.664998394488078591e-03
6.625123757013699245e-03
6.710023961254778756e-03
6.588018239634186798e-03
6.374468013955336340e-03
6.147801391631214918e-03
5.899381784547512442e-03
5.753368972295106430e-03
5.760754730732139603e-03
5.760754730732139603e-03
5.867810536361088569e-03
6.072830640544290767e-03
6.313594444983703161e-03
6.435596914964140935e-03
6.544692365195361322e-03
6.631079047796804501e-03
6.631289667345506393e-03
6.527132193842537233e-03
6.244087030270106461e-03
5.813881254177162734e-03
5.813881254177162734e-03
5.483284887646718009e-03
5.253727075296519590e-03
5.137030859476034508e-03
5.163541060824359229e-03
5.190523198430192255e-03
5.221032528573555168e-03
5.309244000787249895e-03
5.417154168025716150e-03
5.564505738839735892e-03
5.833054251374225098e-03
