3.029368746509782800e-02
3.071661305414204873e-02
3.197045376990814702e-02
3.334124327382484432e-02
3.468906883297680904e-02
3.600697933716518612e-02
3.741482607552334277e-02
3.854241265219320034e-02
3.945484363554251084e-02
4.004039314005188033e-02
4.071946293303439768e-02
4.120968621325458298e-02
4.177780076495651168e-02
4.222868567613662083e-02
4.281374743612498257e-02
4.357777875722939481e-02
4.435563994235731944e-02
4.494266959263756855e-02
4.560073149760768274e-02
4.630329660878036019e-02
4.691368334847520472e-02
4.718299695115063530e-02
4.717362345158497561e-02
4.696663720829097333e-02
4.686362430619415292e-02
4.683746904242720027e-02
4.660912483647318416e-02
4.656186929915671208e-02
4.641477618288937512e-02
4.621276787399310193e-02
4.591353510899123108e-02
4.591353510899123108e-02
4.556067641927231959e-02
4.525218356294147953e-02
4.500838897971629754e-02
4.466966629136472772e-02
4.431652918695049709e-02
4.422134306278507898e-02
4.396291727420562762e-02
4.375835349105602901e-02
4.359049050726502422e-02
4.332452540028883942e-02
4.269568188824372779e-02
4.220970590111410015e-02
4.193012670342963211e-02
4.170668865909377132e-02
4.131314404173450083e-02
4.095943114241087923e-02
4.065095099449917565e-02
4.043806391457178268e-02
4.029427349512851309e-02
4.003830909407667810e-02
3.961672812245159436e-02
3.885512684051436322e-02
3.833411325559168276e-02
3.787053479097040459e-02
3.747580123217109788e-02
3.684830740254909504e-02
3.621771468137389982e-02
3.554016304735815174e-02
3.495115982056132969e-02
3.421571760871937318e-02
