3.477525849644683142e-02
3.477525849644683142e-02
3.322118991362669332e-02
3.373478645021096844e-02
3.449563443183985278e-02
3.502643780943811430e-02
3.475377002385176411e-02
3.504184615665271313e-02
3.554377242069789444e-02
3.573617503463955708e-02
3.549665779876663707e-02
3.499506543667030983e-02
3.499506543667030983e-02
3.434888854950434584e-02
3.390739944546933976e-02
3.324733472585610777e-02
3.262271396323914580e-02
3.209001721184247952e-02
3.166457617867800972e-02
3.119212782651340637e-02
3.092480531426489848e-02
3.064885692194076194e-02
3.040302397082468230e-02
3.040302397082468230e-02
2.992421682477718059e-02
2.946455061084816973e-02
2.891219754430412667e-02
2.834642196961206090e-02
2.768855586038025327e-02
2.681467300107820417e-02
2.601296705013222965e-02
2.523158410284761372e-02
2.464127075844889034e-02
2.414100739202982085e-02
2.414100739202982085e-02
2.357724289528233610e-02
2.307693408225439807e-02
2.270582219628711554e-02
2.232335845116688658e-02
2.189369305552743214e-02
2.143299368224630200e-02
2.107876770388781087e-02
2.085942626647616441e-02
2.070944792120354636e-02
2.064864077908287049e-02
2.064864077908287049e-02
2.038145114708543940e-02
2.022928407653608665e-02
2.007532505810241674e-02
1.972731684846756525e-02
1.928406664442389867e-02
1.864643878749914011e-02
1.798777824669243325e-02
1.704465027126044613e-02
1.617061011095274198e-02
1.537800307132204843e-02
1.537800307132204843e-02
1.430971419521071507e-02
1.314810602136473952e-02
1.201236972010162607e-02
1.086240359716862322e-02
1.006776234428333021e-02
9.327459337795867417e-03
8.703589527837878731e-03
8.200247491761774449e-03
7.712743456988697954e-03
7.336680850344314865e-03
7.336680850344314865e-03
6.968427001556937866e-03
6.846687304000084393e-03
6.727843610848403821e-03
6.651525610095991234e-03
6.603732722476102560e-03
6.452652091022009935e-03
6.284980643509520751e-03
6.162586409190539370e-03
6.136294242291901423e-03
6.067225458409833405e-03
6.067225458409833405e-03
5.770387522611924308e-03
5.428003424133340249e-03
4.858773410134947096e-03
4.348511139673112702e-03
4.075462916566151284e-03
4.058952499902539722e-03
4.061805987796380212e-03
4.085081679778820862e-03
3.909398456288196155e-03
3.761867696935351345e-03
3.761867696935351345e-03
3.679821586652573095e-03
3.749040032904636405e-03
3.807209775694189204e-03
3.883744308161975710e-03
4.129829644922622910e-03
4.253550195039645064e-03
4.275658407833757106e-03
4.283587397392691828e-03
4.213735643357114681e-03
4.159646806515760777e-03
4.159646806515760777e-03
4.131708450818747345e-03
4.137137418143525813e-03
4.190738264536464190e-03
4.281942807870605869e-03
4.243556898419571267e-03
4.270168573411491433e-03
4.246969107635937234e-03
4.201410992413458743e-03
4.100437058759652705e-03
3.957355642394577711e-03
3.957355642394577711e-03
3.886703210403787741e-03
3.769334595310726115e-03
3.613399179305344221e-03
3.538521100522786476e-03
3.517257127598716945e-03
3.484478863625153650e-03
3.321138539275605463e-03
3.252491507156661001e-03
3.179746557916297584e-03
3.163878333562406605e-03
3.163878333562406605e-03
3.239245891039619664e-03
3.431341139405140288e-03
3.531619335030104084e-03
3.608676608631438115e-03
3.814020106546107437e-03
3.978189492984521292e-03
3.956704153531978921e-03
3.917218702446084895e-03
3.932439001097588413e-03
3.867638980200067880e-03
3.867638980200067880e-03
3.844068384235475866e-03
3.779191736490508657e-03
3.773937247353514619e-03
3.763647465328754434e-03
3.884787840538115027e-03
3.981323968638647744e-03
4.152011144525171067e-03
4.421372343902513907e-03
4.693606611084649369e-03
4.898577222641915634e-03
4.898577222641915634e-03
4.980657458664905848e-03
4.957531143217420826e-03
4.889235398669958613e-03
4.755287945017602769e-03
4.686339108290282426e-03
4.660355063684462791e-03
4.657359516565573107e-03
4.784709216798757603e-03
4.962927409678264193e-03
5.156836408693812011e-03
5.156836408693812011e-03
5.266145998984833945e-03
5.265527779351537180e-03
5.227719522159052570e-03
5.257041253483146423e-03
5.327240220276685360e-03
5.180680438976726504e-03
4.997232821155434337e-03
4.938151710084357632e-03
4.857767165522549474e-03
4.673216652291796967e-03
4.673216652291796967e-03
4.592186403410266834e-03
4.599745296655074339e-03
4.638429225654265575e-03
4.692800945141078692e-03
4.904984932617633547e-03
4.896143698038257774e-03
5.130322669950894768e-03
5.383474688323067886e-03
5.680795200997105880e-03
5.836077153017557237e-03
5.836077153017557237e-03
5.928599327199125975e-03
5.799537403309391534e-03
5.803008385547379737e-03
5.840081150483757838e-03
5.989037380827122448e-03
6.217705562764786614e-03
6.381536673763024692e-03
6.533350300222826035e-03
6.354919083699682274e-03
6.252017835081141728e-03
6.252017835081141728e-03
6.173597474956829360e-03
6.108482584426391110e-03
6.063547522962157814e-03
6.116951257512625618e-03
6.276708386994735503e-03
6.295325195622940642e-03
6.336171336204762632e-03
6.320059913338055627e-03
6.389451021286427466e-03
6.486198156013556551e-03
6.486198156013556551e-03
6.668631975981219838e-03
6.801107271256431192e-03
7.014410566775313750e-03
7.141730446522865337e-03
7.340520989807383309e-03
7.493391446255270871e-03
7.677784988354143317e-03
7.951276659019380910e-03
8.212533475158564564e-03
8.485026987212065247e-03
8.485026987212065247e-03
8.775621798196858378e-03
8.808365308407475197e-03
8.531536567349297037e-03
8.138691494862782677e-03
7.706063655302346216e-03
7.317566441831949674e-03
6.969338116677714634e-03
6.665439318662103214e-03
6.402139645230306951e-03
6.302780449717763044e-03
6.302780449717763044e-03
6.215723428521401778e-03
6.100005453374564811e-03
5.817830707973718242e-03
5.606134493625641695e-03
5.303473140626692103e-03
5.158019145608888460e-03
5.068507995623940804e-03
5.219619969795121807e-03
5.441290666405902351e-03
5.653584706563907769e-03
5.653584706563907769e-03
5.947999772750756434e-03
6.300454651252127350e-03
6.707735985888914169e-03
7.094392280366043461e-03
7.506022660925108260e-03
7.851084700437402017e-03
8.171363855077797694e-03
8.398466560464272479e-03
8.258931503090238477e-03
8.091253801895776851e-03
8.091253801895776851e-03
7.828994147806004125e-03
7.632772489408864471e-03
7.410351247705504463e-03
7.196229227746671515e-03
7.022714534206609717e-03
6.845374636402034793e-03
6.860610507715589682e-03
7.203038267886533418e-03
7.461647719993508461e-03
7.815733660405747504e-03
7.815733660405747504e-03
8.144050732964567413e-03
8.477850178691579211e-03
8.723621611347733701e-03
8.876558034669657440e-03
8.949007720525122347e-03
8.881123477645264802e-03
8.785864703467564582e-03
8.664784627375058182e-03
8.507079903804859802e-03
8.315945142925908889e-03
8.315945142925908889e-03
8.232324749383417364e-03
8.198945650923373379e-03
8.246391227992158623e-03
8.294514226821102926e-03
8.301972520927456897e-03
8.236207373699878931e-03
8.155295525325437569e-03
8.104746359731660604e-03
7.894960877958491843e-03
7.622228236091930717e-03
7.622228236091930717e-03
7.599744567354911606e-03
7.613151287222934098e-03
7.741821508304585348e-03
8.068491143161148418e-03
8.425371437637739491e-03
8.726165702305393665e-03
9.089154942117420866e-03
9.269325313379520384e-03
9.325095274493374470e-03
9.184232932099850935e-03
9.184232932099850935e-03
8.970063464552121071e-03
8.683000564730250156e-03
8.340250623674379943e-03
8.012137081139144787e-03
7.652458691318816432e-03
7.202938569120212638e-03
6.879084268706086615e-03
6.787217190368778803e-03
6.927264829363484824e-03
7.246956093044890947e-03
7.246956093044890947e-03
7.622618345196117626e-03
7.953560978259324385e-03
8.131463356965660388e-03
8.124190819696121627e-03
8.000544370298018002e-03
7.960125975999127190e-03
7.916125598587099577e-03
7.813766461273512209e-03
7.610968590155099342e-03
7.438588419747542597e-03
7.438588419747542597e-03
7.244086391123657175e-03
7.246303392494332987e-03
7.286192389386629206e-03
7.314571183270667486e-03
7.519767571695915552e-03
7.575565405762365798e-03
7.583366007813010026e-03
7.606712575766927907e-03
7.563258505359727810e-03
7.517047024392673436e-03
7.517047024392673436e-03
7.426324929011979097e-03
7.170324074624341917e-03
6.931848370234088182e-03
6.588730820157972894e-03
6.493392701558746601e-03
6.480677085199759366e-03
6.684205565978314049e-03
6.973627592217227986e-03
7.290515557436334955e-03
7.600369920137594638e-03
7.600369920137594638e-03
7.798826891373219182e-03
7.912367774501744000e-03
7.940125373240880177e-03
7.893013764294232876e-03
7.715329977610123000e-03
7.424463725017585967e-03
7.083586841924124390e-03
6.586247683941332323e-03
6.275573238338542047e-03
6.105002498651149884e-03
6.105002498651149884e-03
6.009099141126143274e-03
5.911657701662313170e-03
5.829866999768406471e-03
5.692105731718786511e-03
5.619800986442200809e-03
5.556893502776636545e-03
5.506085771230664373e-03
5.508071447034337299e-03
5.530757271273477500e-03
5.604838776674015040e-03
5.604838776674015040e-03
5.750190913307889028e-03
5.818511802047120728e-03
6.116039925105106433e-03
6.404230256107278953e-03
6.726383892949667175e-03
7.056872443833388936e-03
7.306609727003295605e-03
7.435306414308701962e-03
7.498297031283506289e-03
7.535379890462318500e-03
7.535379890462318500e-03
7.395475754079717384e-03
7.145244178301825809e-03
6.999099706665310415e-03
6.800259109694155139e-03
6.568390550021021256e-03
6.468610386913163472e-03
6.421920936144565745e-03
6.413455948443400403e-03
6.534035123461201869e-03
6.737536911328661539e-03
6.737536911328661539e-03
6.961226226064958465e-03
7.097790856778833299e-03
7.287406096724334884e-03
7.498141920153630208e-03
7.606168664308141439e-03
7.531945423385643344e-03
7.375730609395961257e-03
7.175694396381571485e-03
7.033600840886459517e-03
6.787049136123283512e-03
6.787049136123283512e-03
6.507173132652077467e-03
6.257899763127446578e-03
6.104596618244631165e-03
6.052225199470922905e-03
6.107518203118654856e-03
6.108751098099122513e-03
6.134973481939376590e-03
6.156732966018752667e-03
6.116093333699981240e-03
6.218510104612398615e-03
6.218510104612398615e-03
6.305596635753554953e-03
6.393179645799093591e-03
6.448944076861006999e-03
6.414537298551389877e-03
6.311649658763713623e-03
6.133902489749223051e-03
5.977533339678415755e-03
5.803363673416534960e-03
5.661072877082114034e-03
5.603484147771011295e-03
5.603484147771011295e-03
5.608006571360710062e-03
5.697975808748125849e-03
5.702126889389616711e-03
5.703227015676573704e-03
5.687708436883727632e-03
5.710456856475665602e-03
5.755417111003972158e-03
5.720961329344131929e-03
5.673259693277745916e-03
5.549315931817043641e-03
5.549315931817043641e-03
5.492234622166653618e-03
5.561851375356561406e-03
5.476250518385548244e-03
5.375288978415002430e-03
5.357107527634593844e-03
5.436997257815300195e-03
5.475101690626781904e-03
5.382139781458593342e-03
5.253706221227442963e-03
5.137496984938225673e-03
5.137496984938225673e-03
4.986323476832262014e-03
4.890123936266487642e-03
4.898639831249682573e-03
4.897386609562764080e-03
5.065707510997826540e-03
5.273027242135585463e-03
5.484621659848116539e-03
5.560050613888489063e-03
5.523972416391272414e-03
5.446379198104529633e-03
5.446379198104529633e-03
5.271829315428000137e-03
5.023302571976006811e-03
4.815401315414185625e-03
4.721154386232754956e-03
4.650534425272284840e-03
4.618867633155059223e-03
4.637349340372529452e-03
4.583658543479795025e-03
4.531599143799779246e-03
4.409521351495067874e-03
4.409521351495067874e-03
4.402654998917896953e-03
4.392650760311771554e-03
4.388198879527083381e-03
4.267946533259922223e-03
4.136930189608674716e-03
3.948915160002767002e-03
3.863044604098165961e-03
3.920154867704232597e-03
4.174489751996651558e-03
4.522946808819536431e-03
4.522946808819536431e-03
4.843296158227090691e-03
5.018826529816207936e-03
5.139119359363463618e-03
5.283025554591831881e-03
5.116180479185507800e-03
4.749395820470977622e-03
4.436665211886712396e-03
4.367091728524770920e-03
4.471052072587071435e-03
4.497514128716621762e-03
4.497514128716621762e-03
4.693140188159994688e-03
4.884738691675325969e-03
4.985823275208782317e-03
5.038135579472853391e-03
5.023767146083189979e-03
4.883098956222638176e-03
4.712246397693154246e-03
4.440399253052337153e-03
4.146181800745153863e-03
4.078900578224150739e-03
4.078900578224150739e-03
4.184581569051954580e-03
4.399561084190748740e-03
4.739765303701355681e-03
5.053077967775612689e-03
5.357015568488805203e-03
5.576651539370413094e-03
5.750433457507200634e-03
5.839754164664459103e-03
5.880052852423362994e-03
5.814712945186048011e-03
5.814712945186048011e-03
5.840077863495378441e-03
5.809445246450224698e-03
6.003519232733617664e-03
6.144719201079590354e-03
6.299559138667248405e-03
6.491736592473050342e-03
6.667641881362716509e-03
6.856103350265029331e-03
7.041746218478138128e-03
7.188433907538870592e-03
7.188433907538870592e-03
7.243174725674550625e-03
7.287858219191182055e-03
7.279462271780959282e-03
7.312303489757992873e-03
7.326481870420498838e-03
7.279232321706216417e-03
7.229862837819405960e-03
7.183957559839985497e-03
6.959794759705248413e-03
6.636561363457176704e-03
6.636561363457176704e-03
6.314871098756668320e-03
6.028890462723738089e-03
5.780257935956148972e-03
5.536720735119625078e-03
5.433901642619125977e-03
5.358706356740612284e-03
5.009076221159341168e-03
4.814697880302169428e-03
4.691463627026962353e-03
4.761496066973407333e-03
4.761496066973407333e-03
4.788269152529837230e-03
4.755917362179029953e-03
4.480081120872848530e-03
4.250599245700203109e-03
3.979265294036992730e-03
3.636855731354018614e-03
3.565163971511629490e-03
3.551338208685405999e-03
3.666914908468118725e-03
3.876591660163684980e-03
3.876591660163684980e-03
4.156789388955041062e-03
4.119544933538324058e-03
3.948221476065875112e-03
3.805888015746911913e-03
3.496938216877582082e-03
3.539233331868691084e-03
3.540132380303746915e-03
3.495069660319352536e-03
3.403289556277173510e-03
3.354228428565370155e-03
3.354228428565370155e-03
3.322838253870468751e-03
3.425439177539566556e-03
3.554169166189337283e-03
3.680727529202104404e-03
3.812488199597020497e-03
3.910343453541111070e-03
3.918111513058661691e-03
3.923251780933747351e-03
3.871191787919195555e-03
3.785959675942207787e-03
3.785959675942207787e-03
3.641296193021241814e-03
3.382619239118914243e-03
3.175709601008450556e-03
3.162384910942894756e-03
3.271465597412148707e-03
3.451295804897912701e-03
3.633311040832569710e-03
3.894778675358874509e-03
4.105846941867668728e-03
4.154066002279087171e-03
4.154066002279087171e-03
4.314152766609690576e-03
4.451689719971123511e-03
4.555549300786330622e-03
4.630013560143330688e-03
4.621998012569421624e-03
4.703626348135855027e-03
4.775359965740178653e-03
4.859554072706982232e-03
4.984049079733853145e-03
5.127702439986807012e-03
5.127702439986807012e-03
5.495588370994244042e-03
5.884308374004726915e-03
6.167021419253537230e-03
6.489136403974559049e-03
6.644006042414647359e-03
6.776338810006518262e-03
6.907503063582360464e-03
7.124321107513793307e-03
7.297689538194010624e-03
7.427950553634705792e-03
7.427950553634705792e-03
7.560521374080936101e-03
7.584416974021651603e-03
7.456939078081729552e-03
7.322279695537602454e-03
7.253351690794530848e-03
7.215219202844783651e-03
7.038286433883656802e-03
6.855523785511026535e-03
6.728104420473008350e-03
6.487810190847725748e-03
6.487810190847725748e-03
6.295775620466780367e-03
6.091954471069365926e-03
5.966997811680922054e-03
5.958523611131054040e-03
5.964635958304220949e-03
6.004045601987837572e-03
5.971455297008557150e-03
5.921328477925930610e-03
5.839159997759468812e-03
5.911317510899156448e-03
5.911317510899156448e-03
5.957008093872191018e-03
6.005330352832626527e-03
6.090396972562348021e-03
6.121272948987904403e-03
6.154516131537062125e-03
6.307352761095154359e-03
6.500780112343185375e-03
6.732225690594395573e-03
6.925424483814564269e-03
7.062775888589708194e-03
7.062775888589708194e-03
7.092524360793750135e-03
7.095199703055639698e-03
7.031111110872821819e-03
6.969980243586868310e-03
6.990910895161045469e-03
7.008869182941421597e-03
7.043641046014206125e-03
7.047624040245786467e-03
7.134065251711339470e-03
7.285929976106791765e-03
7.285929976106791765e-03
7.315009226292034511e-03
7.383072030382191626e-03
7.391606474819187658e-03
7.415815590248667731e-03
7.381830116697848249e-03
7.335892947760881168e-03
7.278629760706147381e-03
7.209508828212617300e-03
7.060565609492640803e-03
6.930421714680851802e-03
6.930421714680851802e-03
6.861760551035727199e-03
6.912969064123503961e-03
7.046340478594190215e-03
7.254459592557310071e-03
7.382396805592824490e-03
7.501433843515567350e-03
7.376738662190907882e-03
7.227272434811777592e-03
7.059886383762882175e-03
6.962523353059526902e-03
6.962523353059526902e-03
6.810419868560204509e-03
6.654145562697102653e-03
6.510359491061693329e-03
6.369740881451227583e-03
6.415842426294959995e-03
6.493804931859938762e-03
6.578818115738857032e-03
6.679816975467134030e-03
6.749022365207574606e-03
6.792586168798910376e-03
6.792586168798910376e-03
6.849126793327038262e-03
6.888920569684644710e-03
6.912429164071466799e-03
6.950770816701644025e-03
7.043486687910746440e-03
7.079674287493940323e-03
7.116975917242278002e-03
7.168864410285124937e-03
7.193556481301727895e-03
7.168156286170109491e-03
7.168156286170109491e-03
7.221353798534098888e-03
7.354187311687599218e-03
7.309973406322818265e-03
7.140214649763275065e-03
6.849095073178558188e-03
6.463703484847138463e-03
6.053008657593729816e-03
5.710176457407272615e-03
5.410368726926774452e-03
5.136083718942727021e-03
