1.616632007062435150e-02
1.616632007062435150e-02
1.568332687020301819e-02
1.593821123242378235e-02
1.572277210652828217e-02
1.533972099423408508e-02
1.500971149653196335e-02
1.470120064914226532e-02
1.463072467595338821e-02
1.453861035406589508e-02
1.437386963516473770e-02
1.431014295667409897e-02
1.431014295667409897e-02
1.450801454484462738e-02
1.469138450920581818e-02
1.476755179464817047e-02
1.488823536783456802e-02
1.482791360467672348e-02
1.475241873413324356e-02
1.465551741421222687e-02
1.471268758177757263e-02
1.486169174313545227e-02
1.514538936316967010e-02
1.514538936316967010e-02
1.552150398492813110e-02
1.591637171804904938e-02
1.618311181664466858e-02
1.626515947282314301e-02
1.628091186285018921e-02
1.625555194914340973e-02
1.617308147251605988e-02
1.619757898151874542e-02
1.618958637118339539e-02
1.639894396066665649e-02
1.639894396066665649e-02
1.640420593321323395e-02
1.639000698924064636e-02
1.629788801074028015e-02
1.613360643386840820e-02
1.597805693745613098e-02
1.590325124561786652e-02
1.596581563353538513e-02
1.613887585699558258e-02
1.630232296884059906e-02
1.641656644642353058e-02
1.641656644642353058e-02
1.647912338376045227e-02
1.642370969057083130e-02
1.631107926368713379e-02
1.618921756744384766e-02
1.611797697842121124e-02
1.605137996375560760e-02
1.603858545422554016e-02
1.601268351078033447e-02
1.600975915789604187e-02
1.602149195969104767e-02
1.602149195969104767e-02
1.607118919491767883e-02
1.622770726680755615e-02
1.635734923183917999e-02
1.662260293960571289e-02
1.691475324332714081e-02
1.716484129428863525e-02
1.726775988936424255e-02
1.725037768483161926e-02
1.733788661658763885e-02
1.741580106317996979e-02
1.741580106317996979e-02
1.744504831731319427e-02
1.742477156221866608e-02
1.732789352536201477e-02
1.717984117567539215e-02
1.706549338996410370e-02
1.702950894832611084e-02
1.693990826606750488e-02
1.691561937332153320e-02
1.706777699291706085e-02
1.727648638188838959e-02
1.727648638188838959e-02
1.725859008729457855e-02
1.707859151065349579e-02
1.685538887977600098e-02
1.652876473963260651e-02
1.619452610611915588e-02
1.593746803700923920e-02
1.583744958043098450e-02
1.593478210270404816e-02
1.613481529057025909e-02
1.625856570899486542e-02
1.625856570899486542e-02
1.622124575078487396e-02
1.602345332503318787e-02
1.571531593799591064e-02
1.541421748697757721e-02
1.522571872919797897e-02
1.513104606419801712e-02
1.497997716069221497e-02
1.480558421462774277e-02
1.467759907245635986e-02
1.460100244730710983e-02
1.460100244730710983e-02
1.456003263592720032e-02
1.447280962020158768e-02
1.449985429644584656e-02
1.459599006921052933e-02
1.470924168825149536e-02
1.488723978400230408e-02
1.495053805410861969e-02
1.499293651431798935e-02
1.498685311526060104e-02
1.505425106734037399e-02
1.505425106734037399e-02
1.503197383135557175e-02
1.496635004878044128e-02
1.489537209272384644e-02
1.488488540053367615e-02
1.492972485721111298e-02
1.501963287591934204e-02
1.506321784108877182e-02
1.511733978986740112e-02
1.504086516797542572e-02
1.496779266744852066e-02
1.496779266744852066e-02
1.493264175951480865e-02
1.490250416100025177e-02
1.482243090867996216e-02
1.474410854279994965e-02
1.463920902460813522e-02
1.461734063923358917e-02
1.465170737355947495e-02
1.471318304538726807e-02
1.482968684285879135e-02
1.498463284224271774e-02
1.498463284224271774e-02
1.498955301940441132e-02
1.498174294829368591e-02
1.510633341968059540e-02
1.536742877215147018e-02
1.569151692092418671e-02
1.607755199074745178e-02
1.651589199900627136e-02
1.683102548122406006e-02
1.709779165685176849e-02
1.728341542184352875e-02
1.728341542184352875e-02
1.734501123428344727e-02
1.724544912576675415e-02
1.721687242388725281e-02
1.715513505041599274e-02
1.728019490838050842e-02
1.745812781155109406e-02
1.754274033010005951e-02
1.758409291505813599e-02
1.752723380923271179e-02
1.724047958850860596e-02
1.724047958850860596e-02
1.686752215027809143e-02
1.629757322371006012e-02
1.574874669313430786e-02
1.546433381736278534e-02
1.540725212544202805e-02
1.546327117830514908e-02
1.562880165874958038e-02
1.565501838922500610e-02
1.558466162532567978e-02
1.534327119588851929e-02
1.534327119588851929e-02
1.503811310976743698e-02
1.482696086168289185e-02
1.471041329205036163e-02
1.468074508011341095e-02
1.502001564949750900e-02
1.539093535393476486e-02
1.569831371307373047e-02
1.583115756511688232e-02
1.581473462283611298e-02
1.570811308920383453e-02
1.570811308920383453e-02
1.575228571891784668e-02
1.589489728212356567e-02
1.614932157099246979e-02
1.650316640734672546e-02
1.683355867862701416e-02
1.706937514245510101e-02
1.714070141315460205e-02
1.699317805469036102e-02
1.667783781886100769e-02
1.639360189437866211e-02
1.639360189437866211e-02
1.620601303875446320e-02
1.613312587141990662e-02
1.622074469923973083e-02
1.620146259665489197e-02
1.591864041984081268e-02
1.537973526865243912e-02
1.471127755939960480e-02
1.410745456814765930e-02
1.362290233373641968e-02
1.329531148076057434e-02
1.329531148076057434e-02
1.310863625258207321e-02
1.317326538264751434e-02
1.317057479172945023e-02
1.315497606992721558e-02
1.316064409911632538e-02
1.324077788740396500e-02
1.339571923017501831e-02
1.358250528573989868e-02
1.371969841420650482e-02
1.384078711271286011e-02
1.384078711271286011e-02
1.384844537824392319e-02
1.382447779178619385e-02
1.388168800622224808e-02
1.405160687863826752e-02
1.436852756887674332e-02
1.468179188668727875e-02
1.472999062389135361e-02
1.467038225382566452e-02
1.439002063125371933e-02
1.393230631947517395e-02
1.393230631947517395e-02
1.352360472083091736e-02
1.322458684444427490e-02
1.304917689412832260e-02
1.295809634029865265e-02
1.286263111978769302e-02
1.267421245574951172e-02
1.242238190025091171e-02
1.224448624998331070e-02
1.223787758499383926e-02
1.232063025236129761e-02
1.232063025236129761e-02
1.259853504598140717e-02
1.298374589532613754e-02
1.343407388776540756e-02
1.389997825026512146e-02
1.439771242439746857e-02
1.473872177302837372e-02
1.495487801730632782e-02
1.507557835429906845e-02
1.519369613379240036e-02
1.535495370626449585e-02
1.535495370626449585e-02
1.551323384046554565e-02
1.558619458228349686e-02
1.552237011492252350e-02
1.545156072825193405e-02
1.530460547655820847e-02
1.521535217761993408e-02
1.507044583559036255e-02
1.492963545024394989e-02
1.467493269592523575e-02
1.447813119739294052e-02
1.447813119739294052e-02
1.422223821282386780e-02
1.399790402501821518e-02
1.373474393039941788e-02
1.352735888212919235e-02
1.336468383669853210e-02
1.331157609820365906e-02
1.322389673441648483e-02
1.326102018356323242e-02
1.333161909133195877e-02
1.326477248221635818e-02
1.326477248221635818e-02
1.318154204636812210e-02
1.313726976513862610e-02
1.315119769424200058e-02
1.322565879672765732e-02
1.327745523303747177e-02
1.324327290058135986e-02
1.312805432826280594e-02
1.298929937183856964e-02
1.294742617756128311e-02
1.293983869254589081e-02
