4.122626036405563354e-02
4.946566745638847351e-02
5.452604219317436218e-02
6.026624143123626709e-02
6.456151604652404785e-02
6.928383558988571167e-02
7.348774373531341553e-02
7.776366919279098511e-02
8.159127086400985718e-02
8.416612446308135986e-02
8.442599326372146606e-02
8.442599326372146606e-02
8.486036211252212524e-02
8.608755469322204590e-02
8.697970956563949585e-02
8.705068379640579224e-02
8.753295242786407471e-02
8.839483559131622314e-02
8.836247026920318604e-02
8.910918235778808594e-02
8.922649919986724854e-02
8.933324366807937622e-02
8.933324366807937622e-02
8.812003582715988159e-02
8.666804432868957520e-02
8.513300865888595581e-02
8.314051479101181030e-02
8.085161447525024414e-02
7.969118654727935791e-02
7.920335233211517334e-02
7.953144609928131104e-02
7.990173250436782837e-02
8.000355213880538940e-02
8.000355213880538940e-02
8.173913508653640747e-02
8.273869007825851440e-02
8.324051648378372192e-02
8.365259319543838501e-02
8.474413305521011353e-02
8.568146079778671265e-02
8.705195039510726929e-02
8.858383446931838989e-02
9.135598689317703247e-02
9.337913990020751953e-02
9.337913990020751953e-02
9.531072527170181274e-02
9.608303755521774292e-02
9.650674462318420410e-02
9.559313207864761353e-02
9.419210255146026611e-02
9.223405271768569946e-02
8.862496912479400635e-02
8.501458168029785156e-02
8.152750134468078613e-02
7.856439054012298584e-02
7.856439054012298584e-02
7.609549909830093384e-02
7.356431335210800171e-02
7.123813778162002563e-02
6.938544660806655884e-02
6.784289330244064331e-02
6.767506897449493408e-02
6.727943569421768188e-02
6.703054904937744141e-02
6.710913032293319702e-02
6.726974248886108398e-02
6.726974248886108398e-02
6.792320311069488525e-02
6.809837371110916138e-02
6.931568682193756104e-02
6.977859139442443848e-02
6.938937306404113770e-02
6.996288895606994629e-02
7.127662748098373413e-02
7.310048490762710571e-02
7.557397335767745972e-02
7.817604392766952515e-02
7.817604392766952515e-02
8.028583228588104248e-02
8.219386637210845947e-02
8.344659954309463501e-02
8.389095216989517212e-02
8.418159931898117065e-02
8.453740179538726807e-02
8.473267406225204468e-02
8.511350303888320923e-02
8.486278355121612549e-02
8.449825644493103027e-02
8.449825644493103027e-02
8.433482050895690918e-02
8.453606069087982178e-02
8.325345814228057861e-02
8.139668405055999756e-02
7.952156662940979004e-02
7.849466055631637573e-02
7.691022008657455444e-02
7.529728859663009644e-02
7.290355861186981201e-02
6.976200640201568604e-02
6.976200640201568604e-02
6.629379093647003174e-02
6.306921690702438354e-02
6.084376573562622070e-02
5.967839062213897705e-02
5.962041765451431274e-02
6.062480062246322632e-02
6.264922022819519043e-02
6.460407376289367676e-02
6.439703702926635742e-02
6.320299208164215088e-02
6.320299208164215088e-02
6.022361665964126587e-02
5.657242611050605774e-02
5.361974239349365234e-02
5.146079882979393005e-02
4.957495257258415222e-02
4.826264828443527222e-02
4.623383283615112305e-02
4.465899989008903503e-02
4.309118911623954773e-02
4.331899806857109070e-02
4.331899806857109070e-02
4.401256889104843140e-02
4.380356520414352417e-02
4.329615458846092224e-02
4.211780428886413574e-02
4.088256508111953735e-02
4.020062834024429321e-02
3.908071666955947876e-02
3.820376470685005188e-02
3.680474311113357544e-02
3.539861738681793213e-02
3.539861738681793213e-02
3.647964447736740112e-02
3.761029615998268127e-02
3.741448000073432922e-02
3.660852834582328796e-02
3.762498870491981506e-02
3.883431479334831238e-02
3.939368948340415955e-02
3.891683742403984070e-02
3.772513568401336670e-02
3.632396459579467773e-02
