2.970092743635177612e-02
2.852632664144039154e-02
2.816575765609741211e-02
2.774988114833831787e-02
2.727841958403587341e-02
2.655009180307388306e-02
2.649271674454212189e-02
2.611020766198635101e-02
2.562402933835983276e-02
2.543126977980136871e-02
2.539931982755661011e-02
2.539931982755661011e-02
2.533619478344917297e-02
2.527143806219100952e-02
2.527189627289772034e-02
2.517174743115901947e-02
2.529917098581790924e-02
2.543676085770130157e-02
2.563080005347728729e-02
2.588149532675743103e-02
2.621298469603061676e-02
2.646456100046634674e-02
2.646456100046634674e-02
2.651181817054748535e-02
2.658658102154731750e-02
2.687163278460502625e-02
2.724860608577728271e-02
2.752453275024890900e-02
2.774780057370662689e-02
2.802600897848606110e-02
2.816779538989067078e-02
2.818389609456062317e-02
2.827952243387699127e-02
2.827952243387699127e-02
2.804159745573997498e-02
2.791470848023891449e-02
2.799551561474800110e-02
2.813887223601341248e-02
2.825406752526760101e-02
2.812447771430015564e-02
2.801105566322803497e-02
2.801483310759067535e-02
2.808513678610324860e-02
2.811425551772117615e-02
2.811425551772117615e-02
2.820425480604171753e-02
2.825026027858257294e-02
2.846358716487884521e-02
2.848736569285392761e-02
2.862545847892761230e-02
2.894426882266998291e-02
2.930619567632675171e-02
2.974585816264152527e-02
3.043538704514503479e-02
3.112800233066082001e-02
3.112800233066082001e-02
3.176504373550415039e-02
3.214690834283828735e-02
3.215004503726959229e-02
3.203662857413291931e-02
3.204777464270591736e-02
3.211269155144691467e-02
3.223254531621932983e-02
3.237364813685417175e-02
3.242175281047821045e-02
3.233252838253974915e-02
3.233252838253974915e-02
3.249908238649368286e-02
3.272956237196922302e-02
3.306999057531356812e-02
3.346567228436470032e-02
3.372690454125404358e-02
3.388430923223495483e-02
3.383832424879074097e-02
3.390617296099662781e-02
3.410752862691879272e-02
3.390229865908622742e-02
3.390229865908622742e-02
3.352491930127143860e-02
3.340978920459747314e-02
3.344145789742469788e-02
3.344145789742469788e-02
3.368185833096504211e-02
3.390218690037727356e-02
3.384649753570556641e-02
3.383860737085342407e-02
3.380445390939712524e-02
3.392971679568290710e-02
3.392971679568290710e-02
3.410806506872177124e-02
3.404619172215461731e-02
3.405600041151046753e-02
3.410522267222404480e-02
3.401198610663414001e-02
3.404011949896812439e-02
3.393167257308959961e-02
3.382243961095809937e-02
3.363893926143646240e-02
3.357517346739768982e-02
3.357517346739768982e-02
3.360783681273460388e-02
3.365772962570190430e-02
3.343657031655311584e-02
3.320136293768882751e-02
3.306617587804794312e-02
3.300407528877258301e-02
3.309389203786849976e-02
3.329644724726676941e-02
3.339976072311401367e-02
3.360174968838691711e-02
3.360174968838691711e-02
3.383851423859596252e-02
3.431185707449913025e-02
3.489315509796142578e-02
3.544858843088150024e-02
3.603714331984519958e-02
3.680212423205375671e-02
3.753793612122535706e-02
3.809351101517677307e-02
3.857719898223876953e-02
3.905622661113739014e-02
3.905622661113739014e-02
3.908384218811988831e-02
3.878674283623695374e-02
3.822278603911399841e-02
3.746584430336952209e-02
3.669477626681327820e-02
3.578228130936622620e-02
3.487048298120498657e-02
3.393803536891937256e-02
3.301556780934333801e-02
3.231368958950042725e-02
3.231368958950042725e-02
3.178078308701515198e-02
3.160063177347183228e-02
3.163542225956916809e-02
3.197706118226051331e-02
3.237528353929519653e-02
3.252231329679489136e-02
3.258491307497024536e-02
3.250910341739654541e-02
3.238110616803169250e-02
3.216821700334548950e-02
3.216821700334548950e-02
3.201783075928688049e-02
3.189565986394882202e-02
3.175364062190055847e-02
3.166993334889411926e-02
3.170090168714523315e-02
3.175674751400947571e-02
3.171813860535621643e-02
3.167560324072837830e-02
3.150714188814163208e-02
3.118366748094558716e-02
3.118366748094558716e-02
3.068063035607337952e-02
3.004246018826961517e-02
2.936705574393272400e-02
2.869812399148941040e-02
2.825703844428062439e-02
2.794215455651283264e-02
2.786319889128208160e-02
2.797997929155826569e-02
2.823889441788196564e-02
2.875269949436187744e-02
2.875269949436187744e-02
2.949059195816516876e-02
3.024487569928169250e-02
3.104538284242153168e-02
3.169475868344306946e-02
3.210965543985366821e-02
3.245694935321807861e-02
3.262922912836074829e-02
3.274507448077201843e-02
3.277789801359176636e-02
3.278818726539611816e-02
3.278818726539611816e-02
3.285358846187591553e-02
3.308185562491416931e-02
3.327555581927299500e-02
3.356572613120079041e-02
3.387996554374694824e-02
3.400823473930358887e-02
3.413747623562812805e-02
3.429626673460006714e-02
3.441211208701133728e-02
3.432286903262138367e-02
3.432286903262138367e-02
3.408128023147583008e-02
3.360924497246742249e-02
3.325631096959114075e-02
3.292394429445266724e-02
3.269202634692192078e-02
3.245773911476135254e-02
3.226992115378379822e-02
3.238086402416229248e-02
3.254983574151992798e-02
3.270437568426132202e-02
3.270437568426132202e-02
3.294435515999794006e-02
3.318393602967262268e-02
3.330272063612937927e-02
3.337069973349571228e-02
3.341034427285194397e-02
3.327792137861251831e-02
3.303316980600357056e-02
3.263979032635688782e-02
3.210099413990974426e-02
3.161836415529251099e-02
3.161836415529251099e-02
3.113579377532005310e-02
3.081231564283370972e-02
3.075788542628288269e-02
3.081644326448440552e-02
3.098436817526817322e-02
3.114881552755832672e-02
3.130746260285377502e-02
3.137589618563652039e-02
3.108561784029006958e-02
3.061022609472274780e-02
3.061022609472274780e-02
3.009337373077869415e-02
2.944715693593025208e-02
2.881212905049324036e-02
2.829837612807750702e-02
2.797239273786544800e-02
2.782852575182914734e-02
2.786010317504405975e-02
2.807558327913284302e-02
2.833845093846321106e-02
2.853175438940525055e-02
2.853175438940525055e-02
2.879407443106174469e-02
2.904438972473144531e-02
2.917962335050106049e-02
2.925706654787063599e-02
2.911040000617504120e-02
2.890643104910850525e-02
2.879088930785655975e-02
2.870912477374076843e-02
2.863730490207672119e-02
2.877045236527919769e-02
2.877045236527919769e-02
2.893520146608352661e-02
2.903343737125396729e-02
2.917462587356567383e-02
2.933050319552421570e-02
2.956351451575756073e-02
2.967141382396221161e-02
2.986394055187702179e-02
2.999456971883773804e-02
3.010052256286144257e-02
3.002590313553810120e-02
3.002590313553810120e-02
2.989362366497516632e-02
2.972503006458282471e-02
2.958162687718868256e-02
2.964284829795360565e-02
2.972500212490558624e-02
2.977785095572471619e-02
2.991322986781597137e-02
3.004875592887401581e-02
3.018806502223014832e-02
3.026962839066982269e-02
3.026962839066982269e-02
3.035752475261688232e-02
3.048161417245864868e-02
3.068749234080314636e-02
3.063840419054031372e-02
3.046409226953983307e-02
3.023897297680377960e-02
3.004646860063076019e-02
2.984384633600711823e-02
2.979003451764583588e-02
2.981088310480117798e-02
2.981088310480117798e-02
2.981867082417011261e-02
2.975070104002952576e-02
2.944409288465976715e-02
2.898474968969821930e-02
2.847437746822834015e-02
2.812326140701770782e-02
2.771143615245819092e-02
2.749528922140598297e-02
2.734134905040264130e-02
2.723768167197704315e-02
2.723768167197704315e-02
2.720702067017555237e-02
2.713527716696262360e-02
2.703367918729782104e-02
2.693090029060840607e-02
2.684176899492740631e-02
2.667680941522121429e-02
2.631027251482009888e-02
2.584836445748806000e-02
2.534888498485088348e-02
2.489525452256202698e-02
2.489525452256202698e-02
2.453476190567016602e-02
2.442577667534351349e-02
2.441543526947498322e-02
2.453654631972312927e-02
2.462753280997276306e-02
2.473089098930358887e-02
2.473269216716289520e-02
2.448145672678947449e-02
2.402451634407043457e-02
2.354025281965732574e-02
2.354025281965732574e-02
2.324215695261955261e-02
2.300649881362915039e-02
2.291219122707843781e-02
2.283719740808010101e-02
2.285909093916416168e-02
2.271438948810100555e-02
2.244044467806816101e-02
2.210605889558792114e-02
2.178175747394561768e-02
2.144892886281013489e-02
2.144892886281013489e-02
2.130434475839138031e-02
2.145277708768844604e-02
2.152427099645137787e-02
2.154387161135673523e-02
2.162383124232292175e-02
2.164017967879772186e-02
2.174087427556514740e-02
2.190945670008659363e-02
2.208718843758106232e-02
2.207257784903049469e-02
2.207257784903049469e-02
2.218943834304809570e-02
2.229602076113224030e-02
2.250848896801471710e-02
2.284236438572406769e-02
2.329033054411411285e-02
2.374823205173015594e-02
2.417738735675811768e-02
2.452923730015754700e-02
2.463743649423122406e-02
2.460185997188091278e-02
2.460185997188091278e-02
2.444327436387538910e-02
2.416703477501869202e-02
2.396164089441299438e-02
2.367378398776054382e-02
2.330285124480724335e-02
2.295662462711334229e-02
2.276072464883327484e-02
2.271400205790996552e-02
2.270513027906417847e-02
2.269560098648071289e-02
2.269560098648071289e-02
2.259629406034946442e-02
2.248917147517204285e-02
2.226308919489383698e-02
2.197970636188983917e-02
2.166863530874252319e-02
2.129712700843811035e-02
2.098672650754451752e-02
2.070093899965286255e-02
2.053740620613098145e-02
2.052761986851692200e-02
2.052761986851692200e-02
2.067464217543601990e-02
2.095982618629932404e-02
2.132911421358585358e-02
2.155099250376224518e-02
2.173697203397750854e-02
2.182730659842491150e-02
2.180311083793640137e-02
2.168359421193599701e-02
2.168500423431396484e-02
2.172936499118804932e-02
2.172936499118804932e-02
2.179568633437156677e-02
2.178513072431087494e-02
2.175379917025566101e-02
2.166879735887050629e-02
2.162645757198333740e-02
2.164806611835956573e-02
2.170441113412380219e-02
2.164404839277267456e-02
2.136335521936416626e-02
2.095811627805233002e-02
2.095811627805233002e-02
2.044808678328990936e-02
1.977278478443622589e-02
1.920187659561634064e-02
1.874156855046749115e-02
1.845559105277061462e-02
1.841057091951370239e-02
1.852464117109775543e-02
1.874035410583019257e-02
1.891216263175010681e-02
1.896682567894458771e-02
1.896682567894458771e-02
1.873232796788215637e-02
1.842220686376094818e-02
1.793144643306732178e-02
1.731175556778907776e-02
1.731175556778907776e-02
1.731175556778907776e-02
1.676897704601287842e-02
1.632655411958694458e-02
1.613626256585121155e-02
1.605919562280178070e-02
1.605919562280178070e-02
1.616532728075981140e-02
1.648372784256935120e-02
1.690486259758472443e-02
1.715628430247306824e-02
1.724101603031158447e-02
1.714261434972286224e-02
1.693271100521087646e-02
1.661622337996959686e-02
1.640795543789863586e-02
1.620397157967090607e-02
1.620397157967090607e-02
1.607129164040088654e-02
1.598045229911804199e-02
1.595236919820308685e-02
1.603905670344829559e-02
1.615594327449798584e-02
1.628206111490726471e-02
1.642187312245368958e-02
1.664971187710762024e-02
1.679397188127040863e-02
1.684881374239921570e-02
1.684881374239921570e-02
1.678671874105930328e-02
1.653423346579074860e-02
1.622683182358741760e-02
1.575947739183902740e-02
1.531451474875211716e-02
1.497847028076648712e-02
1.486766897141933441e-02
1.485170889645814896e-02
1.504242140799760818e-02
1.531826239079236984e-02
1.531826239079236984e-02
1.559020206332206726e-02
1.564641296863555908e-02
1.564389094710350037e-02
1.557559147477149963e-02
1.539417915046215057e-02
1.511220727115869522e-02
1.483810227364301682e-02
1.464951597154140472e-02
1.462531182914972305e-02
1.466603111475706100e-02
1.466603111475706100e-02
1.477641891688108444e-02
1.506460178643465042e-02
1.541795954108238220e-02
1.564912125468254089e-02
1.591272652149200439e-02
1.600198633968830109e-02
1.593140698969364166e-02
1.572476141154766083e-02
1.534737460315227509e-02
1.498773507773876190e-02
1.498773507773876190e-02
1.467453222721815109e-02
1.442007999867200851e-02
1.425047684460878372e-02
1.428933162242174149e-02
1.444198563694953918e-02
1.471900101751089096e-02
1.498485449701547623e-02
1.523791253566741943e-02
1.533824857324361801e-02
1.526678074151277542e-02
1.526678074151277542e-02
1.494892407208681107e-02
1.446983497589826584e-02
1.402333378791809082e-02
1.375291962176561356e-02
1.367191877216100693e-02
1.371132954955101013e-02
1.391881145536899567e-02
1.417709700763225555e-02
1.443636976182460785e-02
1.458013989031314850e-02
1.458013989031314850e-02
1.458059530705213547e-02
1.445593032985925674e-02
1.410011295229196548e-02
1.369283162057399750e-02
1.313833240419626236e-02
1.263288501650094986e-02
1.226181071251630783e-02
1.194773707538843155e-02
1.185580063611268997e-02
1.186190918087959290e-02
1.186190918087959290e-02
1.184648834168910980e-02
1.156834699213504791e-02
1.115561276674270630e-02
1.052948087453842163e-02
9.819456376135349274e-03
9.107558056712150574e-03
8.548708632588386536e-03
8.166833780705928802e-03
7.984574884176254272e-03
7.623327430337667465e-03
7.623327430337667465e-03
7.381075993180274963e-03
7.381075993180274963e-03
7.381075993180274963e-03
7.381075993180274963e-03
7.386535871773958206e-03
7.435494568198919296e-03
7.611265406012535095e-03
7.953581400215625763e-03
8.437426760792732239e-03
9.005540050566196442e-03
9.005540050566196442e-03
9.580031037330627441e-03
1.010529603809118271e-02
1.033519953489303589e-02
1.047469582408666611e-02
1.044242177158594131e-02
1.031492836773395538e-02
1.027631480246782303e-02
1.021134387701749802e-02
1.006796769797801971e-02
9.915735572576522827e-03
9.915735572576522827e-03
9.773588739335536957e-03
9.616391733288764954e-03
9.401886723935604095e-03
9.188862517476081848e-03
8.910582400858402252e-03
8.640736341476440430e-03
8.338044397532939911e-03
8.107779547572135925e-03
7.824813947081565857e-03
7.563014049082994461e-03
7.563014049082994461e-03
7.348734885454177856e-03
7.267870008945465088e-03
7.281395141035318375e-03
7.188605610281229019e-03
7.153368089348077774e-03
7.143300492316484451e-03
6.989345885813236237e-03
6.668858230113983154e-03
6.325781811028718948e-03
5.998412147164344788e-03
5.998412147164344788e-03
5.801409482955932617e-03
5.767487920820713043e-03
5.964130628854036331e-03
6.092131137847900391e-03
6.192270200699567795e-03
6.148878019303083420e-03
5.983961280435323715e-03
5.857367534190416336e-03
5.722491070628166199e-03
5.709075368940830231e-03
