3.018265135672352703e-02
2.905623518369352190e-02
2.889139679404696681e-02
2.853655772172646390e-02
2.807207985193348188e-02
2.751994421697536580e-02
2.698162280068902227e-02
2.640995476961486774e-02
2.578186680674259337e-02
2.519154532885400227e-02
2.486309665081808465e-02
2.486309665081808465e-02
2.445443057935580561e-02
2.395807525278258882e-02
2.341832136771326150e-02
2.289185397282805096e-02
2.241665860971385829e-02
2.194662805082652282e-02
2.192651484240196180e-02
2.186243805335083557e-02
2.170138610215132519e-02
2.144847521103500354e-02
2.144847521103500354e-02
2.116952145429724236e-02
2.085544774785771244e-02
2.049744235053399533e-02
2.018094217753771402e-02
1.976187951054845029e-02
1.955059552569992851e-02
1.937749669075624834e-02
1.931544054233249805e-02
1.928308686314733969e-02
1.927568375158431047e-02
1.927568375158431047e-02
1.934457935716094035e-02
1.938837445660059056e-02
1.933105697422999106e-02
1.927791502884837818e-02
1.923302930673613173e-02
1.917285465950040180e-02
1.902708613450953060e-02
1.892333905343376171e-02
1.870499661305659658e-02
1.846826897591495598e-02
1.846826897591495598e-02
1.804551429951459923e-02
1.762250297760984546e-02
1.721136773849111026e-02
1.692450166372923975e-02
1.665098300592449121e-02
1.629320495275387096e-02
1.587082214717394982e-02
1.539490597451797366e-02
1.498080365442637681e-02
1.462708784025310363e-02
1.462708784025310363e-02
1.417807650363421892e-02
1.363359603346200703e-02
1.331296682498988616e-02
1.287881999495723087e-02
1.237914543173307055e-02
1.188431914748521931e-02
1.146173984299197687e-02
1.095058767090667864e-02
1.033577214404581522e-02
9.713804282584306143e-03
9.713804282584306143e-03
8.935275862838364461e-03
8.317338716578888749e-03
7.788047317420616900e-03
7.394562681011808067e-03
7.132103395734990664e-03
7.062285288992756552e-03
7.028966393777075390e-03
7.020217539977629054e-03
7.064124393742034387e-03
7.023305229201492507e-03
7.023305229201492507e-03
7.174251303096986290e-03
7.301648820221511363e-03
7.326496441998026771e-03
7.188807759641191279e-03
7.020777452707710475e-03
6.905361097576534143e-03
6.802630992295950751e-03
6.742111305829234617e-03
6.626641184049855172e-03
6.478112570016782319e-03
6.478112570016782319e-03
6.255074671750825328e-03
5.890527906724524025e-03
5.566312361555228808e-03
5.181697366797600839e-03
4.857449540941670592e-03
4.517575497502215875e-03
4.291517604035997337e-03
4.409673905185439863e-03
4.671468030825683820e-03
4.856621310517479119e-03
4.856621310517479119e-03
5.091428628121640043e-03
5.355358071037935250e-03
5.550681779886537312e-03
5.667628874073675493e-03
6.005398125453556731e-03
6.310770920576738371e-03
6.475820776262089518e-03
6.494725373184588070e-03
6.341099600073847598e-03
6.146618186912027916e-03
6.146618186912027916e-03
5.924549758774943359e-03
5.730181784550965850e-03
5.650217100420580618e-03
5.733593777170909594e-03
5.974164385698141518e-03
6.219501555321923537e-03
6.523467336648989742e-03
6.749465274422700341e-03
6.967553508342177841e-03
7.209321039603624505e-03
7.209321039603624505e-03
7.182492801887076228e-03
6.927787966243248961e-03
6.706219417228844598e-03
6.344015334218374054e-03
6.079032191051235434e-03
5.907445905437528656e-03
5.708223980653890674e-03
5.544077318148048390e-03
5.523210656076408230e-03
5.605348932236475963e-03
5.605348932236475963e-03
5.786667902163517181e-03
6.102610769412122188e-03
6.407175764991684778e-03
6.575876878931945051e-03
6.583048323764357536e-03
6.302552634615702330e-03
5.969566364094627646e-03
5.675198167365189637e-03
5.433967218677624236e-03
5.344776642765732000e-03
