7.429527118802070618e-03
7.429527118802070618e-03
6.963542662560939789e-03
7.161218207329511642e-03
7.580089848488569260e-03
7.295389659702777863e-03
7.088857237249612808e-03
6.930769421160221100e-03
6.747731473296880722e-03
6.583204027265310287e-03
6.391878239810466766e-03
6.288032978773117065e-03
6.288032978773117065e-03
6.266772281378507614e-03
6.308578886091709137e-03
6.375029217451810837e-03
6.491289939731359482e-03
6.639425642788410187e-03
6.745328195393085480e-03
6.749601569026708603e-03
6.762508768588304520e-03
6.752861198037862778e-03
6.754864007234573364e-03
6.754864007234573364e-03
6.762666627764701843e-03
6.820767186582088470e-03
6.903937086462974548e-03
6.975800264626741409e-03
6.980252452194690704e-03
7.019426207989454269e-03
7.089255377650260925e-03
7.104049436748027802e-03
7.224540691822767258e-03
7.331715431064367294e-03
7.331715431064367294e-03
7.389570120722055435e-03
7.357236929237842560e-03
7.253771182149648666e-03
7.147606462240219116e-03
6.990303751081228256e-03
6.853194441646337509e-03
6.657559890300035477e-03
6.450033746659755707e-03
6.271373946219682693e-03
6.140858866274356842e-03
6.140858866274356842e-03
6.119738332927227020e-03
6.080473307520151138e-03
6.038771010935306549e-03
6.051710341125726700e-03
6.066304631531238556e-03
6.132979877293109894e-03
6.197151727974414825e-03
6.264880299568176270e-03
6.296302657574415207e-03
6.390177179127931595e-03
6.390177179127931595e-03
6.482532247900962830e-03
6.563857197761535645e-03
6.596351508051156998e-03
6.545240525156259537e-03
6.484880577772855759e-03
6.427467800676822662e-03
6.355336867272853851e-03
6.255877204239368439e-03
6.144376471638679504e-03
6.054166238754987717e-03
6.054166238754987717e-03
5.973065737634897232e-03
5.833536386489868164e-03
5.690739955753087997e-03
5.564498249441385269e-03
5.506489891558885574e-03
5.520343314856290817e-03
5.685741081833839417e-03
5.908013787120580673e-03
6.061726715415716171e-03
6.173522211611270905e-03
6.173522211611270905e-03
6.283684633672237396e-03
6.326218135654926300e-03
6.328344345092773438e-03
6.388427224010229111e-03
6.609070580452680588e-03
6.910794880241155624e-03
7.208406459540128708e-03
7.590026594698429108e-03
7.933492772281169891e-03
8.346597664058208466e-03
8.346597664058208466e-03
8.694553747773170471e-03
8.894082158803939819e-03
9.090369567275047302e-03
9.239942766726016998e-03
9.384096600115299225e-03
9.498783387243747711e-03
9.536818601191043854e-03
9.505279362201690674e-03
9.462578222155570984e-03
9.362507611513137817e-03
9.362507611513137817e-03
9.328305721282958984e-03
9.264784865081310272e-03
9.207393042743206024e-03
9.126165881752967834e-03
9.022250771522521973e-03
8.908263407647609711e-03
8.873865008354187012e-03
8.871068246662616730e-03
8.908666670322418213e-03
8.976254612207412720e-03
8.976254612207412720e-03
8.900154381990432739e-03
8.712413720786571503e-03
8.522996678948402405e-03
8.325261063873767853e-03
8.167602121829986572e-03
7.917190901935100555e-03
7.628380320966243744e-03
7.247081957757472992e-03
6.878958549350500107e-03
6.594914477318525314e-03
6.594914477318525314e-03
6.445086095482110977e-03
6.371131632477045059e-03
6.445191800594329834e-03
6.510854698717594147e-03
6.660958752036094666e-03
6.818411406129598618e-03
6.997489836066961288e-03
7.167707197368144989e-03
7.307477761059999466e-03
7.452535443007946014e-03
7.452535443007946014e-03
7.620265241712331772e-03
7.826018147170543671e-03
8.067640475928783417e-03
8.418056182563304901e-03
8.819260634481906891e-03
9.256039746105670929e-03
9.657875634729862213e-03
1.003804523497819901e-02
1.035207509994506836e-02
1.059373188763856888e-02
1.059373188763856888e-02
1.072260551154613495e-02
1.079197786748409271e-02
1.093335729092359543e-02
1.109632849693298340e-02
1.135357096791267395e-02
1.163762994110584259e-02
1.187856961041688919e-02
1.208623684942722321e-02
1.241493131965398788e-02
1.269726082682609558e-02
1.269726082682609558e-02
1.294712442904710770e-02
1.308828126639127731e-02
1.318174879997968674e-02
1.331053394824266434e-02
1.344235427677631378e-02
1.358050573617219925e-02
1.338257919996976852e-02
1.319955196231603622e-02
1.295072212815284729e-02
1.279874332249164581e-02
1.279874332249164581e-02
1.270262710750102997e-02
1.266880705952644348e-02
1.265022903680801392e-02
1.262492407113313675e-02
1.258792635053396225e-02
1.247831620275974274e-02
1.234780717641115189e-02
1.214471925050020218e-02
1.201221905648708344e-02
1.186760980635881424e-02
1.186760980635881424e-02
1.174988597631454468e-02
1.161652244627475739e-02
1.154348254203796387e-02
1.135523431003093719e-02
1.121557876467704773e-02
1.111523993313312531e-02
1.103636436164379120e-02
1.095143333077430725e-02
1.087274774909019470e-02
1.066527608782052994e-02
1.066527608782052994e-02
1.048555132001638412e-02
1.018838677555322647e-02
9.862481616437435150e-03
9.546780958771705627e-03
9.201141074299812317e-03
8.883846923708915710e-03
8.551761507987976074e-03
8.317230269312858582e-03
8.088478818535804749e-03
7.926595397293567657e-03
7.926595397293567657e-03
7.763060741126537323e-03
7.920048199594020844e-03
7.996538653969764709e-03
8.017608895897865295e-03
8.115302771329879761e-03
8.203526027500629425e-03
8.346023969352245331e-03
8.511861786246299744e-03
8.606684394180774689e-03
8.628287352621555328e-03
8.628287352621555328e-03
8.571358397603034973e-03
8.470285683870315552e-03
8.237469941377639771e-03
7.970279082655906677e-03
7.620770484209060669e-03
7.413934916257858276e-03
7.182037923485040665e-03
7.021086290478706360e-03
6.827729754149913788e-03
6.589408498257398605e-03
6.589408498257398605e-03
6.315377540886402130e-03
6.017955485731363297e-03
5.758133716881275177e-03
5.552855785936117172e-03
5.443742498755455017e-03
5.412751808762550354e-03
5.413672886788845062e-03
5.454686004668474197e-03
5.368198268115520477e-03
5.211440846323966980e-03
5.211440846323966980e-03
5.054626148194074631e-03
4.868561401963233948e-03
4.647064488381147385e-03
4.363326821476221085e-03
4.070574883371591568e-03
3.895111614838242531e-03
3.755785292014479637e-03
3.596140304580330849e-03
3.475804114714264870e-03
3.397136460989713669e-03
3.397136460989713669e-03
3.273446112871170044e-03
3.276503877714276314e-03
3.364752978086471558e-03
3.458861028775572777e-03
3.543578553944826126e-03
3.525541629642248154e-03
3.545052371919155121e-03
3.562018740922212601e-03
3.595922607928514481e-03
3.654595231637358665e-03
3.654595231637358665e-03
3.726791357621550560e-03
3.823724342510104179e-03
4.074558150023221970e-03
4.348246846348047256e-03
4.587605595588684082e-03
4.741948097944259644e-03
4.715675022453069687e-03
4.586821887642145157e-03
4.422701429575681686e-03
4.387503024190664291e-03
4.387503024190664291e-03
4.367967601865530014e-03
4.288596101105213165e-03
3.995576407760381699e-03
3.647202160209417343e-03
3.415513783693313599e-03
3.371711121872067451e-03
3.451684257015585899e-03
3.629756160080432892e-03
3.823249600827693939e-03
4.018952604383230209e-03
