3.341942621546482167e-02
3.341942621546482167e-02
3.241586174344456700e-02
3.140356555474065753e-02
3.097313506542631253e-02
3.021427317546233546e-02
2.937801512595806727e-02
2.840442805516690816e-02
2.769489073497724899e-02
2.698335229462488216e-02
2.666506586880383611e-02
2.665775297262253790e-02
2.665775297262253790e-02
2.651123462113059298e-02
2.606876474664831037e-02
2.550121868872335523e-02
2.505886558934538114e-02
2.450902779134615447e-02
2.441684066920122784e-02
2.417103046049682083e-02
2.380282541553985567e-02
2.331537617522335543e-02
2.274897328707009211e-02
2.274897328707009211e-02
2.227917658772294099e-02
2.198081872046023233e-02
2.157662815087030284e-02
2.127299759574826851e-02
2.095253526470676128e-02
2.061825585442934872e-02
2.030579563876895935e-02
1.999238364842510773e-02
1.972821424042144056e-02
1.954694244288409169e-02
1.954694244288409169e-02
1.935081520421811849e-02
1.926302313778165132e-02
1.925469714032694568e-02
1.922893880705497938e-02
1.913929176956177119e-02
1.899210680167741361e-02
1.892455358381356367e-02
1.885444462275072744e-02
1.877612776716186885e-02
1.861623894440422866e-02
1.861623894440422866e-02
1.833773470305085154e-02
1.811439750585789460e-02
1.767625312761083797e-02
1.733460154789604954e-02
1.713168934884821623e-02
1.689028962710363915e-02
1.660964450163193371e-02
1.680049859288268790e-02
1.702081266684500258e-02
1.709961396621997518e-02
1.709961396621997518e-02
1.711221362884367964e-02
1.719572850110584819e-02
1.733928414859652392e-02
1.757214135538913424e-02
1.778052597024905659e-02
1.779065251391355115e-02
1.781001497605850387e-02
1.753595404802307800e-02
1.725161171063792701e-02
1.693867861673525529e-02
1.693867861673525529e-02
1.665435705038344552e-02
1.645664219707989456e-02
1.630503564007763917e-02
1.615421004696080548e-02
1.600650173725224473e-02
1.584897132791697472e-02
1.566977360629610502e-02
1.567572075698542983e-02
1.580075456099187467e-02
1.591170916171512351e-02
1.591170916171512351e-02
1.605035160933405286e-02
1.619025353754202645e-02
1.632676414890689084e-02
1.640465655569294662e-02
1.649844428083274001e-02
1.649844428083274001e-02
1.649844428083274001e-02
1.649844428083274001e-02
1.650745308931878333e-02
1.655128516034328270e-02
1.655128516034328270e-02
1.652516453828802370e-02
1.655577180176137295e-02
1.653821575391915821e-02
1.648702206391413835e-02
1.652418698263174654e-02
1.647417055211069029e-02
1.638584262793819565e-02
1.635501890861787086e-02
1.633488998955486687e-02
1.626415380895050028e-02
1.626415380895050028e-02
1.615968965506150296e-02
1.609016655035051466e-02
1.576392943068855024e-02
1.542097334893051570e-02
1.523926710114185436e-02
1.517618550426581663e-02
1.526753297674126979e-02
1.528297009516936186e-02
1.526771281318232282e-02
1.528688225247999861e-02
1.528688225247999861e-02
1.538862272063915536e-02
1.537197807412478238e-02
1.525129845437186472e-02
1.505777082809773432e-02
1.491273870461676254e-02
1.467688549155753662e-02
1.459096124206566043e-02
1.455047073787281778e-02
1.451161784401904832e-02
1.455761842298439364e-02
1.455761842298439364e-02
1.451886595708338189e-02
1.454752571001373743e-02
1.460329083627967019e-02
1.468510791904450996e-02
1.498079216161448193e-02
1.507174877643602945e-02
1.505903723135335916e-02
1.508446525116227503e-02
1.494960103557742628e-02
1.494657765648495056e-02
1.494657765648495056e-02
1.509758763518820324e-02
1.528676135306565251e-02
1.552130012988131059e-02
1.561838717491727258e-02
1.570028762411904144e-02
1.561635593359558122e-02
1.530107880761016198e-02
1.491813201220752554e-02
1.454060736242817654e-02
1.407681564508326058e-02
1.407681564508326058e-02
1.372911291024484642e-02
1.354232049453065606e-02
1.321248333606719720e-02
1.301453157164795746e-02
1.299962688647840134e-02
1.307781480246047318e-02
1.327035038999891878e-02
1.368889259138562735e-02
1.430409310710508558e-02
1.491469954289940253e-02
1.491469954289940253e-02
1.549879418330769344e-02
1.605372032704006219e-02
1.645219371408630435e-02
1.660760328638002936e-02
1.657865823282699339e-02
1.643944951288803941e-02
1.612678046000149204e-02
1.573027100223782157e-02
1.545331383124623481e-02
1.501325618122862672e-02
1.501325618122862672e-02
1.448994936268748618e-02
1.409762642937505660e-02
1.379585450814819862e-02
1.313101667030725297e-02
1.259486740988784333e-02
1.249645879105291957e-02
1.253902831431107090e-02
1.262974888183019360e-02
1.270029244261034265e-02
1.270029244261034265e-02
1.270029244261034265e-02
1.294210054782553646e-02
1.327910930706931343e-02
1.374282647198762745e-02
1.422604130181639656e-02
1.480127488681884547e-02
1.522606995300877265e-02
1.567389235887805751e-02
1.611340603272937155e-02
1.651729469193087552e-02
1.686339952707783044e-02
1.686339952707783044e-02
1.711044758594199022e-02
1.721841431728961605e-02
1.721110456586499859e-02
1.708725635975940835e-02
1.696874973543196011e-02
1.690732327468567886e-02
1.684715704266510211e-02
1.673781377274862966e-02
1.663174772738771137e-02
1.642360124500940807e-02
1.642360124500940807e-02
1.613335845994446488e-02
1.581784176957349089e-02
1.548156470693966454e-02
1.512139828225239971e-02
1.489054619756507124e-02
1.480607941135912882e-02
1.471075747213019570e-02
1.462338619836793703e-02
1.461736530352949863e-02
1.454674621228608210e-02
1.454674621228608210e-02
1.445809756708274843e-02
1.430930123340327410e-02
1.411436156428852624e-02
1.400278384499282699e-02
1.387800894090141304e-02
1.366274251141285853e-02
1.356756165257087289e-02
1.350781544398114292e-02
1.351311349408727304e-02
1.346724200399427099e-02
1.346724200399427099e-02
1.339463710481686616e-02
1.327473096663029511e-02
1.320703524162838982e-02
1.312193846709957396e-02
1.302712324422422747e-02
1.296348417897967391e-02
1.292445128379567272e-02
1.158993161829939035e-02
1.058499330290467444e-02
9.840360094493032575e-03
9.840360094493032575e-03
9.267378663653402793e-03
8.880783691503494823e-03
8.637479786008409391e-03
8.484395863407562938e-03
8.393180154004477658e-03
8.384754061862275190e-03
8.468616372168780160e-03
8.594481843007305624e-03
8.719974586698379243e-03
8.871257270263256667e-03
8.871257270263256667e-03
9.095181127291684930e-03
9.347626751640445569e-03
9.569273867935929392e-03
9.849267119916951460e-03
1.015422209144537131e-02
1.046588080420627134e-02
1.085183522931936970e-02
1.121382226388458261e-02
1.157546105859932201e-02
1.189877136071385878e-02
1.189877136071385878e-02
1.218798326937608166e-02
1.245418576448966558e-02
1.270283425288449425e-02
1.286001262844655400e-02
1.291556165382531408e-02
1.287756696757414929e-02
1.279996812682302094e-02
1.267634946789658081e-02
1.250825551417827225e-02
1.222763952779434143e-02
1.222763952779434143e-02
1.197023863570041702e-02
1.167271921905657303e-02
1.144536941968053029e-02
1.124300858815867679e-02
1.111269722734422628e-02
1.098920991164036541e-02
1.091875557442988087e-02
1.083672133651705435e-02
1.121001599105179818e-02
1.154262225724297583e-02
1.154262225724297583e-02
1.185337068782145106e-02
1.211850410386076070e-02
1.238945902232551841e-02
1.262161439100889689e-02
1.278959646296761767e-02
1.282270294053241243e-02
1.278520112476934194e-02
1.274670372028331895e-02
1.264633130351396594e-02
1.247120012198037892e-02
1.247120012198037892e-02
1.233253377245499723e-02
1.218918127465676293e-02
1.208489030018780261e-02
1.171601200250620319e-02
1.139772403791266750e-02
1.106649881853196370e-02
1.076637551182032908e-02
1.048797748496419630e-02
1.032320142166632398e-02
1.022496308996578840e-02
1.022496308996578840e-02
1.025880135287891848e-02
1.037472005037544560e-02
1.057572656970886572e-02
1.076441093951275609e-02
1.096059044253437816e-02
1.122994143599799488e-02
1.150960433956211594e-02
1.180662639115680548e-02
1.207956502967195110e-02
1.227559118400221340e-02
1.227559118400221340e-02
1.241422852870338600e-02
1.258478475702374567e-02
1.263722734591837121e-02
1.265003704981008774e-02
1.270053662417705218e-02
1.271014841869637195e-02
1.271118434738473246e-02
1.257086699220378266e-02
1.231930179618308946e-02
1.203718989092625140e-02
1.203718989092625140e-02
1.178402304583306762e-02
1.158906921444198372e-02
1.141492444975264649e-02
1.135179440497657670e-02
1.131654928546809748e-02
1.122785750533478871e-02
1.114478167065613944e-02
1.109225205610358568e-02
1.106434506803377106e-02
1.108997818964139494e-02
1.108997818964139494e-02
1.121916773804917250e-02
1.136018600796817948e-02
1.149381311151331450e-02
1.158009426468779336e-02
1.162212269395302908e-02
1.165082985371091590e-02
1.168791213576321660e-02
1.172641137093462758e-02
1.171499655520520655e-02
1.196814057030261280e-02
1.196814057030261280e-02
1.223196648023535532e-02
1.245473494793539887e-02
1.265325080592545094e-02
1.281964206756657822e-02
1.296236726620791750e-02
1.309811986197135028e-02
1.318963513198729252e-02
1.322284357571396757e-02
1.321255181672059166e-02
1.319628657083966178e-02
1.319628657083966178e-02
1.319922069574622388e-02
1.323502756108383034e-02
1.328321912710745019e-02
1.335589039861121916e-02
1.348639733279491382e-02
1.355890529512214678e-02
1.362255258260333148e-02
1.370001215501932823e-02
1.376547253430109551e-02
1.381505360474778732e-02
1.381505360474778732e-02
1.379124518974985357e-02
1.375276948430749317e-02
1.362354080856745600e-02
1.350162775556005071e-02
1.343602155451073706e-02
1.340862474124117527e-02
1.334148374844255219e-02
1.324113827928853453e-02
1.314463922968987786e-02
1.306998925746112421e-02
1.306998925746112421e-02
1.303922700785769065e-02
1.297321226017001707e-02
1.291083900314916530e-02
1.283396071351202740e-02
1.281695531716736842e-02
1.275423925777010963e-02
1.271856149374242344e-02
1.265393067441892248e-02
1.265393067441892248e-02
1.259427788544336194e-02
1.259427788544336194e-02
1.260058922903691155e-02
1.260979843319089307e-02
1.259495820539346771e-02
1.265525925374394976e-02
1.274435690767276343e-02
1.279266347097570040e-02
1.279458154521494716e-02
1.277075271339710681e-02
1.273945647561096697e-02
1.267883222287908077e-02
1.267883222287908077e-02
1.264130082523083447e-02
1.260381475348435962e-02
1.253239588710222674e-02
1.240743469053156960e-02
1.234324235174886694e-02
1.224866643234787632e-02
1.215671650216451107e-02
1.209251407081828392e-02
1.204460647761389572e-02
1.196540897482190231e-02
1.196540897482190231e-02
1.190113703584153373e-02
1.183666719892046554e-02
1.178282773079649196e-02
1.170937816903881712e-02
1.162182146944732569e-02
1.153040020392166916e-02
1.143681740708297860e-02
1.182854764371568494e-02
1.217258512711206012e-02
1.242763268384966882e-02
1.242763268384966882e-02
1.258465701073273497e-02
1.263024761577261935e-02
1.247186935262038082e-02
1.226183402374584307e-02
1.201149558229876180e-02
1.178356354449001421e-02
1.162659200561578718e-02
1.150848090236940291e-02
1.148010784280253417e-02
1.143315147055702294e-02
