2.670888416469097137e-02
2.670888416469097137e-02
2.557475864887237549e-02
2.471436746418476105e-02
2.399131841957569122e-02
2.304507046937942505e-02
2.212702296674251556e-02
2.114180848002433777e-02
2.014400996267795563e-02
1.923969946801662445e-02
1.832717843353748322e-02
1.742391847074031830e-02
1.742391847074031830e-02
1.688142865896224976e-02
1.631497964262962341e-02
1.584766432642936707e-02
1.540197990834712982e-02
1.487785484641790390e-02
1.422761194407939911e-02
1.363493502140045166e-02
1.304907537996768951e-02
1.255668699741363525e-02
1.205759216099977493e-02
1.205759216099977493e-02
1.152660232037305832e-02
1.107032410800457001e-02
1.075217407196760178e-02
1.033841259777545929e-02
9.759565815329551697e-03
9.250945411622524261e-03
8.636602200567722321e-03
8.190220221877098083e-03
7.677319459617137909e-03
7.198938634246587753e-03
7.198938634246587753e-03
6.861833855509757996e-03
6.479812320321798325e-03
6.131367292255163193e-03
5.904026329517364502e-03
5.700850393623113632e-03
5.574621725827455521e-03
5.518434103578329086e-03
5.481975153088569641e-03
5.591234192252159119e-03
5.683974362909793854e-03
5.683974362909793854e-03
5.675258114933967590e-03
5.490812938660383224e-03
5.338643677532672882e-03
5.263332743197679520e-03
5.183630622923374176e-03
5.282178055495023727e-03
5.409142468124628067e-03
5.561448633670806885e-03
5.824144463986158371e-03
6.028237752616405487e-03
6.028237752616405487e-03
6.328388582915067673e-03
6.763746030628681183e-03
7.264347281306982040e-03
7.700440939515829086e-03
8.032765239477157593e-03
8.490880019962787628e-03
8.926981128752231598e-03
9.208303876221179962e-03
9.498153813183307648e-03
9.605744853615760803e-03
9.605744853615760803e-03
9.795139543712139130e-03
9.931379929184913635e-03
1.005505304783582687e-02
1.025597937405109406e-02
1.039367727935314178e-02
1.075080782175064087e-02
1.107715535908937454e-02
1.117377635091543198e-02
1.120534725487232208e-02
1.115651801228523254e-02
1.115651801228523254e-02
1.112555433064699173e-02
1.116272993385791779e-02
1.123785879462957382e-02
1.149779930710792542e-02
1.202687434852123260e-02
1.259225048124790192e-02
1.320604514330625534e-02
1.403571851551532745e-02
1.490234304219484329e-02
1.570251584053039551e-02
1.570251584053039551e-02
1.641246117651462555e-02
1.679391972720623016e-02
1.694984175264835358e-02
1.709365844726562500e-02
1.707915216684341431e-02
1.719094440340995789e-02
1.714662462472915649e-02
1.719395816326141357e-02
1.732218451797962189e-02
1.745058409869670868e-02
1.745058409869670868e-02
1.737996004521846771e-02
1.737698167562484741e-02
1.747933775186538696e-02
1.774443313479423523e-02
1.795804500579833984e-02
1.815345697104930878e-02
1.844297535717487335e-02
1.880084164440631866e-02
1.929926872253417969e-02
1.980076543986797333e-02
1.980076543986797333e-02
2.045153640210628510e-02
2.123211696743965149e-02
2.157395333051681519e-02
2.188139222562313080e-02
2.223963849246501923e-02
2.271209657192230225e-02
2.317262068390846252e-02
2.395696379244327545e-02
2.476034313440322876e-02
2.555613406002521515e-02
2.555613406002521515e-02
2.620590478181838989e-02
2.650628238916397095e-02
2.668425068259239197e-02
2.677468210458755493e-02
2.701133675873279572e-02
2.718966268002986908e-02
2.733487635850906372e-02
2.772349491715431213e-02
2.813892066478729248e-02
2.854708768427371979e-02
2.854708768427371979e-02
2.897736430168151855e-02
2.922565862536430359e-02
2.948070876300334930e-02
2.974351495504379272e-02
3.031015954911708832e-02
3.092684037983417511e-02
3.163613006472587585e-02
3.209865465760231018e-02
3.220690041780471802e-02
3.234645724296569824e-02
3.234645724296569824e-02
3.294144198298454285e-02
3.350564092397689819e-02
3.402770683169364929e-02
3.436135128140449524e-02
3.458708524703979492e-02
3.473917394876480103e-02
3.481497615575790405e-02
3.492046520113945007e-02
3.514239937067031860e-02
3.537900000810623169e-02
3.537900000810623169e-02
3.547690808773040771e-02
3.542406857013702393e-02
3.545176610350608826e-02
3.563345968723297119e-02
3.584655374288558960e-02
3.604399412870407104e-02
3.612689301371574402e-02
3.620360791683197021e-02
3.598959371447563171e-02
3.564208000898361206e-02
3.564208000898361206e-02
3.513564914464950562e-02
3.480213508009910583e-02
3.450348973274230957e-02
3.428157046437263489e-02
3.427306935191154480e-02
3.397313132882118225e-02
3.362192958593368530e-02
3.321303799748420715e-02
3.270340338349342346e-02
3.255393356084823608e-02
3.255393356084823608e-02
3.245765715837478638e-02
3.245037049055099487e-02
3.250550478696823120e-02
3.264941275119781494e-02
3.278845176100730896e-02
3.291944786906242371e-02
3.321084752678871155e-02
3.361238539218902588e-02
3.405908867716789246e-02
3.449552133679389954e-02
3.449552133679389954e-02
3.478182852268218994e-02
3.491172194480895996e-02
3.517596796154975891e-02
3.572612255811691284e-02
3.627372160553932190e-02
3.656338527798652649e-02
3.680926933884620667e-02
3.689771145582199097e-02
3.690252453088760376e-02
3.689937293529510498e-02
3.689937293529510498e-02
3.700213506817817688e-02
3.716569021344184875e-02
3.711500763893127441e-02
3.689499571919441223e-02
3.652702644467353821e-02
3.620243817567825317e-02
3.587607294321060181e-02
3.573705628514289856e-02
3.573294728994369507e-02
3.577064722776412964e-02
3.577064722776412964e-02
3.584677726030349731e-02
3.593375161290168762e-02
3.607915341854095459e-02
3.608588129281997681e-02
3.585866093635559082e-02
3.563841432332992554e-02
3.547307848930358887e-02
3.520948812365531921e-02
3.511933609843254089e-02
3.492621332406997681e-02
3.492621332406997681e-02
3.474388644099235535e-02
3.476385399699211121e-02
3.469495102763175964e-02
3.470502793788909912e-02
3.484498336911201477e-02
3.494448214769363403e-02
3.525151312351226807e-02
3.527046367526054382e-02
3.513389825820922852e-02
3.496972471475601196e-02
3.496972471475601196e-02
3.499448299407958984e-02
3.506575152277946472e-02
3.544641658663749695e-02
3.596950694918632507e-02
3.665683791041374207e-02
3.728773444890975952e-02
3.778309747576713562e-02
3.815748915076255798e-02
3.832983598113059998e-02
3.872426599264144897e-02
3.872426599264144897e-02
3.940382227301597595e-02
4.019008576869964600e-02
4.120951145887374878e-02
4.222258925437927246e-02
4.304913431406021118e-02
4.363941773772239685e-02
4.424823820590972900e-02
4.484460875391960144e-02
4.551320895552635193e-02
4.614370688796043396e-02
4.614370688796043396e-02
4.614370688796043396e-02
4.614370688796043396e-02
4.672930017113685608e-02
4.709538817405700684e-02
4.709538817405700684e-02
4.709538817405700684e-02
4.722124710679054260e-02
4.724716022610664368e-02
4.725690186023712158e-02
4.728785902261734009e-02
4.728785902261734009e-02
4.712954163551330566e-02
4.694015905261039734e-02
4.652159661054611206e-02
4.607873037457466125e-02
4.559781774878501892e-02
4.506273940205574036e-02
4.479718580842018127e-02
4.452104493975639343e-02
4.409569874405860901e-02
4.366599395871162415e-02
4.366599395871162415e-02
4.327317327260971069e-02
4.299797862768173218e-02
4.282693192362785339e-02
4.282693192362785339e-02
4.282693192362785339e-02
4.268018528819084167e-02
4.251298308372497559e-02
4.231223464012145996e-02
4.222158342599868774e-02
4.220744222402572632e-02
4.220744222402572632e-02
4.209790006279945374e-02
4.224224388599395752e-02
4.235954582691192627e-02
4.246233031153678894e-02
4.260478168725967407e-02
4.286319762468338013e-02
4.311358183622360229e-02
4.336081817746162415e-02
4.347948729991912842e-02
4.361236467957496643e-02
4.361236467957496643e-02
4.365988448262214661e-02
4.365364834666252136e-02
4.344800487160682678e-02
4.323810338973999023e-02
4.306927323341369629e-02
4.297419264912605286e-02
4.273172467947006226e-02
4.225976392626762390e-02
4.161883890628814697e-02
4.064491018652915955e-02
4.064491018652915955e-02
3.967523947358131409e-02
3.897692635655403137e-02
3.883868455886840820e-02
3.883868455886840820e-02
3.883868455886840820e-02
3.895808383822441101e-02
3.932548314332962036e-02
3.979150950908660889e-02
4.021043702960014343e-02
4.035808518528938293e-02
4.035808518528938293e-02
4.026053845882415771e-02
3.991759195923805237e-02
3.953457623720169067e-02
3.848532214760780334e-02
3.765029087662696838e-02
3.707945346832275391e-02
3.669376298785209656e-02
3.635083884000778198e-02
3.586891293525695801e-02
3.528142347931861877e-02
3.528142347931861877e-02
3.471849113702774048e-02
3.427633270621299744e-02
3.400906175374984741e-02
3.406625986099243164e-02
3.417407721281051636e-02
3.417001292109489441e-02
3.419002145528793335e-02
3.422213718295097351e-02
3.422213718295097351e-02
3.424682095646858215e-02
3.424682095646858215e-02
3.434582799673080444e-02
3.448933735489845276e-02
3.475371003150939941e-02
3.502612188458442688e-02
3.531971201300621033e-02
3.545491397380828857e-02
3.545207530260086060e-02
3.547668457031250000e-02
3.554719686508178711e-02
3.565574064850807190e-02
3.565574064850807190e-02
3.577890619635581970e-02
3.590261936187744141e-02
3.597497195005416870e-02
3.599347546696662903e-02
3.598124533891677856e-02
3.601411357522010803e-02
3.614703565835952759e-02
3.624519333243370056e-02
3.633749485015869141e-02
3.633757680654525757e-02
3.633757680654525757e-02
3.623835369944572449e-02
3.611776605248451233e-02
3.609412536025047302e-02
3.616413474082946777e-02
3.620405495166778564e-02
3.608700633049011230e-02
3.592425584793090820e-02
3.581400215625762939e-02
3.574089705944061279e-02
3.544223681092262268e-02
3.544223681092262268e-02
3.527973219752311707e-02
3.518341481685638428e-02
3.508375585079193115e-02
3.492769971489906311e-02
3.469281643629074097e-02
3.455187007784843445e-02
3.461318835616111755e-02
3.479162603616714478e-02
3.495974093675613403e-02
3.500495478510856628e-02
3.500495478510856628e-02
3.486667945981025696e-02
3.457653522491455078e-02
3.409849479794502258e-02
3.364099562168121338e-02
3.316856548190116882e-02
3.272177651524543762e-02
3.225443512201309204e-02
3.185419365763664246e-02
3.154001384973526001e-02
3.130127117037773132e-02
3.130127117037773132e-02
3.096518665552139282e-02
3.049397468566894531e-02
3.001285716891288757e-02
2.979217097163200378e-02
2.977454476058483124e-02
2.977756038308143616e-02
2.974084578454494476e-02
2.967732772231101990e-02
2.964160963892936707e-02
2.968995645642280579e-02
2.968995645642280579e-02
2.982533164322376251e-02
3.005292266607284546e-02
3.031182475388050079e-02
3.055277094244956970e-02
3.079397045075893402e-02
3.106372989714145660e-02
3.157255426049232483e-02
3.197702765464782715e-02
3.228064998984336853e-02
3.253844380378723145e-02
3.253844380378723145e-02
3.278316184878349304e-02
3.311808407306671143e-02
3.352087736129760742e-02
3.386755660176277161e-02
3.412431105971336365e-02
3.424984961748123169e-02
3.438059240579605103e-02
3.438059240579605103e-02
3.456180542707443237e-02
3.472710028290748596e-02
3.472710028290748596e-02
3.488084301352500916e-02
3.504104167222976685e-02
3.505049645900726318e-02
3.495963662862777710e-02
3.476324304938316345e-02
3.472280874848365784e-02
3.479684889316558838e-02
3.482962772250175476e-02
3.457384184002876282e-02
3.433327004313468933e-02
3.433327004313468933e-02
3.420101106166839600e-02
3.407370299100875854e-02
3.392860293388366699e-02
3.378215432167053223e-02
3.362453728914260864e-02
3.347959369421005249e-02
3.344635292887687683e-02
3.349151834845542908e-02
3.353738039731979370e-02
3.352478891611099243e-02
3.352478891611099243e-02
3.358611464500427246e-02
3.366170451045036316e-02
3.378780186176300049e-02
3.394608199596405029e-02
3.408895060420036316e-02
3.418540209531784058e-02
3.416758403182029724e-02
3.404138982295989990e-02
3.395318239927291870e-02
3.392823040485382080e-02
3.392823040485382080e-02
3.383658453822135925e-02
3.371366485953330994e-02
3.367114812135696411e-02
3.362105414271354675e-02
3.361072391271591187e-02
3.354628011584281921e-02
3.340122848749160767e-02
3.322459384799003601e-02
3.303065150976181030e-02
3.287299349904060364e-02
3.287299349904060364e-02
3.283144906163215637e-02
3.275559470057487488e-02
3.268428519368171692e-02
3.256409242749214172e-02
3.237758204340934753e-02
3.220971301198005676e-02
3.210140019655227661e-02
3.213893249630928040e-02
3.223146870732307434e-02
3.220764920115470886e-02
3.220764920115470886e-02
3.208105638623237610e-02
3.190729394555091858e-02
3.176860138773918152e-02
3.164954110980033875e-02
3.162747994065284729e-02
3.159019723534584045e-02
3.154183179140090942e-02
3.140195086598396301e-02
3.133445605635643005e-02
3.129400312900543213e-02
3.129400312900543213e-02
3.129156678915023804e-02
3.132677078247070312e-02
3.128095343708992004e-02
3.127381205558776855e-02
3.119562752544879913e-02
3.112229146063327789e-02
3.105137124657630920e-02
3.098468109965324402e-02
3.085589222609996796e-02
3.072666190564632416e-02
3.072666190564632416e-02
3.061460703611373901e-02
3.051009029150009155e-02
3.038547560572624207e-02
3.030649200081825256e-02
3.006854653358459473e-02
2.985157817602157593e-02
2.967911027371883392e-02
2.959412708878517151e-02
2.954338304698467255e-02
2.954757213592529297e-02
2.954757213592529297e-02
2.959671616554260254e-02
2.964905649423599243e-02
2.966890484094619751e-02
2.961428835988044739e-02
2.957754582166671753e-02
2.955087088048458099e-02
2.951491251587867737e-02
2.949034795165061951e-02
2.944118715822696686e-02
2.940240502357482910e-02
2.940240502357482910e-02
2.932903356850147247e-02
2.929191850125789642e-02
2.925513684749603271e-02
2.925451844930648804e-02
2.928492240607738495e-02
2.925810031592845917e-02
2.920908480882644653e-02
2.914358116686344147e-02
2.911923266947269440e-02
2.912472561001777649e-02
2.912472561001777649e-02
2.903841622173786163e-02
2.886852435767650604e-02
2.865182608366012573e-02
2.848246693611145020e-02
2.833596430718898773e-02
2.821849286556243896e-02
2.813144586980342865e-02
2.790057845413684845e-02
2.766212634742259979e-02
2.751412615180015564e-02
2.751412615180015564e-02
2.748399041593074799e-02
2.758609317243099213e-02
2.760090865194797516e-02
2.758343145251274109e-02
2.748449519276618958e-02
2.738268859684467316e-02
2.738065458834171295e-02
2.757905051112174988e-02
2.776774950325489044e-02
2.789566293358802795e-02
2.789566293358802795e-02
2.790851145982742310e-02
2.804789319634437561e-02
2.812908776104450226e-02
2.857791073620319366e-02
2.886842936277389526e-02
2.887092344462871552e-02
2.862584032118320465e-02
2.826846390962600708e-02
2.805692516267299652e-02
2.801015041768550873e-02
2.801015041768550873e-02
2.812311053276062012e-02
2.819368988275527954e-02
2.805712260305881500e-02
2.781387232244014740e-02
2.736977674067020416e-02
2.698043175041675568e-02
2.664305083453655243e-02
2.654614299535751343e-02
2.649353072047233582e-02
2.644275687634944916e-02
2.644275687634944916e-02
2.638045325875282288e-02
2.623566612601280212e-02
2.596560679376125336e-02
2.561133354902267456e-02
2.521071024239063263e-02
2.486324124038219452e-02
2.456605434417724609e-02
2.434742450714111328e-02
2.409593202173709869e-02
2.390822023153305054e-02
2.390822023153305054e-02
2.381592988967895508e-02
2.378662489354610443e-02
2.376542612910270691e-02
2.370545640587806702e-02
2.369410917162895203e-02
2.381273917853832245e-02
2.401401661336421967e-02
2.420946955680847168e-02
2.433449961245059967e-02
2.442442625761032104e-02
2.442442625761032104e-02
2.461070194840431213e-02
2.489662356674671173e-02
2.521616406738758087e-02
2.546360902488231659e-02
2.564303576946258545e-02
2.569753304123878479e-02
2.571393549442291260e-02
2.582593448460102081e-02
2.604492008686065674e-02
2.623473294079303741e-02
2.623473294079303741e-02
2.649035304784774780e-02
2.672429010272026062e-02
2.685940638184547424e-02
2.690803073346614838e-02
2.696998417377471924e-02
2.710315957665443420e-02
2.722809463739395142e-02
2.737205848097801208e-02
2.752275578677654266e-02
2.760092914104461670e-02
2.760092914104461670e-02
2.751414850354194641e-02
2.724412269890308380e-02
2.690503001213073730e-02
2.667490951716899872e-02
2.649742923676967621e-02
2.644178457558155060e-02
2.638284303247928619e-02
2.622361667454242706e-02
2.654190361499786377e-02
2.675362303853034973e-02
2.675362303853034973e-02
2.682717144489288330e-02
2.690921537578105927e-02
2.707026898860931396e-02
2.734332531690597534e-02
2.769859135150909424e-02
2.791516482830047607e-02
2.804905548691749573e-02
2.807958796620368958e-02
2.802981436252593994e-02
2.793928608298301697e-02
2.793928608298301697e-02
2.802220173180103302e-02
2.816208451986312866e-02
2.824493311345577240e-02
2.819044701755046844e-02
2.807996235787868500e-02
2.798077277839183807e-02
2.792998217046260834e-02
2.795919403433799744e-02
2.806981466710567474e-02
2.827456779778003693e-02
2.827456779778003693e-02
2.850826084613800049e-02
2.870630286633968353e-02
2.885785140097141266e-02
2.904026396572589874e-02
2.922703698277473450e-02
2.942745387554168701e-02
2.964965999126434326e-02
2.987412177026271820e-02
3.015994280576705933e-02
3.037805669009685516e-02
3.037805669009685516e-02
3.047692775726318359e-02
3.049839660525321960e-02
3.047987259924411774e-02
3.046672046184539795e-02
3.047027811408042908e-02
3.050538711249828339e-02
3.051900491118431091e-02
3.044731728732585907e-02
3.023407980799674988e-02
2.998503483831882477e-02
2.998503483831882477e-02
2.978613413870334625e-02
2.967074699699878693e-02
2.959666028618812561e-02
2.953758463263511658e-02
2.948027290403842926e-02
2.935692295432090759e-02
2.916528657078742981e-02
2.898878976702690125e-02
2.893254533410072327e-02
2.890137583017349243e-02
