3.222614154219627380e-02
3.383595123887062073e-02
3.385623544454574585e-02
3.373124822974205017e-02
3.371648117899894714e-02
3.342430293560028076e-02
3.294499218463897705e-02
3.213495761156082153e-02
3.120010718703269958e-02
3.028219938278198242e-02
2.940742485225200653e-02
2.940742485225200653e-02
2.859174646437168121e-02
2.790421806275844574e-02
2.729440852999687195e-02
2.675656788051128387e-02
2.637146599590778351e-02
2.618600986897945404e-02
2.586319483816623688e-02
2.545596845448017120e-02
2.523787319660186768e-02
2.494987286627292633e-02
2.494987286627292633e-02
2.463422901928424835e-02
2.436188049614429474e-02
2.410141751170158386e-02
2.376572228968143463e-02
2.358081005513668060e-02
2.343022264540195465e-02
2.325420640408992767e-02
2.317826077342033386e-02
2.308288775384426117e-02
2.280699275434017181e-02
2.280699275434017181e-02
2.247394621372222900e-02
2.210694923996925354e-02
2.184171415865421295e-02
2.161608450114727020e-02
2.160089835524559021e-02
2.159306965768337250e-02
2.180868014693260193e-02
2.191602438688278198e-02
2.211914584040641785e-02
2.218598872423171997e-02
2.218598872423171997e-02
2.214593812823295593e-02
2.215058356523513794e-02
2.208158187568187714e-02
2.193945460021495819e-02
2.176592871546745300e-02
2.163514681160449982e-02
2.148140780627727509e-02
2.175367809832096100e-02
2.199107594788074493e-02
2.227089554071426392e-02
2.227089554071426392e-02
2.255420386791229248e-02
2.278497628867626190e-02
2.302928641438484192e-02
2.329990454018115997e-02
2.357113920152187347e-02
2.377298101782798767e-02
2.400548011064529419e-02
2.406345680356025696e-02
2.410153113305568695e-02
2.404700592160224915e-02
2.404700592160224915e-02
2.398025058209896088e-02
2.389300055801868439e-02
2.406286448240280151e-02
2.416324801743030548e-02
2.438407577574253082e-02
2.466079778969287872e-02
2.498683892190456390e-02
2.533372864127159119e-02
2.562785893678665161e-02
2.594758197665214539e-02
2.594758197665214539e-02
2.624980919063091278e-02
2.642868645489215851e-02
2.660682983696460724e-02
2.680865488946437836e-02
2.688350714743137360e-02
2.701425924897193909e-02
2.723028510808944702e-02
2.740463241934776306e-02
2.745648100972175598e-02
2.753505483269691467e-02
2.753505483269691467e-02
2.750947140157222748e-02
2.748793549835681915e-02
2.744145318865776062e-02
2.740430459380149841e-02
2.730818837881088257e-02
2.732113748788833618e-02
2.718603238463401794e-02
2.710481174290180206e-02
2.706233225762844086e-02
2.688678540289402008e-02
2.688678540289402008e-02
2.656485885381698608e-02
2.630304917693138123e-02
2.614626474678516388e-02
2.605914883315563202e-02
2.593126893043518066e-02
2.583896182477474213e-02
2.586611546576023102e-02
2.576055750250816345e-02
2.572930976748466492e-02
2.559160813689231873e-02
2.559160813689231873e-02
2.559177763760089874e-02
2.577861957252025604e-02
2.594016492366790771e-02
2.596774511039257050e-02
2.599681541323661804e-02
2.596255764365196228e-02
2.570543438196182251e-02
2.546336129307746887e-02
2.530232630670070648e-02
2.530324831604957581e-02
2.530324831604957581e-02
2.536222897469997406e-02
2.542709931731224060e-02
2.559435740113258362e-02
2.592264488339424133e-02
2.625721506774425507e-02
2.657489478588104248e-02
2.700835652649402618e-02
2.749637514352798462e-02
2.801714837551116943e-02
2.836043387651443481e-02
2.836043387651443481e-02
2.872804366052150726e-02
2.901541069149971008e-02
2.921126596629619598e-02
2.934082597494125366e-02
2.952186204493045807e-02
2.959912829101085663e-02
2.964449301362037659e-02
2.956194058060646057e-02
2.946326136589050293e-02
2.947127632796764374e-02
2.947127632796764374e-02
2.889109216630458832e-02
2.844174951314926147e-02
2.802224829792976379e-02
2.763688378036022186e-02
2.726889587938785553e-02
2.702878043055534363e-02
2.696002274751663208e-02
2.686366252601146698e-02
2.683601155877113342e-02
2.690847776830196381e-02
2.690847776830196381e-02
2.715369127690792084e-02
2.745581045746803284e-02
2.782412245869636536e-02
2.823063917458057404e-02
2.867986634373664856e-02
2.916229888796806335e-02
2.967587672173976898e-02
3.027227148413658142e-02
3.090620785951614380e-02
3.163728117942810059e-02
3.163728117942810059e-02
3.229555115103721619e-02
3.285381570458412170e-02
3.336263820528984070e-02
3.378769755363464355e-02
3.423558175563812256e-02
3.465904295444488525e-02
3.500854969024658203e-02
3.536675125360488892e-02
3.568117320537567139e-02
3.600556775927543640e-02
3.600556775927543640e-02
3.629577904939651489e-02
3.653559461236000061e-02
3.656097874045372009e-02
3.656097874045372009e-02
3.658551722764968872e-02
3.668952733278274536e-02
3.690384700894355774e-02
3.710358589887619019e-02
3.733286261558532715e-02
3.763671591877937317e-02
3.763671591877937317e-02
3.795211389660835266e-02
3.833234682679176331e-02
3.870251402258872986e-02
3.900919109582901001e-02
3.930050507187843323e-02
3.956214338541030884e-02
3.988333046436309814e-02
4.015373811125755310e-02
4.038526862859725952e-02
4.079737514257431030e-02
4.079737514257431030e-02
4.118429124355316162e-02
4.158422350883483887e-02
4.200652614235877991e-02
4.234320670366287231e-02
4.253493249416351318e-02
4.277018085122108459e-02
4.291759803891181946e-02
4.313492774963378906e-02
4.332068189978599548e-02
4.353443533182144165e-02
4.353443533182144165e-02
4.380031302571296692e-02
4.397403821349143982e-02
4.402857646346092224e-02
4.403207451105117798e-02
4.403793066740036011e-02
4.416012391448020935e-02
4.424058645963668823e-02
4.435477405786514282e-02
4.441938921809196472e-02
4.437474533915519714e-02
4.437474533915519714e-02
4.426449537277221680e-02
4.406982287764549255e-02
4.377911612391471863e-02
4.368040710687637329e-02
4.364266619086265564e-02
4.360513389110565186e-02
4.353645816445350647e-02
4.345645383000373840e-02
4.344489052891731262e-02
4.344489052891731262e-02
4.344489052891731262e-02
4.343696683645248413e-02
4.330404847860336304e-02
4.313910007476806641e-02
4.287154227495193481e-02
4.263002425432205200e-02
4.234140366315841675e-02
4.205075278878211975e-02
4.178585857152938843e-02
4.159884527325630188e-02
4.156487807631492615e-02
4.156487807631492615e-02
4.151025786995887756e-02
4.139440506696701050e-02
4.131470620632171631e-02
4.119970649480819702e-02
4.103647544980049133e-02
4.085380584001541138e-02
4.064746946096420288e-02
4.032740369439125061e-02
3.998068720102310181e-02
3.959406539797782898e-02
3.959406539797782898e-02
3.921159356832504272e-02
3.884475305676460266e-02
3.849432989954948425e-02
3.798233345150947571e-02
3.752686455845832825e-02
3.713370114564895630e-02
3.698737546801567078e-02
3.690574690699577332e-02
3.669349476695060730e-02
3.658956661820411682e-02
3.658956661820411682e-02
3.666210919618606567e-02
3.672577440738677979e-02
3.678161650896072388e-02
3.698886930942535400e-02
3.711922094225883484e-02
3.714374080300331116e-02
3.726273030042648315e-02
3.737313672900199890e-02
3.751984983682632446e-02
3.760716691613197327e-02
3.760716691613197327e-02
3.784893825650215149e-02
3.805214911699295044e-02
3.819178417325019836e-02
3.840711712837219238e-02
3.876202180981636047e-02
3.913193196058273315e-02
3.955910354852676392e-02
3.994857519865036011e-02
4.024344310164451599e-02
4.038166254758834839e-02
4.038166254758834839e-02
4.049277678132057190e-02
4.076271876692771912e-02
4.111104458570480347e-02
4.153230413794517517e-02
4.211698472499847412e-02
4.289479926228523254e-02
4.364916682243347168e-02
4.445077478885650635e-02
4.530743137001991272e-02
4.607073590159416199e-02
4.607073590159416199e-02
4.687939211726188660e-02
4.749183729290962219e-02
4.794061556458473206e-02
4.846679791808128357e-02
4.891144484281539917e-02
4.934400320053100586e-02
4.979335516691207886e-02
5.024031922221183777e-02
5.066595971584320068e-02
5.125653371214866638e-02
5.125653371214866638e-02
5.189080908894538879e-02
5.246637016534805298e-02
5.292041972279548645e-02
5.322964489459991455e-02
5.336942151188850403e-02
5.329499393701553345e-02
5.305739492177963257e-02
5.261281505227088928e-02
5.205837264657020569e-02
5.137410759925842285e-02
5.137410759925842285e-02
5.050570517778396606e-02
4.953482747077941895e-02
4.881402850151062012e-02
4.831758141517639160e-02
4.820079356431961060e-02
4.821995645761489868e-02
4.819337651133537292e-02
4.815561324357986450e-02
4.815673828125000000e-02
4.814695939421653748e-02
4.814695939421653748e-02
4.819233715534210205e-02
4.831530526280403137e-02
4.860273003578186035e-02
4.900377988815307617e-02
4.934100434184074402e-02
4.973196983337402344e-02
4.986931383609771729e-02
5.004112422466278076e-02
5.005839094519615173e-02
5.011933296918869019e-02
5.011933296918869019e-02
5.011093243956565857e-02
5.011866241693496704e-02
4.997016116976737976e-02
4.974126443266868591e-02
4.958957433700561523e-02
4.949181899428367615e-02
4.941894114017486572e-02
4.936338588595390320e-02
4.937837645411491394e-02
4.937644302845001221e-02
4.937644302845001221e-02
4.944162070751190186e-02
4.937293753027915955e-02
4.923308640718460083e-02
4.886345565319061279e-02
4.850139841437339783e-02
4.810832068324089050e-02
4.761322960257530212e-02
4.697015881538391113e-02
4.636818543076515198e-02
4.580004140734672546e-02
4.580004140734672546e-02
4.544358700513839722e-02
4.519352316856384277e-02
4.502877593040466309e-02
4.508509859442710876e-02
4.536230862140655518e-02
4.547275975346565247e-02
4.563044756650924683e-02
4.574095457792282104e-02
4.574007913470268250e-02
4.573782905936241150e-02
4.573782905936241150e-02
4.582769796252250671e-02
4.580742493271827698e-02
4.600699618458747864e-02
4.622777923941612244e-02
4.631449282169342041e-02
4.614631831645965576e-02
4.608555883169174194e-02
4.593273997306823730e-02
4.563282057642936707e-02
4.526535049080848694e-02
4.526535049080848694e-02
4.495367035269737244e-02
4.474364593625068665e-02
4.470689594745635986e-02
4.480934143066406250e-02
4.511336237192153931e-02
4.547420889139175415e-02
4.580341279506683350e-02
4.604164883494377136e-02
4.604164883494377136e-02
4.604164883494377136e-02
4.604164883494377136e-02
4.634056240320205688e-02
4.624905064702033997e-02
4.602558538317680359e-02
4.587507992982864380e-02
4.572321474552154541e-02
4.568401351571083069e-02
4.585500061511993408e-02
4.612521827220916748e-02
4.653488472104072571e-02
4.697049781680107117e-02
4.697049781680107117e-02
4.743837192654609680e-02
4.778126999735832214e-02
4.808001220226287842e-02
4.818105697631835938e-02
4.806709289550781250e-02
4.782791063189506531e-02
4.756443202495574951e-02
4.717933386564254761e-02
4.682026058435440063e-02
4.655737802386283875e-02
4.655737802386283875e-02
4.637878760695457458e-02
4.615175351500511169e-02
4.589417204260826111e-02
4.561107605695724487e-02
4.544017091393470764e-02
4.514065757393836975e-02
4.481118172407150269e-02
4.454780742526054382e-02
4.418590664863586426e-02
4.380892217159271240e-02
4.380892217159271240e-02
4.340581968426704407e-02
4.314877465367317200e-02
4.291937500238418579e-02
4.272429645061492920e-02
4.253016039729118347e-02
4.233362898230552673e-02
4.209502786397933960e-02
4.173957556486129761e-02
4.138321056962013245e-02
4.107516258955001831e-02
4.107516258955001831e-02
4.082253575325012207e-02
4.060119763016700745e-02
4.035584628582000732e-02
4.000411927700042725e-02
3.962250426411628723e-02
3.930326551198959351e-02
3.903365880250930786e-02
3.871598467230796814e-02
3.848587349057197571e-02
3.832076489925384521e-02
3.832076489925384521e-02
3.805292025208473206e-02
3.805292025208473206e-02
3.787257149815559387e-02
3.773286566138267517e-02
3.770886361598968506e-02
3.778069466352462769e-02
3.778069466352462769e-02
3.778069466352462769e-02
3.778069466352462769e-02
3.786474838852882385e-02
3.786474838852882385e-02
3.791185468435287476e-02
3.802854195237159729e-02
3.831862658262252808e-02
3.857151791453361511e-02
3.854323551058769226e-02
3.841939568519592285e-02
3.815787285566329956e-02
3.793715313076972961e-02
3.767180815339088440e-02
3.726276010274887085e-02
3.726276010274887085e-02
3.694825619459152222e-02
3.665953502058982849e-02
3.637721389532089233e-02
3.611988946795463562e-02
3.575903922319412231e-02
3.542404621839523315e-02
3.506255894899368286e-02
3.464544564485549927e-02
3.422769904136657715e-02
3.385737165808677673e-02
3.385737165808677673e-02
3.346030786633491516e-02
3.315347805619239807e-02
3.283198177814483643e-02
3.259496018290519714e-02
3.234368190169334412e-02
3.214709088206291199e-02
3.207489103078842163e-02
3.200963139533996582e-02
3.183297440409660339e-02
3.159356117248535156e-02
3.159356117248535156e-02
3.136317804455757141e-02
3.107218444347381592e-02
3.068638592958450317e-02
3.007986396551132202e-02
2.945576608180999756e-02
2.886400558054447174e-02
2.826920151710510254e-02
2.774478308856487274e-02
2.730879001319408417e-02
2.733442746102809906e-02
2.733442746102809906e-02
2.705258131027221680e-02
2.661663666367530823e-02
2.600552141666412354e-02
2.517511136829853058e-02
2.422780916094779968e-02
2.331663109362125397e-02
2.249307557940483093e-02
2.177676931023597717e-02
2.120823599398136139e-02
2.078263461589813232e-02
2.078263461589813232e-02
2.050246298313140869e-02
2.031516470015048981e-02
2.033484168350696564e-02
2.029525674879550934e-02
2.026571519672870636e-02
2.016347460448741913e-02
2.003522589802742004e-02
1.989600807428359985e-02
1.973644830286502838e-02
1.953044347465038300e-02
1.953044347465038300e-02
1.927706599235534668e-02
1.919135265052318573e-02
1.911227591335773468e-02
1.900801435112953186e-02
1.878213882446289062e-02
1.843149401247501373e-02
1.794152706861495972e-02
1.744404807686805725e-02
1.699845492839813232e-02
1.650547608733177185e-02
1.650547608733177185e-02
1.613316684961318970e-02
1.589958183467388153e-02
1.584986597299575806e-02
1.595650985836982727e-02
1.607042364776134491e-02
1.630704663693904877e-02
1.642095111310482025e-02
1.634820923209190369e-02
1.619744487106800079e-02
1.576180383563041687e-02
1.576180383563041687e-02
1.517159398645162582e-02
1.456845831125974655e-02
1.405533123761415482e-02
1.371647138148546219e-02
1.363640930503606796e-02
1.366806495934724808e-02
1.402783207595348358e-02
1.449253037571907043e-02
1.493954565376043320e-02
1.515683904290199280e-02
1.515683904290199280e-02
1.526926178485155106e-02
1.519712153822183609e-02
1.495142094790935516e-02
1.471314858645200729e-02
1.449053548276424408e-02
1.421974226832389832e-02
1.405362132936716080e-02
1.389974355697631836e-02
1.384385023266077042e-02
1.385966688394546509e-02
