3.156944330047523756e-02
3.156944330047523756e-02
3.150956876862655298e-02
3.086916305300932070e-02
3.060586269353084143e-02
3.049717746420862671e-02
3.038606144390167130e-02
3.045503850723092071e-02
3.034414104945379678e-02
3.030021465698943747e-02
3.026731306235071542e-02
3.022083356474177321e-02
3.022083356474177321e-02
3.007942085081753356e-02
2.982204606057637167e-02
2.959629633828414139e-02
2.945126646242392926e-02
2.913416010424467115e-02
2.885766939948873969e-02
2.862622499171958712e-02
2.834147214676474222e-02
2.784810751344057173e-02
2.718586222663057356e-02
2.718586222663057356e-02
2.662061549928725068e-02
2.633212674431834738e-02
2.616199580605699238e-02
2.614495181902013951e-02
2.607433724489484697e-02
2.577719941268377321e-02
2.548242528358096379e-02
2.506220799200933186e-02
2.464206667642192261e-02
2.419677485639888312e-02
2.419677485639888312e-02
2.389321870197854553e-02
2.357052251887436708e-02
2.339588191331562830e-02
2.326035468516060231e-02
2.310244382938060961e-02
2.296210130723172135e-02
2.296593867715692946e-02
2.298050149797452660e-02
2.320077750177362841e-02
2.348414279377504174e-02
2.348414279377504174e-02
2.392235114921629352e-02
2.442820425177591112e-02
2.495245195179007086e-02
2.555602483071617997e-02
2.612950229843159430e-02
2.672812132784763151e-02
2.752666016547367783e-02
2.840659277085350390e-02
2.895050626843289482e-02
2.950635500573161457e-02
2.950635500573161457e-02
3.014331883387615096e-02
3.077863079120996687e-02
3.131279551385842547e-02
3.189714011217919393e-02
3.236108034020358792e-02
3.283476512479199111e-02
3.337720042954522848e-02
3.380363186038125300e-02
3.414212176717382891e-02
3.446847726632502884e-02
3.446847726632502884e-02
3.472299929212477321e-02
3.470857497168627209e-02
3.471055000267306290e-02
3.487149956008959301e-02
3.485902068126962156e-02
3.491286193572773477e-02
3.491815292645818192e-02
3.506232263440554886e-02
3.530258389742884501e-02
3.534537354917476754e-02
3.534537354917476754e-02
3.538416332474221548e-02
3.544692271452873356e-02
3.548244238403066436e-02
3.551975287961464667e-02
3.547020629928390734e-02
3.543036021547642939e-02
3.542367459063116425e-02
3.541761530939228214e-02
3.551553842381147824e-02
3.561325709348687335e-02
3.561325709348687335e-02
3.566804879701142988e-02
3.594615989510486359e-02
3.613714358163477164e-02
3.637936228233609043e-02
3.647611206016630053e-02
3.640371005757987721e-02
3.638287926969382968e-02
3.636479781025421520e-02
3.646326674247224453e-02
3.670148347713745457e-02
3.670148347713745457e-02
3.683265728965010033e-02
3.691210842468437003e-02
3.692935452503494365e-02
3.688027020808438278e-02
3.685060185077732725e-02
3.674456327265675226e-02
3.667877280738398443e-02
3.659734453755969508e-02
3.667714774322608506e-02
3.653177252853176404e-02
3.653177252853176404e-02
3.644187647167344835e-02
3.630232073162447531e-02
3.606777534176018596e-02
3.582801896654176643e-02
3.557803594284159043e-02
3.566547182875632466e-02
3.585925799653497115e-02
3.626290086020032138e-02
3.665095704082246136e-02
3.695146895657627079e-02
3.695146895657627079e-02
3.736426000448396512e-02
3.761027513324231158e-02
3.781746337889839438e-02
3.795802602830070094e-02
3.806287003599059804e-02
3.794358902085757934e-02
3.778847909283875039e-02
3.754173189550887718e-02
3.730751870691175615e-02
3.706959622679233124e-02
3.706959622679233124e-02
3.707282772464590148e-02
3.709608201689960222e-02
3.716880569507536453e-02
3.741908248773868906e-02
3.775455655423021889e-02
3.834553213300834901e-02
3.896779817384592171e-02
3.956264754504772163e-02
4.016644517371054102e-02
4.044572862661580115e-02
4.044572862661580115e-02
4.062394929308734554e-02
4.056553886679003379e-02
4.064939419035177443e-02
4.102926663468570156e-02
4.120269975941186213e-02
4.141254903590409209e-02
4.144037831616427525e-02
4.149520404893434350e-02
4.140487015843168778e-02
4.122371981873634850e-02
4.122371981873634850e-02
4.086201463189103461e-02
4.051089574101172930e-02
4.010657040578004262e-02
4.000064405471393664e-02
4.003123699047401313e-02
4.005267420873531714e-02
4.023925202705279369e-02
4.034108612160047791e-02
4.037383946396685963e-02
4.019299198172059800e-02
4.019299198172059800e-02
4.005349195683303998e-02
3.998627039161188612e-02
3.995717096733025081e-02
3.978670353634916612e-02
3.959463908793055958e-02
3.954550588645920628e-02
3.941572421521065406e-02
3.940011740178190475e-02
3.938428041593631385e-02
3.942314364658916492e-02
3.942314364658916492e-02
3.943010005273308444e-02
3.937389586017463888e-02
3.950612886859337924e-02
3.967636563676315425e-02
3.991157023836545276e-02
3.985838572248680961e-02
3.976228593402954953e-02
3.964080836264820967e-02
3.951967663373406187e-02
3.950100038794616270e-02
3.950100038794616270e-02
3.953976741652103638e-02
3.953928685801546411e-02
3.958059540037604102e-02
3.983826636072482219e-02
3.993147589413834769e-02
4.014959469549801013e-02
4.028188760552097597e-02
4.029250931778854267e-02
4.025770188659291010e-02
4.031431860365409375e-02
4.031431860365409375e-02
4.006108424861300893e-02
3.981712867714272408e-02
3.963620313837253051e-02
3.990521785332304394e-02
4.030231314801201864e-02
4.037348033056710472e-02
4.035348962661805539e-02
4.034141146303459047e-02
4.048611308742255249e-02
4.055902989121569491e-02
4.055902989121569491e-02
4.065310942431759472e-02
4.074645369587383964e-02
4.084354099961190476e-02
4.091557090911706468e-02
4.096872408861419040e-02
4.094138076325614523e-02
4.074414123449750930e-02
4.063872913367724826e-02
4.055731155054244363e-02
4.049762923626967770e-02
4.049762923626967770e-02
4.052247700320381341e-02
4.034099735559169148e-02
4.014391085032230355e-02
3.988291938351824772e-02
3.981647247125847527e-02
3.992074578526373652e-02
3.989058096594260555e-02
3.990308959796663030e-02
3.983575934715682249e-02
3.960090280831896070e-02
3.960090280831896070e-02
3.933934417377182857e-02
3.899088642240959579e-02
3.874509392594131102e-02
3.859127368316886408e-02
3.848866860812549112e-02
3.848919751097751307e-02
3.835610778598178700e-02
3.799370317415323023e-02
3.749063808658941593e-02
3.710806319146202348e-02
3.710806319146202348e-02
3.657843106994976279e-02
3.606763389174099527e-02
3.565786072223504216e-02
3.546469585481248216e-02
3.532259411346650585e-02
3.518555734830700055e-02
3.504283244520133705e-02
3.497026420835291916e-02
3.476547406089997017e-02
3.453556684718794845e-02
3.453556684718794845e-02
3.439686544896834036e-02
3.412462978973238720e-02
3.384045626135240986e-02
3.347068130345472875e-02
3.329750672074861112e-02
3.304402593304420904e-02
3.290628675701720574e-02
3.263349968419182456e-02
3.210466152656283462e-02
3.145730572650666523e-02
3.145730572650666523e-02
3.093317626938711998e-02
3.063333861274594380e-02
3.029389701119426792e-02
3.013324950513206896e-02
2.996798805621134557e-02
2.987236192700027868e-02
2.966523202983600838e-02
2.925795480369707685e-02
2.902127406817800112e-02
2.879607118622678000e-02
2.879607118622678000e-02
2.866036422171643755e-02
2.844507845898464754e-02
2.845531377167341905e-02
2.845466068820362918e-02
2.836215751126163614e-02
2.807236810787572950e-02
2.784976818443108196e-02
2.759519171492162692e-02
2.758797901595279323e-02
2.761124990473320245e-02
2.761124990473320245e-02
2.756532165354307756e-02
2.720199996036002169e-02
2.676217675304122176e-02
2.621160896034285120e-02
2.584177443056338841e-02
2.573959717287427340e-02
2.583363584304957869e-02
2.601039033033204079e-02
2.603113669342936240e-02
2.583499186155847546e-02
2.583499186155847546e-02
2.572025777882382819e-02
2.540745292599370930e-02
2.516414577495129992e-02
2.503776698393855860e-02
2.491115820745260293e-02
2.482331757471968950e-02
2.476136069670963405e-02
2.462683088870784923e-02
2.450124956260352552e-02
2.408075319135218398e-02
2.408075319135218398e-02
2.361942505605098275e-02
2.349804490418998942e-02
2.344015410755012283e-02
2.217912683709525809e-02
2.133148222616678205e-02
2.070567044872183293e-02
2.031401817127994128e-02
2.010330954380275606e-02
1.990244836549070334e-02
1.958140399393563241e-02
1.958140399393563241e-02
1.920535589758612730e-02
1.880377485526442405e-02
1.828096939401419735e-02
1.788975135503758848e-02
1.768728110304203932e-02
1.754724082050720946e-02
1.754747452729630772e-02
1.753189761953300937e-02
1.742260078908575149e-02
1.729227988824282719e-02
1.729227988824282719e-02
1.719253715664146448e-02
1.709818863840480846e-02
1.694082802619093289e-02
1.681790821402971703e-02
1.665303676384035855e-02
1.653722282332219240e-02
1.645307134702892957e-02
1.644409605868240795e-02
1.637524100979547564e-02
1.624283680847750377e-02
1.624283680847750377e-02
1.606397781025158469e-02
1.599126743010998580e-02
1.589275994220315860e-02
1.575435573538532322e-02
1.565444977782295619e-02
1.557720009007371002e-02
1.553328860127666140e-02
1.551935037901507226e-02
1.544968728194356065e-02
1.538853661605356707e-02
1.538853661605356707e-02
1.520389855898633680e-02
1.507583359174056656e-02
1.497413187120374620e-02
1.484224531143404045e-02
1.470409898148524949e-02
1.457609013825849655e-02
1.449132578825686364e-02
1.443053801215132305e-02
1.440189068549765569e-02
1.443242375595851605e-02
1.443242375595851605e-02
1.445456700408222564e-02
1.447155827176235809e-02
1.446327137244359483e-02
1.449941798857542173e-02
1.450106355180966720e-02
1.454479851005614083e-02
1.452124782247484272e-02
1.445967235047077026e-02
1.438177075960489840e-02
1.438801432550065700e-02
1.438801432550065700e-02
1.444093628633265347e-02
1.450193430222689039e-02
1.454149781076218007e-02
1.455738950746446672e-02
1.458092703255490022e-02
1.450252313563199849e-02
1.445972970562954714e-02
1.448614248007913836e-02
1.452478021893659557e-02
1.462235053375600044e-02
1.462235053375600044e-02
1.475196736170931305e-02
1.484299317777175962e-02
1.483673744624652152e-02
1.481723873605390006e-02
1.479256253786531174e-02
1.469904877917964023e-02
1.458206661575547902e-02
1.451327344687660184e-02
1.449968251502457318e-02
1.444114141574501242e-02
1.444114141574501242e-02
1.437111444877448192e-02
1.433530437908862344e-02
1.428005625926776628e-02
1.418593038470594182e-02
1.406085252744874135e-02
1.391779139287204793e-02
1.382757553139256704e-02
1.364045426604108303e-02
1.355170566507272849e-02
1.356169080960828791e-02
1.356169080960828791e-02
1.360438781992705237e-02
1.371737826874174990e-02
1.385119973620476015e-02
1.395002021016926441e-02
1.399174924702480984e-02
1.393107608596903628e-02
1.377477396413150958e-02
1.366130304418521589e-02
1.369337914875924135e-02
1.372141381245250459e-02
1.372141381245250459e-02
1.367545945670981151e-02
1.371657845081004218e-02
1.375971051414652188e-02
1.377042294084617272e-02
1.374421917544546741e-02
1.366181986987143743e-02
1.358091817202425333e-02
1.356254355822638161e-02
1.355566104841575241e-02
1.393514648471419135e-02
1.393514648471419135e-02
1.422357507581912400e-02
1.436932398371678667e-02
1.430002582662173553e-02
1.395742925119076300e-02
1.359962566778757757e-02
1.312565790734613984e-02
1.269782475294172104e-02
1.242620988246620484e-02
1.226269702478154609e-02
1.223738728702673806e-02
1.223738728702673806e-02
1.235843627125067339e-02
1.263330756748116783e-02
1.295456765592235479e-02
1.327065021689583652e-02
1.348621557234845614e-02
1.365774475406607638e-02
1.366251439676602689e-02
1.354314130829737707e-02
1.341748376076863994e-02
1.331855768760800002e-02
1.331855768760800002e-02
1.323941231976000742e-02
1.322798430166118901e-02
1.324497149285644264e-02
1.332398321157529653e-02
1.345859073715644991e-02
1.365129147287647698e-02
1.379067887620517505e-02
1.399486911980846529e-02
1.415006057108877599e-02
1.426473499252535297e-02
1.426473499252535297e-02
1.433207420602472873e-02
1.436658157568829544e-02
1.432722293356833085e-02
1.424410622799733052e-02
1.409660588045450781e-02
1.398116071562687489e-02
1.391976719830145467e-02
1.384379259745396364e-02
1.380772951039432525e-02
1.377876599177324697e-02
1.377876599177324697e-02
1.377561741076831561e-02
1.377352748789019247e-02
1.371054352880328626e-02
1.362830526404047553e-02
1.352482206106991013e-02
1.335716365001507998e-02
1.324343092143191736e-02
1.316795947793489296e-02
1.318005736316838102e-02
1.328470387418885512e-02
1.328470387418885512e-02
1.339788522784291294e-02
1.348541777866246738e-02
1.359025138985308842e-02
1.364818351075205993e-02
1.365604691450172242e-02
1.361824175269069764e-02
1.357818567600439785e-02
1.353188300297649901e-02
1.356189128372947694e-02
1.364922919729904226e-02
1.364922919729904226e-02
1.368977490026101682e-02
1.371883696144436150e-02
1.372079306789415580e-02
1.364574788197928448e-02
1.354836929976585384e-02
1.344473272804305730e-02
1.334764356570840825e-02
1.324816839264989464e-02
1.323698245534007424e-02
1.326625690719515985e-02
1.326625690719515985e-02
1.331368506700946960e-02
1.333704567914168609e-02
1.332147556105017089e-02
1.331541916015003928e-02
1.332338932859887526e-02
1.330458838938056859e-02
1.326551111855475348e-02
1.326347461131578698e-02
1.327816559623150837e-02
1.326769081153117251e-02
1.326769081153117251e-02
1.327152909386004886e-02
1.326196023068014138e-02
1.323954870138874772e-02
1.319809994517749489e-02
1.315519566082750877e-02
1.312197659780913947e-02
1.309374559399274426e-02
1.307361933883748918e-02
1.306656086523474113e-02
1.307722185405314590e-02
1.307722185405314590e-02
1.310673243648447298e-02
1.314245213642198026e-02
1.319252147943609024e-02
1.321163602429251821e-02
1.327628728189529823e-02
1.333678457859580578e-02
1.334649557258203029e-02
1.331148709639343869e-02
1.325552410188236656e-02
1.317756276157485557e-02
1.317756276157485557e-02
1.308749698162157277e-02
1.300808432827865214e-02
1.299628693358025402e-02
1.305151934830153793e-02
1.307727054158389253e-02
1.310008460068797301e-02
1.307423459475434181e-02
1.301212407725836628e-02
1.290481116428139965e-02
1.279473477348885314e-02
1.279473477348885314e-02
1.270632404250492467e-02
1.259566321080212402e-02
1.250589693372903058e-02
1.243510493610582718e-02
1.237424076651599467e-02
1.230985632779310265e-02
1.223862906033901764e-02
1.212187514351456032e-02
1.192167073839839678e-02
1.171495486175226121e-02
1.171495486175226121e-02
1.155118412403537131e-02
1.147365147295057765e-02
1.149375340449556443e-02
1.155050015935208882e-02
1.153425957634776795e-02
1.149383363440636789e-02
1.143222938398356404e-02
1.135844085803402494e-02
1.130354956367994081e-02
1.126821140782179563e-02
1.126821140782179563e-02
1.130644804753703006e-02
1.131291783938579570e-02
1.130410993491423079e-02
1.129917068888597505e-02
1.124592197136695983e-02
1.115136596255159734e-02
1.112113968772957331e-02
1.110545815862506482e-02
1.112673621750991798e-02
1.120479615926873139e-02
1.120479615926873139e-02
1.130035196709055882e-02
1.135458986039724824e-02
1.139569397724777416e-02
1.140241170850612475e-02
1.134502976801734717e-02
1.130325788360014849e-02
1.128908370867092933e-02
1.128963727460866734e-02
1.133832859194228160e-02
1.140204849544259116e-02
1.140204849544259116e-02
1.147773877247660820e-02
1.152784748463531357e-02
1.157207363438006627e-02
1.158470129987863514e-02
1.157770228096227476e-02
1.155054065014987121e-02
1.154665862735045935e-02
1.162366169362655070e-02
1.168809752070347138e-02
1.167375494866883245e-02
1.167375494866883245e-02
1.171303343432562351e-02
1.174287741182423669e-02
1.177543194550017581e-02
1.181709787356114046e-02
1.189038004139945232e-02
1.196969354589303737e-02
1.203508791041791107e-02
1.205305028605801673e-02
1.205216088816802623e-02
1.204103416577308530e-02
1.204103416577308530e-02
1.198209248584653289e-02
1.193176999703692877e-02
1.190508679917854327e-02
1.193245615003693701e-02
1.195763907468371315e-02
1.197868622681469951e-02
1.200212650053703381e-02
1.199222827549132134e-02
1.196273843731278548e-02
1.195471321337096375e-02
1.195471321337096375e-02
1.195316368567199763e-02
1.197411542874875570e-02
1.195740338174559360e-02
1.195898047265539672e-02
1.198571342387277396e-02
1.203450101911409179e-02
1.210362821809709589e-02
1.218217384188389520e-02
1.220813339771934132e-02
1.220800977556867062e-02
1.220800977556867062e-02
1.220595216525413758e-02
1.220141228574050420e-02
1.215171105478293767e-02
1.210844486303954554e-02
1.210566002303959700e-02
1.208575327513593083e-02
1.197938046325543529e-02
1.181402751014958181e-02
1.163852616543523816e-02
1.142039508117073145e-02
1.142039508117073145e-02
1.124639102996960460e-02
1.113393231594513727e-02
1.102275673384822512e-02
1.093052319795319305e-02
1.088999185864692257e-02
1.093216045670244302e-02
1.099466208810885234e-02
1.099343016952248481e-02
1.101322522931594793e-02
1.104244451929062461e-02
1.104244451929062461e-02
1.106855317087991446e-02
1.113787050087136458e-02
1.123584869275991507e-02
1.138393012500479515e-02
1.146544808528588213e-02
1.151675091060309387e-02
1.158484157680327205e-02
1.168030594858938606e-02
1.181588429634796572e-02
1.195110590647659524e-02
1.195110590647659524e-02
1.203733475614960149e-02
1.212893707168809232e-02
1.218244367556588735e-02
1.220894349908418011e-02
1.223743110892138233e-02
1.226238552232722726e-02
1.223339008056500976e-02
1.222899227933148779e-02
1.220609667251458356e-02
1.213743283994595315e-02
1.213743283994595315e-02
1.210844837952163022e-02
1.210317581639914347e-02
1.209888205347621308e-02
1.209743289029983904e-02
1.211108616226843834e-02
1.208236379481144630e-02
1.208452726997519960e-02
1.202053741581675557e-02
1.192499008342436800e-02
1.187237166714091158e-02
