3.156236231439046164e-02
2.996310702759944281e-02
2.844329430467011990e-02
2.723055592794015184e-02
2.649825536786364066e-02
2.593920587705842232e-02
2.580413938027211612e-02
2.575261758213288205e-02
2.567425531366568023e-02
2.568837862262771804e-02
2.571996855205744767e-02
2.571996855205744767e-02
2.586289400374865849e-02
2.599009687316712960e-02
2.601813235058872062e-02
2.613886817871050733e-02
2.627700961093631590e-02
2.630211702486903377e-02
2.605310564292454695e-02
2.575932311207257755e-02
2.552511674441467621e-02
2.531525468761314235e-02
2.531525468761314235e-02
2.513618277228750822e-02
2.500334654523246602e-02
2.492418428768022887e-02
2.469214505188123410e-02
2.450466066987324470e-02
2.456788240210356841e-02
2.457668914046043027e-02
2.465205376926070044e-02
2.469747745066994127e-02
2.470615894660380119e-02
2.470615894660380119e-02
2.461640710685009115e-02
2.437085537250874984e-02
2.428666440270476484e-02
2.422516465731492513e-02
2.405642695452276519e-02
2.392643581957810267e-02
2.340289917132084424e-02
2.320683314755379173e-02
2.284316895644457682e-02
2.270276590864715380e-02
2.270276590864715380e-02
2.258069762224054755e-02
2.235926750292071413e-02
2.215824464889238135e-02
2.227559636894592063e-02
2.242306753295127131e-02
2.278059555487522633e-02
2.310710239726625551e-02
2.335154708474417376e-02
2.352920377479480671e-02
2.352676714533338473e-02
2.352676714533338473e-02
2.359460149217599764e-02
2.378377555931255466e-02
2.386225488623112609e-02
2.392399396317184887e-02
2.422432858437047892e-02
2.453232129933603095e-02
2.478805148716912987e-02
2.503662381870900774e-02
2.520828236876416703e-02
2.537137220637498969e-02
2.537137220637498969e-02
2.551630878484159592e-02
2.566557514364734699e-02
2.613384464977425159e-02
2.648980022770875201e-02
2.675301648377735250e-02
2.699345563899897132e-02
2.715507707067350840e-02
2.721628184599169178e-02
2.722877705333693471e-02
2.720996551143450848e-02
2.720996551143450848e-02
2.714118063070182843e-02
2.716032791988610279e-02
2.718269810888951366e-02
2.722175810449103603e-02
2.730813389418057860e-02
2.723728401109215894e-02
2.714487485851178189e-02
2.706035023215037916e-02
2.695724181561515165e-02
2.686355348882902769e-02
2.686355348882902769e-02
2.670496463092722830e-02
2.659464618542562928e-02
2.640350396767473032e-02
2.620470814957511635e-02
2.592286064539888607e-02
2.564530197933310302e-02
2.539024479426648523e-02
2.514755547258255147e-02
2.495618469651425878e-02
2.477494870838348878e-02
2.477494870838348878e-02
2.451790877701420096e-02
2.423979588342743685e-02
2.382856716183439499e-02
2.337588390583245773e-02
2.289083929165654230e-02
2.255849214266771041e-02
2.222213737774656958e-02
2.194266934611142222e-02
2.171623167068100629e-02
2.160019048280051659e-02
2.160019048280051659e-02
2.137791490142483888e-02
2.129805480614081065e-02
2.116438069072864789e-02
2.121436041876978429e-02
2.119782210995670504e-02
2.121314256695441477e-02
2.105991163898997959e-02
2.094047098868579565e-02
2.085913377315929199e-02
2.014693315911281896e-02
2.014693315911281896e-02
1.941347903208836753e-02
1.882694519671217204e-02
1.833388534852065446e-02
1.792591608252848412e-02
1.759684361830897437e-02
1.733883508519144800e-02
1.701571691979970533e-02
1.669031307850279283e-02
1.627190957210016692e-02
1.596163968136514108e-02
1.596163968136514108e-02
1.574096622618198493e-02
1.562664742691351541e-02
1.556365527954476323e-02
1.555203341846841600e-02
1.562899018945087051e-02
1.562978944303169276e-02
1.561021632185190244e-02
1.555126975257467049e-02
1.535760085178790139e-02
1.519168444411540114e-02
