4.418078893242629451e-02
4.344187442035490204e-02
4.295719860573723320e-02
4.232575925006271805e-02
4.234646455457675984e-02
4.217801037376099627e-02
4.230554190637674655e-02
4.228298961003551515e-02
4.184303477863248605e-02
4.117155661488304530e-02
4.059288677870109829e-02
4.059288677870109829e-02
4.016679460133747159e-02
3.988098925814282519e-02
3.947939576800104516e-02
3.924874611942240354e-02
3.912936336413797705e-02
3.895972744893379941e-02
3.894150381739006073e-02
3.895841543701865362e-02
3.907836771588921870e-02
3.922744751081647802e-02
3.922744751081647802e-02
3.940953210064872952e-02
3.952583928058873985e-02
3.963019732399415684e-02
3.969332596863397317e-02
3.984446259572697185e-02
4.006357182526869287e-02
4.031887469984229977e-02
4.053117724574430841e-02
4.069253038849211107e-02
4.084287779156705461e-02
4.084287779156705461e-02
4.091278771521106999e-02
4.105688095825946876e-02
4.129954013069448565e-02
4.154704939453735674e-02
4.157838730040283592e-02
4.154235782552821027e-02
4.157443151148041555e-02
4.147624158773484393e-02
4.136805197472642054e-02
4.125972267720696279e-02
4.125972267720696279e-02
4.103858785659911940e-02
4.074051937624285913e-02
4.053174682891107217e-02
4.041115596940009214e-02
4.030289100674068481e-02
4.042194168478765309e-02
4.065580728231314722e-02
4.078800734000833511e-02
4.081637142875466778e-02
4.079611003837661787e-02
4.079611003837661787e-02
4.067056565268241386e-02
4.057025695050178737e-02
4.047170875209060020e-02
4.009391459480702441e-02
3.978725533382363594e-02
3.966437825562431352e-02
3.963268019374924928e-02
3.949598288824559406e-02
3.940105963869840883e-02
3.918289975454913865e-02
3.918289975454913865e-02
3.923815911531415568e-02
3.914962802454698826e-02
3.898048350440978804e-02
3.893878703184885243e-02
3.873678044832374462e-02
3.874234018356511461e-02
3.884882524777401314e-02
3.896693780944873731e-02
3.889673030029221906e-02
3.881122258905109201e-02
3.881122258905109201e-02
3.882961282974409928e-02
3.879015666200005125e-02
3.859561913629031005e-02
3.830775191069508284e-02
3.789700048929212084e-02
3.752045543489363616e-02
3.739356241914082446e-02
3.727886969782103627e-02
3.721356097164866400e-02
3.714698814052154463e-02
3.714698814052154463e-02
3.717919312521472675e-02
3.713987436780700341e-02
3.704081465423174346e-02
3.683681763379983987e-02
3.649714307423560650e-02
3.607866041897050263e-02
3.576711875355700898e-02
3.542933794343314929e-02
3.515867604840024196e-02
3.501741659312401084e-02
3.501741659312401084e-02
3.459418519560230471e-02
3.423147476985016757e-02
3.367063437472567200e-02
3.318956518297166286e-02
3.274543044458211316e-02
3.219419274295975270e-02
3.167474180728092892e-02
3.116116729034544910e-02
3.054297144461080166e-02
2.981814039211795261e-02
2.981814039211795261e-02
2.927372798055436973e-02
2.881304342938128746e-02
2.856669870226058103e-02
2.832620246462036473e-02
2.823684137695436219e-02
2.806688587062471443e-02
2.789801914833067373e-02
2.779006141825416873e-02
2.748710926798034887e-02
2.724980716172283393e-02
2.724980716172283393e-02
2.692521875104465778e-02
2.669636188904906879e-02
2.651278115533987553e-02
2.632071868917210469e-02
2.606752465190178072e-02
2.568427513110452601e-02
2.533618104025656820e-02
2.484205270199407387e-02
2.440635381718957858e-02
2.418395381165889396e-02
2.418395381165889396e-02
2.415857943554856890e-02
2.425796990436570807e-02
2.425508458365469716e-02
2.413562506349826650e-02
2.414914775705906055e-02
2.438020123807178169e-02
2.469587901516881456e-02
2.531541523407591920e-02
2.592757764126078432e-02
2.645890795354885125e-02
