5.434063065926794667e-02
5.518202130229421520e-02
5.586834949517094362e-02
5.663519296543110398e-02
5.742611593585950081e-02
5.826451539347555358e-02
5.913087865376705915e-02
5.998265280357552298e-02
6.087901470572489732e-02
6.182485146384682911e-02
6.274622489036595085e-02
6.370819460601376272e-02
6.429625507193929834e-02
6.494092265507188377e-02
6.559524720536685782e-02
6.627997461506256183e-02
6.702679619517479259e-02
6.773368532691689814e-02
6.852899860392965004e-02
6.941344555269157723e-02
7.022351072493210333e-02
7.092533700320056977e-02
7.161300671178222332e-02
7.217541764808203808e-02
7.270506839543457167e-02
7.316292852786847323e-02
7.362140344773544787e-02
7.402390036400695317e-02
7.432469706963514000e-02
7.453547907912788650e-02
7.473413271510497002e-02
7.473413271510497002e-02
7.490440612730432657e-02
7.503372443552114301e-02
7.514603551401244363e-02
7.521511574987473081e-02
7.519172032342212597e-02
7.513789357871859809e-02
7.507525440087271795e-02
7.494897525059800170e-02
7.477135583176543199e-02
7.471943765758176648e-02
7.435318086188820452e-02
7.396638434265213891e-02
7.358648454764656066e-02
7.313397828387754873e-02
7.271877566090660661e-02
7.229138384836480968e-02
7.192565790985555596e-02
7.156043747784761322e-02
7.122017285487711180e-02
7.094466325654964767e-02
7.072075457912506413e-02
7.064842174673909014e-02
7.053690352148118958e-02
7.048053181403603207e-02
7.041637641529890912e-02
7.027276719577495168e-02
7.015204813498640557e-02
7.007459975416063802e-02
6.998017100916967270e-02
6.990724353650024092e-02
