2.797351032495498657e-02
2.797351032495498657e-02
2.948473580181598663e-02
3.100276924669742584e-02
3.222784399986267090e-02
3.350054845213890076e-02
3.427286818623542786e-02
3.498578071594238281e-02
3.576961904764175415e-02
3.630866110324859619e-02
3.668186813592910767e-02
3.698751702904701233e-02
3.698751702904701233e-02
3.765559196472167969e-02
3.822205588221549988e-02
3.851107135415077209e-02
3.893177956342697144e-02
3.914009034633636475e-02
3.927946835756301880e-02
3.948908671736717224e-02
3.960145264863967896e-02
3.964337706565856934e-02
3.979742527008056641e-02
3.979742527008056641e-02
3.991094231605529785e-02
4.018437117338180542e-02
4.037746042013168335e-02
4.056109115481376648e-02
4.074335843324661255e-02
4.092551022768020630e-02
4.099562391638755798e-02
4.098187386989593506e-02
4.080158099532127380e-02
4.080146551132202148e-02
4.080146551132202148e-02
4.083944112062454224e-02
4.087377339601516724e-02
4.079612344503402710e-02
4.065624624490737915e-02
4.041711613535881042e-02
4.017852246761322021e-02
3.994203358888626099e-02
3.975197300314903259e-02
3.970592468976974487e-02
3.971700742840766907e-02
3.971700742840766907e-02
3.971785306930541992e-02
3.971316665410995483e-02
3.944438695907592773e-02
3.950796276330947876e-02
3.949784860014915466e-02
3.934381902217864990e-02
3.922329097986221313e-02
3.933267295360565186e-02
3.932629153132438660e-02
3.938598558306694031e-02
3.938598558306694031e-02
3.952968120574951172e-02
3.980572149157524109e-02
4.007314890623092651e-02
4.040674865245819092e-02
4.074380546808242798e-02
4.107215255498886108e-02
4.126111790537834167e-02
4.139217361807823181e-02
4.166840761899948120e-02
4.194200038909912109e-02
4.194200038909912109e-02
4.241704940795898438e-02
4.325369000434875488e-02
4.415341839194297791e-02
4.493035748600959778e-02
4.558617621660232544e-02
4.603386297821998596e-02
4.609432071447372437e-02
4.595819488167762756e-02
4.582741856575012207e-02
4.549217224121093750e-02
4.549217224121093750e-02
4.503407329320907593e-02
4.473468288779258728e-02
4.481868445873260498e-02
4.495079442858695984e-02
4.508395493030548096e-02
4.531095176935195923e-02
4.539816081523895264e-02
4.548260569572448730e-02
4.525020346045494080e-02
4.472445696592330933e-02
4.472445696592330933e-02
4.403959214687347412e-02
4.318882897496223450e-02
4.254750907421112061e-02
4.193220660090446472e-02
4.159637168049812317e-02
4.149310290813446045e-02
4.132838547229766846e-02
4.109637066721916199e-02
4.102931916713714600e-02
4.061581566929817200e-02
4.061581566929817200e-02
3.994771465659141541e-02
3.929604217410087585e-02
3.859883546829223633e-02
3.783123940229415894e-02
3.693988546729087830e-02
3.606206178665161133e-02
3.533816337585449219e-02
3.465244546532630920e-02
3.417365998029708862e-02
3.384894132614135742e-02
3.384894132614135742e-02
3.360167890787124634e-02
3.319519385695457458e-02
3.279092162847518921e-02
3.219277039170265198e-02
3.171569481492042542e-02
3.142558038234710693e-02
3.136272355914115906e-02
3.143398463726043701e-02
3.171244636178016663e-02
3.208876028656959534e-02
3.208876028656959534e-02
3.237152472138404846e-02
3.257414326071739197e-02
3.255655616521835327e-02
3.236128389835357666e-02
3.210876509547233582e-02
3.185127303004264832e-02
3.165606409311294556e-02
3.167153894901275635e-02
3.202858567237854004e-02
3.238358348608016968e-02
3.238358348608016968e-02
3.279993683099746704e-02
3.323073685169219971e-02
3.359804674983024597e-02
3.396226465702056885e-02
3.449352458119392395e-02
3.496346250176429749e-02
3.557985275983810425e-02
3.635952994227409363e-02
3.698292747139930725e-02
3.739553689956665039e-02
3.739553689956665039e-02
3.740760684013366699e-02
3.718610852956771851e-02
3.670257702469825745e-02
3.601767122745513916e-02
3.551987186074256897e-02
3.529621288180351257e-02
3.543538227677345276e-02
3.572031855583190918e-02
3.619588539004325867e-02
3.669099137187004089e-02
3.669099137187004089e-02
3.712075576186180115e-02
3.736432641744613647e-02
3.734983131289482117e-02
3.725697472691535950e-02
3.720549494028091431e-02
3.722556307911872864e-02
3.728673979640007019e-02
3.745992481708526611e-02
3.773641958832740784e-02
3.811129182577133179e-02
3.811129182577133179e-02
3.835405036807060242e-02
3.832941874861717224e-02
3.784835338592529297e-02
3.730312362313270569e-02
3.692258521914482117e-02
3.662641718983650208e-02
3.645265847444534302e-02
3.653628379106521606e-02
3.669454529881477356e-02
3.677324205636978149e-02
3.677324205636978149e-02
3.677285462617874146e-02
3.667995706200599670e-02
3.657556325197219849e-02
3.657556325197219849e-02
3.657556325197219849e-02
3.637582436203956604e-02
3.616923838853836060e-02
3.602990880608558655e-02
3.593585267663002014e-02
3.584256768226623535e-02
3.584256768226623535e-02
3.571675345301628113e-02
3.564806655049324036e-02
3.544062748551368713e-02
3.518742322921752930e-02
3.491918742656707764e-02
3.458325564861297607e-02
3.425323590636253357e-02
3.379280120134353638e-02
3.336631506681442261e-02
3.320090845227241516e-02
3.320090845227241516e-02
3.315692767500877380e-02
3.317579254508018494e-02
3.324351459741592407e-02
3.330070525407791138e-02
3.318442776799201965e-02
3.299358487129211426e-02
3.299860656261444092e-02
3.306814655661582947e-02
3.321577236056327820e-02
3.341019153594970703e-02
3.341019153594970703e-02
3.361505270004272461e-02
3.382479771971702576e-02
3.420845046639442444e-02
3.444465994834899902e-02
3.471733257174491882e-02
3.484153002500534058e-02
3.494229540228843689e-02
3.513596206903457642e-02
3.513596206903457642e-02
3.530390188097953796e-02
3.530390188097953796e-02
3.551235422492027283e-02
3.557115048170089722e-02
3.548651561141014099e-02
3.533035144209861755e-02
3.511344268918037415e-02
3.469901531934738159e-02
3.411649912595748901e-02
3.349912166595458984e-02
3.299755230545997620e-02
3.272577002644538879e-02
3.272577002644538879e-02
3.256745636463165283e-02
3.264039382338523865e-02
3.262036666274070740e-02
3.256338462233543396e-02
3.237551823258399963e-02
3.198449313640594482e-02
3.161486610770225525e-02
3.152879700064659119e-02
3.140802681446075439e-02
3.133126720786094666e-02
3.133126720786094666e-02
3.122787363827228546e-02
3.108888491988182068e-02
3.087487258017063141e-02
3.056359663605690002e-02
3.015183471143245697e-02
2.977969497442245483e-02
2.958321757614612579e-02
2.934423461556434631e-02
2.924855612218379974e-02
2.922683767974376678e-02
2.922683767974376678e-02
2.926431596279144287e-02
2.936033159494400024e-02
2.926841937005519867e-02
2.898919768631458282e-02
2.874490804970264435e-02
2.856105566024780273e-02
2.860050275921821594e-02
2.885704860091209412e-02
2.921264246106147766e-02
2.949690259993076324e-02
2.949690259993076324e-02
2.946658991277217865e-02
2.940599247813224792e-02
2.923517487943172455e-02
2.924547344446182251e-02
2.934042178094387054e-02
2.953067980706691742e-02
2.991761453449726105e-02
3.025878593325614929e-02
3.025878593325614929e-02
3.046179935336112976e-02
3.046179935336112976e-02
3.049536421895027161e-02
3.052205592393875122e-02
3.042546287178993225e-02
3.031757660210132599e-02
3.002868965268135071e-02
2.970894239842891693e-02
2.934918552637100220e-02
2.894898876547813416e-02
2.852426841855049133e-02
2.811232767999172211e-02
2.811232767999172211e-02
2.765203081071376801e-02
2.727755531668663025e-02
2.689174003899097443e-02
2.654982544481754303e-02
2.632165886461734772e-02
2.582487650215625763e-02
2.524281665682792664e-02
2.465778961777687073e-02
2.409925684332847595e-02
2.375314757227897644e-02
2.375314757227897644e-02
2.337540686130523682e-02
2.309251204133033752e-02
2.290045842528343201e-02
2.284391969442367554e-02
2.297931537032127380e-02
2.315329760313034058e-02
2.323653735220432281e-02
2.318469434976577759e-02
2.303238958120346069e-02
2.294060215353965759e-02
2.294060215353965759e-02
2.302906289696693420e-02
2.286059595644474030e-02
2.286704257130622864e-02
2.302199415862560272e-02
2.328730933368206024e-02
2.347177825868129730e-02
2.355182543396949768e-02
2.351712994277477264e-02
2.338083274662494659e-02
2.346262894570827484e-02
2.346262894570827484e-02
2.366609685122966766e-02
2.394215576350688934e-02
2.423826977610588074e-02
2.448556758463382721e-02
2.453950047492980957e-02
2.446461468935012817e-02
2.444451488554477692e-02
2.449989318847656250e-02
2.472971193492412567e-02
2.506073191761970520e-02
2.506073191761970520e-02
2.532995864748954773e-02
2.552725933492183685e-02
2.553738839924335480e-02
2.548083290457725525e-02
2.548663876950740814e-02
2.562816068530082703e-02
2.588704973459243774e-02
2.645049057900905609e-02
2.691916190087795258e-02
2.713697589933872223e-02
2.713697589933872223e-02
2.699015103280544281e-02
2.668573521077632904e-02
2.632035128772258759e-02
2.603491023182868958e-02
2.597755379974842072e-02
2.607954479753971100e-02
2.624716050922870636e-02
2.639044076204299927e-02
2.630423940718173981e-02
2.603068947792053223e-02
2.603068947792053223e-02
2.568399347364902496e-02
2.540554292500019073e-02
2.527626976370811462e-02
2.531024068593978882e-02
2.542503178119659424e-02
2.554112859070301056e-02
2.556396275758743286e-02
2.540481649339199066e-02
2.529334649443626404e-02
2.515083365142345428e-02
2.515083365142345428e-02
2.493662387132644653e-02
2.498983778059482574e-02
2.501178346574306488e-02
2.493977919220924377e-02
2.490488626062870026e-02
2.475877664983272552e-02
2.450414560735225677e-02
2.400496974587440491e-02
2.340991795063018799e-02
2.298271283507347107e-02
2.298271283507347107e-02
2.284142002463340759e-02
2.294465340673923492e-02
2.297788113355636597e-02
2.298822067677974701e-02
2.285224013030529022e-02
2.269757911562919617e-02
2.251421473920345306e-02
2.247672714293003082e-02
2.262680232524871826e-02
2.267792634665966034e-02
2.267792634665966034e-02
2.273968979716300964e-02
2.289422228932380676e-02
2.300846576690673828e-02
2.298191562294960022e-02
2.286179922521114349e-02
2.277567237615585327e-02
2.278546243906021118e-02
2.293022722005844116e-02
2.293406240642070770e-02
2.319478243589401245e-02
2.319478243589401245e-02
2.344896458089351654e-02
2.370572276413440704e-02
2.394618093967437744e-02
2.395565435290336609e-02
2.413532137870788574e-02
2.452090196311473846e-02
2.493808604776859283e-02
2.537842839956283569e-02
2.578771859407424927e-02
2.617703936994075775e-02
2.617703936994075775e-02
2.649417705833911896e-02
2.675511501729488373e-02
2.703577093780040741e-02
2.728315070271492004e-02
2.747384645044803619e-02
2.767661213874816895e-02
2.788477204740047455e-02
2.808732539415359497e-02
2.813932299613952637e-02
2.721758931875228882e-02
2.721758931875228882e-02
2.658265829086303711e-02
2.661326155066490173e-02
2.699630334973335266e-02
2.749733440577983856e-02
2.809589169919490814e-02
2.880216948688030243e-02
2.942251041531562805e-02
2.980558015406131744e-02
2.998057566583156586e-02
2.998867258429527283e-02
