2.337446808815002441e-02
3.132659941911697388e-02
3.634973615407943726e-02
4.023599997162818909e-02
4.085857048630714417e-02
4.219613969326019287e-02
4.244785383343696594e-02
4.245436564087867737e-02
4.173419997096061707e-02
4.021980240941047668e-02
3.808177635073661804e-02
3.808177635073661804e-02
3.576003760099411011e-02
3.324685245752334595e-02
3.059831075370311737e-02
2.823974750936031342e-02
2.567345649003982544e-02
2.345168404281139374e-02
2.224234119057655334e-02
2.211979404091835022e-02
2.298337779939174652e-02
2.416621334850788116e-02
2.416621334850788116e-02
2.560475468635559082e-02
2.636207453906536102e-02
2.794902957975864410e-02
3.001664578914642334e-02
3.231332451105117798e-02
3.299981728196144104e-02
3.350163996219635010e-02
3.458464890718460083e-02
3.529734537005424500e-02
3.665759786963462830e-02
3.665759786963462830e-02
3.837422654032707214e-02
3.960827738046646118e-02
4.081856459379196167e-02
4.237771406769752502e-02
4.385723546147346497e-02
4.562095180153846741e-02
4.702956601977348328e-02
4.876906797289848328e-02
5.028868466615676880e-02
5.161290243268013000e-02
5.161290243268013000e-02
5.136843398213386536e-02
5.046540871262550354e-02
4.801790416240692139e-02
4.550739005208015442e-02
4.330058023333549500e-02
4.133445397019386292e-02
3.923941031098365784e-02
3.689279779791831970e-02
3.481473773717880249e-02
3.377908840775489807e-02
3.377908840775489807e-02
3.300190716981887817e-02
3.249176964163780212e-02
3.206825256347656250e-02
3.228705003857612610e-02
3.276911750435829163e-02
3.313663229346275330e-02
3.285976126790046692e-02
3.210886940360069275e-02
3.133376687765121460e-02
3.140122070908546448e-02
3.140122070908546448e-02
3.196566179394721985e-02
3.210521861910820007e-02
3.209020569920539856e-02
3.244331106543540955e-02
3.283913806080818176e-02
3.323344513773918152e-02
3.338077291846275330e-02
3.267850354313850403e-02
3.234723955392837524e-02
3.196823224425315857e-02
3.196823224425315857e-02
3.138084709644317627e-02
3.198307007551193237e-02
3.242671489715576172e-02
3.286088630557060242e-02
3.222800046205520630e-02
3.181272372603416443e-02
3.086018376052379608e-02
2.974878065288066864e-02
2.910746075212955475e-02
2.867562323808670044e-02
2.867562323808670044e-02
2.865907177329063416e-02
2.869672887027263641e-02
2.905841171741485596e-02
2.986373007297515869e-02
3.098177723586559296e-02
3.114977106451988220e-02
3.077070787549018860e-02
2.997610904276371002e-02
2.922517806291580200e-02
2.891771681606769562e-02
2.891771681606769562e-02
2.763061597943305969e-02
2.665024995803833008e-02
2.610445022583007812e-02
2.582791261374950409e-02
2.576949074864387512e-02
2.598742209374904633e-02
2.682935819029808044e-02
2.662582509219646454e-02
2.614984475076198578e-02
2.614984475076198578e-02
2.614984475076198578e-02
2.603593282401561737e-02
2.573339268565177917e-02
2.550309710204601288e-02
2.559980377554893494e-02
2.637992240488529205e-02
2.741509489715099335e-02
2.835271693766117096e-02
2.832668833434581757e-02
2.831437438726425171e-02
2.771044895052909851e-02
2.771044895052909851e-02
2.659878693521022797e-02
2.526933886110782623e-02
2.379518374800682068e-02
2.327917888760566711e-02
2.332333661615848541e-02
2.293725498020648956e-02
2.233087457716464996e-02
2.181258052587509155e-02
1.920414529740810394e-02
1.790186017751693726e-02
1.790186017751693726e-02
1.691403985023498535e-02
1.656386256217956543e-02
1.630719378590583801e-02
1.417042501270771027e-02
1.215732097625732422e-02
1.113880984485149384e-02
1.112180575728416443e-02
1.262471824884414673e-02
1.365144550800323486e-02
1.343254093080759048e-02
