2.400620281696319580e-02
2.400620281696319580e-02
2.418159507215023041e-02
2.452462911605834961e-02
2.465966530144214630e-02
2.502840943634510040e-02
2.524031884968280792e-02
2.550066262483596802e-02
2.611639536917209625e-02
2.659517899155616760e-02
2.679359354078769684e-02
2.676868438720703125e-02
2.676868438720703125e-02
2.657019346952438354e-02
2.630524151027202606e-02
2.587863057851791382e-02
2.540315873920917511e-02
2.487708814442157745e-02
2.451108396053314209e-02
2.421952411532402039e-02
2.393854968249797821e-02
2.354395389556884766e-02
2.323367446660995483e-02
