8.112439885735511780e-03
8.112439885735511780e-03
9.048992767930030823e-03
8.782881312072277069e-03
8.279930800199508667e-03
8.167398162186145782e-03
7.930622436106204987e-03
7.640760391950607300e-03
7.491030264645814896e-03
7.245566695928573608e-03
6.982503924518823624e-03
6.520379800349473953e-03
6.520379800349473953e-03
6.348451599478721619e-03
6.417672615498304367e-03
6.727325264364480972e-03
7.044604048132896423e-03
7.403534837067127228e-03
7.595450617372989655e-03
7.536341901868581772e-03
7.293364033102989197e-03
6.965289358049631119e-03
6.612189114093780518e-03
6.612189114093780518e-03
6.442561279982328415e-03
6.424288265407085419e-03
6.520185619592666626e-03
6.750858854502439499e-03
7.010502275079488754e-03
7.206345908343791962e-03
7.411648519337177277e-03
7.502924185246229172e-03
7.529404014348983765e-03
7.368143182247877121e-03
7.368143182247877121e-03
7.148602046072483063e-03
6.986147258430719376e-03
6.906335242092609406e-03
6.996486801654100418e-03
7.136652246117591858e-03
7.289796136319637299e-03
7.420813199132680893e-03
7.495960220694541931e-03
7.429343182593584061e-03
7.402712479233741760e-03
7.402712479233741760e-03
7.395897060632705688e-03
7.382308598607778549e-03
7.395359687507152557e-03
7.387535646557807922e-03
7.422850001603364944e-03
7.548509631305932999e-03
7.636629045009613037e-03
7.776930928230285645e-03
7.966673001646995544e-03
8.109139278531074524e-03
8.109139278531074524e-03
8.397346362471580505e-03
8.679397404193878174e-03
8.939759805798530579e-03
9.106606245040893555e-03
9.314712136983871460e-03
9.432539343833923340e-03
9.587205015122890472e-03
9.829975664615631104e-03
1.016687694936990738e-02
1.044076308608055115e-02
1.044076308608055115e-02
1.067222189158201218e-02
1.086695212870836258e-02
1.075576618313789368e-02
1.042453106492757797e-02
9.906856343150138855e-03
9.295123629271984100e-03
8.623999543488025665e-03
8.020670153200626373e-03
7.506942376494407654e-03
7.146241143345832825e-03
7.146241143345832825e-03
6.880993954837322235e-03
6.844198331236839294e-03
7.114403415471315384e-03
7.578344084322452545e-03
8.141194470226764679e-03
8.640768006443977356e-03
8.903887122869491577e-03
9.001507423818111420e-03
8.948412723839282990e-03
8.870324119925498962e-03
8.870324119925498962e-03
8.784915320575237274e-03
8.657488040626049042e-03
8.467189036309719086e-03
8.307499811053276062e-03
8.221255615353584290e-03
8.217030204832553864e-03
8.254259824752807617e-03
8.296038955450057983e-03
8.195511996746063232e-03
8.027380332350730896e-03
8.027380332350730896e-03
7.755632512271404266e-03
7.626168429851531982e-03
7.491947617381811142e-03
7.474600337445735931e-03
7.407011464238166809e-03
7.292204070836305618e-03
7.144976407289505005e-03
6.928787566721439362e-03
6.675215903669595718e-03
6.417361553758382797e-03
6.417361553758382797e-03
6.229633465409278870e-03
6.084838416427373886e-03
5.904581863433122635e-03
5.683191120624542236e-03
5.557370372116565704e-03
5.488487426191568375e-03
5.511939525604248047e-03
5.605230573564767838e-03
5.710047669708728790e-03
5.858447402715682983e-03
5.858447402715682983e-03
5.995391402393579483e-03
6.038716994225978851e-03
6.030157208442687988e-03
5.948613397777080536e-03
5.918403621762990952e-03
5.903575103729963303e-03
5.883750971406698227e-03
5.777923390269279480e-03
5.547263659536838531e-03
5.234665237367153168e-03
5.234665237367153168e-03
5.055692512542009354e-03
4.985832609236240387e-03
5.026879254728555679e-03
5.141521338373422623e-03
5.313923116773366928e-03
5.452511832118034363e-03
5.606390070170164108e-03
5.719546228647232056e-03
5.831387359648942947e-03
5.842240061610937119e-03
5.842240061610937119e-03
5.767331924289464951e-03
5.738409236073493958e-03
5.722859874367713928e-03
6.052352488040924072e-03
6.434972397983074188e-03
6.821026094257831573e-03
7.225811947137117386e-03
7.543288636952638626e-03
7.838406600058078766e-03
7.981988601386547089e-03
7.981988601386547089e-03
7.921868003904819489e-03
7.771518547087907791e-03
7.653267588466405869e-03
7.588180247694253922e-03
7.509643211960792542e-03
7.310922723263502121e-03
6.998022552579641342e-03
6.579432636499404907e-03
6.048185750842094421e-03
5.583923775702714920e-03
5.583923775702714920e-03
5.242693237960338593e-03
4.954281728714704514e-03
4.799976013600826263e-03
4.688975401222705841e-03
4.724802449345588684e-03
4.786137491464614868e-03
4.844761919230222702e-03
4.947341512888669968e-03
4.973946604877710342e-03
4.891811404377222061e-03
4.891811404377222061e-03
4.788561258465051651e-03
4.755477886646986008e-03
4.860986024141311646e-03
5.051573738455772400e-03
5.199516192078590393e-03
5.282693076878786087e-03
5.352079868316650391e-03
5.452130921185016632e-03
5.611901637166738510e-03
5.831334739923477173e-03
5.831334739923477173e-03
5.975631996989250183e-03
6.105908658355474472e-03
6.237374618649482727e-03
6.393327843397855759e-03
6.508307531476020813e-03
6.648501381278038025e-03
6.743911188095808029e-03
6.738813593983650208e-03
6.750228814780712128e-03
6.808752659708261490e-03
6.808752659708261490e-03
6.869480945169925690e-03
6.930656265467405319e-03
6.995658390223979950e-03
6.985203828662633896e-03
6.900142878293991089e-03
6.686113309115171432e-03
6.385386455804109573e-03
6.041608285158872604e-03
5.765526089817285538e-03
5.523849278688430786e-03
5.523849278688430786e-03
5.312820896506309509e-03
5.174823105335235596e-03
5.068831145763397217e-03
5.037892609834671021e-03
5.092854145914316177e-03
5.174550693482160568e-03
5.245907697826623917e-03
5.229286383837461472e-03
5.098537076264619827e-03
4.944403190165758133e-03
4.944403190165758133e-03
4.817126318812370300e-03
4.803246818482875824e-03
4.898118320852518082e-03
5.084043368697166443e-03
5.278760567307472229e-03
5.423737689852714539e-03
5.629600957036018372e-03
5.803098436444997787e-03
5.900292191654443741e-03
5.963878240436315536e-03
5.963878240436315536e-03
6.024903617799282074e-03
6.097255274653434753e-03
6.158830132335424423e-03
6.154172122478485107e-03
6.133966613560914993e-03
6.181145552545785904e-03
6.207463331520557404e-03
6.279952358454465866e-03
6.354679353535175323e-03
6.517786066979169846e-03
6.517786066979169846e-03
6.547393742948770523e-03
6.528493948280811310e-03
6.469568237662315369e-03
6.445853505283594131e-03
6.443656980991363525e-03
6.338655017316341400e-03
6.265064701437950134e-03
6.272938102483749390e-03
6.348985712975263596e-03
6.407884880900382996e-03
6.407884880900382996e-03
6.463095080107450485e-03
6.401801947504281998e-03
6.272679660469293594e-03
6.187668535858392715e-03
6.130490917712450027e-03
6.075070239603519440e-03
5.975152365863323212e-03
5.877702496945858002e-03
5.808206740766763687e-03
5.833335686475038528e-03
5.833335686475038528e-03
5.841325037181377411e-03
5.902760196477174759e-03
5.956898909062147141e-03
5.985455121845006943e-03
6.002839654684066772e-03
5.969889461994171143e-03
5.922531243413686752e-03
5.856668576598167419e-03
5.737784784287214279e-03
5.617063492536544800e-03
