4.441697150468826294e-02
5.058619752526283264e-02
5.153190717101097107e-02
5.248951911926269531e-02
5.239731073379516602e-02
5.070520192384719849e-02
4.908850789070129395e-02
4.619408398866653442e-02
4.433981329202651978e-02
4.250842705368995667e-02
4.140269011259078979e-02
4.140269011259078979e-02
4.065633937716484070e-02
4.026458784937858582e-02
4.057975113391876221e-02
4.206283390522003174e-02
4.385330528020858765e-02
4.626367986202239990e-02
4.947626218199729919e-02
5.312949046492576599e-02
5.704719200730323792e-02
6.098268926143646240e-02
6.098268926143646240e-02
6.336491554975509644e-02
6.590489298105239868e-02
6.840547919273376465e-02
7.129757851362228394e-02
7.425787299871444702e-02
7.710919529199600220e-02
7.970457524061203003e-02
8.255889266729354858e-02
8.510234206914901733e-02
8.745939284563064575e-02
8.745939284563064575e-02
9.009161591529846191e-02
9.250844269990921021e-02
9.465117007493972778e-02
9.597635269165039062e-02
9.733738005161285400e-02
9.839627891778945923e-02
9.866768866777420044e-02
9.908663481473922729e-02
9.911735355854034424e-02
9.870857000350952148e-02
9.870857000350952148e-02
9.780554473400115967e-02
9.689407795667648315e-02
9.624217450618743896e-02
9.496364742517471313e-02
9.364579617977142334e-02
9.183937311172485352e-02
8.993830531835556030e-02
8.839863538742065430e-02
8.768119663000106812e-02
8.652025461196899414e-02
8.652025461196899414e-02
8.473064750432968140e-02
8.274739980697631836e-02
8.159748464822769165e-02
8.013892918825149536e-02
7.935358583927154541e-02
7.796692103147506714e-02
7.572647184133529663e-02
7.395748794078826904e-02
7.307709753513336182e-02
7.249816507101058960e-02
7.249816507101058960e-02
7.336363196372985840e-02
7.498234510421752930e-02
7.562378048896789551e-02
7.596335560083389282e-02
7.737645506858825684e-02
7.950593531131744385e-02
8.059097826480865479e-02
8.066497743129730225e-02
7.896568626165390015e-02
7.669182866811752319e-02
7.669182866811752319e-02
7.404315471649169922e-02
7.116955518722534180e-02
6.921730935573577881e-02
6.788392364978790283e-02
6.749621033668518066e-02
6.851572543382644653e-02
6.948759406805038452e-02
7.081019878387451172e-02
7.256876677274703979e-02
7.434739917516708374e-02
7.434739917516708374e-02
7.658594101667404175e-02
7.885728776454925537e-02
7.931462675333023071e-02
7.837399840354919434e-02
7.654251158237457275e-02
7.436861097812652588e-02
7.357039302587509155e-02
7.325395196676254272e-02
7.416793704032897949e-02
7.506777346134185791e-02
7.506777346134185791e-02
7.694385945796966553e-02
7.875841110944747925e-02
7.942807674407958984e-02
7.903451472520828247e-02
7.829301804304122925e-02
7.764594256877899170e-02
7.610403001308441162e-02
7.469929009675979614e-02
7.360624521970748901e-02
7.224801927804946899e-02
7.224801927804946899e-02
7.085008919239044189e-02
6.919601559638977051e-02
6.700332462787628174e-02
6.552167981863021851e-02
6.422204524278640747e-02
6.410551816225051880e-02
6.417916715145111084e-02
6.435643881559371948e-02
6.504051387310028076e-02
6.644025444984436035e-02
6.644025444984436035e-02
6.732158362865447998e-02
6.738211959600448608e-02
6.650482863187789917e-02
6.535468250513076782e-02
6.584807485342025757e-02
6.619302183389663696e-02
6.724137067794799805e-02
6.718283146619796753e-02
6.602744013071060181e-02
6.516108661890029907e-02
6.516108661890029907e-02
6.543530523777008057e-02
6.672081351280212402e-02
6.698958575725555420e-02
6.706441938877105713e-02
6.778553873300552368e-02
6.880208104848861694e-02
6.862214207649230957e-02
6.817793101072311401e-02
6.766994297504425049e-02
6.685288995504379272e-02
6.685288995504379272e-02
6.630539894104003906e-02
6.566524505615234375e-02
6.501747667789459229e-02
6.333366036415100098e-02
6.190187484025955200e-02
6.116215512156486511e-02
6.008598953485488892e-02
5.967846512794494629e-02
5.926461145281791687e-02
5.833335593342781067e-02
