3.840753808617591858e-02
3.747252002358436584e-02
3.663245216012001038e-02
3.705824166536331177e-02
3.700989112257957458e-02
3.704105690121650696e-02
3.671292215585708618e-02
3.615897521376609802e-02
3.549518063664436340e-02
3.490092232823371887e-02
3.423988446593284607e-02
3.423988446593284607e-02
3.398185595870018005e-02
3.359299898147583008e-02
3.322021290659904480e-02
3.271853551268577576e-02
3.221997246146202087e-02
3.168294578790664673e-02
3.115165419876575470e-02
3.075235150754451752e-02
3.045554831624031067e-02
3.019523248076438904e-02
3.019523248076438904e-02
2.967571839690208435e-02
2.918154560029506683e-02
2.895597368478775024e-02
2.867796085774898529e-02
2.849692851305007935e-02
2.829505130648612976e-02
2.827342040836811066e-02
2.825686335563659668e-02
2.815533243119716644e-02
2.802385017275810242e-02
2.802385017275810242e-02
2.789587527513504028e-02
2.785528264939785004e-02
2.783345989882946014e-02
2.767890691757202148e-02
2.753004990518093109e-02
2.729591168463230133e-02
2.716209553182125092e-02
2.699216268956661224e-02
2.677899412810802460e-02
2.665102481842041016e-02
2.665102481842041016e-02
2.652327157557010651e-02
2.644745446741580963e-02
2.621355466544628143e-02
2.601840719580650330e-02
2.585964091122150421e-02
2.579100243747234344e-02
2.562076225876808167e-02
2.551319077610969543e-02
2.530807256698608398e-02
2.504833228886127472e-02
2.504833228886127472e-02
2.484424412250518799e-02
2.452990971505641937e-02
2.426328510046005249e-02
2.407964505255222321e-02
2.387651242315769196e-02
2.352129109203815460e-02
2.361193299293518066e-02
2.368919365108013153e-02
2.377085946500301361e-02
2.385945804417133331e-02
2.385945804417133331e-02
2.389107458293437958e-02
2.382954210042953491e-02
2.396635897457599640e-02
2.411888167262077332e-02
2.434865757822990417e-02
2.463271282613277435e-02
2.501104772090911865e-02
2.540828101336956024e-02
2.575020678341388702e-02
2.604058943688869476e-02
2.604058943688869476e-02
2.634407579898834229e-02
2.672815136611461639e-02
2.715548314154148102e-02
2.769422717392444611e-02
2.812914364039897919e-02
2.862895838916301727e-02
2.901332266628742218e-02
2.940375544130802155e-02
2.973124757409095764e-02
2.997516468167304993e-02
2.997516468167304993e-02
3.014416620135307312e-02
3.029379807412624359e-02
3.061142005026340485e-02
3.118027932941913605e-02
3.167729824781417847e-02
3.202485665678977966e-02
3.238429129123687744e-02
3.280123695731163025e-02
3.314740210771560669e-02
3.340797871351242065e-02
3.340797871351242065e-02
3.364475443959236145e-02
3.365901112556457520e-02
3.347161039710044861e-02
3.322850912809371948e-02
3.295282647013664246e-02
3.247738257050514221e-02
3.205788508057594299e-02
3.163257986307144165e-02
3.146603330969810486e-02
3.130576759576797485e-02
3.130576759576797485e-02
3.121443837881088257e-02
3.111835382878780365e-02
3.105584345757961273e-02
3.094414249062538147e-02
3.083825297653675079e-02
3.083320520818233490e-02
3.110142424702644348e-02
3.145413845777511597e-02
3.192893415689468384e-02
3.231107816100120544e-02
3.231107816100120544e-02
3.278101608157157898e-02
3.305502235889434814e-02
3.329211845993995667e-02
3.365507349371910095e-02
3.395545110106468201e-02
3.436213359236717224e-02
3.476139530539512634e-02
3.517566248774528503e-02
3.556255623698234558e-02
3.597642108798027039e-02
3.597642108798027039e-02
3.632743284106254578e-02
3.628686815500259399e-02
3.623448312282562256e-02
3.612100705504417419e-02
3.604929894208908081e-02
3.592602163553237915e-02
3.576551005244255066e-02
3.561857715249061584e-02
3.540600836277008057e-02
3.519203513860702515e-02
3.519203513860702515e-02
3.476749733090400696e-02
3.442006558179855347e-02
3.409716486930847168e-02
3.369264304637908936e-02
3.321040421724319458e-02
3.288638964295387268e-02
3.270768746733665466e-02
3.255734592676162720e-02
3.261015936732292175e-02
3.263425454497337341e-02
3.263425454497337341e-02
3.268551826477050781e-02
3.289083018898963928e-02
3.307585418224334717e-02
3.315211459994316101e-02
3.309254348278045654e-02
3.293081000447273254e-02
3.270734101533889771e-02
3.257567808032035828e-02
3.253562748432159424e-02
3.253361955285072327e-02
3.253361955285072327e-02
3.238011151552200317e-02
3.223330900073051453e-02
3.205308690667152405e-02
3.185094520449638367e-02
3.163165971636772156e-02
3.136501461267471313e-02
3.105384483933448792e-02
3.079394251108169556e-02
3.058835305273532867e-02
3.034280054271221161e-02
3.034280054271221161e-02
3.002802655100822449e-02
2.982670441269874573e-02
3.019925579428672791e-02
3.043696843087673187e-02
3.053025156259536743e-02
3.063993528485298157e-02
3.087393008172512054e-02
3.122061491012573242e-02
3.152322396636009216e-02
3.182598203420639038e-02
3.182598203420639038e-02
3.214268013834953308e-02
3.241785615682601929e-02
3.266952186822891235e-02
3.276636451482772827e-02
3.290689736604690552e-02
3.288611769676208496e-02
3.287578746676445007e-02
3.280763328075408936e-02
3.266671299934387207e-02
3.250857442617416382e-02
3.250857442617416382e-02
3.240185976028442383e-02
3.222262114286422729e-02
3.195459395647048950e-02
3.172674775123596191e-02
3.154268488287925720e-02
3.145326301455497742e-02
3.139564022421836853e-02
3.142430633306503296e-02
3.146737068891525269e-02
3.155108541250228882e-02
3.155108541250228882e-02
3.147851303219795227e-02
3.135923296213150024e-02
3.121795877814292908e-02
3.107480518519878387e-02
3.095982223749160767e-02
3.085459023714065552e-02
3.078146092593669891e-02
3.120025247335433960e-02
3.165585175156593323e-02
3.208114579319953918e-02
3.208114579319953918e-02
3.241746127605438232e-02
3.273910656571388245e-02
3.310550749301910400e-02
3.337930142879486084e-02
3.364443406462669373e-02
3.383647650480270386e-02
3.399740159511566162e-02
3.410490602254867554e-02
3.409937024116516113e-02
3.411051630973815918e-02
3.411051630973815918e-02
3.400553390383720398e-02
3.395332768559455872e-02
3.380302712321281433e-02
3.371803089976310730e-02
3.361628204584121704e-02
3.347313776612281799e-02
3.326024860143661499e-02
3.296750411391258240e-02
3.270305320620536804e-02
3.254185989499092102e-02
3.254185989499092102e-02
3.247561305761337280e-02
3.229477256536483765e-02
3.210479021072387695e-02
3.191593661904335022e-02
3.186097741127014160e-02
3.168012201786041260e-02
3.137399628758430481e-02
3.084288723766803741e-02
3.029957227408885956e-02
2.974183671176433563e-02
2.974183671176433563e-02
2.916942164301872253e-02
2.872414328157901764e-02
2.835451997816562653e-02
2.794029749929904938e-02
2.745676040649414062e-02
2.695420011878013611e-02
2.649596706032752991e-02
2.604889310896396637e-02
2.557194419205188751e-02
2.513078227639198303e-02
2.513078227639198303e-02
2.480780333280563354e-02
2.464357763528823853e-02
2.455075457692146301e-02
2.432705089449882507e-02
2.414304204285144806e-02
2.380741201341152191e-02
2.331512421369552612e-02
2.283976227045059204e-02
2.231536060571670532e-02
2.180444076657295227e-02
2.180444076657295227e-02
2.144370414316654205e-02
2.124164253473281860e-02
2.112208679318428040e-02
2.107015997171401978e-02
2.106739580631256104e-02
2.111451886594295502e-02
2.105977945029735565e-02
2.102764509618282318e-02
2.098949067294597626e-02
2.086520195007324219e-02
2.086520195007324219e-02
2.072716876864433289e-02
2.056735008955001831e-02
2.047917619347572327e-02
2.050356939435005188e-02
2.062117867171764374e-02
2.075434662401676178e-02
2.080257982015609741e-02
2.082414180040359497e-02
2.078422531485557556e-02
2.071663923561573029e-02
2.071663923561573029e-02
2.076132781803607941e-02
2.078645490109920502e-02
2.070013433694839478e-02
2.052630297839641571e-02
2.037280984222888947e-02
2.012754045426845551e-02
1.988110318779945374e-02
1.973623037338256836e-02
1.963542401790618896e-02
1.984733901917934418e-02
1.984733901917934418e-02
1.995818316936492920e-02
1.997591741383075714e-02
1.985268294811248779e-02
1.968936622142791748e-02
1.950439810752868652e-02
1.936342008411884308e-02
1.923413015902042389e-02
1.904536783695220947e-02
1.893385313451290131e-02
1.889206841588020325e-02
1.889206841588020325e-02
1.891067437827587128e-02
1.888144761323928833e-02
1.876953244209289551e-02
1.862006261944770813e-02
1.846388913691043854e-02
1.826168224215507507e-02
1.814133301377296448e-02
1.804420165717601776e-02
1.816329360008239746e-02
1.831063441932201385e-02
1.831063441932201385e-02
1.834913715720176697e-02
1.828897371888160706e-02
1.812360063195228577e-02
1.785682328045368195e-02
1.753500290215015411e-02
1.729239337146282196e-02
1.726831868290901184e-02
1.728454232215881348e-02
1.728894561529159546e-02
1.727259345352649689e-02
1.727259345352649689e-02
1.728537119925022125e-02
1.727032102644443512e-02
1.720135658979415894e-02
1.719339936971664429e-02
1.718750223517417908e-02
1.716531068086624146e-02
1.716391555964946747e-02
1.712591201066970825e-02
1.702285744249820709e-02
1.696751825511455536e-02
1.696751825511455536e-02
1.687326095998287201e-02
1.676124148070812225e-02
1.655466295778751373e-02
1.614879257977008820e-02
1.565075851976871490e-02
1.505604106932878494e-02
1.458118762820959091e-02
1.412605680525302887e-02
1.371750235557556152e-02
1.341581437736749649e-02
1.341581437736749649e-02
1.316605787724256516e-02
1.298738177865743637e-02
1.279331650584936142e-02
1.261613424867391586e-02
1.230673305690288544e-02
1.195780280977487564e-02
1.168295834213495255e-02
1.136698015034198761e-02
1.109736505895853043e-02
1.082537788897752762e-02
1.082537788897752762e-02
1.047175377607345581e-02
1.017639413475990295e-02
9.950552135705947876e-03
9.755128063261508942e-03
9.634844027459621429e-03
9.608046151697635651e-03
9.606174193322658539e-03
9.685663506388664246e-03
9.663032367825508118e-03
9.706853888928890228e-03
9.706853888928890228e-03
9.690273553133010864e-03
9.729142300784587860e-03
9.719338268041610718e-03
9.627440012991428375e-03
9.287333115935325623e-03
9.077043272554874420e-03
8.869251236319541931e-03
8.739978075027465820e-03
8.626303635537624359e-03
8.501060307025909424e-03
8.501060307025909424e-03
8.350973017513751984e-03
8.202314376831054688e-03
8.039454929530620575e-03
8.019664324820041656e-03
7.938612252473831177e-03
7.916642352938652039e-03
7.929148152470588684e-03
8.031519129872322083e-03
8.163006044924259186e-03
8.395615965127944946e-03
8.395615965127944946e-03
8.688404224812984467e-03
8.927891962230205536e-03
9.156517684459686279e-03
9.361899457871913910e-03
9.655269794166088104e-03
9.977702982723712921e-03
1.026789378374814987e-02
1.053217891603708267e-02
1.074012462049722672e-02
1.099226437509059906e-02
1.099226437509059906e-02
1.125778444111347198e-02
1.156444754451513290e-02
1.180229801684617996e-02
1.201249379664659500e-02
1.179912220686674118e-02
1.157337147742509842e-02
1.135634165257215500e-02
1.116429641842842102e-02
1.105831563472747803e-02
1.092977821826934814e-02
1.092977821826934814e-02
1.085249613970518112e-02
1.064527034759521484e-02
1.031264755874872208e-02
9.949915111064910889e-03
9.669702500104904175e-03
9.523199871182441711e-03
9.437111206352710724e-03
9.385162964463233948e-03
9.405079297721385956e-03
9.428301826119422913e-03
9.428301826119422913e-03
9.425922296941280365e-03
9.479752741754055023e-03
9.603060781955718994e-03
9.781616739928722382e-03
9.955736808478832245e-03
1.011681370437145233e-02
1.026268489658832550e-02
1.050068531185388565e-02
1.076496671885251999e-02
1.098570972681045532e-02
1.098570972681045532e-02
1.113507803529500961e-02
1.117973309010267258e-02
1.123713981360197067e-02
1.130322087556123734e-02
9.009230881929397583e-03
6.994582712650299072e-03
5.369140300899744034e-03
4.070743452757596970e-03
3.111102385446429253e-03
2.591524971649050713e-03
2.591524971649050713e-03
2.508233999833464622e-03
2.810182515531778336e-03
3.270500106737017632e-03
3.804018022492527962e-03
4.339343868196010590e-03
4.837645683437585831e-03
5.337853450328111649e-03
5.807909183204174042e-03
6.253698840737342834e-03
6.667049601674079895e-03
6.667049601674079895e-03
7.042224984616041183e-03
7.379196584224700928e-03
7.650273386389017105e-03
7.848890498280525208e-03
7.948658429086208344e-03
8.025760762393474579e-03
8.045441471040248871e-03
8.054835721850395203e-03
8.067281916737556458e-03
8.082490414381027222e-03
8.082490414381027222e-03
8.109281770884990692e-03
8.136941120028495789e-03
8.160579018294811249e-03
8.188756182789802551e-03
8.223329670727252960e-03
8.226174861192703247e-03
8.217430673539638519e-03
8.214450441300868988e-03
8.191240951418876648e-03
8.149824105203151703e-03
8.149824105203151703e-03
8.104137144982814789e-03
8.084098808467388153e-03
8.063807152211666107e-03
8.039697073400020599e-03
8.047032169997692108e-03
8.059349842369556427e-03
8.071172051131725311e-03
8.062561973929405212e-03
8.059252053499221802e-03
8.037541061639785767e-03
8.037541061639785767e-03
7.992601022124290466e-03
7.903453893959522247e-03
7.808563765138387680e-03
7.705650757998228073e-03
7.590763270854949951e-03
7.469108328223228455e-03
7.349932100623846054e-03
7.228158414363861084e-03
7.104937918484210968e-03
6.997324060648679733e-03
6.997324060648679733e-03
6.902854423969984055e-03
6.818190682679414749e-03
6.729058455675840378e-03
6.630485411733388901e-03
6.519504357129335403e-03
6.413033697754144669e-03
6.286953110247850418e-03
6.180467084050178528e-03
6.058426573872566223e-03
5.921651143580675125e-03
5.921651143580675125e-03
5.773402750492095947e-03
5.625735037028789520e-03
5.490582436323165894e-03
5.351416766643524170e-03
5.202298052608966827e-03
5.067362915724515915e-03
4.951923154294490814e-03
4.868585150688886642e-03
4.803438670933246613e-03
4.773713182657957077e-03
4.773713182657957077e-03
4.769453313201665878e-03
4.771635867655277252e-03
4.776695743203163147e-03
4.750931635499000549e-03
4.679907113313674927e-03
4.539788234978914261e-03
4.311847500503063202e-03
4.116638097912073135e-03
3.910837229341268539e-03
3.786637214943766594e-03
3.786637214943766594e-03
3.629400627687573433e-03
3.532110247761011124e-03
3.475371282547712326e-03
3.424039110541343689e-03
3.375946776941418648e-03
3.334106644615530968e-03
3.221780527383089066e-03
3.075754735618829727e-03
2.863213419914245605e-03
2.684394130483269691e-03
2.684394130483269691e-03
2.513838233426213264e-03
2.394268056377768517e-03
2.301857108250260353e-03
2.233857521787285805e-03
2.181714633479714394e-03
2.163673285394906998e-03
2.173539483919739723e-03
2.229191828519105911e-03
2.304881578311324120e-03
2.420341828837990761e-03
