1.141901593655347824e-02
1.141901593655347824e-02
1.259152963757514954e-02
1.297479867935180664e-02
1.343571767210960388e-02
1.333321258425712585e-02
1.318572461605072021e-02
1.300206221640110016e-02
1.292112190276384354e-02
1.289016474038362503e-02
1.296576019376516342e-02
1.306213345378637314e-02
1.306213345378637314e-02
1.315301191061735153e-02
1.335368491709232330e-02
1.367576885968446732e-02
1.402087882161140442e-02
1.431113760918378830e-02
1.452484447509050369e-02
1.459988858550786972e-02
1.451556291431188583e-02
1.434039324522018433e-02
1.415176875889301300e-02
1.415176875889301300e-02
1.386338379234075546e-02
1.353718992322683334e-02
1.318471785634756088e-02
1.290606334805488586e-02
1.262421160936355591e-02
1.235975231975317001e-02
1.215088553726673126e-02
1.195277832448482513e-02
1.168457232415676117e-02
1.131854858249425888e-02
1.131854858249425888e-02
1.090065483003854752e-02
1.046416349709033966e-02
1.008388493210077286e-02
9.815426543354988098e-03
9.710250422358512878e-03
9.675137698650360107e-03
9.665267542004585266e-03
9.671989828348159790e-03
9.700973518192768097e-03
9.771047160029411316e-03
9.771047160029411316e-03
9.821345098316669464e-03
9.912115521728992462e-03
9.992459788918495178e-03
1.001962926238775253e-02
1.003361493349075317e-02
1.006241608411073685e-02
1.011957786977291107e-02
1.015025004744529724e-02
1.024358347058296204e-02
1.048558764159679413e-02
1.048558764159679413e-02
1.075942628085613251e-02
1.103737857192754745e-02
1.125710830092430115e-02
1.138051785528659821e-02
1.137244887650012970e-02
1.130621694028377533e-02
1.127867028117179871e-02
1.129353418946266174e-02
1.137787103652954102e-02
1.139817666262388229e-02
1.139817666262388229e-02
1.146082207560539246e-02
1.143211033195257187e-02
1.138982363045215607e-02
1.126102451235055923e-02
1.099392771720886230e-02
1.075812336057424545e-02
1.051039621233940125e-02
1.030193269252777100e-02
1.023081131279468536e-02
1.024086214601993561e-02
1.024086214601993561e-02
1.001740153878927231e-02
9.776484221220016479e-03
9.569692425429821014e-03
9.517547674477100372e-03
9.540454484522342682e-03
9.617218747735023499e-03
9.699925780296325684e-03
9.759313426911830902e-03
9.987646713852882385e-03
1.022253744304180145e-02
1.022253744304180145e-02
1.049282494932413101e-02
1.069887541234493256e-02
1.085414737462997437e-02
1.092830859124660492e-02
1.098029129207134247e-02
1.102267112582921982e-02
1.106307934969663620e-02
1.115480810403823853e-02
1.134605146944522858e-02
1.161474548280239105e-02
1.161474548280239105e-02
1.196077093482017517e-02
1.236371044069528580e-02
1.268471404910087585e-02
1.294557470828294754e-02
1.314820069819688797e-02
1.338501833379268646e-02
1.354881189763545990e-02
1.354788523167371750e-02
1.333691738545894623e-02
1.310554239898920059e-02
1.310554239898920059e-02
1.278932020068168640e-02
1.244171988219022751e-02
1.208947692066431046e-02
1.172367017716169357e-02
1.129395514726638794e-02
1.090213935822248459e-02
1.059963461011648178e-02
1.042978651821613312e-02
1.039868965744972229e-02
1.044599805027246475e-02
1.044599805027246475e-02
1.051054988056421280e-02
1.057190634310245514e-02
1.058842707425355911e-02
1.050996687263250351e-02
1.031281333416700363e-02
9.966906160116195679e-03
9.621889330446720123e-03
9.293559007346630096e-03
9.189510717988014221e-03
9.212600998580455780e-03
9.212600998580455780e-03
9.307248517870903015e-03
9.369988925755023956e-03
9.439608082175254822e-03
9.516051970422267914e-03
9.527559392154216766e-03
9.400915354490280151e-03
9.187404997646808624e-03
8.891301229596138000e-03
8.550941944122314453e-03
8.175952360033988953e-03
8.175952360033988953e-03
7.859125733375549316e-03
7.554227020591497421e-03
7.370381616055965424e-03
7.191349752247333527e-03
7.019798737019300461e-03
6.875955499708652496e-03
6.830377504229545593e-03
6.933020427823066711e-03
7.161492016166448593e-03
7.431799545884132385e-03
7.431799545884132385e-03
7.761311717331409454e-03
8.028527721762657166e-03
8.289695717394351959e-03
8.510952815413475037e-03
8.744091726839542389e-03
8.908340707421302795e-03
8.980483748018741608e-03
8.993229828774929047e-03
8.996757678687572479e-03
8.909621275961399078e-03
8.909621275961399078e-03
8.836802095174789429e-03
8.803490549325942993e-03
8.941853418946266174e-03
9.156784042716026306e-03
9.592065587639808655e-03
1.003226730972528458e-02
1.034578215330839157e-02
1.053325459361076355e-02
1.057670731097459793e-02
1.060667634010314941e-02
1.060667634010314941e-02
1.065066922456026077e-02
1.066937670111656189e-02
1.070610992610454559e-02
1.071996707469224930e-02
1.064557209610939026e-02
1.050458848476409912e-02
1.027292571961879730e-02
1.003981661051511765e-02
9.857668541371822357e-03
9.689260274171829224e-03
9.689260274171829224e-03
9.583787992596626282e-03
9.552755393087863922e-03
9.601600468158721924e-03
9.683459065854549408e-03
9.752361103892326355e-03
9.806618094444274902e-03
9.748807176947593689e-03
9.716404601931571960e-03
9.723158553242683411e-03
9.725370444357395172e-03
9.725370444357395172e-03
9.806221351027488708e-03
1.001652330160140991e-02
1.045829337090253830e-02
1.104161515831947327e-02
1.160006690770387650e-02
1.204529032111167908e-02
1.214728970080614090e-02
1.204243116080760956e-02
1.172661688178777695e-02
1.134028192609548569e-02
1.134028192609548569e-02
1.088683865964412689e-02
1.053074840456247330e-02
1.038349978625774384e-02
1.038349978625774384e-02
1.035496219992637634e-02
1.052045729011297226e-02
1.072333380579948425e-02
1.082305330783128738e-02
1.082307845354080200e-02
1.071578357368707657e-02
1.071578357368707657e-02
1.054719742387533188e-02
1.034588459879159927e-02
1.015927921980619431e-02
9.988236241042613983e-03
9.830772876739501953e-03
9.651571512222290039e-03
9.543633088469505310e-03
9.506432339549064636e-03
9.483628906309604645e-03
9.466589428484439850e-03
9.466589428484439850e-03
9.400621987879276276e-03
9.220660664141178131e-03
8.999888785183429718e-03
8.731083013117313385e-03
8.485397323966026306e-03
8.388650603592395782e-03
8.494044654071331024e-03
8.723166771233081818e-03
9.097836911678314209e-03
9.436945430934429169e-03
9.436945430934429169e-03
9.641344659030437469e-03
9.659430012106895447e-03
9.517508558928966522e-03
9.407254867255687714e-03
9.396929293870925903e-03
9.546848945319652557e-03
9.830582886934280396e-03
1.013431511819362640e-02
1.042096130549907684e-02
1.058064494282007217e-02
1.058064494282007217e-02
1.056005898863077164e-02
1.034955587238073349e-02
1.004440523684024811e-02
9.741557762026786804e-03
9.477717801928520203e-03
9.359480813145637512e-03
9.388317354023456573e-03
9.606557898223400116e-03
9.897602722048759460e-03
1.005097758024930954e-02
1.005097758024930954e-02
1.016128342598676682e-02
1.014759205281734467e-02
1.014047674834728241e-02
1.012314669787883759e-02
1.014593336731195450e-02
1.019620429724454880e-02
1.024828199297189713e-02
1.029904279857873917e-02
1.037969533354043961e-02
1.046479120850563049e-02
