2.099091187119483948e-02
1.643931493163108826e-02
1.425588782876729965e-02
1.257867645472288132e-02
1.396584417670965195e-02
1.575067266821861267e-02
1.704110763967037201e-02
1.763974502682685852e-02
1.951694115996360779e-02
2.035329304635524750e-02
2.040928974747657776e-02
2.040928974747657776e-02
2.128588408231735229e-02
1.919385790824890137e-02
1.708725839853286743e-02
1.681207120418548584e-02
1.643800549209117889e-02
1.588447578251361847e-02
1.464371569454669952e-02
1.360437832772731781e-02
1.219225861132144928e-02
1.074173115193843842e-02
1.074173115193843842e-02
9.513988159596920013e-03
8.362996391952037811e-03
7.352350745350122452e-03
6.278615444898605347e-03
6.083999760448932648e-03
6.133075803518295288e-03
6.514316890388727188e-03
6.914230994880199432e-03
7.411411497741937637e-03
7.663804106414318085e-03
7.663804106414318085e-03
7.770331576466560364e-03
7.013739552348852158e-03
7.210861425846815109e-03
8.735582232475280762e-03
1.095858961343765259e-02
1.298904791474342346e-02
1.496934238821268082e-02
1.699170097708702087e-02
1.862176880240440369e-02
2.117825113236904144e-02
2.117825113236904144e-02
2.307599596679210663e-02
2.440920844674110413e-02
2.551639452576637268e-02
2.677088603377342224e-02
2.779508754611015320e-02
2.873709052801132202e-02
2.994961291551589966e-02
3.131408616900444031e-02
3.259447589516639709e-02
3.357262164354324341e-02
3.357262164354324341e-02
3.650313615798950195e-02
3.888732194900512695e-02
4.057429358363151550e-02
4.229830950498580933e-02
4.269696027040481567e-02
4.304658994078636169e-02
4.286210611462593079e-02
4.299652948975563049e-02
4.292559996247291565e-02
4.311050847172737122e-02
4.311050847172737122e-02
4.229975119233131409e-02
4.125703871250152588e-02
4.016881063580513000e-02
3.886098787188529968e-02
3.811470046639442444e-02
3.732195496559143066e-02
3.616714477539062500e-02
3.479002416133880615e-02
3.298703953623771667e-02
3.096953034400939941e-02
3.096953034400939941e-02
2.948185242712497711e-02
2.782726101577281952e-02
2.587216719985008240e-02
2.367913164198398590e-02
2.202859893441200256e-02
2.063195779919624329e-02
1.991363428533077240e-02
2.000417560338973999e-02
2.028916962444782257e-02
2.038513310253620148e-02
2.038513310253620148e-02
2.070355229079723358e-02
2.077697962522506714e-02
2.074912935495376587e-02
2.040819823741912842e-02
1.994040049612522125e-02
1.942894048988819122e-02
1.874419115483760834e-02
1.788058690726757050e-02
1.721032895147800446e-02
1.653074845671653748e-02
1.653074845671653748e-02
1.571325398981571198e-02
1.549113169312477112e-02
1.524841785430908203e-02
1.394539326429367065e-02
1.287605240941047668e-02
1.266692299395799637e-02
1.307179126888513565e-02
1.397845800966024399e-02
1.485703140497207642e-02
1.468044985085725784e-02
1.468044985085725784e-02
1.442954502999782562e-02
1.422991324216127396e-02
1.400364097207784653e-02
1.370736025273799896e-02
1.352086104452610016e-02
1.337741501629352570e-02
1.353897713124752045e-02
1.373108569532632828e-02
1.332495827227830887e-02
1.290615834295749664e-02
1.290615834295749664e-02
1.198731083422899246e-02
1.139186229556798935e-02
1.103513967245817184e-02
1.119714789092540741e-02
1.163138635456562042e-02
1.202530972659587860e-02
1.250262092798948288e-02
1.202499400824308395e-02
1.121803652495145798e-02
1.029227487742900848e-02
1.029227487742900848e-02
9.660653769969940186e-03
9.173130616545677185e-03
8.696847595274448395e-03
8.343727327883243561e-03
8.181232027709484100e-03
7.953207939863204956e-03
7.707934826612472534e-03
7.699600886553525925e-03
7.787413895130157471e-03
7.446202449500560760e-03
