2.968060970306396484e-02
2.968060970306396484e-02
2.957738004624843597e-02
2.908612042665481567e-02
2.833796851336956024e-02
2.792560681700706482e-02
2.769101597368717194e-02
2.747969701886177063e-02
2.731719054281711578e-02
2.726506255567073822e-02
2.718075364828109741e-02
2.709120512008666992e-02
2.709120512008666992e-02
2.702612243592739105e-02
2.693013846874237061e-02
2.672253362834453583e-02
2.661210857331752777e-02
2.638510614633560181e-02
2.640542760491371155e-02
2.646363154053688049e-02
2.641158737242221832e-02
2.643330581486225128e-02
2.638589590787887573e-02
2.638589590787887573e-02
2.648852020502090454e-02
2.655181474983692169e-02
2.666262909770011902e-02
2.672259137034416199e-02
2.640854753553867340e-02
2.611263655126094818e-02
2.589372918009757996e-02
2.576904557645320892e-02
2.567467093467712402e-02
2.560147456824779510e-02
2.560147456824779510e-02
2.563992142677307129e-02
2.575569786131381989e-02
2.594433538615703583e-02
2.614356577396392822e-02
2.638582885265350342e-02
2.670445851981639862e-02
2.696879021823406219e-02
2.711209282279014587e-02
2.720665745437145233e-02
2.721306681632995605e-02
2.721306681632995605e-02
2.722249180078506470e-02
2.721085026860237122e-02
2.732286602258682251e-02
2.729885466396808624e-02
2.718908153474330902e-02
2.713865414261817932e-02
2.704605087637901306e-02
2.700606174767017365e-02
2.702218107879161835e-02
2.700972370803356171e-02
2.700972370803356171e-02
2.709742635488510132e-02
2.724309451878070831e-02
2.729349024593830109e-02
2.735793031752109528e-02
2.745752036571502686e-02
2.759345993399620056e-02
2.777556516230106354e-02
2.798617444932460785e-02
2.814164012670516968e-02
2.834931015968322754e-02
2.834931015968322754e-02
2.861449494957923889e-02
2.895851433277130127e-02
2.926983498036861420e-02
2.954059280455112457e-02
2.987413853406906128e-02
3.025569766759872437e-02
3.079705685377120972e-02
3.128349781036376953e-02
3.180391713976860046e-02
3.224335238337516785e-02
3.224335238337516785e-02
3.262752294540405273e-02
3.291412815451622009e-02
3.316237777471542358e-02
3.335358202457427979e-02
3.358122333884239197e-02
3.376976400613784790e-02
3.386233001947402954e-02
3.392983227968215942e-02
3.394268825650215149e-02
3.388076275587081909e-02
3.388076275587081909e-02
3.377624601125717163e-02
3.367510810494422913e-02
3.346583992242813110e-02
3.331924602389335632e-02
3.320105373859405518e-02
3.311830759048461914e-02
3.296464681625366211e-02
3.274565935134887695e-02
3.254219889640808105e-02
3.229219093918800354e-02
3.229219093918800354e-02
3.208265453577041626e-02
3.180298209190368652e-02
3.153852000832557678e-02
3.128433600068092346e-02
3.119269572198390961e-02
3.109294176101684570e-02
3.091844916343688965e-02
3.062814660370349884e-02
3.039029054343700409e-02
3.015259280800819397e-02
3.015259280800819397e-02
2.991184219717979431e-02
2.974004112184047699e-02
2.972687780857086182e-02
2.975490875542163849e-02
2.971529029309749603e-02
2.971661090850830078e-02
2.975169010460376740e-02
2.985845319926738739e-02
2.993331290781497955e-02
3.001994825899600983e-02
3.001994825899600983e-02
3.005982749164104462e-02
3.007307834923267365e-02
3.010946698486804962e-02
3.018238209187984467e-02
3.027005866169929504e-02
3.034408204257488251e-02
3.041095845401287079e-02
3.040971420705318451e-02
3.044836409389972687e-02
3.043494373559951782e-02
3.043494373559951782e-02
3.049677796661853790e-02
3.056392818689346313e-02
3.061239421367645264e-02
3.073555976152420044e-02
3.079519048333168030e-02
3.088484331965446472e-02
3.098431974649429321e-02
3.105156868696212769e-02
3.108621388673782349e-02
3.107120096683502197e-02
3.107120096683502197e-02
3.175266832113265991e-02
3.242354840040206909e-02
3.308826684951782227e-02
3.372685983777046204e-02
3.433594480156898499e-02
3.491900861263275146e-02
3.546212986111640930e-02
3.596518188714981079e-02
3.641762956976890564e-02
3.681073710322380066e-02
3.681073710322380066e-02
3.716677427291870117e-02
3.747771680355072021e-02
3.776552900671958923e-02
3.802799433469772339e-02
3.825351968407630920e-02
3.843778371810913086e-02
3.860707581043243408e-02
3.874744474887847900e-02
3.886309638619422913e-02
3.896124660968780518e-02
3.896124660968780518e-02
3.903840854763984680e-02
3.908837959170341492e-02
3.915316238999366760e-02
3.920387849211692810e-02
3.926318138837814331e-02
3.932225331664085388e-02
3.939208388328552246e-02
3.944101929664611816e-02
3.949483111500740051e-02
3.954321891069412231e-02
3.954321891069412231e-02
3.958308696746826172e-02
3.962574899196624756e-02
3.966183587908744812e-02
3.968760743737220764e-02
3.973567485809326172e-02
3.978964686393737793e-02
3.983248025178909302e-02
3.986768051981925964e-02
3.991774097084999084e-02
3.997066617012023926e-02
3.997066617012023926e-02
4.000249505043029785e-02
4.004565626382827759e-02
4.008210450410842896e-02
4.010884463787078857e-02
4.013031348586082458e-02
4.016352817416191101e-02
3.941312432289123535e-02
3.873824700713157654e-02
3.815399855375289917e-02
3.763908520340919495e-02
3.763908520340919495e-02
3.718767687678337097e-02
3.679072111845016479e-02
3.644467517733573914e-02
3.615060076117515564e-02
3.588578477501869202e-02
3.568076714873313904e-02
3.549288958311080933e-02
3.533394634723663330e-02
3.520519286394119263e-02
3.510452434420585632e-02
3.510452434420585632e-02
3.502622991800308228e-02
3.497112914919853210e-02
3.491954132914543152e-02
3.488613292574882507e-02
3.486853465437889099e-02
3.486411646008491516e-02
3.486048802733421326e-02
3.486648947000503540e-02
3.489442914724349976e-02
3.490046784281730652e-02
3.490046784281730652e-02
3.491454571485519409e-02
3.494916111230850220e-02
3.498551622033119202e-02
3.500762954354286194e-02
3.503178060054779053e-02
3.509204089641571045e-02
3.515053912997245789e-02
3.521729260683059692e-02
3.530308231711387634e-02
3.537498041987419128e-02
3.537498041987419128e-02
3.543139621615409851e-02
3.549125045537948608e-02
3.556861728429794312e-02
3.567119315266609192e-02
3.578964620828628540e-02
3.587590530514717102e-02
3.596884384751319885e-02
3.607710823416709900e-02
3.613819926977157593e-02
3.617211058735847473e-02
3.617211058735847473e-02
3.622105717658996582e-02
3.627096861600875854e-02
3.630962222814559937e-02
3.637761622667312622e-02
3.643216192722320557e-02
3.652337566018104553e-02
3.662160038948059082e-02
3.671655803918838501e-02
3.682285547256469727e-02
3.690726682543754578e-02
3.690726682543754578e-02
3.703958168625831604e-02
3.717447817325592041e-02
3.727314248681068420e-02
3.736617788672447205e-02
3.746167942881584167e-02
3.753388673067092896e-02
3.759960830211639404e-02
3.766283020377159119e-02
3.771826624870300293e-02
3.776048496365547180e-02
3.776048496365547180e-02
3.773629292845726013e-02
3.772976249456405640e-02
3.772649914026260376e-02
3.771253302693367004e-02
3.768208995461463928e-02
3.767835348844528198e-02
3.769163042306900024e-02
3.773487731814384460e-02
3.774774074554443359e-02
3.777841851115226746e-02
3.777841851115226746e-02
3.779615461826324463e-02
3.779574856162071228e-02
3.779835626482963562e-02
3.780452162027359009e-02
3.780452162027359009e-02
3.782505914568901062e-02
3.783162683248519897e-02
3.787265717983245850e-02
3.785748034715652466e-02
3.788364678621292114e-02
3.788364678621292114e-02
3.789813816547393799e-02
3.790425509214401245e-02
3.788024187088012695e-02
3.786153718829154968e-02
3.818514570593833923e-02
4.039772972464561462e-02
4.243264719843864441e-02
4.429555684328079224e-02
4.599546268582344055e-02
4.754291102290153503e-02
4.754291102290153503e-02
4.894908890128135681e-02
5.022516101598739624e-02
5.138194561004638672e-02
5.242969840764999390e-02
5.337810143828392029e-02
5.423606559634208679e-02
5.501190572977066040e-02
5.571319907903671265e-02
5.634691193699836731e-02
5.691940337419509888e-02
5.691940337419509888e-02
5.743647739291191101e-02
5.790341272950172424e-02
5.832501500844955444e-02
5.870560184121131897e-02
5.904912948608398438e-02
5.935918167233467102e-02
5.963900312781333923e-02
5.989149957895278931e-02
6.011929363012313843e-02
6.032485887408256531e-02
6.032485887408256531e-02
6.051030755043029785e-02
6.067762151360511780e-02
6.082852557301521301e-02
6.096468493342399597e-02
6.108748540282249451e-02
6.119825690984725952e-02
6.129816547036170959e-02
6.138826161623001099e-02
6.146954745054244995e-02
6.154284998774528503e-02
6.154284998774528503e-02
6.160896643996238708e-02
6.166858598589897156e-02
6.172233447432518005e-02
6.177083775401115417e-02
6.181455776095390320e-02
6.185399740934371948e-02
6.188955157995223999e-02
6.192162632942199707e-02
6.195051595568656921e-02
6.197661906480789185e-02
6.197661906480789185e-02
6.200013682246208191e-02
6.202131882309913635e-02
6.204045191407203674e-02
6.205767765641212463e-02
6.207322701811790466e-02
6.208723410964012146e-02
6.209988147020339966e-02
6.211129203438758850e-02
6.212155520915985107e-02
6.213082745671272278e-02
6.213082745671272278e-02
6.213918700814247131e-02
6.214670464396476746e-02
6.215349957346916199e-02
6.215962395071983337e-02
6.216515228152275085e-02
6.217012181878089905e-02
6.217460334300994873e-02
6.217866390943527222e-02
6.218230724334716797e-02
6.218558922410011292e-02
6.218558922410011292e-02
6.218858063220977783e-02
6.219123676419258118e-02
6.219364330172538757e-02
6.219581887125968933e-02
6.219778954982757568e-02
6.219956651329994202e-02
6.220114231109619141e-02
6.220259144902229309e-02
6.220387667417526245e-02
6.220504269003868103e-02
6.220504269003868103e-02
6.220608949661254883e-02
6.220705062150955200e-02
6.220791116356849670e-02
6.220867857336997986e-02
6.220937147736549377e-02
6.220998987555503845e-02
6.221056357026100159e-02
6.221107020974159241e-02
6.221153214573860168e-02
6.221193447709083557e-02
6.221193447709083557e-02
6.221231073141098022e-02
6.221263855695724487e-02
6.221297010779380798e-02
6.221322342753410339e-02
6.221348047256469727e-02
6.221368163824081421e-02
6.221389025449752808e-02
6.221407279372215271e-02
6.221424415707588196e-02
6.221437454223632812e-02
6.221437454223632812e-02
6.221452355384826660e-02
6.221464648842811584e-02
6.221473962068557739e-02
6.221483647823333740e-02
6.221492215991020203e-02
6.221501156687736511e-02
6.221506744623184204e-02
6.221513077616691589e-02
6.221520528197288513e-02
6.221523880958557129e-02
6.221523880958557129e-02
6.221530213952064514e-02
6.221532449126243591e-02
6.221536174416542053e-02
6.221541017293930054e-02
6.221543624997138977e-02
6.221545860171318054e-02
6.221549585461616516e-02
6.221552193164825439e-02
6.221553310751914978e-02
6.221554428339004517e-02
6.221554428339004517e-02
6.221555545926094055e-02
6.221559271216392517e-02
6.221560388803482056e-02
6.221561878919601440e-02
6.221561878919601440e-02
6.221562996506690979e-02
6.221562996506690979e-02
6.221564114093780518e-02
6.221565231680870056e-02
6.221565231680870056e-02
