4.882868352651675847e-02
4.882868352651675847e-02
4.934247468335574427e-02
5.046837144172965778e-02
5.153794529165486166e-02
5.248642124969649797e-02
5.306195622620939883e-02
5.311844468293167032e-02
5.305841775836666468e-02
5.272223497672910014e-02
5.242247599355996657e-02
5.215789452627531825e-02
5.215789452627531825e-02
5.197119105342307144e-02
5.176645546783272683e-02
5.181779468834770558e-02
5.187150204426654171e-02
5.199294350480858362e-02
5.214378337215134357e-02
5.212149644723981096e-02
5.209423368330982212e-02
5.189151176649543090e-02
5.157986917641590313e-02
