3.341747075319290161e-02
3.341747075319290161e-02
3.468108177185058594e-02
3.467600420117378235e-02
3.486570343375205994e-02
3.474596887826919556e-02
3.456567227840423584e-02
3.465095162391662598e-02
3.462036326527595520e-02
3.455003723502159119e-02
3.447492420673370361e-02
3.456482663750648499e-02
3.456482663750648499e-02
3.459727764129638672e-02
3.474008664488792419e-02
3.527599200606346130e-02
3.591385856270790100e-02
3.653934597969055176e-02
3.717508167028427124e-02
3.745825216174125671e-02
3.753987327218055725e-02
3.759430721402168274e-02
3.761985898017883301e-02
