2.075794711709022522e-02
1.731763780117034912e-02
1.816528849303722382e-02
2.110500261187553406e-02
2.344671264290809631e-02
2.321847528219223022e-02
2.293452061712741852e-02
2.215789817273616791e-02
2.308209054172039032e-02
2.531812340021133423e-02
2.710086666047573090e-02
2.710086666047573090e-02
2.917536720633506775e-02
3.053824417293071747e-02
3.079264611005783081e-02
3.094608150422573090e-02
3.109000436961650848e-02
3.133098036050796509e-02
3.263872861862182617e-02
3.382532671093940735e-02
3.532649576663970947e-02
3.630755469202995300e-02
3.630755469202995300e-02
3.719072788953781128e-02
3.781820833683013916e-02
3.931295871734619141e-02
4.161720722913742065e-02
4.402371868491172791e-02
4.585862532258033752e-02
4.704267904162406921e-02
4.813062027096748352e-02
4.975781962275505066e-02
4.997054859995841980e-02
4.997054859995841980e-02
5.024331435561180115e-02
5.052111670374870300e-02
5.183263868093490601e-02
5.415805056691169739e-02
5.566735193133354187e-02
5.709794908761978149e-02
5.764715746045112610e-02
5.764757096767425537e-02
5.695589259266853333e-02
5.532660335302352905e-02
5.532660335302352905e-02
5.281996354460716248e-02
5.095870792865753174e-02
4.910117387771606445e-02
4.709779843688011169e-02
4.537641629576683044e-02
4.371060058474540710e-02
4.238114878535270691e-02
4.116825386881828308e-02
4.060268029570579529e-02
4.043389856815338135e-02
4.043389856815338135e-02
4.095657542347908020e-02
4.095576703548431396e-02
4.020309448242187500e-02
3.936196491122245789e-02
3.815999627113342285e-02
3.746222332119941711e-02
3.683291375637054443e-02
3.550780564546585083e-02
3.528610989451408386e-02
3.535785898566246033e-02
3.535785898566246033e-02
3.513187170028686523e-02
3.525380790233612061e-02
3.609917312860488892e-02
3.722148016095161438e-02
3.887667506933212280e-02
4.208449274301528931e-02
4.473774507641792297e-02
4.553998634219169617e-02
4.504168778657913208e-02
4.446824640035629272e-02
4.446824640035629272e-02
4.295387864112854004e-02
4.178274422883987427e-02
3.998298943042755127e-02
3.835081309080123901e-02
3.688097372651100159e-02
3.666935116052627563e-02
3.671077638864517212e-02
3.753125667572021484e-02
3.724252060055732727e-02
3.680740669369697571e-02
3.680740669369697571e-02
3.615920245647430420e-02
3.540626913309097290e-02
3.570121899247169495e-02
3.513558208942413330e-02
3.368660807609558105e-02
3.134377673268318176e-02
2.890810184180736542e-02
2.657295390963554382e-02
2.485709823668003082e-02
2.335406094789505005e-02
2.335406094789505005e-02
2.253342606127262115e-02
2.109818346798419952e-02
1.986149698495864868e-02
1.834660954773426056e-02
1.659416593611240387e-02
1.502617169171571732e-02
1.276198867708444595e-02
1.070480328053236008e-02
8.372200652956962585e-03
6.133264862000942230e-03
6.133264862000942230e-03
5.998137872666120529e-03
8.807230740785598755e-03
1.125354133546352386e-02
1.339521352201700211e-02
1.488030701875686646e-02
1.564601808786392212e-02
1.596480607986450195e-02
1.642451249063014984e-02
1.591677032411098480e-02
1.552716549485921860e-02
1.552716549485921860e-02
1.531994529068470001e-02
1.528493128716945648e-02
1.465345732867717743e-02
1.373432297259569168e-02
1.229694765061140060e-02
1.062408369034528732e-02
9.536144323647022247e-03
9.456128813326358795e-03
9.868904016911983490e-03
9.495674632489681244e-03
9.495674632489681244e-03
8.125305175781250000e-03
7.307596970349550247e-03
6.989431101828813553e-03
6.187781225889921188e-03
5.756608676165342331e-03
6.906941533088684082e-03
8.522381074726581573e-03
1.058670878410339355e-02
1.354205422103404999e-02
1.470989454537630081e-02
1.470989454537630081e-02
1.476116478443145752e-02
1.075581088662147522e-02
6.835178472101688385e-03
5.697402171790599823e-03
6.408889777958393097e-03
7.419577799737453461e-03
9.318319149315357208e-03
1.119245588779449463e-02
1.272865757346153259e-02
1.373766921460628510e-02
