6.458044375241649149e-02
6.583661192978347565e-02
6.688407292362974488e-02
6.788136212972434302e-02
6.811239901586661760e-02
6.816697529859175320e-02
6.828880076295264223e-02
6.832224766184810671e-02
6.849794673454522032e-02
6.855500877790078607e-02
6.863706293546807669e-02
6.835673672632684716e-02
6.783823580158329647e-02
6.731193373324273477e-02
6.715434985994327144e-02
6.699928602628062169e-02
6.692259771330677509e-02
6.686174366169968242e-02
6.709254139139504691e-02
6.739992488243469471e-02
6.760158728230754310e-02
6.770129805580579752e-02
6.794008809405392701e-02
6.810978246435894778e-02
6.828164354664291447e-02
6.851860215906110940e-02
6.884304014033942876e-02
6.894498554611729058e-02
6.906272716685137036e-02
6.913422132636393158e-02
6.915869993367902702e-02
6.915869993367902702e-02
6.940714907920547683e-02
6.957370073585766868e-02
6.972117822654334829e-02
6.995839241065912595e-02
7.011001128407290395e-02
7.016556743454609169e-02
7.008281125451708282e-02
6.990067664027595218e-02
6.950986961140237508e-02
6.905987579113849473e-02
6.858889146972498019e-02
6.801030217792837507e-02
6.749399371050542051e-02
6.699362541737952093e-02
6.640848521418178663e-02
6.593101573179922792e-02
6.558929133025519220e-02
6.512290198156121812e-02
6.475867791667176687e-02
6.434151191547984872e-02
6.396053569479175083e-02
6.360102994095091777e-02
6.324835655914236299e-02
6.290570757191507600e-02
6.261107013549110922e-02
6.222579297229723083e-02
6.187231879702725923e-02
6.155552325092052135e-02
6.127079427648082083e-02
6.098398309021207248e-02
