2.299918979406356812e-02
2.564594894647598267e-02
3.326818719506263733e-02
3.838873282074928284e-02
4.313093423843383789e-02
4.447273910045623779e-02
4.522098228335380554e-02
4.441888630390167236e-02
4.383342713117599487e-02
4.283901304006576538e-02
4.147588834166526794e-02
4.147588834166526794e-02
3.987812623381614685e-02
3.900368139147758484e-02
3.868270292878150940e-02
3.844149038195610046e-02
3.753621131181716919e-02
3.742963075637817383e-02
3.799861297011375427e-02
3.906686604022979736e-02
4.066615924239158630e-02
4.078665748238563538e-02
4.078665748238563538e-02
4.153086990118026733e-02
4.331413283944129944e-02
4.508036747574806213e-02
4.594625160098075867e-02
4.690766334533691406e-02
4.781381785869598389e-02
4.854612424969673157e-02
4.933626577258110046e-02
5.010951310396194458e-02
5.094524100422859192e-02
5.094524100422859192e-02
5.152788385748863220e-02
5.209411680698394775e-02
5.301921069622039795e-02
5.354798585176467896e-02
5.392107740044593811e-02
5.416384339332580566e-02
5.454365909099578857e-02
5.527342855930328369e-02
5.619591847062110901e-02
5.696956813335418701e-02
5.696956813335418701e-02
5.763502418994903564e-02
5.872102826833724976e-02
5.999829620122909546e-02
6.126765161752700806e-02
6.202070042490959167e-02
6.270661205053329468e-02
6.328496336936950684e-02
6.402849406003952026e-02
6.457957625389099121e-02
6.405235826969146729e-02
6.405235826969146729e-02
6.293329596519470215e-02
6.128032505512237549e-02
5.993098393082618713e-02
5.781378224492073059e-02
5.442692339420318604e-02
5.245647951960563660e-02
4.981909692287445068e-02
4.642654582858085632e-02
4.325351491570472717e-02
3.901672363281250000e-02
3.901672363281250000e-02
3.495999798178672791e-02
3.121096827089786530e-02
2.780665457248687744e-02
2.451992221176624298e-02
2.203359641134738922e-02
2.043709158897399902e-02
1.910306885838508606e-02
1.806019619107246399e-02
1.710790395736694336e-02
1.660056225955486298e-02
1.660056225955486298e-02
1.696892268955707550e-02
1.712537370622158051e-02
1.772158034145832062e-02
1.867814362049102783e-02
1.955424807965755463e-02
2.065431885421276093e-02
2.173232659697532654e-02
2.256442606449127197e-02
2.324864827096462250e-02
2.364303730428218842e-02
2.364303730428218842e-02
2.371632307767868042e-02
2.384390868246555328e-02
2.360511571168899536e-02
2.331622876226902008e-02
2.230427972972393036e-02
2.057278156280517578e-02
1.923557557165622711e-02
1.846663840115070343e-02
1.810630969703197479e-02
1.792380958795547485e-02
1.792380958795547485e-02
1.793402619659900665e-02
1.829198189079761505e-02
1.891449093818664551e-02
1.910246349871158600e-02
1.912756636738777161e-02
1.895453035831451416e-02
1.831927523016929626e-02
1.718447543680667877e-02
1.629000529646873474e-02
1.519733481109142303e-02
1.519733481109142303e-02
1.446830760687589645e-02
1.413692720234394073e-02
1.372479181736707687e-02
1.300798170268535614e-02
1.255892682820558548e-02
1.581076346337795258e-02
1.897587999701499939e-02
2.145243994891643524e-02
2.324831672012805939e-02
2.479516528546810150e-02
2.479516528546810150e-02
2.623662911355495453e-02
2.801394835114479065e-02
2.913876436650753021e-02
2.957809716463088989e-02
2.988919988274574280e-02
3.031102381646633148e-02
3.079928830265998840e-02
3.116898797452449799e-02
3.153122961521148682e-02
3.145784139633178711e-02
3.145784139633178711e-02
3.248071670532226562e-02
3.336180001497268677e-02
3.479682281613349915e-02
3.535341471433639526e-02
3.540340811014175415e-02
3.504821658134460449e-02
3.439994528889656067e-02
3.428139910101890564e-02
3.384497016668319702e-02
3.346552327275276184e-02
