1.980153719885698049e-02
2.039774873555314991e-02
2.104601231815431822e-02
2.118249075577496171e-02
2.115940569165021892e-02
2.123340866382681866e-02
2.156295031516124519e-02
2.187613261744176738e-02
2.217675304671128458e-02
2.224273071615135572e-02
2.265674622860371079e-02
2.265674622860371079e-02
2.288552791928797486e-02
2.303697822995405195e-02
2.325199880383197262e-02
2.313390704724836711e-02
2.293690821744919298e-02
2.282836254019580957e-02
2.266971686048119272e-02
2.255614805069708351e-02
2.268955704006981114e-02
2.280931225792647357e-02
2.280931225792647357e-02
2.287688163349665960e-02
2.297145277980805131e-02
2.313265569146448833e-02
2.322662880276664746e-02
2.324423270342030820e-02
2.302984087297296409e-02
2.284691585210419165e-02
2.251718467227350681e-02
2.206020256746447569e-02
2.160775288722878787e-02
2.160775288722878787e-02
2.100801015699178820e-02
2.042951084027597869e-02
1.986658028349654048e-02
1.944254939907115801e-02
1.909227177787584800e-02
1.880361164624742495e-02
1.854482358300440017e-02
1.830596634130233352e-02
1.814849069856222519e-02
1.803182119881341708e-02
1.803182119881341708e-02
1.793784191284244003e-02
1.795900884900897623e-02
1.792315160352448561e-02
1.769387014864612015e-02
1.750896804881259608e-02
1.722246377200310416e-02
1.691701779473998857e-02
1.657636364998392800e-02
1.614820873588364639e-02
1.580944274616423798e-02
1.580944274616423798e-02
1.544300901127166649e-02
1.507770123896919057e-02
1.456550614155708440e-02
1.422281751194668514e-02
1.408789981781471620e-02
1.373906237000828076e-02
1.328043347719012370e-02
1.288585549410341084e-02
1.250274652007631743e-02
1.201845733781222933e-02
1.201845733781222933e-02
1.152400358955149411e-02
1.101121978336800158e-02
1.046648742630723085e-02
9.912655203157618583e-03
9.520859429160099391e-03
8.983570982818014222e-03
8.531981188269709832e-03
8.121802758081211535e-03
7.773065798494311479e-03
7.515973191238170710e-03
7.515973191238170710e-03
7.401218489421321385e-03
7.499405287614249044e-03
7.591305849851844728e-03
7.868946407950976746e-03
7.743770410588217586e-03
7.598153138853138040e-03
7.516468750557356825e-03
7.426737429114309286e-03
7.363868269111874254e-03
7.423836870905131495e-03
7.423836870905131495e-03
7.646400088187774169e-03
7.849116018233927988e-03
8.013944056017130446e-03
8.125236814447127018e-03
8.532334535506148898e-03
8.915071604657246254e-03
9.265367258052411084e-03
9.492160008876955948e-03
9.676545138216540581e-03
9.822175816766200510e-03
9.822175816766200510e-03
9.749160316048565561e-03
9.594246474820778900e-03
9.371508243292223789e-03
9.203639820591497100e-03
9.014778164040965908e-03
8.846960982643479673e-03
8.767575574159547705e-03
8.719241564792078528e-03
8.739664834968957977e-03
8.843994578726874570e-03
8.843994578726874570e-03
9.165829837787287798e-03
9.437072628947884567e-03
9.720643895012101923e-03
9.878922770199086850e-03
9.995576633138247499e-03
9.845854602428169219e-03
9.752839096869423199e-03
9.580649851856200272e-03
9.410397332954307387e-03
9.169568421052303603e-03
9.169568421052303603e-03
9.071672672177040833e-03
9.079233785033852949e-03
8.991207525514818485e-03
8.844672933367252882e-03
8.641277410541457760e-03
8.420869466367119499e-03
8.247312386751788280e-03
8.124717695691067304e-03
8.161392471118883440e-03
8.376423918719575271e-03
8.376423918719575271e-03
8.477143453782613400e-03
8.528761016830300329e-03
8.562542393288435916e-03
8.595016455507675443e-03
8.591925385571503801e-03
8.581469166903183537e-03
8.660335772657691208e-03
8.543268694960323359e-03
8.353430562598768150e-03
8.189833833835194130e-03
8.189833833835194130e-03
8.034641011879417941e-03
7.982309420593856550e-03
7.720425557967460807e-03
7.538974595895564165e-03
7.596420869354898395e-03
7.752107619277694497e-03
7.898823912885157353e-03
8.146332492776483733e-03
8.407678242357195103e-03
8.717695526386076352e-03
8.717695526386076352e-03
8.980936978073729773e-03
9.130478984564247003e-03
9.246859955444393375e-03
9.266356023810972189e-03
9.174727639713133737e-03
8.951093921252590083e-03
8.770524818532465794e-03
8.527077123059266864e-03
8.430022482136534379e-03
8.377078785433256236e-03
8.377078785433256236e-03
8.449387264845158868e-03
8.683161631447885304e-03
9.018735747805064346e-03
9.365055893254621913e-03
9.664315968043481891e-03
1.001877115325743202e-02
1.004636529327035573e-02
1.054145657139985218e-02
1.087133836519122744e-02
1.106483012856781731e-02
1.106483012856781731e-02
1.120627879447633549e-02
1.118070725414841392e-02
1.113429393131210900e-02
1.092625253270895942e-02
1.073684558034206961e-02
1.058137053259059109e-02
1.052326145061128516e-02
1.058311974066033709e-02
1.073183165978598523e-02
1.082826697043771068e-02
1.082826697043771068e-02
1.103636686042353508e-02
1.124731186215707779e-02
1.144212672004035584e-02
1.165940435764043458e-02
1.178827962750421399e-02
1.196575888192792300e-02
1.206986855556938312e-02
1.208898245900087882e-02
1.216738706744925277e-02
1.227479939664087409e-02
1.227479939664087409e-02
1.233048732895002456e-02
1.232175510723728870e-02
1.229552900222088616e-02
1.231368282381685615e-02
1.245787838749386547e-02
1.267682832056160960e-02
1.278612581051146932e-02
1.291923393252794941e-02
1.308096419672984123e-02
1.317781260821923595e-02
1.317781260821923595e-02
1.319274587308174977e-02
1.305817798287256526e-02
1.279895500026297442e-02
1.270684342957946120e-02
1.254118734219426996e-02
1.237576584887547897e-02
1.228187754187474133e-02
1.216144987354052763e-02
1.204263450067317304e-02
1.208164604404787096e-02
1.208164604404787096e-02
1.214120306954174361e-02
1.211920935357883172e-02
1.219863755692940019e-02
1.224034072490475140e-02
1.216591198627519320e-02
1.191036140343779484e-02
1.157044212561624333e-02
1.124614995051181204e-02
1.117421464466166955e-02
1.109753222234377903e-02
1.109753222234377903e-02
1.095341692907306382e-02
1.079294336736067589e-02
1.107525784008686967e-02
1.133184580847053542e-02
1.137178953118599643e-02
1.164002953104571053e-02
1.196588791424566152e-02
1.224880697517499208e-02
1.248888330249042083e-02
1.259593054048437598e-02
1.259593054048437598e-02
1.266730739156841402e-02
1.262634307128812118e-02
1.242148385711170852e-02
1.216439088523218331e-02
1.190194853037354443e-02
1.175192024853653587e-02
1.160896337111337606e-02
1.153964541706207353e-02
1.163869701314317918e-02
1.162774894867603208e-02
1.162774894867603208e-02
1.156841521015417387e-02
1.144725447248589288e-02
1.149503158752340423e-02
1.149745817203088986e-02
1.161449370343954970e-02
1.167763423455362576e-02
1.171447173819376540e-02
1.178310537066775028e-02
1.182575918865426748e-02
1.183393455398113955e-02
1.183393455398113955e-02
1.183215647416093787e-02
1.178748419791462131e-02
1.168215522201215655e-02
1.156546236212311826e-02
1.145429414315123420e-02
1.130562927977649297e-02
1.088670286740175443e-02
1.048614630453656958e-02
9.879239782707079434e-03
9.333790099594677786e-03
9.333790099594677786e-03
8.825162377505163525e-03
8.507741979317695602e-03
8.335018819612965632e-03
8.240745807799900596e-03
8.170901975041167109e-03
8.084436892017925202e-03
8.017269846398460478e-03
8.636257922121125599e-03
9.101870324372198992e-03
9.370162650628051024e-03
9.370162650628051024e-03
9.428320061547014463e-03
9.377655935433696147e-03
9.222122622605221851e-03
8.881654642563761859e-03
8.608887259901590663e-03
8.427875637723169014e-03
8.178156579621112185e-03
7.947574756208393432e-03
7.731215881401659606e-03
7.577749779232781542e-03
7.577749779232781542e-03
7.461910188023506037e-03
7.479415991744547271e-03
7.533694503440947418e-03
7.623380151349523105e-03
7.542180306103310125e-03
7.369528415576984473e-03
7.256299298722956870e-03
7.329737006362622466e-03
7.441261164628716271e-03
7.559120488081867359e-03
7.559120488081867359e-03
7.573848649952623184e-03
7.652933910214999511e-03
7.798155428697828295e-03
7.983920141345810309e-03
8.128735852462489267e-03
8.403114695299486112e-03
8.537428966251821294e-03
8.601633366162743377e-03
8.603987903086985842e-03
8.527951523585706670e-03
8.527951523585706670e-03
8.407735017054135396e-03
8.255539797000633132e-03
8.059216764558650020e-03
7.825461946607279243e-03
7.701958709261896678e-03
7.495583926329443814e-03
7.378561733962240438e-03
7.375113763875427303e-03
7.342049032649729939e-03
7.341990496181593703e-03
7.341990496181593703e-03
7.342244406646118195e-03
7.336280240866369096e-03
7.386059269269447392e-03
7.391932270120994512e-03
7.340300824161551628e-03
7.212557418082550000e-03
7.138731782744439300e-03
7.092256399626939087e-03
7.080605918772111575e-03
7.129420336534954446e-03
7.129420336534954446e-03
7.226831493260275907e-03
7.379530575066060340e-03
7.415371003630953639e-03
7.392391967715148358e-03
7.290176147670989794e-03
7.230532619233252800e-03
7.163012971201376984e-03
7.218909617728711849e-03
7.237787424350539817e-03
7.348501260323418542e-03
7.348501260323418542e-03
7.296922453673200526e-03
7.255612548447094856e-03
7.083258620121975734e-03
6.813191195614682130e-03
6.445132982233571506e-03
6.083189877452138856e-03
5.903900585685033578e-03
5.708704068597435233e-03
5.452016626238135634e-03
5.217725220646129286e-03
5.217725220646129286e-03
5.055682587479680933e-03
4.956837469107516249e-03
4.871760124480296883e-03
4.836358742722355643e-03
4.923845995003481128e-03
5.079555204530285424e-03
5.150145491136154385e-03
5.117983363958534745e-03
5.106129863344335308e-03
5.155134311635123541e-03
5.155134311635123541e-03
5.054497778541635483e-03
4.880745924413331174e-03
4.682241180452103961e-03
4.467676543429608890e-03
4.148566186311146431e-03
3.908297011397167744e-03
3.891853597822780234e-03
3.842634695880149664e-03
3.838187658802938267e-03
3.885873515202826773e-03
3.885873515202826773e-03
3.984831251158450251e-03
4.185958065837861244e-03
4.258223931207172352e-03
4.176316055806816863e-03
3.982114316260429443e-03
3.762144240609617118e-03
3.605313008863863383e-03
3.419605261767585946e-03
3.297110601349358995e-03
3.348056180386371500e-03
3.348056180386371500e-03
3.456605287645251115e-03
3.505840303819902047e-03
3.532101897546577590e-03
2.953203645930952120e-03
2.512503756550378900e-03
2.191339105805274745e-03
2.208182596976708024e-03
2.202651056697835577e-03
2.393827881272779425e-03
2.661800191313205919e-03
2.661800191313205919e-03
3.027213539128242870e-03
3.270497006871364836e-03
3.452619441407194303e-03
3.517674206886311616e-03
3.518178496108542545e-03
3.482380999226999518e-03
3.381758697898617702e-03
2.994966098089865605e-03
2.740766567525950229e-03
2.676989091391731267e-03
2.676989091391731267e-03
2.718632741048062663e-03
2.866555362344686171e-03
3.066101056042677773e-03
3.137856317893881423e-03
3.218297153746344386e-03
3.205896547566441154e-03
3.142054191313604309e-03
3.068130326453903049e-03
2.813056594428152944e-03
2.717043628138145379e-03
2.717043628138145379e-03
2.728040358086554484e-03
2.835520979129295665e-03
3.033763184806608035e-03
3.135871521218762305e-03
3.210235622011401238e-03
3.263151231704285258e-03
3.110553212917442634e-03
3.068245690443690329e-03
2.994086313530147994e-03
2.846192217440077221e-03
2.846192217440077221e-03
2.708995252408654374e-03
2.619803075012857446e-03
2.525566324564236520e-03
2.167533636698715151e-03
1.757002079156408337e-03
1.757002079156408337e-03
1.636373536480856912e-03
1.767706647303881468e-03
1.979750629963290907e-03
2.217851414892781439e-03
2.217851414892781439e-03
2.335366395699035348e-03
2.407908918362838303e-03
2.349662222862225827e-03
2.204465128909352013e-03
2.047790272251009784e-03
2.034689948584664926e-03
2.164804949641495856e-03
2.240982976408731949e-03
2.299103228493764531e-03
2.285293976924997802e-03
2.285293976924997802e-03
2.081262534343887236e-03
1.828048854385066688e-03
1.420057902616393046e-03
1.339572381889138613e-03
1.640364793698979428e-03
2.152589329558720916e-03
2.610564628383942650e-03
2.791539892379972434e-03
2.860779807300768696e-03
2.833254680849338607e-03
2.833254680849338607e-03
2.722675068283905795e-03
2.472638738091427913e-03
2.001385253106513669e-03
1.604602811904663404e-03
1.248587701512440156e-03
1.072452507293311522e-03
8.425713780071824883e-04
6.240268698455107973e-04
6.555015914760703357e-04
1.026800737735682244e-03
1.026800737735682244e-03
1.505446819431713150e-03
1.913773926436130842e-03
2.192388463393547468e-03
2.341969168689784966e-03
2.295921663907737192e-03
2.092018652098770991e-03
1.756945932866368345e-03
1.389108905188698962e-03
1.074234927293181777e-03
8.417256956300345682e-04
8.417256956300345682e-04
5.429681438532931110e-04
6.154768581421250686e-04
9.680443073720648023e-04
1.381625945242536627e-03
1.661515822203935922e-03
2.084793584238647628e-03
2.286252865740310506e-03
2.315711577133909484e-03
2.186044511441269378e-03
1.919972303509886536e-03
1.919972303509886536e-03
1.538896873878555340e-03
1.273487879929812621e-03
1.119735288053667031e-03
1.167869948491076677e-03
1.547594556371849643e-03
2.025002923899169548e-03
2.496695005864006493e-03
2.869216588296058523e-03
3.096402696519681176e-03
3.162575865861336991e-03
3.162575865861336991e-03
3.112620679800171854e-03
2.906723228067125461e-03
2.618128713433424699e-03
2.350565351965515099e-03
2.159376848379401630e-03
2.095603984996547570e-03
2.258146282746166262e-03
2.513408065707697925e-03
2.809679171770600604e-03
3.047916873826154571e-03
3.047916873826154571e-03
3.072273811311660146e-03
2.951062178341015522e-03
2.752580962659036817e-03
2.616108350689669380e-03
2.498548912594423816e-03
2.495423080340772749e-03
2.466328765929665448e-03
2.439091933519838256e-03
2.407813859228446172e-03
2.405342761190718513e-03
2.405342761190718513e-03
2.417182060984656052e-03
2.510898329580201795e-03
2.476608534871454787e-03
2.439540810731779478e-03
2.434424009875478176e-03
2.393564501067099205e-03
2.355011799562980231e-03
2.359053863377698606e-03
2.325688682413855693e-03
2.223609853865336165e-03
2.223609853865336165e-03
2.094113096400930518e-03
1.967982392217404019e-03
1.930972519516836218e-03
1.913906524658545933e-03
1.927455452145657947e-03
1.931631541861252759e-03
2.019902112180830232e-03
2.144264205980149929e-03
2.300512326202533517e-03
2.490375768241846841e-03
2.490375768241846841e-03
2.708662281211551576e-03
2.951930915450970416e-03
3.170338013507507154e-03
3.211827533760732226e-03
3.246352093365901907e-03
3.108569845465735445e-03
2.931090668235547970e-03
2.710657913383812158e-03
2.532810003067376137e-03
2.420037576789772944e-03
