3.243589930325448817e-02
3.243589930325448817e-02
3.143542480903386421e-02
3.081935981341507938e-02
2.991536533463812902e-02
2.904989480061143103e-02
2.844256239803819725e-02
2.797596529906661716e-02
2.782998412464020299e-02
2.772531759646152533e-02
2.777542138037713410e-02
2.759485381029263412e-02
2.759485381029263412e-02
2.734063364346537781e-02
2.692456989946346441e-02
2.652208316502846150e-02
2.620539396144648883e-02
2.574013667209585840e-02
2.534015030992530296e-02
2.490943462701277616e-02
2.441090955622198314e-02
2.403813990466159220e-02
2.380378367063738787e-02
2.380378367063738787e-02
2.361220515232715852e-02
2.340363714758074420e-02
2.317893872259476143e-02
2.306984862339364617e-02
2.310055132816888485e-02
2.321809312299121658e-02
2.333992127359734575e-02
2.344371025133187153e-02
2.347115033954759455e-02
2.352467785139980908e-02
2.352467785139980908e-02
2.334774057350147772e-02
2.305990864178819946e-02
2.282908095099370205e-02
2.238730306584593710e-02
2.196779129374782508e-02
2.166708326556648218e-02
2.157347994926640811e-02
2.158939572677750010e-02
2.191044663934028219e-02
2.228905393733603482e-02
2.228905393733603482e-02
2.261226116874752445e-02
2.303852911877293796e-02
2.331515395244173131e-02
2.347120269440805193e-02
2.345288933124999725e-02
2.338054574464456040e-02
2.330069485047804589e-02
2.350510869245054507e-02
2.407714824926605185e-02
2.466603964137394772e-02
2.466603964137394772e-02
2.501126017116132513e-02
2.532936206547911628e-02
2.567662913427127061e-02
2.594600550294003105e-02
2.614827896343017294e-02
2.627187981256491611e-02
2.632768621516667212e-02
2.659620544821704805e-02
2.719720249836482182e-02
2.762148198049614589e-02
2.762148198049614589e-02
2.823090970654687851e-02
2.876523887985403885e-02
2.923483586571403933e-02
2.970595503810466442e-02
2.991481890363324736e-02
2.994039443556576613e-02
2.974230109952840165e-02
2.957149838083554527e-02
2.950593631702645367e-02
2.941127714621197264e-02
2.941127714621197264e-02
2.938623978718173449e-02
2.947518538732372961e-02
2.981966338792856400e-02
2.988637158976363908e-02
2.995156858018989399e-02
2.998703555432316939e-02
2.987152946273336981e-02
2.962114909369303190e-02
2.941173303638278461e-02
2.928606682873203387e-02
2.928606682873203387e-02
2.920381843671092381e-02
2.922996817804370331e-02
2.917884262630576417e-02
2.919009007312800205e-02
2.929977054677001050e-02
2.940301761931038080e-02
2.960801374967982763e-02
2.987565118597756975e-02
2.993051678300596985e-02
2.987011631053249766e-02
2.987011631053249766e-02
2.981454615770543978e-02
2.983348686217290185e-02
2.985553348221720374e-02
2.972184969268256913e-02
2.959846732232920483e-02
2.949900082999638504e-02
2.957618680951455692e-02
2.975983027568670364e-02
2.994490754090840118e-02
3.014695364233270850e-02
3.014695364233270850e-02
3.028658687564416210e-02
3.017517822945577424e-02
2.995462267488655309e-02
2.952070961274491298e-02
2.914446760819137602e-02
2.881621879880804163e-02
2.857322903899507313e-02
2.854180261366899563e-02
2.874512940151195683e-02
2.892170433755807471e-02
2.892170433755807471e-02
2.900425374355307395e-02
2.893103997348194650e-02
2.876862243431993482e-02
2.846324131573262084e-02
2.809360557023478713e-02
2.757860072391036393e-02
2.727712021291886155e-02
2.728327953228724956e-02
2.747790810848904641e-02
2.776692335053176225e-02
2.776692335053176225e-02
2.800726285139067823e-02
2.806623047409930946e-02
2.799034211686186185e-02
2.788963837653521405e-02
2.759874917494383254e-02
2.730115334182640213e-02
2.732299389873558623e-02
2.743507569608866561e-02
2.769114013746109063e-02
2.806051624042660633e-02
2.806051624042660633e-02
2.834124301605850729e-02
2.838942833205998495e-02
2.826199904649002309e-02
2.806887848481351769e-02
2.791697506012322250e-02
2.789863453590600909e-02
2.815869721002246806e-02
2.846089188954785409e-02
2.874647403093650438e-02
2.897407899914536053e-02
2.897407899914536053e-02
2.913831676240401583e-02
2.924874949455051956e-02
2.926233731050769879e-02
2.921590410509912125e-02
2.918065600525669365e-02
2.915113370447549451e-02
2.911969586709116375e-02
2.911423771853371631e-02
2.912574261067017375e-02
2.912574261067017375e-02
2.912574261067017375e-02
2.921060577623378618e-02
2.928757276948037655e-02
2.938849958302602525e-02
2.953007772161767366e-02
2.971895683678187419e-02
2.988631320524658824e-02
3.001962965481692544e-02
3.019164863060460127e-02
3.033765707666995562e-02
3.042569169590461989e-02
3.042569169590461989e-02
3.045719911258540705e-02
3.045321684108586932e-02
3.040951180405809112e-02
3.031845373267437124e-02
3.023590503345236630e-02
3.013363529951294112e-02
3.003960193860741659e-02
2.994207893505703572e-02
2.985798716715974341e-02
2.978536090252439580e-02
2.978536090252439580e-02
2.972085543024503146e-02
2.968864840644579173e-02
2.969806377260460900e-02
2.973832645193442287e-02
2.978588548387784557e-02
2.982153021528472989e-02
2.982928715657619245e-02
2.981716926313437988e-02
2.976730282996111615e-02
2.976304196004378802e-02
2.976304196004378802e-02
2.975454457650224954e-02
2.973569164609889820e-02
2.971989145518881895e-02
2.970063927595929104e-02
2.967850904435033466e-02
2.968403145254345371e-02
2.966868487266545104e-02
2.965926790357277520e-02
2.965718894004464382e-02
2.962856928485109453e-02
2.962856928485109453e-02
2.958970219537465987e-02
2.954225376924163662e-02
2.947632439053061298e-02
2.943420166945438093e-02
2.940410599881036757e-02
2.942765388238885796e-02
2.943751784138486441e-02
2.947477101388810625e-02
2.956335750293564296e-02
2.966380047104257359e-02
2.966380047104257359e-02
2.977139150367343751e-02
2.986009992417420003e-02
2.990873265459635319e-02
2.992945863052219602e-02
2.990990383844642844e-02
2.984938592649682976e-02
2.981210137305264490e-02
2.985532318011481154e-02
2.991682186010092767e-02
3.002078365821738565e-02
3.002078365821738565e-02
3.009517038063779307e-02
3.015609110320582875e-02
3.021239878126935272e-02
3.023967606563945920e-02
3.024991193229263978e-02
3.025924923437703362e-02
3.023025048340232529e-02
3.019094500053176935e-02
3.013634830517771326e-02
3.010766997685610652e-02
3.010766997685610652e-02
3.011086607557314498e-02
3.013339017399689623e-02
3.020016893447441744e-02
3.050041940862483619e-02
3.085434482897245895e-02
3.120930845782453333e-02
3.152761423530441726e-02
3.183486081340383689e-02
3.210962375852682155e-02
3.235536486496995434e-02
3.235536486496995434e-02
3.254976849402811678e-02
3.273463384465676723e-02
3.291087956144234800e-02
3.307562540082722297e-02
3.324393924728982069e-02
3.343524870098175256e-02
3.363304573400931197e-02
3.383054139275202404e-02
3.400627438140312736e-02
3.418969977506527286e-02
3.418969977506527286e-02
3.435832560403070945e-02
3.452058081820399277e-02
3.467270124299607487e-02
3.480355988476288576e-02
3.491934414560143168e-02
3.498644389686289546e-02
3.503607488654483793e-02
3.506675559256140773e-02
3.506396956196549536e-02
3.507711413588127797e-02
3.507711413588127797e-02
3.507643110187430580e-02
3.507311282603009506e-02
3.502596765878006335e-02
3.497351257685938491e-02
3.489547682444440330e-02
3.483103791435713387e-02
3.476669521747564190e-02
3.469699911426584599e-02
3.463243062531609628e-02
3.456674064120376227e-02
3.456674064120376227e-02
3.450966530433012547e-02
3.445448767580532728e-02
3.442694927931124610e-02
3.441428514463343996e-02
3.440596303934000816e-02
3.441430602888053553e-02
3.443392836225549203e-02
3.445780741421656385e-02
3.450177612865945598e-02
3.454163086556420736e-02
3.454163086556420736e-02
3.457386433288213434e-02
3.459207203175117262e-02
3.461204956564624402e-02
3.463076501758622500e-02
3.464016934348672361e-02
3.464939690816665890e-02
3.462698049652395554e-02
3.460403380820156055e-02
3.456599683784762622e-02
3.451616121877788823e-02
3.451616121877788823e-02
3.447003962915392433e-02
3.442592647644324849e-02
3.437995134006931880e-02
3.434472998057449405e-02
3.429867448363584093e-02
3.425514981703704082e-02
3.420866133187400876e-02
3.416346671144027125e-02
3.411492426612000584e-02
3.408259752342649579e-02
3.408259752342649579e-02
3.404222616063151685e-02
3.401502395353110664e-02
3.401126870358029547e-02
3.399835095150513520e-02
3.397356000800873937e-02
3.393774359050918954e-02
3.389239062549667669e-02
3.384061655179754213e-02
3.378320954201186055e-02
3.373352397768800137e-02
3.373352397768800137e-02
3.369501925601468134e-02
3.366280641993589506e-02
3.365373212228307820e-02
3.363225735535763788e-02
3.360813273745949514e-02
3.358316450278960724e-02
3.357693938201514877e-02
3.358857650331686234e-02
3.361723352866629461e-02
3.364003225199284353e-02
3.364003225199284353e-02
3.367353185251498182e-02
3.372356340631406380e-02
3.374298993151905734e-02
3.372421181866395307e-02
3.366462198386062366e-02
3.360171530497473025e-02
3.351622773187107329e-02
3.342175926817534531e-02
3.332243278702403527e-02
3.323983971494166856e-02
3.323983971494166856e-02
3.318591023444612820e-02
3.315277061492919591e-02
3.314311294667809937e-02
3.315317683613751287e-02
3.316817461064110878e-02
3.319290800335725211e-02
3.320710635877104078e-02
3.320337677004493032e-02
3.318287645744865538e-02
3.313507473057299146e-02
3.313507473057299146e-02
3.306408706361008837e-02
3.297513663414979035e-02
3.287329265246142357e-02
3.280986766526991505e-02
3.276888861128609415e-02
3.273764168154041226e-02
3.269410542136017006e-02
3.264634973388858691e-02
3.260884327983087916e-02
3.258073608233654633e-02
3.258073608233654633e-02
3.255075029018347776e-02
3.249398027550769869e-02
3.242965749125267805e-02
3.236726561310352551e-02
3.233107404457118833e-02
3.230987197395913946e-02
3.228524037897770316e-02
3.225340926823964949e-02
3.223361470618422986e-02
3.223042944826300799e-02
3.223042944826300799e-02
3.220888476912857346e-02
3.220888476912857346e-02
3.220888476912857346e-02
3.220888476912857346e-02
3.220888476912857346e-02
3.220888476912857346e-02
3.220888476912857346e-02
3.221833927337931086e-02
3.224043939391932345e-02
3.227395182459554673e-02
3.227395182459554673e-02
3.227395182459554673e-02
3.227395182459554673e-02
3.231552365744941313e-02
3.235014011321550587e-02
3.238908853431331225e-02
3.241970898617704128e-02
3.243333290257394835e-02
3.244542867294340077e-02
3.246560740219237712e-02
3.247445326919905229e-02
3.247445326919905229e-02
3.248306291612679253e-02
3.249821176410679774e-02
3.251607691827186619e-02
3.253542469324548908e-02
3.255184335470856505e-02
3.256786986813571538e-02
3.259873944784544980e-02
3.261991502228112766e-02
3.265068086239753670e-02
3.269870915846704446e-02
3.269870915846704446e-02
3.274672650817735120e-02
3.277602231270883987e-02
3.280403914448806052e-02
3.281576548444397473e-02
3.281030948024464544e-02
3.280314098391190480e-02
3.277899858553599832e-02
3.272872147892943312e-02
3.267193544183329135e-02
3.262789890780619373e-02
3.262789890780619373e-02
3.256651826359849983e-02
3.250670919104485523e-02
3.242775488176227738e-02
3.239396858474107715e-02
3.238563135950584676e-02
3.238592082770712366e-02
3.238904175799672130e-02
3.241018870921846123e-02
3.243302878229244179e-02
3.247918495689910978e-02
3.247918495689910978e-02
3.251440513983133718e-02
3.255758406062005811e-02
3.259710903463791665e-02
3.262143328971207901e-02
3.263561487258673233e-02
3.262739373666257575e-02
3.261399098593604357e-02
3.262759768690381285e-02
3.261928420444620141e-02
3.262622684941377665e-02
3.262622684941377665e-02
3.265647172112078750e-02
3.270084725123213049e-02
3.274822839399783164e-02
3.278979159101903101e-02
3.281793685108366776e-02
3.284516263587546059e-02
3.284978866687097293e-02
3.284945683039976194e-02
3.284011807767894808e-02
3.282653422894333400e-02
3.282653422894333400e-02
3.282478076272330597e-02
3.282301263106635059e-02
3.285150885832906209e-02
3.286835154426520633e-02
3.286654594508927468e-02
3.285981083623774196e-02
3.285981083623774196e-02
3.285422850254485910e-02
3.284419811406817657e-02
3.280722498469215709e-02
3.280722498469215709e-02
3.275646662275605997e-02
3.269934489660419885e-02
3.266349694083889310e-02
3.265888922117676785e-02
3.266724117705966518e-02
3.270881849167271010e-02
3.274265311792930178e-02
3.277201734149032264e-02
3.278877676834769661e-02
3.278602521945296611e-02
3.278602521945296611e-02
3.276134180213632202e-02
3.273866865204370230e-02
3.269087208446551374e-02
3.264272668912800157e-02
3.264084225469086192e-02
3.267067325644337078e-02
3.269625449561091440e-02
3.272692076541629941e-02
3.274212909326852661e-02
3.274108427131859622e-02
3.274108427131859622e-02
3.276105670865044062e-02
3.279071388059748293e-02
3.281569142758021529e-02
3.283251446937707901e-02
3.285441299762021511e-02
3.287295034596940391e-02
3.289195336048320040e-02
3.290069070172684657e-02
3.288388186858717116e-02
3.286857313679545506e-02
3.286857313679545506e-02
3.285115437624995527e-02
3.282774295956853577e-02
3.278868968079520080e-02
3.275550962815816647e-02
3.272064722743577014e-02
3.271744366045336444e-02
3.271744366045336444e-02
3.273535828396976349e-02
3.280513138584185279e-02
3.287841810119610658e-02
3.287841810119610658e-02
3.296719865134793009e-02
3.306450148163476987e-02
3.313063065478156349e-02
3.315911490526171623e-02
3.316353440016432674e-02
3.314974410281273237e-02
3.314606041462609537e-02
3.318222020744231865e-02
3.321611066337009505e-02
3.326117148894217057e-02
3.326117148894217057e-02
3.331601552034904601e-02
3.337628402286663132e-02
3.342921070169154601e-02
3.347894430095219725e-02
3.351960609033362293e-02
3.355987447762762144e-02
3.357832994165477897e-02
3.357922232046307853e-02
3.357526257499319350e-02
3.358195463603069753e-02
3.358195463603069753e-02
3.358564615552923904e-02
3.362197159826095516e-02
3.364647266977365686e-02
3.365006184414986307e-02
3.365185681230156017e-02
3.367400405946115866e-02
3.369767310247036990e-02
3.373454019358271272e-02
3.375408689289314396e-02
3.377105202495712249e-02
3.377105202495712249e-02
3.379324054387533582e-02
3.380424013892935342e-02
3.383332931151172840e-02
3.387939517887588597e-02
3.393349677512632473e-02
3.396130050365910730e-02
3.398560087085646109e-02
3.399192803471785818e-02
3.398787586055382337e-02
3.399520920196321544e-02
3.399520920196321544e-02
3.402877434700713605e-02
3.404210036478659551e-02
3.405316325191536098e-02
3.406844501758683752e-02
3.405514459514043940e-02
3.404575505537681124e-02
3.404202182232991813e-02
3.404601346352559288e-02
3.404601346352559288e-02
3.404601346352559288e-02
3.404601346352559288e-02
3.404669101894153282e-02
3.402662366842254538e-02
3.401329446167032644e-02
3.399778110683295690e-02
3.394817707591584605e-02
3.388619061835372592e-02
3.385008578468399337e-02
3.383789135718346525e-02
3.382550390670520379e-02
3.380752196019457673e-02
3.380752196019457673e-02
3.379179000990232412e-02
3.378165183108746555e-02
3.375692878691360227e-02
3.373119817430309669e-02
3.372264829723677776e-02
3.371804046464099008e-02
3.372779917002587113e-02
3.374045007060447188e-02
3.373861446243396622e-02
3.376364039906473019e-02
3.376364039906473019e-02
3.375703972937449393e-02
3.371883434010154029e-02
3.367702995154252948e-02
3.364419652903786334e-02
3.360843891687062546e-02
3.356807861014833583e-02
3.353918594476828358e-02
3.352461111705725555e-02
3.350801376763795636e-02
3.348962705558803515e-02
3.348962705558803515e-02
3.348343315765624911e-02
3.347641886523036736e-02
3.347023889151973935e-02
3.348731049883760941e-02
3.350264611806565151e-02
3.348000176731417282e-02
3.345074559361536914e-02
3.338886672102382019e-02
3.333549925758034355e-02
3.329917866045487007e-02
3.329917866045487007e-02
3.328876860224698475e-02
3.329451837821394838e-02
3.328938312502321278e-02
3.331289129404715887e-02
3.334216105050409606e-02
3.336005435638580985e-02
3.335093274031116634e-02
3.334370406974266482e-02
3.332285676614187009e-02
3.330837508574972100e-02
3.330837508574972100e-02
3.330085170779432252e-02
3.328998966615637906e-02
3.328640831722300825e-02
3.330655878507214618e-02
3.331239895113875804e-02
3.332981010432577856e-02
3.336039924600196771e-02
3.340797763120768871e-02
3.344759689938437558e-02
3.348527529715553119e-02
3.348527529715553119e-02
3.349434525862881457e-02
3.347145011727605673e-02
3.343648844611589455e-02
3.338735497336915020e-02
3.333821245099622549e-02
3.330436353296528651e-02
3.327965438785344954e-02
3.328309556766138183e-02
3.327697699750130356e-02
3.330124655518466176e-02
3.330124655518466176e-02
3.335049428718447895e-02
3.339177575169433032e-02
3.338294028588283807e-02
3.336659234421276987e-02
3.335036917671344719e-02
3.332369152993751305e-02
3.329492700648960246e-02
3.326126411673027694e-02
3.323380890168654844e-02
3.319405796110534018e-02
3.319405796110534018e-02
3.318067219415191116e-02
3.317524245902587349e-02
3.316453856793309674e-02
3.314939496748795650e-02
3.315999617524396925e-02
3.316774817111083073e-02
3.316168523575510618e-02
3.315040343264507444e-02
3.313999379909991078e-02
3.312664499807013718e-02
3.312664499807013718e-02
3.310905751015427723e-02
3.310057950215222061e-02
3.307524546211686178e-02
3.304579700910154766e-02
3.301619407383544341e-02
3.295845881738125593e-02
3.290287382299584423e-02
3.286666464184623271e-02
3.282422806451724268e-02
3.277874779371463959e-02
3.277874779371463959e-02
3.275591675859555740e-02
3.274037385452538418e-02
3.275075345476098632e-02
3.273725672982339546e-02
3.276327430688642794e-02
3.277921986606142229e-02
3.277714588573212712e-02
3.277330334498759074e-02
3.276519620623196544e-02
3.278530529427987894e-02
