3.899698372009197805e-02
3.899698372009197805e-02
3.860395539737472570e-02
3.942974521351339662e-02
3.995897883103770309e-02
4.034084141617842040e-02
4.034359073976018228e-02
4.023005812047254076e-02
4.006599401171997282e-02
3.987890955541564808e-02
3.970088596619898713e-02
3.940081296498248314e-02
3.940081296498248314e-02
3.919939907494189579e-02
3.912682131298927252e-02
3.908309528549666623e-02
3.901671356351987807e-02
3.897840319498123429e-02
3.879290743013748960e-02
3.867645381280665484e-02
3.866212725796434879e-02
3.861774683946722631e-02
3.845970110922967977e-02
3.845970110922967977e-02
3.827922063745822084e-02
3.796034547010009724e-02
3.775781601998593612e-02
3.752730661212348023e-02
3.724475965465511018e-02
3.691673157355226248e-02
3.658365433284620216e-02
3.635764785902578095e-02
3.604285887071282529e-02
3.567246841181015427e-02
3.567246841181015427e-02
3.521511764761780378e-02
3.482860668617886873e-02
3.455197564399870719e-02
3.465389123851177200e-02
3.472583868344911867e-02
3.477746133162950420e-02
3.481829180897411807e-02
3.483361799704438183e-02
3.483514957356135394e-02
3.480418323647565398e-02
3.480418323647565398e-02
3.477367707231032029e-02
3.471946483210672924e-02
3.471450995903747200e-02
3.470628297954302111e-02
3.470419031770299173e-02
3.471856077457265849e-02
3.475454214364531030e-02
3.483622585403250982e-02
3.487152510086018176e-02
3.490474414839841305e-02
3.490474414839841305e-02
3.488477269501384648e-02
3.485483560831157540e-02
3.479753140108375609e-02
3.472651788985959415e-02
3.455118185747232257e-02
3.433815404782871589e-02
3.408369224760982030e-02
3.374610071723034566e-02
3.351327357821018427e-02
3.329243954096841596e-02
3.329243954096841596e-02
3.311173196932051810e-02
3.298286605087855788e-02
3.283887232798824579e-02
3.269718657824597502e-02
3.260406271749050067e-02
3.261452296478378060e-02
3.256969732898924719e-02
3.244713342943559425e-02
3.223251647078036880e-02
3.198995094530519140e-02
3.198995094530519140e-02
3.193001341697111750e-02
3.187599696970662422e-02
3.175234085058984551e-02
3.170118155198688864e-02
3.165194397896328032e-02
3.161084170703606921e-02
3.149653805141446744e-02
3.132893094542549273e-02
3.106269308316147310e-02
3.085926254559758289e-02
3.085926254559758289e-02
3.076727234265560010e-02
3.069249357288910546e-02
3.060786239540424017e-02
3.050763397878693967e-02
3.036475351181404728e-02
3.023116997865908998e-02
3.005336508966443068e-02
2.982540842510674611e-02
2.972188839042705366e-02
2.964629193118648379e-02
2.964629193118648379e-02
2.959281554023356076e-02
2.946854276705115905e-02
2.937358532306957870e-02
2.929033899412605835e-02
2.924368243161659664e-02
2.912243971338788345e-02
2.915816419902286794e-02
2.910328873276236614e-02
2.897655764487036545e-02
2.878382266521646235e-02
2.878382266521646235e-02
2.861913059406654899e-02
2.845404384866035905e-02
2.832123183485818138e-02
2.820036545577097112e-02
2.814484549030032631e-02
2.818293142687645914e-02
2.823502165947769371e-02
2.824871367189181123e-02
2.816889444378945645e-02
2.794759304169155273e-02
2.794759304169155273e-02
2.770227798080422341e-02
2.751694294575784266e-02
2.735376527990667286e-02
2.726745171196837472e-02
2.719531068550543398e-02
2.709983574010270402e-02
2.707380817271670681e-02
2.706825957421811479e-02
2.707438374410845935e-02
2.707421638137354550e-02
2.707421638137354550e-02
2.700352663563275468e-02
2.693924417609587854e-02
2.690847552435330844e-02
2.684855579402141770e-02
2.679713785843497800e-02
2.668513663403515590e-02
2.658983753088718302e-02
2.650526026807228236e-02
2.640160894906208588e-02
2.623656137634481841e-02
2.623656137634481841e-02
2.610858483535853647e-02
2.597258471604203117e-02
2.581810260348476119e-02
2.561684562428985165e-02
2.540387489280450731e-02
2.520081897803265816e-02
2.495933369584800443e-02
2.473115493123649589e-02
2.440267207659115381e-02
2.400578972260037150e-02
2.400578972260037150e-02
2.360269387805839433e-02
2.328417220992512124e-02
2.297418600886779946e-02
2.262381359363291669e-02
2.231270774260107198e-02
2.204653311619966111e-02
2.170926248169006978e-02
2.145506482989439218e-02
2.132326486004616425e-02
2.118896411315383810e-02
2.118896411315383810e-02
2.106345096597864869e-02
2.105607806672788254e-02
2.109086364810481770e-02
2.129357703939016230e-02
2.153227410275901019e-02
2.166657692036808025e-02
2.170158524124012056e-02
2.157497011514594026e-02
2.139223036963677077e-02
2.118359094556451425e-02
2.118359094556451425e-02
2.103658260888148154e-02
2.096896932856654600e-02
2.093192823317733750e-02
2.092998127615524132e-02
2.085819039958083584e-02
2.075116410877294454e-02
2.052970113692052789e-02
2.031160353198393359e-02
2.002383522913481553e-02
1.971040768037632743e-02
1.971040768037632743e-02
1.945117966556168462e-02
1.925190941568392933e-02
1.908364805133429265e-02
1.899169009254188245e-02
1.892739230043091400e-02
1.882713907970749029e-02
1.874806456330455409e-02
1.854851081741852592e-02
1.831610468681152057e-02
1.812334119318073991e-02
1.812334119318073991e-02
1.787970811481393724e-02
1.773007069460516560e-02
1.761199691347534874e-02
1.757131558840984570e-02
1.746681484227017786e-02
1.742441470032335057e-02
1.738280733609043685e-02
1.731710842172867054e-02
1.723673663778246823e-02
1.711489335285321794e-02
1.711489335285321794e-02
1.695992143878276293e-02
1.688172648439213372e-02
1.685430997281952767e-02
1.686920964297503045e-02
1.692764334238119547e-02
1.696638694547071904e-02
1.695847337591499873e-02
1.690747187360315887e-02
1.678456656992616952e-02
1.669066180145413122e-02
1.669066180145413122e-02
1.654981086313185926e-02
1.638640281874910107e-02
1.630510729925817651e-02
1.623414317271718033e-02
1.626402560189655136e-02
1.630426774058626668e-02
1.629072269146534732e-02
1.622074841128379533e-02
1.614126530860194447e-02
1.602076975947146209e-02
1.602076975947146209e-02
1.588451834703717702e-02
1.575863610497525366e-02
1.566124878929331041e-02
1.561852033762494742e-02
1.574171291861223287e-02
1.587979298011779963e-02
1.594828835936354383e-02
1.599740242427737102e-02
1.591740858508312526e-02
1.576602678530834162e-02
1.576602678530834162e-02
1.557345274857079541e-02
1.549134490075547432e-02
1.547298674172193321e-02
1.549868274132680870e-02
1.561310984142745030e-02
1.570262564818949991e-02
1.574408912225343585e-02
1.567587780490268742e-02
1.554136893273199739e-02
1.543328172725118817e-02
1.543328172725118817e-02
1.533982472580979611e-02
1.529536146494847246e-02
1.546374664719050995e-02
1.566745630222960220e-02
1.576620358834250613e-02
1.576620358834250613e-02
1.576620358834250613e-02
1.561622116722816318e-02
1.541479632216359585e-02
1.528239468572311840e-02
1.528239468572311840e-02
1.525892059947956542e-02
1.523247215549279263e-02
1.526959557670646943e-02
1.533034640423624161e-02
1.522803072787424356e-02
1.512098250213567141e-02
1.501685700433469904e-02
1.497338330989758833e-02
1.496761142805883710e-02
1.500508771997364002e-02
1.500508771997364002e-02
1.500508771997364002e-02
1.503998644675886079e-02
1.509423241887744571e-02
1.518102703289242981e-02
1.527252716770006145e-02
1.543171694001292497e-02
1.567523608059152862e-02
1.594809044990412941e-02
1.594809044990412941e-02
1.628568154640333207e-02
1.628568154640333207e-02
1.659792865771651804e-02
1.693010254097654030e-02
1.722958655017618398e-02
1.747158402149004766e-02
1.750127102535218096e-02
1.746998872407756753e-02
1.748225515550395209e-02
1.750458531435125295e-02
1.750690009073338493e-02
1.748963929757017810e-02
1.748963929757017810e-02
1.741736590037488985e-02
1.734816241227730635e-02
1.730145607791379672e-02
1.730959267824916034e-02
1.734473863812376060e-02
1.729141040959587469e-02
1.702062378349032332e-02
1.672173991161097356e-02
1.648431277295836841e-02
1.631348956722774093e-02
1.631348956722774093e-02
1.623997917652751297e-02
1.610839563410780204e-02
1.593868147124646167e-02
1.574315314573705715e-02
1.551180016783301231e-02
1.533893174601650040e-02
1.518023466904837651e-02
1.505026471311444840e-02
1.497698683617041358e-02
1.489325805502247739e-02
1.489325805502247739e-02
1.482148566351291011e-02
1.476470756030537693e-02
1.462442840818924290e-02
1.446451565117347522e-02
1.436764322604687678e-02
1.430520636889497620e-02
1.420713555975875939e-02
1.408816438059009267e-02
1.423414700313863600e-02
1.436140730394467636e-02
1.436140730394467636e-02
1.451594062805191404e-02
1.464210034205141141e-02
1.476584041374564595e-02
1.495871219827958794e-02
1.508784739133942933e-02
1.516199712604725421e-02
1.523370880103095022e-02
1.528934046994197271e-02
1.528934046994197271e-02
1.528934046994197271e-02
1.528934046994197271e-02
1.536051832818527939e-02
1.532043823474287143e-02
1.527313530352292746e-02
1.519494352459084367e-02
1.513767566332202205e-02
1.514283648799012727e-02
1.519412006372314848e-02
1.521044833726706638e-02
1.526206597790044465e-02
1.523314783331429501e-02
1.523314783331429501e-02
1.516813329576475848e-02
1.504431138648816904e-02
1.497172398364016166e-02
1.498210353090574480e-02
1.496799157285758596e-02
1.495719302372637560e-02
1.494576727081707579e-02
1.516051242420402186e-02
1.535711820392657474e-02
1.559015623592643202e-02
1.559015623592643202e-02
1.568776294931056511e-02
1.570474201344783383e-02
1.567752580861183145e-02
1.577015429253281892e-02
1.592599340116014964e-02
1.609733748522481842e-02
1.613638196311966908e-02
1.611456342674464845e-02
1.603981245314365159e-02
1.609871296988945807e-02
1.609871296988945807e-02
1.604331361575420112e-02
1.600867725105865544e-02
1.591640066665945055e-02
1.585456838456279424e-02
1.584399531328593499e-02
1.579599262015789901e-02
1.573813060524169305e-02
1.549975724263212909e-02
1.521929770413791259e-02
1.498947799093518218e-02
1.498947799093518218e-02
1.483190639081221653e-02
1.476631031074366988e-02
1.477204875308221060e-02
1.478487762180133100e-02
1.478495502601848664e-02
1.470339426789672027e-02
1.454782469132940952e-02
1.435499676170519726e-02
1.420904631727751451e-02
1.413004834869317425e-02
1.413004834869317425e-02
1.413400704019435357e-02
1.419470190338773669e-02
1.434673621572445622e-02
1.447899938907230497e-02
1.449705648046768248e-02
1.441000439384964096e-02
1.428099703441719145e-02
1.408549114750364331e-02
1.390071659598056397e-02
1.386045412089002143e-02
1.386045412089002143e-02
1.391376524421713418e-02
1.401122862618230276e-02
1.406720534166868396e-02
1.414837596909492012e-02
1.420183859519928531e-02
1.417298341400608647e-02
1.409963030467963063e-02
1.407539527420403197e-02
1.401289028272015291e-02
1.401408805432341996e-02
1.401408805432341996e-02
1.406407345113644576e-02
1.413234671142762564e-02
1.426327539169495832e-02
1.442290409113811643e-02
1.473524501212671034e-02
1.501488145127573975e-02
1.516784463263009045e-02
1.522065394007351968e-02
1.526646091186195826e-02
1.526646091186195826e-02
