8.497771807014942169e-03
8.497771807014942169e-03
8.124517276883125305e-03
8.186276070773601532e-03
8.395249955356121063e-03
8.616984821856021881e-03
8.911041542887687683e-03
9.158871136605739594e-03
9.159517474472522736e-03
9.097179397940635681e-03
9.315190836787223816e-03
9.248838759958744049e-03
9.248838759958744049e-03
9.274339303374290466e-03
9.203500114381313324e-03
9.200028143823146820e-03
9.159066714346408844e-03
8.977345190942287445e-03
8.874748833477497101e-03
9.097505360841751099e-03
9.282239712774753571e-03
9.509302675724029541e-03
9.678697213530540466e-03
9.678697213530540466e-03
9.841685183346271515e-03
1.002394128590822220e-02
1.017793267965316772e-02
1.041741948574781418e-02
1.053228043019771576e-02
1.067067589610815048e-02
1.081504020839929581e-02
1.087840832769870758e-02
1.093707513064146042e-02
1.094154454767704010e-02
1.094154454767704010e-02
1.095588877797126770e-02
1.096188183873891830e-02
1.096745021641254425e-02
1.101048942655324936e-02
1.101578213274478912e-02
1.098789367824792862e-02
1.095818076282739639e-02
1.105159893631935120e-02
1.113491412252187729e-02
1.118016988039016724e-02
1.118016988039016724e-02
1.123684179037809372e-02
1.130051817744970322e-02
1.134282443672418594e-02
1.139566116034984589e-02
1.155480090528726578e-02
1.172310765832662582e-02
1.191141549497842789e-02
1.214766129851341248e-02
1.233513653278350830e-02
1.255105994641780853e-02
1.255105994641780853e-02
1.267368439584970474e-02
1.259235199540853500e-02
1.239962223917245865e-02
1.212261803448200226e-02
1.185676082968711853e-02
1.156744081526994705e-02
1.122988201677799225e-02
1.085061021149158478e-02
1.045363396406173706e-02
1.011105161160230637e-02
1.011105161160230637e-02
9.793436154723167419e-03
9.484830312430858612e-03
9.226491674780845642e-03
9.005885571241378784e-03
8.811830542981624603e-03
8.615594357252120972e-03
8.443639613687992096e-03
8.258176036179065704e-03
8.106195367872714996e-03
8.056297898292541504e-03
8.056297898292541504e-03
8.012993261218070984e-03
8.056960068643093109e-03
8.103483356535434723e-03
8.147145621478557587e-03
8.188623003661632538e-03
8.368257433176040649e-03
8.527813479304313660e-03
8.673047646880149841e-03
8.827968500554561615e-03
9.015896357595920563e-03
9.015896357595920563e-03
9.234503842890262604e-03
9.453577920794487000e-03
9.668114595115184784e-03
9.900721721351146698e-03
1.018582005053758621e-02
1.042044907808303833e-02
1.065539754927158356e-02
1.086334045976400375e-02
1.096936501562595367e-02
1.108214538544416428e-02
1.108214538544416428e-02
1.108805555850267410e-02
1.108744274824857712e-02
1.101914234459400177e-02
1.090427022427320480e-02
1.078235730528831482e-02
1.076635345816612244e-02
1.064556837081909180e-02
1.050972566008567810e-02
1.040940452367067337e-02
1.029743347316980362e-02
1.029743347316980362e-02
1.005788240581750870e-02
9.810916148126125336e-03
9.504244662821292877e-03
9.198905900120735168e-03
8.935242891311645508e-03
8.686970919370651245e-03
8.444302715361118317e-03
8.153013885021209717e-03
7.895586080849170685e-03
7.680459413677453995e-03
7.680459413677453995e-03
7.497138343751430511e-03
7.450258824974298477e-03
7.468931842595338821e-03
7.399073336273431778e-03
7.341070566326379776e-03
7.221584208309650421e-03
7.056014146655797958e-03
6.945391185581684113e-03
6.868719588965177536e-03
6.740548647940158844e-03
6.740548647940158844e-03
6.571880076080560684e-03
6.408870685845613480e-03
6.302173249423503876e-03
6.257082335650920868e-03
6.287485361099243164e-03
6.370852701365947723e-03
6.508247926831245422e-03
6.672478280961513519e-03
6.795022170990705490e-03
6.904780399054288864e-03
6.904780399054288864e-03
6.996563635766506195e-03
7.042435463517904282e-03
7.135763298720121384e-03
7.196098100394010544e-03
7.204324472695589066e-03
7.343026809394359589e-03
7.494148332625627518e-03
7.554289419203996658e-03
7.577609270811080933e-03
7.461084518581628799e-03
7.461084518581628799e-03
7.396520115435123444e-03
7.282722741365432739e-03
7.270486094057559967e-03
7.247308269143104553e-03
7.198166567832231522e-03
7.202229928225278854e-03
7.287682034075260162e-03
7.340956013649702072e-03
7.394304499030113220e-03
7.469868287444114685e-03
7.469868287444114685e-03
7.556783035397529602e-03
7.605160120874643326e-03
7.612419780343770981e-03
7.631598971784114838e-03
7.567551452666521072e-03
7.523583713918924332e-03
7.607106119394302368e-03
7.671236526221036911e-03
7.874670438468456268e-03
8.041416294872760773e-03
8.041416294872760773e-03
8.159626275300979614e-03
8.206972852349281311e-03
8.226648904383182526e-03
8.287919685244560242e-03
8.399005047976970673e-03
8.536200039088726044e-03
8.722884580492973328e-03
8.854517713189125061e-03
8.918551728129386902e-03
9.026398882269859314e-03
9.026398882269859314e-03
9.140368551015853882e-03
9.235220961272716522e-03
9.340541437268257141e-03
9.453775361180305481e-03
9.561510756611824036e-03
9.643308818340301514e-03
9.662533178925514221e-03
9.689843282103538513e-03
9.728910401463508606e-03
9.710388258099555969e-03
9.710388258099555969e-03
9.617773815989494324e-03
9.476969018578529358e-03
9.298807010054588318e-03
9.173233062028884888e-03
9.073472581803798676e-03
8.899392560124397278e-03
8.667631074786186218e-03
8.432016707956790924e-03
8.213896304368972778e-03
8.110621944069862366e-03
8.110621944069862366e-03
8.029505610466003418e-03
7.949711754918098450e-03
7.856803946197032928e-03
7.722528651356697083e-03
7.682550698518753052e-03
7.778327912092208862e-03
7.933117449283599854e-03
8.056660182774066925e-03
8.563854731619358063e-03
8.909387513995170593e-03
8.909387513995170593e-03
9.048088453710079193e-03
9.026316925883293152e-03
8.944834582507610321e-03
8.736724965274333954e-03
8.745838887989521027e-03
8.712002076208591461e-03
8.675395511090755463e-03
8.691807277500629425e-03
8.696576580405235291e-03
8.639709092676639557e-03
8.639709092676639557e-03
8.523309603333473206e-03
8.330226875841617584e-03
8.095197379589080811e-03
7.956792600452899933e-03
7.968469522893428802e-03
7.940115407109260559e-03
7.945514284074306488e-03
8.068608120083808899e-03
8.217776194214820862e-03
8.272317238152027130e-03
8.272317238152027130e-03
8.384189568459987640e-03
8.517418988049030304e-03
8.563971146941184998e-03
8.587603457272052765e-03
8.631946519017219543e-03
8.734998293220996857e-03
8.783611468970775604e-03
8.858140558004379272e-03
8.862276561558246613e-03
8.822483010590076447e-03
8.822483010590076447e-03
8.822945877909660339e-03
8.666353300213813782e-03
8.732744492590427399e-03
8.945793844759464264e-03
9.173620492219924927e-03
9.498891420662403107e-03
9.685554541647434235e-03
9.736975654959678650e-03
9.597054682672023773e-03
9.436837397515773773e-03
9.436837397515773773e-03
9.392216801643371582e-03
9.342616423964500427e-03
9.196631610393524170e-03
9.062008000910282135e-03
8.991726674139499664e-03
8.928031660616397858e-03
8.846493437886238098e-03
8.839000016450881958e-03
8.918070234358310699e-03
9.036633186042308807e-03
