1.304229978633672862e-03
1.304229978633672862e-03
2.782420495903006018e-03
1.992625797242201981e-03
1.488804114745969709e-03
1.610611540518564226e-03
1.882021629338201342e-03
1.981805981228976655e-03
2.049259863612679956e-03
1.768763267656125581e-03
1.611798960451637066e-03
1.494115057331035822e-03
1.494115057331035822e-03
1.710698900446215934e-03
1.959341578017791911e-03
2.077800551961665049e-03
1.993010824934892452e-03
1.779675569769427479e-03
1.621414834912563189e-03
1.702198301310275594e-03
1.868217602238820803e-03
2.041725040965244962e-03
2.204678691311291912e-03
2.204678691311291912e-03
2.259164984462116998e-03
2.207383250996603104e-03
2.086977041015008506e-03
1.916812896206963402e-03
1.860399622157433855e-03
1.941159939254061273e-03
2.142228596346267867e-03
2.410276212421526808e-03
2.570934516091410906e-03
2.587354658512991575e-03
2.587354658512991575e-03
2.491362370948825913e-03
2.272578606188123494e-03
1.945188846309150186e-03
1.642682230973828515e-03
1.514524796557675237e-03
1.541327656713121922e-03
1.649707828827965067e-03
1.827638621448177776e-03
1.984841313717736894e-03
2.085751487130672443e-03
2.085751487130672443e-03
2.093925375887581864e-03
1.990403139281574519e-03
2.006336223165258465e-03
2.030527243629045610e-03
2.085298197623702745e-03
2.110879276693711747e-03
2.026593822950445347e-03
1.977571340201422605e-03
1.948495831557192854e-03
1.873889366913690730e-03
1.873889366913690730e-03
1.699640112304860815e-03
1.620609166384915679e-03
1.651466029108907647e-03
1.834219270345031514e-03
2.040653637153569833e-03
2.134687150281080678e-03
2.146791655554963069e-03
2.039711522193103470e-03
1.892694219615357254e-03
1.785248459430757023e-03
1.785248459430757023e-03
1.732603573080359087e-03
1.819013714826683706e-03
1.997513680386255822e-03
2.069801685896962510e-03
1.914196818225672716e-03
1.789656237443845331e-03
1.722080461760827890e-03
1.829628171151723463e-03
1.945745633866144929e-03
2.087176050239320999e-03
2.087176050239320999e-03
2.148186386000262849e-03
2.244111895916272616e-03
2.120848044125540725e-03
2.040527925106535526e-03
1.973884986273229288e-03
1.827995106390656495e-03
1.817122117848374080e-03
1.973153502307222352e-03
2.124364643005918155e-03
2.187883906741825129e-03
2.187883906741825129e-03
2.104246532833576461e-03
1.983413675350190111e-03
1.961081223105738680e-03
2.133807451517522741e-03
2.280998426426910069e-03
2.262053222431824242e-03
2.140365003785467575e-03
2.075539198267584151e-03
2.079424104410018247e-03
2.082585386644832549e-03
2.082585386644832549e-03
1.911952376396188272e-03
1.674295689637557037e-03
1.473886417447035913e-03
1.505699799010091263e-03
1.565116149890944351e-03
1.637804825282098168e-03
1.601768704706042811e-03
1.480436675471275172e-03
1.360726004185113880e-03
1.347265473665615896e-03
1.347265473665615896e-03
1.376747387659046354e-03
1.495180621881677697e-03
1.493318426359580659e-03
1.472481872833400268e-03
1.378068651409022948e-03
1.278638174146816452e-03
1.293272025854181684e-03
1.522370394122386089e-03
1.726265862002774763e-03
1.824863645295532856e-03
1.824863645295532856e-03
1.809043028052319344e-03
1.711512703020246287e-03
1.654223793929490097e-03
1.649359703264663283e-03
1.689055842064086065e-03
1.765147624116266377e-03
1.799466422671241322e-03
1.689692937980791362e-03
1.478841035918513876e-03
1.180395160210857266e-03
1.180395160210857266e-03
9.585868576934336235e-04
1.058021819622957530e-03
1.341386227944354114e-03
1.433347344476069160e-03
1.355079994924853794e-03
1.173519940847830021e-03
1.057645597764420714e-03
1.122441042857756470e-03
1.195077177041902524e-03
1.302385092906284533e-03
1.302385092906284533e-03
1.311645878114756211e-03
1.236562924994455458e-03
1.325898852611280890e-03
1.585840175591886987e-03
1.717396746367224909e-03
1.677257127266558326e-03
1.417998675287935988e-03
1.283493475899928540e-03
1.364433847072560931e-03
1.569671005525844019e-03
1.569671005525844019e-03
1.776965523136962710e-03
1.886431280068547609e-03
1.712777091156019978e-03
1.458753855498265244e-03
1.324206383575880774e-03
1.344831862374477492e-03
1.343852702204235928e-03
1.426435126020769760e-03
1.487765220190539030e-03
1.524617965015296218e-03
1.524617965015296218e-03
1.326756231501997809e-03
1.130645242902568936e-03
1.173590624844129526e-03
1.354817276708324787e-03
1.478918045267723887e-03
1.462083046233909151e-03
1.337864409305570797e-03
1.189864478491838495e-03
1.163679376664576845e-03
1.313714496860027194e-03
1.313714496860027194e-03
1.462813687131868639e-03
1.491701963266754347e-03
1.405365903600212666e-03
1.336375298806297737e-03
1.342852099549961655e-03
1.495689224399390695e-03
1.599706202890551366e-03
1.602546003377078830e-03
1.475005023120444297e-03
1.401326576151093245e-03
1.401326576151093245e-03
1.481402460348199383e-03
1.674476043889620066e-03
1.748448897383072468e-03
1.725694961589830604e-03
1.643732995347426404e-03
1.547989329032361736e-03
1.527222229076771179e-03
1.572471279404767533e-03
1.689283981195231375e-03
1.749122569035913097e-03
1.749122569035913097e-03
1.911785346732900468e-03
2.137618442337554589e-03
2.206407363846775698e-03
2.162382968876278705e-03
2.146746009086205904e-03
2.197085586088477760e-03
2.277501541935489024e-03
2.291039707679530350e-03
2.081189212392774591e-03
1.855861427475668244e-03
1.855861427475668244e-03
1.616397129768374751e-03
1.365216142873227831e-03
1.255581140988581024e-03
1.369187396077060264e-03
1.565418672227418539e-03
1.712696217503433547e-03
1.788126773547018666e-03
1.663827192187824783e-03
1.444972672808761491e-03
1.302735407271488413e-03
1.302735407271488413e-03
1.321515562127399636e-03
1.381243210833022145e-03
1.482923784690609505e-03
1.502467752547081677e-03
1.407850642638752529e-03
1.233316214819795559e-03
1.184390928466561022e-03
1.319253283802202491e-03
1.503130786593936778e-03
1.612994376270191410e-03
1.612994376270191410e-03
1.612232345799557076e-03
1.643107366943454993e-03
1.729714464456687554e-03
1.785937024386828956e-03
1.814000553239319448e-03
1.901722738809772046e-03
1.989113685522541763e-03
2.010432921461135624e-03
1.987756448471278588e-03
1.837540856511273501e-03
1.837540856511273501e-03
1.708894610158983966e-03
1.735319380670434985e-03
1.752995055051848744e-03
1.693260472848988948e-03
1.685117508064802334e-03
1.669827169683443108e-03
1.674445845135273496e-03
1.701143297980750547e-03
1.733615434569157334e-03
1.772698393679365651e-03
1.772698393679365651e-03
1.772166714943091423e-03
1.716411014357842324e-03
1.661412147386374287e-03
1.497731035140674851e-03
1.365742208136161819e-03
1.398712939119147987e-03
1.445592324032893283e-03
1.461697797719848594e-03
1.519368462691925029e-03
1.733934073641143657e-03
1.733934073641143657e-03
1.944077800623687574e-03
2.006254767104938448e-03
1.938472269222198899e-03
1.727370981333738653e-03
1.519914424764179373e-03
1.397108250648662620e-03
1.173609635374840351e-03
1.165843503544023276e-03
1.270457998474986729e-03
1.417255910060225390e-03
