3.795799520679291050e-02
3.657163558919940272e-02
3.729768938408982437e-02
3.831998370257781034e-02
3.933714659406604974e-02
4.004723984586159441e-02
4.051985117551391846e-02
4.076801780497943395e-02
4.055106738110295095e-02
4.052473425165607074e-02
4.032020692248668159e-02
4.032020692248668159e-02
4.004913476296326214e-02
3.971269555758659420e-02
3.933791026918923711e-02
3.912305316543052830e-02
3.900932177614507140e-02
3.882699072767915871e-02
3.873989690437519562e-02
3.849578092496760973e-02
3.826765421396777916e-02
3.787842123284653612e-02
3.787842123284653612e-02
3.762638854043977993e-02
3.755633660364810639e-02
3.769037557700289504e-02
3.767150802903969364e-02
3.763581385790704809e-02
3.745712468900425085e-02
3.708753470953520676e-02
3.682729905587455582e-02
3.623057775617944537e-02
3.558771110457059628e-02
3.558771110457059628e-02
3.488927533411625981e-02
3.416087745336938986e-02
3.335699913559656005e-02
3.262915733962740844e-02
3.207669384133918222e-02
3.155440510940499960e-02
3.105532153780684451e-02
3.051187578262049005e-02
3.001608379587942382e-02
2.970682808134268715e-02
2.970682808134268715e-02
2.945579800003540402e-02
2.929598484192960997e-02
2.913045459701498266e-02
2.899538728970473336e-02
2.893340775256818265e-02
2.876034069164975712e-02
2.870912992199520578e-02
2.856848032201252108e-02
2.852680672370582968e-02
2.862506943831332612e-02
2.862506943831332612e-02
2.849598530851114864e-02
2.850098945317910276e-02
2.850232118096223885e-02
2.863871638061648434e-02
2.880810678828187379e-02
2.898199443586887622e-02
2.920758843564946403e-02
2.940184774179690694e-02
2.944397803526902294e-02
2.946340239087270538e-02
2.946340239087270538e-02
2.946181900966570941e-02
2.946318223022533628e-02
2.946446772719037155e-02
2.926123855254793640e-02
2.884005853598552507e-02
2.840210840741747012e-02
2.804713926641042021e-02
2.775579111354983808e-02
2.739129793935813489e-02
2.692634702905657637e-02
2.692634702905657637e-02
2.630191465594828096e-02
2.571119231313237496e-02
2.514113900319057959e-02
2.448324661555462481e-02
2.380257677330883601e-02
2.352115493066640750e-02
2.332269964580368712e-02
2.323972289760848145e-02
2.299651174356025229e-02
2.281590379317635989e-02
2.281590379317635989e-02
2.269173201433854689e-02
2.259724977854927694e-02
2.273380010905568654e-02
2.290920512856234326e-02
2.299181601367875777e-02
2.309998384882257921e-02
2.312649287634805859e-02
2.342297344232662989e-02
2.380113962976560318e-02
2.391217702475717174e-02
2.391217702475717174e-02
2.395979517228368980e-02
2.384876368516395534e-02
2.376455949613858962e-02
2.363232187252530675e-02
2.336914121955653567e-02
2.301092231565705915e-02
2.269125067229745343e-02
2.224997656441558835e-02
2.170320987729205606e-02
2.122597831409432992e-02
2.122597831409432992e-02
2.080585799144817408e-02
2.038628599968349622e-02
2.011144357081214029e-02
1.972797420866823775e-02
1.948161061177237224e-02
1.919815114268413891e-02
1.899159022228855478e-02
1.875349167793842822e-02
1.870010915703273352e-02
1.866253306797885023e-02
1.866253306797885023e-02
1.848620951190653797e-02
1.830376597448100939e-02
1.807622500779092894e-02
1.785811405816881484e-02
1.775369891996269461e-02
1.777444589302450487e-02
1.784163558823723822e-02
1.790027514412065313e-02
1.788458988196248503e-02
1.793906433198179037e-02
1.793906433198179037e-02
1.808118376221545115e-02
1.812846830453058652e-02
1.809965874504920746e-02
1.794906431487598708e-02
1.767129411437552006e-02
1.732444396631693112e-02
1.714068649485954790e-02
1.708212930189004913e-02
1.710232972168635249e-02
1.702105303672439562e-02
1.702105303672439562e-02
1.691951820584217461e-02
1.669289331277599639e-02
1.649794606268014524e-02
1.629955713272145112e-02
1.618482098762246552e-02
1.620108616693579154e-02
1.631381448552771118e-02
1.651115882928391385e-02
1.668962733332593484e-02
1.684208308344115751e-02
1.684208308344115751e-02
1.698149484593509603e-02
1.694958778072474734e-02
1.673701177054454786e-02
1.654578954396454180e-02
1.633724642042669317e-02
1.607617402541104343e-02
1.579496467595550499e-02
1.568449519198513928e-02
1.557217228746435485e-02
1.541222454940317961e-02
1.541222454940317961e-02
1.518802177447924062e-02
1.518117309170116322e-02
1.520068397405723026e-02
1.509796165941942013e-02
1.504737161765484429e-02
1.490016495539776657e-02
1.457484512168421252e-02
1.434613230756556085e-02
1.414255248125349460e-02
1.391655585177530539e-02
1.391655585177530539e-02
1.369848809641311532e-02
1.334880421143821820e-02
1.305412456244381056e-02
1.275240471758168001e-02
1.243167858647059067e-02
1.225054049668780447e-02
1.223795372300070725e-02
1.229489671569000686e-02
1.246383596279359435e-02
1.214037596443673372e-02
1.214037596443673372e-02
1.185708583982592219e-02
1.164082325048344628e-02
1.151351400045317122e-02
1.131850328754666762e-02
1.117827840109176379e-02
1.104834645657200298e-02
1.081728384529824158e-02
1.045614403623442226e-02
1.007505480552219577e-02
9.626885325427794043e-03
9.626885325427794043e-03
9.218716994674294382e-03
8.929121086059258611e-03
8.953483132446624776e-03
8.962619338657263485e-03
9.089218716126815437e-03
9.226126036511595255e-03
9.361123671327962678e-03
9.444961645948790965e-03
9.404727916025453285e-03
9.219350919348416259e-03
9.219350919348416259e-03
9.054032626664270875e-03
8.808332871750243487e-03
8.629080953509834367e-03
8.541366050501474419e-03
8.529084709966914396e-03
8.482143916203149087e-03
8.627155363164072666e-03
8.701037880270630701e-03
8.802452017882400961e-03
8.949514546415956312e-03
8.949514546415956312e-03
8.906997142982523222e-03
8.858194741284700080e-03
8.614399255906514744e-03
8.146743695809940608e-03
7.547457614907486512e-03
6.845589157665121424e-03
6.235118731015820356e-03
5.658279708829936153e-03
5.349695560239156079e-03
5.170811363976968340e-03
5.170811363976968340e-03
5.115971975977156271e-03
4.866969286470253404e-03
4.765410495289287320e-03
4.886833999038328775e-03
5.206795330673586776e-03
5.524956342794302630e-03
5.794542184808994245e-03
6.037722982252702493e-03
6.057222066322729553e-03
5.929631178017138668e-03
5.929631178017138668e-03
5.772687969815744509e-03
5.666237488215914060e-03
5.666953049432427517e-03
5.494631087880470950e-03
5.132178717844607801e-03
4.796772623999028158e-03
4.352293940276443646e-03
4.085503407828081079e-03
4.200926580840494418e-03
4.278520514803561825e-03
4.278520514803561825e-03
4.380595057674572732e-03
4.435555400183310848e-03
4.372685307313452750e-03
4.296846994616811653e-03
4.157162102047310542e-03
3.894439561692665443e-03
3.526732875865634664e-03
3.225845216891312824e-03
2.815920857816158786e-03
2.360381890863263304e-03
2.360381890863263304e-03
1.978779135846179312e-03
1.787317497090298250e-03
1.712237980239275517e-03
1.869262490973108313e-03
2.091793130639888008e-03
2.425984484862382835e-03
2.803053213807669281e-03
3.126968947142999382e-03
3.199135244123318435e-03
3.173187881114180372e-03
3.173187881114180372e-03
2.970555856882411104e-03
2.542503315255129504e-03
2.041599299996821066e-03
1.684022296185922222e-03
1.440568577103931627e-03
1.460519755089991151e-03
1.546260666889325485e-03
1.657874768857925830e-03
1.816863574221162531e-03
1.980656156166243041e-03
1.980656156166243041e-03
2.052276755901584395e-03
2.041944022346921586e-03
2.194480284730737640e-03
2.090755911111157571e-03
2.081363125653569283e-03
2.071169504660774850e-03
2.276033242640023314e-03
2.369435288462362101e-03
2.377679503011368399e-03
2.343282539160553360e-03
2.343282539160553360e-03
2.322502640123989132e-03
2.133770889555926861e-03
1.914980119766665490e-03
1.818743499855877011e-03
1.764050073226196887e-03
1.792613792261737093e-03
1.902055570258207561e-03
2.093759233055115729e-03
2.292282765115867017e-03
2.560740531600897135e-03
2.560740531600897135e-03
2.562925169534463043e-03
2.492666789240751898e-03
2.286942343170305248e-03
2.128301212229596721e-03
2.003864173072816661e-03
1.948189199783401755e-03
2.025324798119181209e-03
2.116935025003235070e-03
2.373626558686788447e-03
3.251712055361223336e-03
3.251712055361223336e-03
4.295024800602727059e-03
5.221311094749814946e-03
5.967941501892043595e-03
6.497587892326925005e-03
6.844956875050520889e-03
6.898744076089292042e-03
6.876574116140232729e-03
6.778157876321255076e-03
6.544598589742533883e-03
6.285739160167171449e-03
6.285739160167171449e-03
6.087290504599050453e-03
5.918496293825584176e-03
5.692854673795006565e-03
5.462671338343680870e-03
5.321243774365558461e-03
5.397956662290813966e-03
5.544137305690271036e-03
5.685676578226755290e-03
5.961831714741792562e-03
6.156348953385428618e-03
6.156348953385428618e-03
6.244077562227484841e-03
6.143610775593852033e-03
5.932163730287268004e-03
5.546246658863726933e-03
5.180795156683518782e-03
4.843579503106888381e-03
4.539346964450750692e-03
4.292921519214805588e-03
4.247907274121056134e-03
4.194470316117166787e-03
4.194470316117166787e-03
4.289468340372031181e-03
4.413336622898984471e-03
4.553184147739195928e-03
4.669682425801796252e-03
4.728143776216628055e-03
4.726856593357496583e-03
4.772358733097099501e-03
4.821893602015082589e-03
4.780775770530600391e-03
4.751743140574424609e-03
4.751743140574424609e-03
4.658297062723359971e-03
4.607099436237853916e-03
4.546212614245643061e-03
4.516641289118491359e-03
4.481949908159133661e-03
4.395130927356574041e-03
4.367888492832532055e-03
4.311909176606417045e-03
4.295517951560572090e-03
4.447784691426151342e-03
4.447784691426151342e-03
4.644643391598835339e-03
4.925777659586854859e-03
5.286269854607720219e-03
5.589286721595576428e-03
5.692057587900398001e-03
5.543938269113758179e-03
5.308270455471392722e-03
4.735681731887656648e-03
4.181395299831235438e-03
3.626105573889617378e-03
3.626105573889617378e-03
3.215802857830814439e-03
2.964738873128799478e-03
2.778826245449237189e-03
2.738327128179682182e-03
2.806232989158643533e-03
3.173383898428294974e-03
3.565098932767185591e-03
3.924559938170761771e-03
4.069919830966909832e-03
4.097201717048497803e-03
4.097201717048497803e-03
3.971811765903815634e-03
3.700349177734333674e-03
3.407464509429608979e-03
3.156084203231510153e-03
3.026972021980677864e-03
3.027146936369284284e-03
3.089482214041342541e-03
3.178940536759672624e-03
3.287756587990801199e-03
3.397320392789520208e-03
3.397320392789520208e-03
3.441757412704036460e-03
3.501911276739931231e-03
3.501911276739931231e-03
3.463437411131247735e-03
3.357707975469858674e-03
3.184319960018772936e-03
2.948813885884967161e-03
2.568362441863389443e-03
2.136759552704025136e-03
1.794180560458059773e-03
1.794180560458059773e-03
1.549977117655061383e-03
1.481926219909786074e-03
1.532991366237030110e-03
1.660435578943756903e-03
1.716857850663422967e-03
1.853840641713553651e-03
2.039032046899499559e-03
2.158737381363104273e-03
2.081372066559107788e-03
2.013495664632230023e-03
2.013495664632230023e-03
1.854760839687494452e-03
1.494347788407115237e-03
1.160196533326978991e-03
8.079559415523416936e-04
5.589853484809015945e-04
3.581422451132426784e-04
2.295913655543328617e-04
2.266457686773074433e-04
5.114436188774630458e-04
9.641921565612747956e-04
9.641921565612747956e-04
1.432599225396903727e-03
1.782623788800516331e-03
2.025827116700941455e-03
2.113130519633255218e-03
2.028913915381379881e-03
1.855863217907220827e-03
1.529572555884177541e-03
1.139280559471434135e-03
7.922766340915247995e-04
6.235090588248327643e-04
6.235090588248327643e-04
7.068252879345563074e-04
1.074105306416446148e-03
1.392807285242822230e-03
1.741174685488973157e-03
2.055539291667568026e-03
2.271296326659318857e-03
2.590258616947418296e-03
2.634394656755333249e-03
2.670635972719982449e-03
2.588439589675261849e-03
2.588439589675261849e-03
2.432213839747172750e-03
2.376001087616227622e-03
2.375264706568102398e-03
2.439399074419139335e-03
2.485030887603564918e-03
2.543319021597886288e-03
2.815013201161122806e-03
3.107806924017239743e-03
3.561929275910628682e-03
3.882530851782297395e-03
3.882530851782297395e-03
4.127322025426636599e-03
4.276382314384626418e-03
4.291657421521335135e-03
4.177270952904417120e-03
3.852018954322640465e-03
3.481406312088675039e-03
3.132643520445412087e-03
2.908749923727626478e-03
2.718513501811823090e-03
2.535550331168745335e-03
2.535550331168745335e-03
2.368867891068757170e-03
2.237852769179933532e-03
2.175825352561493176e-03
2.143674925992723398e-03
2.238980039827660924e-03
2.373024749213601802e-03
2.484090265659793639e-03
2.505375353850674679e-03
2.556753903277555768e-03
2.628168478334518866e-03
2.628168478334518866e-03
2.656516779715610479e-03
2.699933678131083686e-03
2.669691631204814623e-03
2.629472541330076137e-03
2.695392942680795417e-03
2.932134471339036680e-03
3.193166322446862933e-03
3.384782544666887789e-03
3.517744220333846820e-03
3.620727313601759378e-03
3.620727313601759378e-03
3.671033612683970593e-03
3.675371426322941986e-03
3.569355556033485498e-03
3.416037950874082837e-03
3.227394969452231348e-03
3.064346916067365104e-03
2.895630926602356207e-03
2.722465060025880401e-03
2.578436322985032739e-03
2.516892169388201123e-03
2.516892169388201123e-03
2.540586756392944866e-03
2.620469122248746553e-03
2.549447571061166061e-03
2.589899060407168958e-03
2.698788859812081917e-03
2.880519726861259771e-03
3.150763789093971156e-03
3.411289424871966677e-03
3.561704751519260623e-03
3.586202891855162344e-03
3.586202891855162344e-03
3.500730653452765496e-03
3.395280101699108856e-03
3.381104157406373753e-03
3.432322979195527417e-03
3.506431814101618107e-03
3.422616430272282934e-03
3.402478853613127244e-03
3.413313973563430245e-03
3.439815049761983309e-03
3.525776500155126947e-03
3.525776500155126947e-03
3.589925256634087566e-03
3.651835983608420384e-03
3.697448000410198665e-03
3.602549073347898097e-03
3.470429586368655589e-03
3.310926299830394947e-03
3.172270611184490642e-03
2.550694215066893599e-03
2.152014423341274633e-03
1.980613359965693095e-03
1.980613359965693095e-03
1.902995733674101280e-03
1.928264642286935723e-03
1.987085502651417430e-03
2.118701758732260791e-03
2.261867876453437041e-03
2.308737052775887769e-03
2.234705638510084240e-03
2.140829903776679272e-03
1.979041826680164387e-03
1.946576733213967181e-03
1.946576733213967181e-03
2.079972042882133852e-03
2.207154484869167620e-03
2.290866549149113678e-03
2.443383788866274314e-03
2.572028902297611268e-03
2.497740267742193897e-03
2.447547050810531134e-03
2.311392640035290613e-03
2.147209326647642278e-03
1.983684055321995997e-03
