3.178392148959892360e-02
3.178392148959892360e-02
3.207480194800271800e-02
3.143407037037825730e-02
3.042913666274793885e-02
2.932241535532409057e-02
2.832735552637044574e-02
2.740299259182616548e-02
2.682767609081066623e-02
2.637266748591574061e-02
2.583425505550785220e-02
2.529894133156425709e-02
2.529894133156425709e-02
2.481694646691220280e-02
2.420464644334194976e-02
2.356374828302663926e-02
2.282495351417337254e-02
2.205284472718037000e-02
2.144748638736831969e-02
2.113211071949972625e-02
2.163669510106268692e-02
2.205719342718435658e-02
2.239379959602705653e-02
2.239379959602705653e-02
2.277430874947102349e-02
2.314409760767048227e-02
2.342172689373972147e-02
2.366991270713592402e-02
2.380180189797890047e-02
2.383026522029019559e-02
2.387709832687854791e-02
2.389477199683360392e-02
2.388656254853935984e-02
2.385035827363280597e-02
2.385035827363280597e-02
2.385972145706353326e-02
2.371644778237285908e-02
2.357264500575098967e-02
2.340806036137324520e-02
2.316112290544895466e-02
2.287957166668866393e-02
2.250723904259098462e-02
2.212232465626871522e-02
2.169914561631352753e-02
2.132338910661863915e-02
2.132338910661863915e-02
2.094519442304594234e-02
2.056005506436422645e-02
2.013964207147414878e-02
1.977272904226868092e-02
1.938592863046083303e-02
1.895934131641176246e-02
1.855886274698487562e-02
1.809713560379919844e-02
1.760283172530231754e-02
1.717027671081652190e-02
1.717027671081652190e-02
1.676038534131951002e-02
1.637145094751878832e-02
1.602783195905195524e-02
1.560218592061858069e-02
1.516471463133381610e-02
1.480174364616192000e-02
1.397861125784186087e-02
1.331329383166767952e-02
1.280076658392221081e-02
1.239504697938190007e-02
1.239504697938190007e-02
1.206477207524794294e-02
1.178545441172579485e-02
1.159247642987773323e-02
1.144453880424787726e-02
1.135132864939577581e-02
1.135132864939577581e-02
1.135132864939577581e-02
1.128147036843996955e-02
1.122974522153432839e-02
1.112778401060520242e-02
1.112778401060520242e-02
1.101924525486232438e-02
1.090865208429528561e-02
1.075883282832746334e-02
1.053410202328804689e-02
1.034091496594417674e-02
1.002481633892057800e-02
9.608009199109526430e-03
9.239097541251094226e-03
8.903622365733516314e-03
8.653295138363667829e-03
8.653295138363667829e-03
8.423995578658768565e-03
8.201813728331229167e-03
8.024905075048164443e-03
7.808128688649820445e-03
7.593660495330360402e-03
7.377262601699731588e-03
7.143594597619695556e-03
6.800743716440666060e-03
6.458695069227654399e-03
6.184538983425970707e-03
6.184538983425970707e-03
5.936085347875170309e-03
5.719847188212951426e-03
5.517426378275308400e-03
5.349068607694554625e-03
5.242784192006118803e-03
5.219552126840170878e-03
5.298016935396455615e-03
5.723198168805764159e-03
6.164939399016993414e-03
6.672084597994896657e-03
6.672084597994896657e-03
7.140085604939516890e-03
7.517138998873003873e-03
7.805940498476752858e-03
8.004821729537496891e-03
8.082846431225356940e-03
8.002934471793902299e-03
7.754615169718521647e-03
7.404451538571570415e-03
7.062956947835714004e-03
6.855905337668740003e-03
6.855905337668740003e-03
6.989972281713647748e-03
7.176507887645091482e-03
7.414662704748328954e-03
7.640331736506406415e-03
7.880643453106067967e-03
8.092375740423114056e-03
8.314463474609946197e-03
8.494072344480707928e-03
8.637810393852939084e-03
8.750516108295393336e-03
8.750516108295393336e-03
8.760831537809495029e-03
8.709060376956649294e-03
8.606001739333301453e-03
8.412763924391268577e-03
8.146186699233384440e-03
7.899535198848239154e-03
7.671606860654884251e-03
7.483368957937793983e-03
7.430978222076707260e-03
7.448382903543427497e-03
7.448382903543427497e-03
7.494641875105807066e-03
7.648878557992565795e-03
7.794287820842276532e-03
7.983872113714794022e-03
8.239066633584882227e-03
8.521669820531313846e-03
8.750025674827105471e-03
8.947795987428298556e-03
9.131549427074815706e-03
9.324775598059527673e-03
9.324775598059527673e-03
9.414988033110808369e-03
9.404381943576520589e-03
9.337901569245358330e-03
9.205590749360477790e-03
9.037966728310711795e-03
8.924109014226265513e-03
8.789024236392361730e-03
8.611448821457643940e-03
8.529854049031733443e-03
9.114404309324241130e-03
9.114404309324241130e-03
9.565975129724178447e-03
1.001254434387686097e-02
1.040482225708000766e-02
1.073712139151177490e-02
1.105099080294515146e-02
1.126458159109382066e-02
1.138466238205477522e-02
1.144156319103180851e-02
1.153172350174954883e-02
1.155382716190680309e-02
1.155382716190680309e-02
1.151629264817672325e-02
1.149669619794856101e-02
1.146401128933203367e-02
1.149176767633484052e-02
1.153586304164338876e-02
1.155930549428341343e-02
1.159264981343696710e-02
1.164481475868028686e-02
1.185972867643307269e-02
1.205292690678367272e-02
1.205292690678367272e-02
1.218481277475793115e-02
1.228916094622802338e-02
1.234246053275353527e-02
1.242567708246994015e-02
1.248801476019237994e-02
1.255894239711485491e-02
1.259122441073663029e-02
1.259110156977115598e-02
1.266155554305602171e-02
1.267404647596451044e-02
1.267404647596451044e-02
1.265373602680809444e-02
1.259176698246077496e-02
1.249589916552031575e-02
1.239025692281636899e-02
1.228611933085643586e-02
1.216098533404795165e-02
1.204174958674357476e-02
1.201006768021198150e-02
1.201006768021198150e-02
1.199961520089582248e-02
1.199961520089582248e-02
1.205643092058649585e-02
1.211531403779503129e-02
1.223446816191682551e-02
1.240316053887952769e-02
1.255719683402245317e-02
1.269264276676786499e-02
1.277854731872943468e-02
1.281154535279128114e-02
1.285942677845748269e-02
1.282105923627706832e-02
1.282105923627706832e-02
1.276824126878282374e-02
1.272793385028977119e-02
1.272226143045400090e-02
1.272080982273535860e-02
1.270133643097746956e-02
1.263907430723127875e-02
1.250621486060407052e-02
1.239901395553329871e-02
1.230006618086116124e-02
1.220413047062740043e-02
1.220413047062740043e-02
1.214716121849983982e-02
1.219610857249075683e-02
1.226313100758308350e-02
1.250261791248009381e-02
1.280837621364034826e-02
1.305893215578349080e-02
1.333257483841530401e-02
1.349572361104610721e-02
1.353956056989562631e-02
1.348948493478803294e-02
1.348948493478803294e-02
1.330014636157187541e-02
1.304001453566553358e-02
1.277195878577392675e-02
1.244694879793575501e-02
1.216873037252538640e-02
1.193399783410790602e-02
1.183300605910891402e-02
1.195109729657180611e-02
1.208479044406877284e-02
1.226562326754698437e-02
1.226562326754698437e-02
1.248318905540471251e-02
1.274433649257919812e-02
1.309505372261852811e-02
1.335046330995947987e-02
1.348508579775475370e-02
1.349944371652790805e-02
1.336812698568520807e-02
1.320908959131326423e-02
1.298238870658579083e-02
1.273782812680923117e-02
1.273782812680923117e-02
1.246237825390795508e-02
1.216805624303080383e-02
1.184472931105408182e-02
1.155593081397678600e-02
1.135040955246421034e-02
1.123744069098049810e-02
1.118218621506958908e-02
1.120796524777175826e-02
1.128808604698240854e-02
1.168268006177686225e-02
1.168268006177686225e-02
1.204568643738281042e-02
1.241302416071789032e-02
1.281671874629463671e-02
1.310011996711995912e-02
1.322777806304791665e-02
1.318883264146485622e-02
1.315674492901288545e-02
1.310303282606287492e-02
1.306716786281826755e-02
1.298262529763059316e-02
1.298262529763059316e-02
1.290093226349534918e-02
1.273963571192322786e-02
1.250521984125244762e-02
1.227341187330727515e-02
1.206813516540648952e-02
1.186600435231373665e-02
1.161192350158520535e-02
1.138977181051809354e-02
1.126050791446667025e-02
1.121464746046681518e-02
1.121464746046681518e-02
1.128958682465912300e-02
1.148089974642772966e-02
1.176752109224536713e-02
1.199507809976231576e-02
1.219690497906712398e-02
1.226046010052719328e-02
1.223999589478416347e-02
1.210419233745440096e-02
1.189596722921599202e-02
1.161973696430570330e-02
1.161973696430570330e-02
1.135934170236110874e-02
1.114835042973231008e-02
1.107956315790377053e-02
1.114532430680169328e-02
1.125089827972662777e-02
1.146802958751621387e-02
1.170619215147407355e-02
1.188135000884323750e-02
1.196686558543135978e-02
1.189484994557300605e-02
1.189484994557300605e-02
1.181677979233336853e-02
1.169512132028895958e-02
1.158549603347398468e-02
1.151505157556621806e-02
1.148287130662971160e-02
1.151147522239763174e-02
1.149313624608889681e-02
1.149311207112759664e-02
1.146518436647894594e-02
1.153158970640958542e-02
1.153158970640958542e-02
1.159354802746202957e-02
1.162974483986286243e-02
1.162175233148742166e-02
1.153151038354971632e-02
1.138240382152225748e-02
1.128414080785758444e-02
1.125670065783487654e-02
1.128064544696632913e-02
1.134448538773525153e-02
1.144432731629613925e-02
1.144432731629613925e-02
1.158667877718447779e-02
1.177026803336166279e-02
1.186791987168158390e-02
1.186242207568157653e-02
1.195066337701565680e-02
1.201073142698170365e-02
1.202347707057190192e-02
1.193923474424009659e-02
1.184386185389259966e-02
1.176899846018560070e-02
1.176899846018560070e-02
1.162282329939931524e-02
1.163430938135904050e-02
1.168557927127820452e-02
1.186681898037534981e-02
1.207158145820023259e-02
1.233119887050652778e-02
1.262098544688617340e-02
1.291575014435912896e-02
1.313183783092530983e-02
1.332151502775234288e-02
1.332151502775234288e-02
1.403817873225409948e-02
1.447377383738712026e-02
1.454449575171777066e-02
1.434242472426586028e-02
1.395022066972268458e-02
1.339929517281110948e-02
1.279640897263244204e-02
1.130137391890384709e-02
1.010962439244289177e-02
9.199143632758024700e-03
9.199143632758024700e-03
8.541479372031283643e-03
8.106268133200074041e-03
7.861280329897817401e-03
7.797678394365627555e-03
8.002757787848599827e-03
8.214425353200365681e-03
8.469995900879849146e-03
8.694356711951352346e-03
8.937093596721993119e-03
9.146004773778712224e-03
9.146004773778712224e-03
9.368303714604077001e-03
9.537363331250811593e-03
9.642241081357706342e-03
9.804293191400609286e-03
9.913840240792207506e-03
9.989604131849814939e-03
1.001999407228188962e-02
9.973255604701466298e-03
9.881782711105955783e-03
9.687953237005015455e-03
9.687953237005015455e-03
9.568243466365321942e-03
9.522245218053854848e-03
9.433670840141294978e-03
9.342972269287590226e-03
9.261454535707612512e-03
9.247881832545623917e-03
9.272331671195323255e-03
9.286746026679030749e-03
9.333939972128156917e-03
9.377107825197605537e-03
9.377107825197605537e-03
9.477849866945001894e-03
9.667344285728402334e-03
9.884308235493811587e-03
1.006654746583002073e-02
1.026692352538121321e-02
1.046159779195798140e-02
1.066934522352605899e-02
1.080526250339171150e-02
1.088817212455894107e-02
1.079092341824272432e-02
1.079092341824272432e-02
1.072405437388511754e-02
1.063270269195416493e-02
1.060512658924817400e-02
1.065681205935674510e-02
1.081778022912368784e-02
1.095662280174468720e-02
1.101636918525966506e-02
1.102004971908010500e-02
1.053290456120112642e-02
1.016913910552920755e-02
