6.234100991734862346e-02
6.262655419741622320e-02
6.296115258250382929e-02
6.338768296844568551e-02
6.378373989315130888e-02
6.407864953811602537e-02
6.432535204236017323e-02
6.437610516512001779e-02
6.429232245013201397e-02
6.433614142379621981e-02
6.450328011378972382e-02
6.457143766031482601e-02
6.467883999327783684e-02
6.476453873881768408e-02
6.478927789037124130e-02
6.470063146890971117e-02
6.458460880015701178e-02
6.439176764600247627e-02
6.410391811954710417e-02
6.386659041469530673e-02
6.367752148485977814e-02
6.342996257567995455e-02
6.316000924815715067e-02
6.288739253043859612e-02
6.277696157027162771e-02
6.280723775874501313e-02
6.285541665797692024e-02
6.296040588797907622e-02
6.302804395963158834e-02
6.306078747178121835e-02
6.288666529441870601e-02
