3.745869480418614200e-02
3.745869480418614200e-02
3.579753850891546907e-02
3.416059961670431938e-02
3.330049906508704416e-02
3.297444971642624761e-02
3.276182831728873673e-02
3.224043491427722868e-02
3.162308128632811133e-02
3.110289469986361049e-02
3.056095081084135578e-02
2.994638071310542701e-02
2.994638071310542701e-02
2.943957365434838463e-02
2.901279255147244662e-02
2.854696856340347214e-02
2.817053738049234493e-02
2.784881544517352550e-02
2.743795963162993026e-02
2.715609039603099698e-02
2.692837484941551854e-02
2.671268235582447553e-02
2.647600126950297797e-02
2.647600126950297797e-02
2.644669589876705307e-02
2.622940169407258701e-02
2.592202521181986505e-02
2.551688140177374789e-02
2.509494384477315571e-02
2.463223852435348499e-02
2.420431389297552152e-02
2.381342045246453987e-02
2.338879919994891685e-02
2.303290918661953998e-02
2.303290918661953998e-02
2.276175895967152973e-02
2.249236574995784263e-02
2.235779258726317345e-02
2.220938018879963297e-02
2.226789889858769855e-02
2.241032128918557173e-02
2.241727857576159694e-02
2.251576951277191319e-02
2.248629987410070974e-02
2.250623942678861220e-02
2.250623942678861220e-02
2.257849921574617974e-02
2.264685855676034504e-02
2.271666738587281575e-02
2.266617825290050126e-02
2.243203088610456683e-02
2.219090412589503833e-02
2.204699185329599131e-02
2.173969386267846429e-02
2.152501964480399085e-02
2.135732813135762798e-02
2.135732813135762798e-02
2.121179673800599116e-02
2.106887802259083467e-02
2.103974401180501094e-02
2.098320870929049758e-02
2.093117963641539028e-02
2.093836537226722791e-02
2.085960952141639735e-02
2.088658869707786872e-02
2.090020074107044878e-02
2.087512244112437604e-02
2.087512244112437604e-02
2.098958835112756799e-02
2.116354323536239271e-02
2.128659589005198888e-02
2.113153716493516507e-02
2.085995208280031279e-02
2.068170984340646917e-02
2.055086499303810516e-02
2.031023540656615861e-02
2.033758578534401729e-02
2.037524196445119479e-02
2.037524196445119479e-02
2.045370652960210381e-02
2.032991836144461967e-02
2.010920944877922500e-02
1.994020736904620478e-02
1.972884653622255374e-02
1.945551897088668158e-02
1.918019576081143873e-02
1.879766396960661293e-02
1.851115140260217728e-02
1.817049623373387726e-02
1.817049623373387726e-02
1.761403910573713233e-02
1.708189541394562749e-02
1.650480512797629362e-02
1.591501681156943723e-02
1.531184149366672347e-02
1.498006168975446299e-02
1.466233829607242398e-02
1.429774971360241349e-02
1.388078149593818117e-02
1.376259355140879194e-02
1.376259355140879194e-02
1.393792572468236825e-02
1.460547172560406996e-02
1.495840874087569355e-02
1.537978079338845477e-02
1.561065458905444396e-02
1.587406387053760803e-02
1.601570373256632970e-02
1.622147487104683150e-02
1.643671146668355260e-02
1.668986868327124520e-02
1.668986868327124520e-02
1.675879307720385542e-02
1.683200586221229519e-02
1.690531489320701991e-02
1.678558140620868208e-02
1.647167931575010610e-02
1.615587119072943792e-02
1.586173888957916403e-02
1.560125539479536617e-02
1.544239916962910145e-02
1.513605985732358918e-02
1.513605985732358918e-02
1.519430845085173454e-02
1.529840730935084700e-02
1.547848988705336631e-02
1.567445103952547908e-02
1.567473810819745156e-02
1.562755341597559314e-02
1.558965502613313472e-02
1.510193970837240759e-02
1.464130580036018987e-02
1.415592369280376135e-02
1.415592369280376135e-02
1.395604838214913566e-02
1.407925563390693795e-02
1.453727993513890225e-02
1.476351631320409023e-02
1.480243322246945284e-02
1.495510182667178327e-02
1.494393594043884159e-02
1.487562077541961132e-02
1.460940289594521782e-02
1.450131102217723338e-02
1.450131102217723338e-02
1.424653655786165853e-02
1.396415252355288558e-02
1.368570404674953472e-02
1.378404530138984188e-02
1.400197189543542393e-02
1.398756268424139991e-02
1.383142127792541011e-02
1.353276585908648640e-02
1.325265520653801099e-02
1.303626678798244093e-02
1.303626678798244093e-02
1.269626662743024784e-02
1.241943003400714646e-02
1.211542431248456217e-02
1.176638237759987382e-02
1.149196691220752929e-02
1.151671954481511828e-02
1.155647421174606747e-02
1.151343753504266085e-02
1.153006878427613457e-02
1.132180818047462054e-02
1.132180818047462054e-02
1.147996750394067803e-02
1.156060432593214102e-02
1.188035548075162470e-02
1.194171546196479833e-02
1.191498139676638347e-02
1.159947633769451217e-02
1.072450460975826227e-02
9.842218392835973620e-03
9.035349611222860330e-03
8.728591334696372134e-03
8.728591334696372134e-03
8.703891390398239836e-03
8.725331813776529902e-03
8.752481873024605188e-03
8.738608679971287749e-03
8.572730369200040959e-03
8.070674538117937266e-03
7.615012894474106758e-03
7.311495676761524745e-03
7.128580094831045606e-03
7.129566091485103722e-03
7.129566091485103722e-03
7.291419201502589292e-03
7.547138970147020121e-03
7.808063043857335801e-03
7.971676590691405967e-03
8.001809937560602423e-03
8.024989402756402615e-03
8.085224129774051111e-03
8.085224129774051111e-03
8.085224129774051111e-03
8.085224129774051111e-03
8.085224129774051111e-03
7.964845163334304326e-03
7.749422168668172045e-03
7.497729697866550858e-03
7.195802768298081679e-03
6.888346532140821911e-03
6.996621822983266348e-03
7.197929054742318797e-03
7.340694685067091635e-03
7.479900587360948337e-03
7.434433372370348805e-03
7.434433372370348805e-03
7.083683037186970857e-03
6.692605772431641127e-03
6.616771644258728421e-03
6.679326949408963959e-03
6.834740139210492699e-03
6.978247534178161696e-03
7.137400304607756027e-03
7.275511225857796138e-03
7.152474216025028406e-03
6.672123958477077510e-03
6.672123958477077510e-03
6.125525753321992180e-03
5.704491594155793911e-03
5.452223420229540367e-03
5.452223420229540367e-03
5.603899994605379686e-03
5.860291860736037244e-03
6.121379580111331944e-03
6.284265977761162650e-03
6.354922698764521767e-03
6.277328691703207286e-03
6.277328691703207286e-03
6.104969441570511079e-03
5.956782430640858786e-03
5.957224990484448479e-03
6.015314190751746767e-03
6.641351741218611861e-03
6.879579503973691154e-03
6.861952310873671579e-03
6.616022338897110076e-03
6.028673536709177119e-03
5.336850191897622546e-03
5.336850191897622546e-03
4.803418404055738791e-03
4.520554661139508136e-03
4.548361837085575232e-03
4.739293744969843084e-03
5.077885420160355157e-03
5.469696923745396601e-03
5.832050589371966243e-03
5.977985864532436855e-03
5.744333626411069621e-03
5.400247643866601908e-03
5.400247643866601908e-03
4.957627562000615357e-03
4.790172293991758548e-03
4.775663450394258651e-03
4.705778968083076247e-03
4.772572674749901017e-03
4.679072028595285260e-03
4.519075685395241432e-03
4.313155575579591741e-03
3.979983968036192310e-03
3.756054333968424086e-03
3.756054333968424086e-03
3.793555159046908560e-03
3.887206369875180218e-03
4.084301919121898633e-03
4.192708899087506554e-03
4.322967701983194272e-03
4.390715581491315932e-03
4.375039643531833562e-03
4.209598498312761873e-03
4.087415148970578553e-03
4.127458711601603679e-03
4.127458711601603679e-03
4.235072534960773044e-03
4.444496522405172109e-03
4.582089088352355073e-03
4.714906441936676969e-03
4.713073531503033341e-03
4.549633060404432300e-03
4.424346547544607752e-03
4.223464313900773988e-03
4.148273009566245430e-03
4.083064001864310753e-03
4.083064001864310753e-03
4.084630688240465171e-03
4.176333517594098613e-03
4.228350421333353266e-03
4.244294995145954374e-03
4.148859903457311100e-03
3.760428145708814493e-03
3.496379866362316503e-03
3.369098750007232159e-03
3.361998407219673937e-03
3.437993344714858953e-03
3.437993344714858953e-03
3.452338606938605385e-03
3.452338606938605385e-03
3.605652196468478194e-03
3.664110462209530569e-03
3.588447748141520340e-03
3.421185651777570481e-03
3.253770072760903218e-03
3.247040288519562057e-03
3.215426028337540609e-03
3.235679167087961074e-03
3.235679167087961074e-03
3.257163291338808098e-03
3.270695904832703234e-03
3.316138177910943081e-03
3.245271954990939286e-03
3.203277231645455456e-03
3.150406092576157804e-03
3.146518984008686223e-03
3.181552307796866805e-03
3.297621378272511550e-03
3.346212873288784487e-03
3.346212873288784487e-03
3.337386958275119324e-03
3.387938807201749513e-03
3.456939582640840974e-03
3.562899495140477244e-03
3.518061927675405088e-03
3.572000386010299768e-03
3.583041554837972792e-03
3.579468784920983825e-03
3.579468784920983825e-03
3.767283032344802361e-03
3.767283032344802361e-03
4.034779308528886090e-03
4.190452147406850507e-03
4.198624340202749411e-03
4.183783793599820354e-03
4.138563491627699972e-03
4.226002451164792562e-03
4.335560066707136798e-03
4.488160390290007497e-03
4.628002433356435789e-03
4.796871465675032684e-03
4.796871465675032684e-03
4.788965661839368962e-03
4.777172004817779524e-03
4.702403266269254874e-03
4.616908792427224829e-03
4.595950009694750767e-03
4.577646622368980456e-03
4.642772662215042222e-03
4.711503473194943864e-03
4.657713710279701332e-03
4.678607979189290840e-03
4.678607979189290840e-03
4.769035844508028206e-03
4.883548037306818801e-03
4.788987491665256009e-03
4.708907051286860199e-03
4.575002276758666220e-03
4.482214240904506403e-03
3.984290575710247410e-03
3.732040651741413279e-03
3.722857112881749510e-03
3.835145518613512685e-03
3.835145518613512685e-03
3.778221359132281649e-03
3.473434317635794473e-03
3.289811822183949085e-03
3.280281681467206358e-03
3.314829650523491451e-03
3.383747258521262874e-03
3.393979600617862396e-03
3.409749867869503806e-03
3.434595419622127766e-03
3.534985729173821187e-03
3.534985729173821187e-03
3.748692984688950687e-03
3.694298808331656758e-03
3.521380561117204086e-03
3.455573909300622189e-03
3.610073296702502078e-03
3.734782457770332784e-03
3.929914850563686821e-03
4.055735640209695569e-03
4.272486976845108961e-03
4.339081629233551389e-03
4.339081629233551389e-03
4.328466015399005419e-03
4.270282865048846167e-03
4.265480113209131618e-03
4.244880745378215234e-03
4.484867498311522274e-03
4.735722590470686603e-03
5.069237605609822582e-03
5.248457020582826017e-03
5.252099381942326381e-03
5.178044911154205607e-03
5.178044911154205607e-03
5.142607112741076451e-03
5.107903801218668244e-03
5.082348596986733906e-03
5.075775093610192766e-03
4.970901517715185618e-03
4.918748494777966558e-03
4.887584416455563116e-03
4.827925118963857266e-03
4.651520806727843516e-03
4.538289257645497857e-03
4.538289257645497857e-03
4.378425534122105077e-03
4.252158603094693783e-03
4.253718588982953637e-03
4.284328995418320261e-03
4.231614656242442193e-03
4.122113184630221867e-03
3.983484676393038611e-03
3.823529842396200529e-03
3.671837337343173205e-03
3.592262918929492975e-03
3.592262918929492975e-03
3.594839728757725453e-03
3.726497656017383701e-03
3.798182983726167139e-03
3.920797108171504911e-03
3.984521539383513965e-03
3.936877092218519364e-03
3.870085912044118719e-03
3.862167060146947870e-03
3.929567308393576430e-03
4.021352205555147295e-03
4.021352205555147295e-03
4.064026665193792506e-03
4.084193640982928045e-03
4.098584616488951636e-03
4.138543108968045260e-03
4.213675506082024437e-03
4.215559713894086874e-03
4.235645446627282588e-03
4.305901334710078229e-03
4.243044546609576681e-03
4.116149480053378495e-03
4.116149480053378495e-03
3.931473595471392246e-03
3.766863646710963930e-03
3.618359441602890785e-03
3.613187566879194103e-03
3.677443742944445839e-03
3.816269821799025269e-03
3.906514056508571947e-03
3.895147107946827104e-03
3.815343481945274607e-03
3.761591343191081349e-03
3.761591343191081349e-03
3.754392576690706099e-03
3.661806564990098632e-03
3.615924732398659042e-03
3.530797278363711870e-03
3.409889992631505787e-03
3.345499827114320653e-03
3.248603854351344092e-03
3.096663184447951203e-03
2.933554108526117022e-03
2.776090606908089911e-03
2.776090606908089911e-03
2.666970392136643747e-03
2.594831944832592940e-03
2.656843395858571062e-03
2.595210239645406956e-03
2.590038699522274977e-03
2.649685988406226371e-03
2.705695093449200783e-03
2.839575240804814021e-03
2.891652229439138026e-03
2.812730603073131629e-03
2.812730603073131629e-03
2.851072633823983384e-03
2.907513460150662390e-03
3.096236933667394740e-03
3.173252337621846383e-03
3.233510424675252199e-03
3.302431214841615621e-03
3.344532682796827212e-03
3.407051997924887606e-03
3.428369633857895112e-03
3.518698620067382647e-03
3.518698620067382647e-03
3.671998119150155990e-03
3.929658320559849434e-03
4.045733175348338422e-03
4.202442516407575365e-03
4.462299591661026028e-03
4.581166521675699398e-03
4.685166717673156303e-03
4.766094997749460542e-03
4.819974049877153062e-03
4.810859951198169504e-03
4.810859951198169504e-03
4.824213915435187662e-03
4.824213915435187662e-03
4.884599305907914336e-03
4.945764711499065457e-03
4.969392279418794085e-03
5.076960776624338777e-03
5.055040503601556517e-03
4.999722466766425705e-03
4.861581639708672554e-03
4.753247057473388403e-03
4.753247057473388403e-03
4.618576025138453924e-03
4.459382597731769912e-03
4.396811960199316360e-03
4.437193060438773644e-03
4.403440908577113504e-03
4.332130678255096193e-03
4.165674852839704526e-03
4.028966556064400399e-03
3.852806439457005794e-03
3.730633857469995741e-03
3.730633857469995741e-03
3.585882514096145300e-03
3.436014393189007216e-03
3.292926585312868758e-03
3.186052539100146883e-03
2.903177395699396701e-03
2.712137848008069028e-03
2.631930590473398248e-03
2.607346141901896886e-03
2.711086350460243863e-03
2.777491300345234348e-03
2.777491300345234348e-03
2.864775985492316619e-03
2.864020740767371596e-03
2.822069245695891550e-03
2.660452694201637797e-03
2.546254437147215093e-03
2.681136742720180693e-03
2.939653442235766207e-03
3.196493710691348557e-03
3.450656865352614948e-03
3.611433256197277633e-03
3.611433256197277633e-03
3.768276682049824262e-03
3.861027381586877062e-03
3.929696305274073265e-03
3.892941773941486876e-03
3.888592861800434577e-03
3.775867571300770605e-03
3.721855780291490317e-03
3.678674618305887226e-03
3.699875922019213188e-03
3.592006207090568237e-03
3.592006207090568237e-03
3.403308923418482158e-03
3.168549477131407839e-03
3.031040610230021064e-03
3.021786907696928735e-03
2.979999419495754209e-03
2.925478330443252641e-03
2.961616444869278816e-03
3.088456256051857508e-03
3.154327837924063207e-03
3.209178020902300320e-03
3.209178020902300320e-03
3.128876940152775996e-03
2.999640671537316672e-03
2.887961439990135559e-03
2.850410293330390629e-03
2.744085839545307246e-03
2.628138598194961796e-03
2.573491828129541303e-03
2.574067350834991896e-03
2.554426286091000548e-03
2.521391184215841796e-03
2.521391184215841796e-03
2.541592172256102681e-03
2.656713325555590081e-03
2.709096812327147635e-03
2.922236785280668981e-03
3.099364152781517324e-03
3.280353079476364467e-03
3.425068271517427761e-03
3.537314852717652735e-03
3.658955698773455525e-03
3.737824529055194887e-03
3.737824529055194887e-03
3.747892382309236416e-03
3.669349565306660559e-03
3.526336194790493338e-03
3.427819575851726898e-03
3.370683751353907662e-03
3.374711517501213179e-03
3.299962811106648027e-03
3.167378525050857166e-03
2.995855779934880527e-03
2.891125227701103664e-03
2.891125227701103664e-03
2.768267749818004164e-03
2.707870957367943844e-03
2.703477179268005525e-03
2.694397847243817489e-03
2.719706005792123411e-03
2.814991377119045821e-03
2.985394325630410812e-03
3.126409319286195705e-03
3.283962699579896696e-03
3.503321841086511849e-03
3.503321841086511849e-03
3.729930573576677264e-03
3.917977598860276911e-03
4.006435263323357941e-03
3.981419658478581487e-03
3.918479515935844280e-03
3.890885942251719968e-03
3.958585581462496783e-03
3.972526850181537679e-03
4.044469906625366984e-03
4.180676347842101834e-03
4.180676347842101834e-03
4.298013217309402077e-03
4.423700502230867165e-03
4.646843105093618163e-03
4.911153483504316145e-03
5.038792070857936976e-03
5.170074548269765723e-03
5.204526695409666601e-03
5.196954497801191050e-03
5.192684912505616569e-03
5.215821530076845958e-03
5.215821530076845958e-03
5.178913204804633588e-03
5.147921159609052284e-03
5.158349241871407025e-03
5.192298560391627772e-03
5.181661712237045983e-03
5.298597271337844930e-03
5.327910967001569902e-03
5.365110231287412157e-03
5.387264061469371375e-03
5.478928918164538420e-03
5.478928918164538420e-03
5.590976015965222305e-03
5.684607707829501116e-03
5.695993955985627355e-03
5.712940706414557611e-03
5.780864882936334430e-03
5.945846531529840398e-03
6.053884149716115201e-03
6.180965325539467849e-03
6.396978082904774404e-03
6.562609871820416704e-03
6.562609871820416704e-03
6.594477836591903022e-03
6.663029163715295661e-03
6.720443612688998050e-03
6.720443612688998050e-03
6.728438644707067894e-03
6.790285524209478847e-03
6.834920635453218228e-03
6.942496289091584262e-03
7.021686010824977273e-03
7.060258004202436821e-03
7.060258004202436821e-03
6.937836775981210020e-03
6.725150091374979683e-03
6.546281051905572003e-03
6.508508267620744664e-03
6.513587202368803508e-03
6.519393412294351500e-03
6.498537919026851559e-03
6.420878286785417118e-03
6.335568642451857094e-03
6.222039365458816376e-03
6.222039365458816376e-03
6.117118371554564407e-03
6.012720170671760622e-03
5.956225215215637733e-03
5.965159562704169111e-03
6.055293427107390908e-03
6.053413471825988545e-03
5.873533662296708154e-03
5.756685909219429013e-03
5.811677992881735498e-03
5.904553413061144201e-03
5.904553413061144201e-03
5.977662578125627138e-03
6.096898766939333122e-03
6.197939422395552095e-03
6.305848907226732289e-03
6.592285175687406275e-03
6.812956651980285952e-03
7.002107647744264078e-03
7.235510803886503924e-03
7.384413875117371191e-03
7.528618243362908760e-03
