4.456655308604240417e-02
4.468210786581039429e-02
4.485484585165977478e-02
4.500997811555862427e-02
4.456244409084320068e-02
4.387608915567398071e-02
4.361879080533981323e-02
4.346361756324768066e-02
4.330187290906906128e-02
4.311322048306465149e-02
4.280953109264373779e-02
4.280953109264373779e-02
4.252070933580398560e-02
4.227402433753013611e-02
4.201048985123634338e-02
4.161276295781135559e-02
4.130381345748901367e-02
4.086864739656448364e-02
4.051968455314636230e-02
4.038516059517860413e-02
4.033335670828819275e-02
4.032359644770622253e-02
4.032359644770622253e-02
4.032293707132339478e-02
4.031848162412643433e-02
4.031389579176902771e-02
4.022480547428131104e-02
4.027709737420082092e-02
4.023851826786994934e-02
4.036524519324302673e-02
4.054892435669898987e-02
4.053314402699470520e-02
4.033942148089408875e-02
4.033942148089408875e-02
4.009667038917541504e-02
3.982288017868995667e-02
3.949602693319320679e-02
3.903616219758987427e-02
3.862246125936508179e-02
3.835213184356689453e-02
3.806240484118461609e-02
3.779391199350357056e-02
3.743262216448783875e-02
3.708774223923683167e-02
3.708774223923683167e-02
3.679339960217475891e-02
3.635895997285842896e-02
3.593139350414276123e-02
3.555441275238990784e-02
3.527472168207168579e-02
3.496536239981651306e-02
3.450131788849830627e-02
3.381505981087684631e-02
3.317390382289886475e-02
3.248874470591545105e-02
3.248874470591545105e-02
3.166389092803001404e-02
3.083346411585807800e-02
2.992922998964786530e-02
2.908292226493358612e-02
2.828362584114074707e-02
2.741310931742191315e-02
2.652309089899063110e-02
2.550499886274337769e-02
2.456695027649402618e-02
2.372509986162185669e-02
2.372509986162185669e-02
2.290870808064937592e-02
2.222952060401439667e-02
2.152099646627902985e-02
2.088060975074768066e-02
2.028266340494155884e-02
1.964591257274150848e-02
1.912931352853775024e-02
1.872985437512397766e-02
1.839661598205566406e-02
1.812180131673812866e-02
1.812180131673812866e-02
1.782070472836494446e-02
1.748792827129364014e-02
1.741394214332103729e-02
1.729279756546020508e-02
1.724592037498950958e-02
1.722343824803829193e-02
1.729822903871536255e-02
1.759299449622631073e-02
1.798718795180320740e-02
1.840169914066791534e-02
1.840169914066791534e-02
1.883303560316562653e-02
1.913281902670860291e-02
1.918076910078525543e-02
1.916394568979740143e-02
1.913457550108432770e-02
1.910939626395702362e-02
1.903101801872253418e-02
1.904922164976596832e-02
1.893489062786102295e-02
1.878030411899089813e-02
1.878030411899089813e-02
1.856743916869163513e-02
1.843160577118396759e-02
1.826580613851547241e-02
1.805233769118785858e-02
1.792714931070804596e-02
1.776267588138580322e-02
1.759058423340320587e-02
1.741104573011398315e-02
1.716682314872741699e-02
1.687044091522693634e-02
1.687044091522693634e-02
1.651025749742984772e-02
1.615879312157630920e-02
1.585111394524574280e-02
1.555716805160045624e-02
1.529071573168039322e-02
1.503076311200857162e-02
1.483750343322753906e-02
1.471021212637424469e-02
1.459132507443428040e-02
1.435447391122579575e-02
1.435447391122579575e-02
1.416003797203302383e-02
1.392629463225603104e-02
1.366233639419078827e-02
1.331710256636142731e-02
1.297243125736713409e-02
1.262417435646057129e-02
1.228781696408987045e-02
1.197957899421453476e-02
1.173701602965593338e-02
1.160145178437232971e-02
1.160145178437232971e-02
1.172205246984958649e-02
1.213794481009244919e-02
1.259690430015325546e-02
1.327968668192625046e-02
1.400286611169576645e-02
1.474589295685291290e-02
1.548885833472013474e-02
1.616678945720195770e-02
1.653813011944293976e-02
1.684516668319702148e-02
1.684516668319702148e-02
1.702417805790901184e-02
1.763354055583477020e-02
1.802148669958114624e-02
1.836670935153961182e-02
1.854479685425758362e-02
1.857114024460315704e-02
1.856101863086223602e-02
1.834679208695888519e-02
1.810758560895919800e-02
1.778690330684185028e-02
1.778690330684185028e-02
1.749787479639053345e-02
1.713124290108680725e-02
1.666151732206344604e-02
1.620747894048690796e-02
1.581795327365398407e-02
1.544922310858964920e-02
1.508094556629657745e-02
1.465012412518262863e-02
1.426500361412763596e-02
1.379486452788114548e-02
1.379486452788114548e-02
1.330786850303411484e-02
1.280775200575590134e-02
1.230786088854074478e-02
1.177302189171314240e-02
1.123801618814468384e-02
1.063295640051364899e-02
9.964290075004100800e-03
9.226271882653236389e-03
8.414106443524360657e-03
7.638225331902503967e-03
7.638225331902503967e-03
6.942827720195055008e-03
6.377539131790399551e-03
5.796335637569427490e-03
5.441277753561735153e-03
5.345639307051897049e-03
5.422935355454683304e-03
5.738927517086267471e-03
6.085210479795932770e-03
6.322173401713371277e-03
6.499037612229585648e-03
6.499037612229585648e-03
6.541774608194828033e-03
6.593407131731510162e-03
6.757273338735103607e-03
6.959630642086267471e-03
6.959630642086267471e-03
6.959630642086267471e-03
7.186541799455881119e-03
7.406405173242092133e-03
7.524266373366117477e-03
7.644082419574260712e-03
7.644082419574260712e-03
7.731215562671422958e-03
7.826864719390869141e-03
7.925906218588352203e-03
8.044822141528129578e-03
8.209554478526115417e-03
8.345345966517925262e-03
8.394598960876464844e-03
8.455228060483932495e-03
8.577574044466018677e-03
8.793468587100505829e-03
8.793468587100505829e-03
8.842697367072105408e-03
8.820945397019386292e-03
8.752672933042049408e-03
8.586038835346698761e-03
8.380142971873283386e-03
8.077732287347316742e-03
7.757110986858606339e-03
7.468269206583499908e-03
7.191298995167016983e-03
7.034061010926961899e-03
7.034061010926961899e-03
6.737635936588048935e-03
6.459741853177547455e-03
6.207277532666921616e-03
5.919897463172674179e-03
5.621180869638919830e-03
5.357480142265558243e-03
5.117277149111032486e-03
4.837226122617721558e-03
4.484570585191249847e-03
4.168508108705282211e-03
4.168508108705282211e-03
3.884309437125921249e-03
3.643163247033953667e-03
3.529178909957408905e-03
3.607840044423937798e-03
3.840727731585502625e-03
4.285694565623998642e-03
4.916307516396045685e-03
5.269893910735845566e-03
5.725664552301168442e-03
6.221646908670663834e-03
6.221646908670663834e-03
6.806544028222560883e-03
7.406641729176044464e-03
7.947434671223163605e-03
8.463206700980663300e-03
8.880577981472015381e-03
9.340714663267135620e-03
9.578258730471134186e-03
9.578258730471134186e-03
9.753929451107978821e-03
9.630830958485603333e-03
9.630830958485603333e-03
9.253555908799171448e-03
8.727641776204109192e-03
8.114901371300220490e-03
7.363929878920316696e-03
6.633387412875890732e-03
6.008853204548358917e-03
5.551389418542385101e-03
5.245708394795656204e-03
4.959106445312500000e-03
4.832589533179998398e-03
4.832589533179998398e-03
4.783452022820711136e-03
4.820908885449171066e-03
4.935821518301963806e-03
5.063453689217567444e-03
5.229759495705366135e-03
5.329413805156946182e-03
5.411695688962936401e-03
5.288548767566680908e-03
5.140391644090414047e-03
4.980077035725116730e-03
4.980077035725116730e-03
4.923513624817132950e-03
4.910484421998262405e-03
4.834478255361318588e-03
4.818403162062168121e-03
4.825151525437831879e-03
4.851405043154954910e-03
4.913407843559980392e-03
5.005074664950370789e-03
5.182133056223392487e-03
5.402231123298406601e-03
5.402231123298406601e-03
5.415183026343584061e-03
5.254345946013927460e-03
5.101530812680721283e-03
5.121347960084676743e-03
5.074145272374153137e-03
5.152314901351928711e-03
5.229806993156671524e-03
5.383257288485765457e-03
5.555103067308664322e-03
5.702905356884002686e-03
5.702905356884002686e-03
5.803479813039302826e-03
5.776368547230958939e-03
5.696384236216545105e-03
5.604544654488563538e-03
5.218938924372196198e-03
4.564906470477581024e-03
4.140534903854131699e-03
3.930266946554183960e-03
3.920485731214284897e-03
3.973868209868669510e-03
3.973868209868669510e-03
4.273065365850925446e-03
4.601640161126852036e-03
4.917918238788843155e-03
5.162991583347320557e-03
5.299387034028768539e-03
5.414782091975212097e-03
5.445211660116910934e-03
5.473036319017410278e-03
5.424674600362777710e-03
5.354734603315591812e-03
5.354734603315591812e-03
5.202049389481544495e-03
5.022617056965827942e-03
4.837153479456901550e-03
4.779953975230455399e-03
4.691703710705041885e-03
4.670500755310058594e-03
4.683812614530324936e-03
4.724984057247638702e-03
4.849399439990520477e-03
4.973211791366338730e-03
4.973211791366338730e-03
5.159370135515928268e-03
5.386009346693754196e-03
5.596457514911890030e-03
5.826574750244617462e-03
5.991151090711355209e-03
6.137155462056398392e-03
6.273828446865081787e-03
6.426700856536626816e-03
6.547174416482448578e-03
6.622316781431436539e-03
6.622316781431436539e-03
6.676416844129562378e-03
6.647147238254547119e-03
6.622581742703914642e-03
6.530701182782649994e-03
6.387740839272737503e-03
6.447444669902324677e-03
6.493912078440189362e-03
6.543161813169717789e-03
6.637972779572010040e-03
6.738328840583562851e-03
6.738328840583562851e-03
6.742949597537517548e-03
6.762364413589239120e-03
6.707540247589349747e-03
6.660195533186197281e-03
6.582131609320640564e-03
6.474277935922145844e-03
6.391763221472501755e-03
6.296765524893999100e-03
6.128581706434488297e-03
5.993334110826253891e-03
5.993334110826253891e-03
5.761279258877038956e-03
5.427857860922813416e-03
5.026991479098796844e-03
4.588308744132518768e-03
4.201654344797134399e-03
3.808569628745317459e-03
3.985039424151182175e-03
4.548119846731424332e-03
5.231708753854036331e-03
5.936930887401103973e-03
5.936930887401103973e-03
6.638942286372184753e-03
7.297877687960863113e-03
7.891945540904998779e-03
8.469790220260620117e-03
9.038554504513740540e-03
9.568238630890846252e-03
1.007929164916276932e-02
1.051933784037828445e-02
1.087949797511100769e-02
1.126834750175476074e-02
1.126834750175476074e-02
1.155554503202438354e-02
1.176191307604312897e-02
1.196341775357723236e-02
1.225044205784797668e-02
1.252675522118806839e-02
1.281171012669801712e-02
1.310476567596197128e-02
1.343860011547803879e-02
1.372218783944845200e-02
1.392109412699937820e-02
1.392109412699937820e-02
1.411563903093338013e-02
1.422295346856117249e-02
1.429756358265876770e-02
1.428002957254648209e-02
1.423316448926925659e-02
1.411381829530000687e-02
1.390782743692398071e-02
1.367892045527696609e-02
1.345067936927080154e-02
1.328796427696943283e-02
1.328796427696943283e-02
1.314332708716392517e-02
1.347151584923267365e-02
1.379766594618558884e-02
1.414087601006031036e-02
1.440496835857629776e-02
1.456085406243801117e-02
1.472990680485963821e-02
1.492086146026849747e-02
1.513502560555934906e-02
1.529886014759540558e-02
1.529886014759540558e-02
1.538998819887638092e-02
1.547712832689285278e-02
1.550197042524814606e-02
1.553276740014553070e-02
1.584270969033241272e-02
1.606972701847553253e-02
1.626017317175865173e-02
1.638716645538806915e-02
1.642810553312301636e-02
1.615922898054122925e-02
1.615922898054122925e-02
1.585137657821178436e-02
1.552645955234766006e-02
1.522268913686275482e-02
1.488142926245927811e-02
1.458179857581853867e-02
1.431355718523263931e-02
1.407669018954038620e-02
1.382608897984027863e-02
1.359475869685411453e-02
1.340517867356538773e-02
1.340517867356538773e-02
1.327455230057239532e-02
1.307848002761602402e-02
1.289315987378358841e-02
1.276675611734390259e-02
1.264811772853136063e-02
1.253185793757438660e-02
1.243523228913545609e-02
1.249076519161462784e-02
1.256308518350124359e-02
1.267479918897151947e-02
1.267479918897151947e-02
1.274523511528968811e-02
1.280806493014097214e-02
1.289562974125146866e-02
1.296101417392492294e-02
1.296825520694255829e-02
1.292764022946357727e-02
1.290558278560638428e-02
1.285175513476133347e-02
1.284317392855882645e-02
1.274957787245512009e-02
1.274957787245512009e-02
1.269409246742725372e-02
1.260203775018453598e-02
1.248865947127342224e-02
1.235993579030036926e-02
1.219151914119720459e-02
1.202361192554235458e-02
1.185472309589385986e-02
1.170398946851491928e-02
1.155360136181116104e-02
1.142691820859909058e-02
1.142691820859909058e-02
1.130662765353918076e-02
1.125245820730924606e-02
1.111603341996669769e-02
1.099480781704187393e-02
1.084920391440391541e-02
1.070371083915233612e-02
1.052994932979345322e-02
1.034648437052965164e-02
1.016240660101175308e-02
9.993293322622776031e-03
9.993293322622776031e-03
9.827805683016777039e-03
9.735383093357086182e-03
9.817397221922874451e-03
9.912417270243167877e-03
1.019231043756008148e-02
1.057680509984493256e-02
1.103237271308898926e-02
1.149807963520288467e-02
1.195113454014062881e-02
1.237563043832778931e-02
1.237563043832778931e-02
1.262662280350923538e-02
1.275896187871694565e-02
1.277898997068405151e-02
1.279544178396463394e-02
1.269689854234457016e-02
1.251724455505609512e-02
1.236580125987529755e-02
1.211736910045146942e-02
1.184473372995853424e-02
1.160510536283254623e-02
1.160510536283254623e-02
1.138078793883323669e-02
1.121795549988746643e-02
1.107973139733076096e-02
1.099736709147691727e-02
1.088789571076631546e-02
1.079331431537866592e-02
1.074033323675394058e-02
1.067952066659927368e-02
1.059335004538297653e-02
1.060087885707616806e-02
1.060087885707616806e-02
1.052622310817241669e-02
1.036201231181621552e-02
1.017458457499742508e-02
1.012583822011947632e-02
1.002872735261917114e-02
9.910224005579948425e-03
9.844912216067314148e-03
9.756169281899929047e-03
9.672867134213447571e-03
9.546363726258277893e-03
9.546363726258277893e-03
9.471806697547435760e-03
9.444789960980415344e-03
9.442450478672981262e-03
9.496124461293220520e-03
9.621313773095607758e-03
9.719137102365493774e-03
9.907810948789119720e-03
1.009578537195920944e-02
1.025170832872390747e-02
1.033505052328109741e-02
1.033505052328109741e-02
1.040998287498950958e-02
1.040841080248355865e-02
1.042553875595331192e-02
1.051612198352813721e-02
1.058222446590662003e-02
1.079349871724843979e-02
1.092938147485256195e-02
1.101134903728961945e-02
1.101997680962085724e-02
1.091849151998758316e-02
1.091849151998758316e-02
1.074215397238731384e-02
1.058574579656124115e-02
1.065578591078519821e-02
1.079633831977844238e-02
1.103589124977588654e-02
1.136987563222646713e-02
1.171317975968122482e-02
1.211558748036623001e-02
1.254923548549413681e-02
1.305670663714408875e-02
1.305670663714408875e-02
1.355568878352642059e-02
1.401538401842117310e-02
1.444139238446950912e-02
1.484736613929271698e-02
1.520924456417560577e-02
1.556012500077486038e-02
1.578843966126441956e-02
1.591097004711627960e-02
1.600715890526771545e-02
1.603280566632747650e-02
