8.666910231113433838e-03
8.666910231113433838e-03
9.103351272642612457e-03
9.073869325220584869e-03
9.087533690035343170e-03
8.847828954458236694e-03
8.885573595762252808e-03
9.096492081880569458e-03
9.397444315254688263e-03
9.649918414652347565e-03
9.767603129148483276e-03
9.760348126292228699e-03
9.760348126292228699e-03
9.667652659118175507e-03
9.596664458513259888e-03
9.625960141420364380e-03
1.001925859600305557e-02
1.062414795160293579e-02
1.130948029458522797e-02
1.183562073856592178e-02
1.205636933445930481e-02
1.194734871387481689e-02
1.172446832060813904e-02
1.172446832060813904e-02
1.145143061876296997e-02
1.098500005900859833e-02
1.052325684577226639e-02
1.016819197684526443e-02
9.948247112333774567e-03
9.950862266123294830e-03
1.009856350719928741e-02
1.029573380947113037e-02
1.051547378301620483e-02
1.067026611417531967e-02
1.067026611417531967e-02
1.066210214048624039e-02
1.062787231057882309e-02
1.049748621881008148e-02
1.027024909853935242e-02
9.959665127098560333e-03
9.653766639530658722e-03
9.420129470527172089e-03
9.311125613749027252e-03
9.221687912940979004e-03
9.198594838380813599e-03
9.198594838380813599e-03
9.223289787769317627e-03
9.294798597693443298e-03
9.367370046675205231e-03
9.379087947309017181e-03
9.332953020930290222e-03
9.286789223551750183e-03
9.253662079572677612e-03
9.302143938839435577e-03
9.438144974410533905e-03
9.624260477721691132e-03
9.624260477721691132e-03
9.881378151476383209e-03
1.035474613308906555e-02
1.071573793888092041e-02
1.096917036920785904e-02
1.110111083835363388e-02
1.122569106519222260e-02
1.131542678922414780e-02
1.137307006865739822e-02
1.137000788003206253e-02
1.138165127485990524e-02
1.138165127485990524e-02
1.131471619009971619e-02
1.116154436022043228e-02
1.099519338458776474e-02
1.075254473835229874e-02
1.054981537163257599e-02
1.042596157640218735e-02
1.030448265373706818e-02
1.022311858832836151e-02
1.006013620644807816e-02
9.824580512940883636e-03
9.824580512940883636e-03
9.594784118235111237e-03
9.272035211324691772e-03
8.993494324386119843e-03
8.770385757088661194e-03
8.577854372560977936e-03
8.451722562313079834e-03
8.444109000265598297e-03
8.527444675564765930e-03
8.661506697535514832e-03
8.848434314131736755e-03
8.848434314131736755e-03
9.059754200279712677e-03
9.193558245897293091e-03
9.292857721447944641e-03
9.277980774641036987e-03
9.262601844966411591e-03
9.281221777200698853e-03
9.321778081357479095e-03
9.450198151171207428e-03
9.576745331287384033e-03
9.649359621107578278e-03
9.649359621107578278e-03
9.616821072995662689e-03
9.516835212707519531e-03
9.376949630677700043e-03
9.212397970259189606e-03
9.112752974033355713e-03
9.072775021195411682e-03
9.008361957967281342e-03
8.948072791099548340e-03
8.837385103106498718e-03
8.722543716430664062e-03
8.722543716430664062e-03
8.627360686659812927e-03
8.548919111490249634e-03
8.525434881448745728e-03
8.492297492921352386e-03
8.408659137785434723e-03
8.329396136105060577e-03
8.301299996674060822e-03
8.342015556991100311e-03
8.381690829992294312e-03
8.452315814793109894e-03
8.452315814793109894e-03
8.623565547168254852e-03
8.840148337185382843e-03
9.037036448717117310e-03
9.222958236932754517e-03
9.420327842235565186e-03
9.496047161519527435e-03
9.459028951823711395e-03
9.431567974388599396e-03
9.396069683134555817e-03
9.406309574842453003e-03
9.406309574842453003e-03
9.309992194175720215e-03
9.255552664399147034e-03
9.135670028626918793e-03
9.004864841699600220e-03
8.837068453431129456e-03
8.460840210318565369e-03
8.065333589911460876e-03
7.779861334711313248e-03
7.693700026720762253e-03
7.793305441737174988e-03
7.793305441737174988e-03
7.986711338162422180e-03
8.110123686492443085e-03
8.045258931815624237e-03
7.808748632669448853e-03
7.500698324292898178e-03
7.100742310285568237e-03
6.563887931406497955e-03
6.058275699615478516e-03
5.768077913671731949e-03
5.638580769300460815e-03
5.638580769300460815e-03
5.664368625730276108e-03
5.822031293064355850e-03
6.047563161700963974e-03
6.320731714367866516e-03
6.537671200931072235e-03
6.656146608293056488e-03
6.608093623071908951e-03
6.406257860362529755e-03
6.147410254925489426e-03
5.865759681910276413e-03
5.865759681910276413e-03
5.804013926535844803e-03
5.934602580964565277e-03
6.148912943899631500e-03
6.446881685405969620e-03
6.871186662465333939e-03
7.403760682791471481e-03
7.936587557196617126e-03
8.377304300665855408e-03
8.721563965082168579e-03
8.927451446652412415e-03
8.927451446652412415e-03
9.015514515340328217e-03
8.982798084616661072e-03
8.952608332037925720e-03
8.885974064469337463e-03
8.807377889752388000e-03
8.822537958621978760e-03
8.956652134656906128e-03
9.185271337628364563e-03
9.442570619285106659e-03
9.625541046261787415e-03
9.625541046261787415e-03
9.761778637766838074e-03
9.826885536313056946e-03
9.828094393014907837e-03
9.776428341865539551e-03
9.699481539428234100e-03
9.608346968889236450e-03
9.552185423672199249e-03
9.553222917020320892e-03
9.613850153982639313e-03
9.714528918266296387e-03
9.714528918266296387e-03
9.840657003223896027e-03
9.992225095629692078e-03
1.010178588330745697e-02
1.025885529816150665e-02
1.037949882447719574e-02
1.038183271884918213e-02
1.025325804948806763e-02
1.012060604989528656e-02
9.967431426048278809e-03
9.789459407329559326e-03
9.789459407329559326e-03
9.561521932482719421e-03
9.356486611068248749e-03
9.211148135364055634e-03
9.129128418862819672e-03
9.082154370844364166e-03
9.053874760866165161e-03
9.050847962498664856e-03
9.018885903060436249e-03
8.941578678786754608e-03
8.856905624270439148e-03
8.856905624270439148e-03
8.643983863294124603e-03
8.404981344938278198e-03
8.243385702371597290e-03
8.127563633024692535e-03
8.077979087829589844e-03
8.086872287094593048e-03
8.284166455268859863e-03
8.535310626029968262e-03
8.687693625688552856e-03
8.752527646720409393e-03
8.752527646720409393e-03
8.687122724950313568e-03
8.585458621382713318e-03
8.445675484836101532e-03
8.342735469341278076e-03
8.123904466629028320e-03
7.949696853756904602e-03
7.871164940297603607e-03
7.855559699237346649e-03
7.868395186960697174e-03
7.939544506371021271e-03
7.939544506371021271e-03
8.001624606549739838e-03
8.049993775784969330e-03
8.074861951172351837e-03
8.104678243398666382e-03
8.197356015443801880e-03
8.324061520397663116e-03
8.443657308816909790e-03
8.632050827145576477e-03
8.756395429372787476e-03
8.773672394454479218e-03
8.773672394454479218e-03
8.784240111708641052e-03
8.770851418375968933e-03
8.718227967619895935e-03
8.718227967619895935e-03
8.718227967619895935e-03
8.626041933894157410e-03
8.518851362168788910e-03
8.409400470554828644e-03
8.272993378341197968e-03
8.144521154463291168e-03
8.144521154463291168e-03
8.033876307308673859e-03
7.900612428784370422e-03
7.833257317543029785e-03
7.809731177985668182e-03
7.793416269123554230e-03
7.850203663110733032e-03
7.954088039696216583e-03
8.047999814152717590e-03
8.164189755916595459e-03
8.183339610695838928e-03
