4.608999352006593921e-03
6.212846578429765190e-03
7.249092584330301542e-03
7.792363667498768999e-03
8.624896026623104714e-03
8.664030697850582524e-03
8.711831276707084071e-03
9.000478795541687338e-03
9.190803693411084621e-03
9.481372247356505134e-03
9.573032883902472465e-03
9.573032883902472465e-03
9.862317907012104964e-03
1.006623282616213484e-02
1.013099711875859246e-02
1.025372444099192232e-02
1.036719099413049502e-02
1.047336030757725633e-02
1.045095094003602870e-02
1.033712708740004531e-02
1.029527672183361622e-02
1.019144780844502204e-02
1.019144780844502204e-02
1.026096594411238239e-02
1.032856087016918549e-02
1.038109388752094485e-02
1.044240203985914370e-02
1.049958219558669303e-02
1.063190330774335668e-02
1.061741172980090221e-02
1.067677347829756179e-02
1.065992009935644302e-02
1.052972713949685765e-02
1.052972713949685765e-02
1.047302410795454726e-02
1.045572181281097419e-02
1.036604879321088336e-02
1.021009211551246118e-02
1.014965307228371180e-02
1.017315730287602846e-02
1.033273987326246285e-02
1.040700346520387516e-02
1.040577138884468331e-02
1.022672101717453201e-02
1.022672101717453201e-02
9.813093685927382764e-03
9.601080133394385499e-03
9.346379573240250552e-03
9.182703952018369045e-03
9.072711144836490688e-03
9.227656746234361509e-03
9.217895512004891864e-03
9.092408933136262444e-03
9.054414584496052465e-03
9.049572476347134131e-03
9.049572476347134131e-03
8.871324212787464608e-03
8.623286819135350667e-03
8.221729937612949624e-03
7.896975197228048651e-03
7.586881583371883099e-03
7.123176456394968853e-03
6.623002446037858787e-03
6.072392770106919448e-03
5.716249011083364764e-03
5.457776906133559799e-03
5.457776906133559799e-03
5.497396031838875166e-03
5.614240610853748169e-03
5.796458288020202299e-03
5.988125906326746684e-03
6.185913429801614787e-03
6.371163562417013135e-03
6.283785085117335120e-03
6.135930083499508032e-03
5.682664426718569799e-03
5.150043171978615358e-03
5.150043171978615358e-03
4.635483563674011251e-03
4.269676358920602467e-03
4.171748907063899114e-03
4.243462813129459527e-03
4.664137606940963257e-03
4.712665930700037434e-03
4.735196284531983588e-03
4.765261939761056970e-03
4.786023771904601362e-03
4.802035601723327919e-03
4.802035601723327919e-03
5.029021110877176202e-03
5.377200269880302516e-03
5.610480654731829671e-03
5.977081957843724015e-03
6.404778947912101103e-03
6.938018881403423127e-03
7.367865388570257919e-03
7.787414520840340790e-03
8.028027780007737299e-03
8.200030845788254183e-03
8.200030845788254183e-03
8.127775093916884963e-03
7.885852063859334973e-03
7.472239734291332910e-03
7.126564147921674204e-03
6.753315419061592037e-03
6.627461374111394930e-03
6.588783766708686089e-03
6.825562498819254427e-03
7.355921560001071197e-03
7.893885095643272606e-03
7.893885095643272606e-03
8.291316716958166411e-03
8.564919087115466581e-03
8.759375569153522723e-03
8.790502484644061379e-03
8.700805188882217850e-03
8.441304058425169385e-03
8.276502517587604538e-03
8.091546508094018056e-03
7.746189276981664713e-03
7.403148085256358417e-03
7.403148085256358417e-03
6.965855128853353298e-03
6.373235249444167243e-03
5.985632655813370902e-03
5.795311641903912875e-03
5.609314366787070127e-03
5.709352734752324091e-03
5.815139511457338706e-03
5.949017935297778482e-03
6.074209371720668688e-03
6.063554172347378202e-03
6.063554172347378202e-03
5.923364131205146980e-03
5.664646790012951502e-03
5.408314277738752139e-03
5.252585049666218774e-03
4.862604593684712907e-03
4.573567491829206438e-03
4.506505002516305800e-03
4.665232554861350502e-03
5.027539044530761163e-03
5.460604576623969038e-03
5.460604576623969038e-03
5.961059892454122211e-03
6.386189149383763621e-03
6.597318938418114502e-03
6.712446805555758768e-03
6.751121021011163847e-03
6.719615535418023249e-03
6.536672464101905659e-03
6.398513382403859216e-03
5.995273000476379101e-03
5.635841724743562847e-03
5.635841724743562847e-03
5.429548992858509136e-03
5.255190190133347296e-03
5.294633359079999220e-03
5.449768753204672043e-03
5.639077149067202310e-03
5.884771443348221429e-03
6.213996297516367721e-03
6.625846805888078832e-03
6.993635250240674318e-03
7.306712737237133250e-03
7.306712737237133250e-03
7.569606870091139320e-03
7.721074193547153644e-03
7.843164665047938286e-03
7.878167874506541990e-03
7.796231113406115049e-03
7.455128972562019736e-03
7.114321431656597458e-03
6.836241405510390737e-03
6.622398418331756215e-03
6.401805937316612342e-03
6.401805937316612342e-03
6.279773967922954239e-03
6.188041876790397258e-03
6.143922016343564968e-03
6.337703330022718441e-03
6.690879633240881010e-03
7.149915937329390930e-03
7.439507920919576425e-03
7.444897055153172627e-03
7.233833664184524496e-03
6.932145188349161588e-03
6.932145188349161588e-03
6.642353164575672680e-03
6.272257215399160146e-03
6.051359450811389165e-03
5.955797869616831323e-03
5.942269053051447807e-03
5.988498309578758547e-03
5.944369328845345614e-03
5.950956789372463529e-03
5.907837164290634900e-03
5.931866045154096656e-03
5.931866045154096656e-03
5.788624708697652672e-03
5.579449423560795158e-03
5.439500980646407718e-03
5.377797610018179332e-03
5.461528431892430022e-03
5.492281550835262718e-03
5.568256792717344618e-03
5.631381839713851811e-03
5.614268480686218643e-03
5.610083081294478177e-03
5.610083081294478177e-03
5.642266554449571273e-03
5.485564423292059455e-03
5.390331194023452628e-03
5.346487019284018420e-03
5.299529262756708624e-03
5.097170341456707353e-03
4.861146522806863990e-03
4.630985784073732812e-03
4.386112273162011410e-03
4.330826653002698215e-03
4.330826653002698215e-03
4.271583933798680545e-03
4.347966653632666205e-03
4.496621098444075933e-03
4.639510965529848249e-03
4.429400890526138945e-03
4.134467673111715848e-03
3.948024185149759738e-03
3.844376549241411509e-03
3.757972750467152446e-03
3.696985193899896428e-03
3.696985193899896428e-03
3.693349314141320013e-03
3.677893268345092462e-03
3.538200847997424910e-03
3.548381020388183087e-03
3.677989629427129772e-03
3.838227721467651291e-03
4.097844763894955764e-03
4.258105272197091132e-03
4.264590536470086631e-03
4.248684188546186444e-03
4.248684188546186444e-03
4.382844677047237174e-03
4.442776812343424142e-03
4.524848173012701973e-03
4.695701819815541016e-03
4.868454847854310555e-03
5.008335665690523582e-03
4.942425983249027627e-03
4.817455914732094759e-03
4.646256486783071835e-03
4.500996025492019249e-03
4.500996025492019249e-03
4.313188176311359527e-03
4.106681389225845177e-03
4.003676297022204858e-03
3.894375636257370842e-03
3.782278853432778903e-03
3.569564883315280192e-03
3.411699719545989006e-03
3.307057094770204236e-03
3.271131792651552506e-03
3.270398854056531975e-03
3.270398854056531975e-03
3.279548583939101685e-03
3.302042653480259746e-03
3.326878288626467905e-03
3.225420855231964350e-03
2.992995584016351802e-03
2.792602869168167926e-03
2.508262070154844425e-03
2.407818245500052516e-03
2.439842826616466041e-03
2.487691669276949173e-03
2.487691669276949173e-03
2.699027993677441655e-03
3.001335481222002291e-03
3.155346513408337824e-03
3.294009177996668706e-03
3.353410011562497732e-03
3.385325125482100631e-03
3.395261191565003556e-03
3.373576794475396587e-03
3.392425079689945309e-03
3.341159926102028627e-03
3.341159926102028627e-03
3.083474979102651062e-03
2.762378532120066121e-03
2.521323343809371391e-03
2.416721240238423486e-03
2.348349854989950376e-03
2.315759128354510747e-03
2.453080612286667826e-03
2.740618716485002191e-03
2.892940824156452814e-03
3.143421401273559495e-03
3.143421401273559495e-03
3.319103212133574492e-03
3.191464028274845766e-03
2.852472572643505958e-03
2.533495319969470815e-03
2.083396905104145224e-03
2.083396905104145224e-03
2.083396905104145224e-03
1.946904237976741564e-03
2.132203054289473574e-03
2.345571861303234751e-03
2.345571861303234751e-03
2.658224646312876312e-03
2.991462474753340661e-03
3.229542518102435263e-03
3.413471241196191445e-03
3.431209453345590403e-03
3.416149588316735874e-03
3.327926961406540030e-03
3.011311945720082563e-03
2.664046317865812873e-03
2.393451276031222184e-03
2.393451276031222184e-03
2.139201409889870172e-03
2.058821889750035543e-03
2.168722864082736016e-03
2.339446632703008708e-03
2.530235554165106635e-03
2.363581283993565225e-03
2.223566350774752731e-03
2.162878452314476261e-03
2.145378401125225785e-03
2.192953895874241634e-03
2.192953895874241634e-03
2.207177761292623830e-03
2.225037382063595626e-03
2.241724748656156660e-03
2.186705343026051299e-03
2.154102809221717166e-03
2.419821429144118196e-03
2.548280905332022447e-03
2.491082440532609889e-03
2.326511742878240117e-03
2.288725897322577921e-03
2.288725897322577921e-03
2.294089439039268073e-03
2.378525260490833154e-03
2.460936078806438745e-03
2.570638768454882282e-03
2.776337346685162164e-03
2.931408185056522120e-03
3.028773708817106367e-03
3.130487538375358123e-03
3.052324650373861459e-03
2.904773833961006840e-03
2.904773833961006840e-03
2.865577064327066471e-03
2.826588383309261172e-03
2.906794411690227353e-03
3.229885958650129812e-03
3.493769161154063052e-03
3.698444357137322270e-03
3.914150621535749004e-03
3.964697477620950268e-03
4.052535443342899189e-03
3.929863200795959306e-03
3.929863200795959306e-03
3.911575470230907632e-03
4.088894863766763012e-03
4.342311074703884312e-03
4.589547694380330389e-03
4.847166590718629368e-03
5.124724745049770783e-03
5.315295433477203180e-03
6.913387361930090937e-03
8.527427663394725188e-03
9.951376089012677062e-03
9.951376089012677062e-03
1.128829645120010654e-02
1.241043325142175864e-02
1.342607706004762466e-02
1.427630210107599940e-02
1.427630210107599940e-02
1.498659775927988630e-02
1.565634366290992799e-02
1.627961781168743918e-02
1.683227223270573891e-02
1.731517432507306484e-02
1.731517432507306484e-02
1.768769875468918784e-02
1.798528314929804389e-02
1.827691728089285775e-02
1.855006075307466182e-02
1.880571821762510101e-02
1.897007352830942795e-02
1.912083995585590890e-02
1.924999197193563022e-02
1.934984409910267544e-02
1.940356952756618417e-02
1.940356952756618417e-02
1.911956338807033889e-02
1.879331122696027354e-02
1.842310645159456889e-02
1.809607627914079989e-02
1.773043842417209442e-02
1.735925365448314286e-02
1.706099354071233601e-02
1.684355953739241282e-02
1.665606182471236069e-02
1.656262350905039413e-02
1.656262350905039413e-02
1.646152290084921394e-02
1.637439809447976957e-02
1.631509726120542597e-02
1.620366221788768074e-02
1.613964502738043580e-02
1.608210483222668671e-02
1.610335241797487826e-02
1.602424312819892074e-02
1.589654185939619671e-02
1.579570970063402108e-02
1.579570970063402108e-02
1.564587774282665336e-02
1.559190338738168126e-02
1.556934795609811982e-02
1.559364521515670121e-02
1.551816210834007330e-02
1.546603311665116845e-02
1.540059766531431430e-02
1.527076021646967680e-02
1.515621196439327634e-02
1.503351386185980583e-02
1.503351386185980583e-02
1.492657687628819868e-02
1.481737416278929367e-02
1.459856213342145166e-02
1.453390098559419370e-02
1.446457212200682151e-02
1.438256962697466099e-02
1.422198534516941511e-02
1.412084192361402757e-02
1.404585644968332596e-02
1.398990491118001431e-02
1.398990491118001431e-02
1.396743172703426676e-02
1.389034137292624593e-02
1.377438968114470114e-02
1.369079153742801952e-02
1.361676853799038099e-02
1.364256670597157814e-02
1.360173333806518822e-02
1.355699784000083050e-02
1.358598027728746480e-02
1.352836112225687566e-02
1.352836112225687566e-02
1.346770686578820792e-02
1.341094164929623918e-02
1.340024882336634561e-02
1.339773105431254357e-02
1.341922436073344875e-02
1.340084792283989350e-02
1.340537854949742751e-02
1.326942102758564557e-02
1.306578806351078176e-02
1.304440377793644225e-02
1.304440377793644225e-02
1.302259069616670990e-02
1.295172410088480178e-02
1.286302011219973840e-02
1.285738938743116906e-02
1.276224926295328396e-02
1.266469861714382417e-02
1.270712336118832650e-02
1.280469249365639821e-02
1.291282114057024262e-02
1.291453640825763680e-02
1.291453640825763680e-02
1.282013165772762434e-02
1.274480055467076128e-02
1.272562908388651451e-02
1.272578616846445528e-02
1.264591668216447605e-02
1.252688835813529911e-02
1.239096048261786702e-02
1.230451660322788229e-02
1.219761160579813444e-02
1.224069627596786371e-02
1.224069627596786371e-02
1.225870315811695282e-02
1.229565644731327526e-02
1.226975688751422676e-02
1.229566360948060148e-02
1.227677288056617730e-02
1.233976308373427311e-02
1.233480118143620921e-02
1.231270389561854930e-02
1.233242107847423892e-02
1.230871427955177420e-02
1.230871427955177420e-02
1.223651716535477732e-02
1.224463723880075093e-02
1.221846789886362437e-02
1.231940557390652155e-02
1.240163051126564817e-02
1.251822233867064954e-02
1.252978175057014795e-02
1.250904712383520655e-02
1.248436547436797793e-02
1.238497621479844185e-02
1.238497621479844185e-02
1.233720550228316511e-02
1.238354350561192418e-02
1.239415755032317358e-02
1.256121832487401557e-02
1.259367326284750732e-02
1.261732497798655900e-02
1.261141382148670519e-02
1.254169048013279233e-02
1.246181452689108793e-02
1.229003786730464842e-02
1.229003786730464842e-02
1.217038695781295574e-02
1.199502321144813033e-02
1.178174126678641423e-02
1.171002501035863994e-02
1.173416254200701156e-02
1.185855255743470740e-02
1.195762548051937900e-02
1.195332785708096840e-02
1.187047594555637638e-02
1.185405859080711742e-02
1.185405859080711742e-02
1.183214798024580239e-02
1.178906971115849071e-02
1.166896750735043481e-02
1.154180716983629722e-02
1.142743743452162737e-02
1.140950290458848243e-02
1.140180936812450370e-02
1.143590571797124811e-02
1.143798981352648486e-02
1.152262697708347251e-02
1.152262697708347251e-02
1.162118851022715844e-02
1.174093088082375953e-02
1.180495180092793264e-02
1.153059258688962987e-02
1.132043024328020439e-02
1.120432329947888828e-02
1.107845928139320965e-02
1.102891323593755725e-02
1.108972636875474316e-02
1.128829761920415418e-02
1.128829761920415418e-02
1.144463270130141597e-02
1.150636310189317481e-02
1.154198683957271578e-02
1.155683596169886605e-02
1.142093552397984227e-02
1.127388761388637903e-02
1.115700498422594195e-02
1.105546415834455370e-02
1.096515332973177492e-02
1.088849569164921684e-02
1.088849569164921684e-02
1.080495745053567866e-02
1.072882928258059830e-02
1.078150253996732096e-02
1.082229610677261887e-02
1.065256072879947405e-02
1.049718297238036099e-02
1.049957139189054527e-02
1.048705611713878286e-02
1.048630510635980943e-02
1.047586639966331321e-02
