3.921461296843981731e-02
3.868974398415672700e-02
3.810193262823227678e-02
3.771278241030964068e-02
3.702479651859198750e-02
3.627415309729903337e-02
3.536082934548160500e-02
3.465700293753199573e-02
3.410337979654214785e-02
3.358042856960225669e-02
3.292568774925368896e-02
3.292568774925368896e-02
3.237218009516855399e-02
3.195635655301391070e-02
3.161497932844104658e-02
3.193736912271233352e-02
3.207535561124903734e-02
3.231439883041713201e-02
3.263031293276748290e-02
3.278682707826034021e-02
3.291010450177379865e-02
3.303134217348500240e-02
3.303134217348500240e-02
3.314453817685696774e-02
3.323228020692443885e-02
3.328643357502850814e-02
3.334877160890221265e-02
3.344488199667546707e-02
3.344979770320182649e-02
3.357318887726627038e-02
3.371018192209298409e-02
3.373033641772942709e-02
3.373067315201658950e-02
3.373067315201658950e-02
3.376260349160386393e-02
3.398426761468655022e-02
3.456250328722724335e-02
3.503320704667463314e-02
3.548217995212921833e-02
3.586773604358151069e-02
3.612590022900447062e-02
3.639441367512132736e-02
3.663248167454228460e-02
3.679337005426167040e-02
3.679337005426167040e-02
3.693223626166764612e-02
3.707720009550023038e-02
3.721902735097627757e-02
3.738355006396086588e-02
3.771750805504067022e-02
3.808947227160679183e-02
3.839397295068365523e-02
3.856505198116146754e-02
3.862115272587789833e-02
3.868420172412275621e-02
3.868420172412275621e-02
3.874215467290584997e-02
3.882239966544197285e-02
3.889259088567285916e-02
3.889613893842823467e-02
3.889344894746103731e-02
3.897053972330535854e-02
3.903297074550964724e-02
3.891044747700071749e-02
3.877158136729958599e-02
3.863710913379096029e-02
3.863710913379096029e-02
3.847641217190848895e-02
3.830669948020024029e-02
3.820997723282001934e-02
3.811892922311817949e-02
3.804307252489807362e-02
3.799835645841373455e-02
3.802242456966448136e-02
3.800601604609031570e-02
3.796331364732313113e-02
3.791727641115772568e-02
3.791727641115772568e-02
3.793723289906327650e-02
3.796973306461765008e-02
3.800692526881008920e-02
3.801384728096383891e-02
3.782426167695573244e-02
3.772672960568464878e-02
3.766973622503862196e-02
3.756717349563615943e-02
3.732042304512818431e-02
3.690641856689047540e-02
3.690641856689047540e-02
3.643909525204565292e-02
3.603373973612352538e-02
3.567544470999265555e-02
3.542017000627518952e-02
3.528144935739122717e-02
3.514989865498998473e-02
3.505691812618244585e-02
3.500603370354714999e-02
3.504563334431221727e-02
3.519204874306087333e-02
3.519204874306087333e-02
3.538742959184779796e-02
3.555603112506261487e-02
3.567063302859927593e-02
3.585748733593349669e-02
3.615113043903832313e-02
3.631851364040726560e-02
3.645125649983171900e-02
3.660543329216693620e-02
3.682470136232524754e-02
3.699530183903988745e-02
3.699530183903988745e-02
3.709902395034212624e-02
3.707114304359034052e-02
3.694363613148823194e-02
3.687497527066282976e-02
3.683506085499869964e-02
3.675996138986046408e-02
3.681096361370773257e-02
3.675990870773897246e-02
3.677322350972875298e-02
3.684895304465909960e-02
3.684895304465909960e-02
3.693257021963687603e-02
3.692232839126482341e-02
3.693316623062588289e-02
3.702709895715273342e-02
3.704169635369695956e-02
3.682655051241850996e-02
3.662022992507633218e-02
3.648357819298286148e-02
3.622409236205760552e-02
3.603622680958733920e-02
3.603622680958733920e-02
3.589148021726711046e-02
3.570799141012589994e-02
3.558408579439428093e-02
3.558066977477305354e-02
3.564313919410199566e-02
3.562865376654564958e-02
3.559403993574200564e-02
3.562232033672565329e-02
3.561066645052191060e-02
3.559585174985379491e-02
