1.612614095211029053e-02
1.612614095211029053e-02
1.598410494625568390e-02
1.587208919227123260e-02
1.642818376421928406e-02
1.641564443707466125e-02
1.632812060415744781e-02
1.624256372451782227e-02
1.652056910097599030e-02
1.648047380149364471e-02
1.643926464021205902e-02
1.612778753042221069e-02
1.612778753042221069e-02
1.558760832995176315e-02
1.513110566884279251e-02
1.497674174606800079e-02
1.512209977954626083e-02
1.525792665779590607e-02
1.537547726184129715e-02
1.554419565945863724e-02
1.545611862093210220e-02
1.521696243435144424e-02
1.490031089633703232e-02
