4.130554571747779846e-02
4.130554571747779846e-02
4.144579172134399414e-02
4.225194826722145081e-02
4.235338047146797180e-02
4.269199818372726440e-02
4.282718151807785034e-02
4.288778826594352722e-02
4.299644380807876587e-02
4.311856999993324280e-02
4.313929006457328796e-02
4.308119043707847595e-02
4.308119043707847595e-02
4.307268932461738586e-02
4.314199835062026978e-02
4.319738969206809998e-02
4.322193935513496399e-02
4.325506091117858887e-02
4.344930499792098999e-02
4.363123700022697449e-02
4.374735802412033081e-02
4.389580711722373962e-02
4.391624033451080322e-02
4.391624033451080322e-02
4.399703815579414368e-02
4.378398135304450989e-02
4.363359883427619934e-02
4.337209090590476990e-02
4.314083606004714966e-02
4.286342486739158630e-02
4.257058724761009216e-02
4.236319661140441895e-02
4.222907871007919312e-02
4.189235344529151917e-02
4.189235344529151917e-02
4.147826880216598511e-02
4.116649925708770752e-02
4.090553894639015198e-02
4.062206670641899109e-02
4.046531766653060913e-02
4.032209888100624084e-02
4.018688574433326721e-02
3.999310731887817383e-02
4.002013429999351501e-02
4.003911837935447693e-02
4.003911837935447693e-02
4.013685509562492371e-02
4.023220017552375793e-02
4.029480367898941040e-02
4.038802534341812134e-02
4.043826833367347717e-02
4.044362902641296387e-02
4.039216414093971252e-02
4.036864265799522400e-02
4.019915312528610229e-02
4.016659408807754517e-02
4.016659408807754517e-02
4.023255035281181335e-02
4.026052355766296387e-02
4.013729467988014221e-02
4.016710445284843445e-02
4.017929360270500183e-02
4.016225412487983704e-02
4.018960520625114441e-02
3.978076949715614319e-02
3.927015140652656555e-02
3.875998407602310181e-02
3.875998407602310181e-02
3.813792020082473755e-02
3.746524825692176819e-02
3.688803687691688538e-02
3.624708577990531921e-02
3.566732630133628845e-02
3.503690659999847412e-02
3.441068157553672791e-02
3.368424624204635620e-02
3.295028209686279297e-02
3.211143985390663147e-02
3.211143985390663147e-02
3.129466995596885681e-02
3.052902780473232269e-02
2.993197366595268250e-02
2.952316217124462128e-02
2.919497713446617126e-02
2.893355302512645721e-02
2.866294421255588531e-02
2.860339730978012085e-02
2.865134365856647491e-02
2.867877110838890076e-02
2.867877110838890076e-02
2.874028123915195465e-02
2.882559783756732941e-02
2.887492068111896515e-02
2.882390283048152924e-02
2.887056209146976471e-02
2.910581044852733612e-02
2.942057885229587555e-02
3.016513586044311523e-02
3.086128644645214081e-02
3.141146153211593628e-02
3.141146153211593628e-02
3.182787448167800903e-02
3.206716477870941162e-02
3.204392269253730774e-02
3.189419582486152649e-02
3.157092630863189697e-02
3.124313801527023315e-02
3.106048330664634705e-02
3.105199337005615234e-02
3.110921941697597504e-02
3.126756474375724792e-02
3.126756474375724792e-02
3.124582022428512573e-02
3.124879673123359680e-02
3.111940063536167145e-02
3.086992353200912476e-02
3.060877509415149689e-02
3.029636107385158539e-02
3.016120195388793945e-02
3.016574680805206299e-02
3.026615269482135773e-02
3.043199516832828522e-02
3.043199516832828522e-02
3.053889423608779907e-02
3.066142462193965912e-02
3.072215244174003601e-02
3.070080466568470001e-02
3.050852939486503601e-02
3.025805950164794922e-02
2.994066476821899414e-02
2.965202741324901581e-02
2.945953048765659332e-02
2.923080883920192719e-02
2.923080883920192719e-02
2.909596078097820282e-02
2.901628240942955017e-02
2.889681048691272736e-02
2.867443114519119263e-02
2.830717153847217560e-02
2.789979614317417145e-02
2.746650762856006622e-02
2.712175622582435608e-02
2.676388993859291077e-02
2.646544948220252991e-02
2.646544948220252991e-02
2.603486366569995880e-02
2.546081691980361938e-02
2.475281804800033569e-02
2.394914440810680389e-02
2.328332699835300446e-02
2.289053611457347870e-02
2.261565811932086945e-02
2.236104570329189301e-02
2.214539237320423126e-02
2.194259501993656158e-02
2.194259501993656158e-02
2.179691381752490997e-02
2.181011810898780823e-02
2.196142822504043579e-02
2.223709970712661743e-02
2.267272025346755981e-02
2.317743189632892609e-02
2.370077371597290039e-02
2.421175502240657806e-02
2.470493316650390625e-02
2.505534328520298004e-02
2.505534328520298004e-02
2.516371011734008789e-02
2.518172748386859894e-02
2.512800879776477814e-02
2.504021301865577698e-02
2.499488182365894318e-02
2.499989420175552368e-02
2.502556890249252319e-02
2.511578425765037537e-02
2.501802332699298859e-02
2.496198192238807678e-02
2.496198192238807678e-02
2.498507872223854065e-02
2.498409897089004517e-02
2.496927417814731598e-02
2.502262406051158905e-02
2.510938607156276703e-02
2.522368915379047394e-02
2.538140304386615753e-02
2.559044770896434784e-02
2.582697942852973938e-02
2.596707269549369812e-02
2.596707269549369812e-02
2.605910412967205048e-02
2.596276067197322845e-02
2.590290829539299011e-02
2.587610110640525818e-02
2.587085776031017303e-02
2.587485313415527344e-02
2.593911625444889069e-02
2.601270377635955811e-02
2.605823986232280731e-02
2.607576921582221985e-02
2.607576921582221985e-02
2.613518759608268738e-02
2.611596509814262390e-02
2.617413364350795746e-02
2.615424804389476776e-02
2.606016770005226135e-02
2.591237798333168030e-02
2.564303204417228699e-02
2.539269067347049713e-02
2.520963177084922791e-02
2.508817426860332489e-02
2.508817426860332489e-02
2.504950203001499176e-02
2.506605349481105804e-02
2.507151104509830475e-02
2.497943677008152008e-02
2.474264986813068390e-02
2.448442950844764709e-02
2.420078776776790619e-02
2.389622852206230164e-02
2.372310683131217957e-02
2.359055355191230774e-02
2.359055355191230774e-02
2.351956255733966827e-02
2.348975650966167450e-02
2.340326830744743347e-02
2.322153188288211823e-02
2.293246425688266754e-02
2.253867685794830322e-02
2.219477109611034393e-02
2.198253571987152100e-02
2.179281786084175110e-02
2.173294499516487122e-02
2.173294499516487122e-02
2.166636288166046143e-02
2.157131209969520569e-02
2.140448614954948425e-02
2.134409546852111816e-02
2.133493684232234955e-02
2.141363918781280518e-02
2.162585780024528503e-02
2.194268628954887390e-02
2.225842140614986420e-02
2.266320772469043732e-02
2.266320772469043732e-02
2.322034910321235657e-02
2.379420585930347443e-02
2.433262765407562256e-02
2.472875826060771942e-02
2.483505569398403168e-02
2.479588054120540619e-02
2.467309869825839996e-02
2.450088411569595337e-02
2.431935444474220276e-02
2.390087582170963287e-02
2.390087582170963287e-02
2.350389212369918823e-02
2.312442846596240997e-02
2.282628603279590607e-02
2.265092730522155762e-02
2.265767008066177368e-02
2.269246615469455719e-02
2.272943221032619476e-02
2.280114777386188507e-02
2.289498783648014069e-02
2.299463748931884766e-02
2.299463748931884766e-02
2.309776470065116882e-02
2.306411974132061005e-02
2.288803458213806152e-02
2.284642122685909271e-02
2.283840067684650421e-02
2.287310175597667694e-02
2.290010266005992889e-02
2.301757968962192535e-02
2.317193895578384399e-02
2.317193895578384399e-02
2.317193895578384399e-02
2.332380972802639008e-02
2.346679009497165680e-02
2.331990748643875122e-02
2.317840978503227234e-02
2.305655181407928467e-02
2.305655181407928467e-02
2.305655181407928467e-02
2.305655181407928467e-02
2.305655181407928467e-02
2.305655181407928467e-02
2.305655181407928467e-02
2.282132022082805634e-02
2.215741947293281555e-02
2.162555418908596039e-02
2.120379544794559479e-02
2.110217697918415070e-02
2.120508439838886261e-02
2.161615900695323944e-02
2.264711074531078339e-02
2.362864837050437927e-02
2.446288615465164185e-02
2.446288615465164185e-02
2.516239695250988007e-02
2.562070265412330627e-02
2.580882795155048370e-02
2.571445144712924957e-02
2.542960830032825470e-02
2.520292252302169800e-02
2.494401670992374420e-02
2.449402771890163422e-02
2.399210073053836823e-02
2.354888059198856354e-02
2.354888059198856354e-02
2.308950014412403107e-02
2.252811565995216370e-02
2.190106175839900970e-02
2.119195461273193359e-02
2.037658728659152985e-02
1.960659772157669067e-02
1.881553418934345245e-02
1.801190339028835297e-02
1.719754375517368317e-02
1.642865501344203949e-02
1.642865501344203949e-02
1.580657809972763062e-02
1.528032496571540833e-02
1.485029608011245728e-02
1.459603104740381241e-02
1.440866943448781967e-02
1.426563598215579987e-02
1.414529886096715927e-02
1.403392106294631958e-02
1.394306682050228119e-02
1.388936024159193039e-02
1.388936024159193039e-02
1.381140947341918945e-02
1.367272902280092239e-02
1.355652324855327606e-02
1.333328802138566971e-02
1.309100165963172913e-02
1.292343065142631531e-02
1.280910149216651917e-02
1.279951259493827820e-02
1.285266689956188202e-02
1.290019135922193527e-02
1.290019135922193527e-02
1.296742167323827744e-02
1.308317109942436218e-02
1.326246932148933411e-02
1.348972506821155548e-02
1.375556644052267075e-02
1.403160579502582550e-02
1.429184246808290482e-02
1.445954106748104095e-02
1.458637602627277374e-02
1.461463980376720428e-02
1.461463980376720428e-02
1.457161922007799149e-02
1.454716362059116364e-02
1.457267999649047852e-02
1.460212189704179764e-02
1.459139585494995117e-02
1.459072530269622803e-02
1.455987337976694107e-02
1.472253911197185516e-02
1.483697909861803055e-02
1.484895125031471252e-02
1.484895125031471252e-02
1.473473478108644485e-02
1.459519006311893463e-02
1.444169878959655762e-02
1.421444118022918701e-02
1.393314078450202942e-02
1.365068182349205017e-02
1.332165021449327469e-02
1.301937457174062729e-02
1.273820176720619202e-02
1.247941888868808746e-02
1.247941888868808746e-02
1.222000271081924438e-02
1.198153384029865265e-02
1.180687453597784042e-02
1.173239573836326599e-02
1.169461850076913834e-02
1.163577567785978317e-02
1.159763429313898087e-02
1.148725952953100204e-02
1.137753389775753021e-02
1.123179029673337936e-02
1.123179029673337936e-02
1.115697808563709259e-02
1.114555913954973221e-02
1.110453344881534576e-02
1.099874638020992279e-02
1.090682018548250198e-02
1.093863043934106827e-02
1.107741147279739380e-02
1.130842790007591248e-02
1.157080102711915970e-02
1.170851942151784897e-02
1.170851942151784897e-02
1.182672753930091858e-02
1.190755143761634827e-02
1.204454433172941208e-02
1.222080364823341370e-02
1.237623766064643860e-02
1.254654210060834885e-02
1.258542761206626892e-02
1.256786566227674484e-02
1.241966057568788528e-02
1.229824777692556381e-02
1.229824777692556381e-02
1.230814587324857712e-02
1.236188597977161407e-02
1.238801237195730209e-02
1.238150428980588913e-02
1.230402104556560516e-02
1.225927565246820450e-02
1.236306224018335342e-02
1.251916680485010147e-02
1.269268151372671127e-02
1.286149956285953522e-02
1.286149956285953522e-02
1.291925553232431412e-02
1.298911217600107193e-02
1.303395163267850876e-02
1.304290164262056351e-02
1.294994167983531952e-02
1.291232276707887650e-02
1.276678964495658875e-02
1.263987738639116287e-02
1.256247702986001968e-02
1.260502543300390244e-02
1.260502543300390244e-02
1.264839712530374527e-02
1.268904469907283783e-02
1.268758997321128845e-02
1.207501348108053207e-02
1.149868499487638474e-02
1.100083813071250916e-02
1.060813572257757187e-02
1.031090226024389267e-02
1.005700137466192245e-02
9.903145954012870789e-03
9.903145954012870789e-03
9.791822172701358795e-03
9.751381352543830872e-03
9.812581352889537811e-03
9.793741628527641296e-03
9.830457158386707306e-03
9.882652200758457184e-03
9.943575598299503326e-03
1.002934575080871582e-02
1.007008645683526993e-02
1.008505094796419144e-02
1.008505094796419144e-02
1.010236889123916626e-02
1.009202003479003906e-02
1.005742046982049942e-02
9.998754598200321198e-03
9.979827329516410828e-03
9.916666895151138306e-03
9.849013760685920715e-03
9.812139905989170074e-03
9.801342152059078217e-03
9.845537133514881134e-03
9.845537133514881134e-03
9.813937358558177948e-03
9.770398959517478943e-03
9.706383571028709412e-03
9.677221067249774933e-03
9.724983945488929749e-03
9.854805655777454376e-03
9.996721521019935608e-03
1.012070570141077042e-02
1.022309064865112305e-02
1.032292004674673080e-02
1.032292004674673080e-02
1.041543111205101013e-02
1.044339127838611603e-02
1.035098358988761902e-02
1.032569538801908493e-02
1.035255752503871918e-02
1.040928065776824951e-02
1.054268144071102142e-02
1.074187457561492920e-02
1.093725394457578659e-02
1.102306786924600601e-02
1.102306786924600601e-02
1.105336658656597137e-02
1.105415821075439453e-02
1.103821024298667908e-02
1.100846845656633377e-02
1.100401487201452255e-02
1.103539858013391495e-02
1.103313826024532318e-02
1.101427339017391205e-02
1.108286250382661819e-02
1.112341880798339844e-02
1.112341880798339844e-02
1.115952432155609131e-02
1.120653189718723297e-02
1.126160472631454468e-02
1.129265874624252319e-02
1.128373295068740845e-02
1.125012990087270737e-02
1.152467261999845505e-02
1.174404937773942947e-02
1.185717154294252396e-02
1.185799203813076019e-02
1.185799203813076019e-02
1.172007713466882706e-02
1.137930341064929962e-02
1.099434494972229004e-02
1.061340235173702240e-02
1.029030233621597290e-02
1.006040442734956741e-02
9.950641542673110962e-03
9.898185729980468750e-03
9.892769157886505127e-03
9.951191954314708710e-03
9.951191954314708710e-03
1.008483767509460449e-02
1.025420986115932465e-02
1.053450815379619598e-02
1.079772785305976868e-02
1.102439034730195999e-02
1.121389493346214294e-02
1.125804893672466278e-02
1.119751390069723129e-02
1.103955227881669998e-02
1.086019072681665421e-02
1.086019072681665421e-02
1.067490596324205399e-02
1.050975266844034195e-02
1.046184729784727097e-02
1.044712122529745102e-02
1.048070471733808517e-02
1.064239908009767532e-02
1.076966803520917892e-02
1.086370833218097687e-02
1.090815383940935135e-02
1.092716492712497711e-02
1.092716492712497711e-02
1.087662577629089355e-02
1.073829550296068192e-02
1.053196191787719727e-02
1.026660483330488205e-02
1.001862715929746628e-02
9.820940904319286346e-03
9.686075150966644287e-03
9.673293679952621460e-03
9.729055687785148621e-03
9.808905422687530518e-03
9.808905422687530518e-03
9.901620447635650635e-03
1.003555301576852798e-02
1.007597334682941437e-02
1.019040867686271667e-02
1.036122068762779236e-02
1.054541207849979401e-02
1.069533918052911758e-02
1.084685511887073517e-02
1.087660249322652817e-02
1.085152942687273026e-02
1.085152942687273026e-02
1.078764814883470535e-02
1.076912041753530502e-02
1.082725636661052704e-02
1.093968097120523453e-02
1.112222392112016678e-02
1.140367332845926285e-02
1.171043422073125839e-02
1.199121959507465363e-02
1.215111650526523590e-02
1.230802573263645172e-02
1.230802573263645172e-02
1.247059926390647888e-02
1.253752410411834717e-02
1.258645486086606979e-02
1.259482931345701218e-02
1.255288254469633102e-02
1.253581978380680084e-02
1.248556002974510193e-02
1.244245190173387527e-02
1.242129318416118622e-02
1.241084933280944824e-02
1.241084933280944824e-02
1.238519605249166489e-02
1.238128449767827988e-02
1.235672459006309509e-02
1.231524813920259476e-02
1.230373792350292206e-02
1.226986479014158249e-02
1.223963219672441483e-02
1.226352062076330185e-02
1.225537620484828949e-02
1.222138572484254837e-02
1.222138572484254837e-02
1.217693276703357697e-02
1.210106071084737778e-02
1.196311414241790771e-02
1.176822278648614883e-02
1.162917446345090866e-02
1.149907521903514862e-02
1.133610028773546219e-02
1.110306102782487869e-02
1.088107842952013016e-02
1.060183253139257431e-02
1.060183253139257431e-02
1.037401240319013596e-02
1.025102660059928894e-02
1.025403942912817001e-02
1.041133329272270203e-02
1.061322353780269623e-02
1.094423886388540268e-02
1.122757326811552048e-02
1.145428977906703949e-02
1.149727776646614075e-02
1.151211652904748917e-02
1.151211652904748917e-02
1.151660922914743423e-02
1.148425508290529251e-02
1.142014376819133759e-02
1.138634141534566879e-02
1.136725861579179764e-02
1.133238989859819412e-02
1.136633381247520447e-02
1.139826420694589615e-02
1.146377529948949814e-02
1.148696523159742355e-02
1.148696523159742355e-02
1.146541908383369446e-02
1.140114851295948029e-02
1.125067938119173050e-02
1.100693456828594208e-02
1.067532971501350403e-02
1.092528086155653000e-02
1.115977670997381210e-02
1.140889059752225876e-02
1.161206886172294617e-02
1.172428298741579056e-02
1.172428298741579056e-02
1.170650031417608261e-02
1.159128081053495407e-02
1.141195092350244522e-02
1.115419808775186539e-02
1.093717943876981735e-02
1.073745917528867722e-02
1.051062904298305511e-02
1.029846817255020142e-02
1.011414080858230591e-02
9.915079921483993530e-03
9.915079921483993530e-03
9.586201049387454987e-03
9.371928870677947998e-03
9.259374812245368958e-03
9.100204333662986755e-03
8.997670374810695648e-03
8.944425731897354126e-03
8.807372301816940308e-03
8.735182695090770721e-03
8.705395273864269257e-03
8.717084303498268127e-03
8.717084303498268127e-03
8.790814317762851715e-03
8.920949883759021759e-03
9.067484177649021149e-03
9.237755089998245239e-03
9.373326785862445831e-03
9.438844397664070129e-03
9.468468837440013885e-03
9.514785371720790863e-03
9.563960134983062744e-03
9.622331708669662476e-03
9.622331708669662476e-03
9.639925323426723480e-03
9.645242244005203247e-03
9.565075859427452087e-03
9.488134644925594330e-03
9.440924972295761108e-03
9.384094737470149994e-03
9.306236170232295990e-03
9.229185990989208221e-03
9.153529070317745209e-03
9.111057966947555542e-03
9.111057966947555542e-03
9.111322462558746338e-03
9.077804163098335266e-03
9.071275591850280762e-03
9.154926985502243042e-03
9.232954122126102448e-03
9.231785312294960022e-03
9.216757491230964661e-03
9.235273115336894989e-03
9.239552542567253113e-03
9.261309169232845306e-03
