2.749249711632728577e-02
2.749249711632728577e-02
2.603625133633613586e-02
2.525629289448261261e-02
2.515322528779506683e-02
2.524818852543830872e-02
2.554553002119064331e-02
2.562294714152812958e-02
2.578287571668624878e-02
2.586869150400161743e-02
2.606861107051372528e-02
2.624729089438915253e-02
2.624729089438915253e-02
2.672474458813667297e-02
2.704316936433315277e-02
2.747504413127899170e-02
2.783214673399925232e-02
2.812069281935691833e-02
2.838368527591228485e-02
2.875289879739284515e-02
2.928335778415203094e-02
2.982231602072715759e-02
3.025770746171474457e-02
