5.387269564048831338e-02
5.323073809051206973e-02
5.246739098052340816e-02
5.190292883152352460e-02
5.134550433355501015e-02
5.071690100559510944e-02
5.008152158706300622e-02
4.960192208081842108e-02
4.870924759762127604e-02
4.789646237106577609e-02
4.715126903218946203e-02
4.715126903218946203e-02
4.640412518494005378e-02
4.571760647185967724e-02
4.494618231287751675e-02
4.422161078538081741e-02
4.349747246394368438e-02
4.266573767329128603e-02
4.184966019072561272e-02
4.104957323855681212e-02
4.032360686934978455e-02
3.961407080322064400e-02
3.961407080322064400e-02
3.901784201100060717e-02
3.857038249463532603e-02
3.812151076127520688e-02
3.776263735778394998e-02
3.743808741216182040e-02
3.714070210598176963e-02
3.689322227247772423e-02
3.663076661941871981e-02
3.634216789717914509e-02
3.606927743017531579e-02
3.606927743017531579e-02
3.588148203841750455e-02
3.566979482662206019e-02
3.546529873306465686e-02
3.530902034555583741e-02
3.518686628121470150e-02
3.514484549212942149e-02
3.512564936407589627e-02
3.518972227793210061e-02
3.527285747158587920e-02
3.536555993414465526e-02
3.536555993414465526e-02
3.542793294327793718e-02
3.546324231402926686e-02
3.550335398247986274e-02
3.552331554446912926e-02
3.553826007577678275e-02
3.537627254662632087e-02
3.518842607461946520e-02
3.508219824705571116e-02
3.501949759766623260e-02
3.488747926966802304e-02
3.488747926966802304e-02
3.469135938906268979e-02
3.448781511339973210e-02
3.425730622318835794e-02
3.395592843280781370e-02
3.371856423167415157e-02
3.361107826192218095e-02
3.351887294912894721e-02
3.354160691152222734e-02
3.349672104927185756e-02
3.342069432249842459e-02
3.342069432249842459e-02
3.338581569763122980e-02
3.338098903855597072e-02
3.339702294887969547e-02
3.339616677409505685e-02
3.341513293847563071e-02
3.342015062893360228e-02
3.350457401606009994e-02
3.359704022739944812e-02
3.368532145620624363e-02
3.369242249832751779e-02
3.369242249832751779e-02
3.371778002578899869e-02
3.374517242286481644e-02
3.376216488474732824e-02
3.371549593419996549e-02
3.366909344586561936e-02
3.366461911320871997e-02
3.363397760633812794e-02
3.359508160044951536e-02
3.355780264398400964e-02
3.351576938338489409e-02
3.351576938338489409e-02
3.350820403308568673e-02
3.349779951196359129e-02
3.355613359092368686e-02
3.368520379839145401e-02
3.367581199924667840e-02
3.354071460022690215e-02
3.350885622526383889e-02
3.349016127812973892e-02
3.351080527328102743e-02
3.350054082737438654e-02
3.350054082737438654e-02
3.344957680789453075e-02
3.339846987542428175e-02
3.340460559490161102e-02
3.329918492597656876e-02
3.322682497507281618e-02
3.305563965788014397e-02
3.295747656191404251e-02
3.297544457640178006e-02
3.295528171313270166e-02
3.297744874764389766e-02
3.297744874764389766e-02
3.298019475387320432e-02
3.295156736037590378e-02
3.295792481053014950e-02
3.293741593939098627e-02
3.295722929626505177e-02
3.321304282786354672e-02
3.348170679552548573e-02
3.367694293385285059e-02
3.383715516421471198e-02
3.397070801248281563e-02
3.397070801248281563e-02
3.399565432539208842e-02
3.396385462120819765e-02
3.398985217180959528e-02
3.401708132157171827e-02
3.403074908274490024e-02
3.400555228987754697e-02
3.385300269608584878e-02
3.367823770639540720e-02
3.351700681833288259e-02
3.342617738235327540e-02
3.342617738235327540e-02
3.335316953710113635e-02
3.333513834304960982e-02
3.332724493984285524e-02
3.326348947002671225e-02
3.319571394693109079e-02
3.323965874944578847e-02
3.315142299612661159e-02
3.309290942637096999e-02
3.298595810490197872e-02
3.286188016692861286e-02
