2.052745781838893890e-02
2.052745781838893890e-02
2.039114013314247131e-02
1.959573291242122650e-02
1.951589062809944153e-02
1.984415017068386078e-02
2.019749954342842102e-02
2.021156251430511475e-02
1.994295604526996613e-02
1.946902275085449219e-02
1.904441602528095245e-02
1.857487857341766357e-02
1.857487857341766357e-02
1.797714456915855408e-02
1.736876741051673889e-02
1.685307174921035767e-02
1.646668091416358948e-02
1.619936712086200714e-02
1.605589129030704498e-02
1.597266457974910736e-02
1.584085263311862946e-02
1.565810479223728180e-02
1.535838656127452850e-02
1.535838656127452850e-02
1.499066036194562912e-02
1.456509623676538467e-02
1.418573316186666489e-02
1.389297656714916229e-02
1.373148709535598755e-02
1.374890841543674469e-02
1.382592227309942245e-02
1.393651124089956284e-02
1.400014385581016541e-02
1.389054395258426666e-02
1.389054395258426666e-02
1.371749583631753922e-02
1.342771016061306000e-02
1.322906743735074997e-02
1.309677865356206894e-02
1.304375287145376205e-02
1.324647199362516403e-02
1.358608528971672058e-02
1.396520622074604034e-02
1.434079185128211975e-02
1.467320136725902557e-02
1.467320136725902557e-02
1.494004204869270325e-02
1.502118632197380066e-02
1.492193341255187988e-02
1.466249860823154449e-02
1.440388150513172150e-02
1.422223448753356934e-02
1.407145801931619644e-02
1.403857022523880005e-02
1.407062727957963943e-02
1.421517040580511093e-02
1.421517040580511093e-02
1.429497450590133667e-02
1.432224269956350327e-02
1.432556286454200745e-02
1.409980561584234238e-02
1.378357876092195511e-02
1.343639288097620010e-02
1.310759410262107849e-02
1.286941114813089371e-02
1.278011407703161240e-02
1.279828604310750961e-02
1.279828604310750961e-02
1.305859163403511047e-02
1.329430937767028809e-02
1.333593204617500305e-02
1.331592537462711334e-02
1.311249937862157822e-02
1.290424820035696030e-02
1.268646400421857834e-02
1.254199817776679993e-02
1.254167314618825912e-02
1.258268021047115326e-02
1.258268021047115326e-02
1.259970385581254959e-02
1.248099096119403839e-02
1.233365945518016815e-02
1.217198371887207031e-02
1.206335052847862244e-02
1.201534178107976913e-02
1.200317125767469406e-02
1.198915857821702957e-02
1.202800590544939041e-02
1.201147586107254028e-02
1.201147586107254028e-02
1.201067492365837097e-02
1.200505904853343964e-02
1.200359128415584564e-02
1.191428396850824356e-02
1.182449422776699066e-02
1.178160868585109711e-02
1.174034271389245987e-02
1.172276306897401810e-02
1.162827946245670319e-02
1.139430049806833267e-02
1.139430049806833267e-02
1.109884586185216904e-02
1.079713273793458939e-02
1.038477942347526550e-02
1.003882382065057755e-02
9.831570088863372803e-03
9.769744239747524261e-03
9.913835674524307251e-03
1.009755767881870270e-02
1.021463237702846527e-02
1.008051540702581406e-02
1.008051540702581406e-02
9.791194461286067963e-03
9.503021836280822754e-03
9.463241323828697205e-03
9.573504328727722168e-03
9.832984767854213715e-03
1.006003003567457199e-02
1.017445791512727737e-02
1.023485418409109116e-02
1.029310189187526703e-02
1.024245657026767731e-02
1.024245657026767731e-02
1.023179851472377777e-02
1.024308986961841583e-02
1.001618523150682449e-02
9.589862078428268433e-03
9.312132373452186584e-03
9.089015424251556396e-03
8.860483765602111816e-03
8.711553178727626801e-03
8.976487442851066589e-03
9.260880760848522186e-03
9.260880760848522186e-03
9.527838788926601410e-03
9.676966816186904907e-03
9.778507985174655914e-03
9.595952928066253662e-03
9.528214111924171448e-03
9.446603246033191681e-03
9.509034454822540283e-03
9.758756496012210846e-03
1.003214996308088303e-02
1.035286486148834229e-02
1.035286486148834229e-02
1.055330783128738403e-02
1.067625638097524643e-02
1.070571690797805786e-02
1.060929149389266968e-02
1.053408253937959671e-02
1.054403465241193771e-02
1.067688688635826111e-02
1.091359276324510574e-02
1.111560314893722534e-02
1.118411682546138763e-02
1.118411682546138763e-02
1.108359917998313904e-02
1.082981005311012268e-02
1.054932363331317902e-02
1.033635344356298447e-02
1.029190793633460999e-02
1.043398026376962662e-02
1.061697117984294891e-02
1.081448700278997421e-02
1.083817891776561737e-02
1.061309874057769775e-02
1.061309874057769775e-02
1.024846173822879791e-02
9.926448576152324677e-03
9.767484851181507111e-03
9.813709184527397156e-03
9.952172636985778809e-03
1.017274428158998489e-02
1.028649229556322098e-02
1.029194891452789307e-02
1.022841781377792358e-02
1.007962040603160858e-02
1.007962040603160858e-02
9.961400181055068970e-03
9.909958578646183014e-03
1.010900456458330154e-02
1.029807981103658676e-02
1.033082418143749237e-02
1.019440311938524246e-02
1.000478118658065796e-02
9.896480478346347809e-03
9.861895814538002014e-03
9.887264110147953033e-03
9.887264110147953033e-03
9.975598193705081940e-03
1.012930180877447128e-02
1.017619855701923370e-02
1.014605723321437836e-02
1.002198737114667892e-02
9.912081994116306305e-03
9.903006255626678467e-03
9.929492138326168060e-03
1.001040823757648468e-02
1.014532893896102905e-02
1.014532893896102905e-02
1.027505192905664444e-02
1.040243450552225113e-02
1.047949120402336121e-02
1.049285661429166794e-02
1.036760490387678146e-02
1.029585208743810654e-02
1.027623843401670456e-02
1.040073763579130173e-02
1.067026052623987198e-02
1.095086988061666489e-02
1.095086988061666489e-02
1.117552071809768677e-02
1.126472372561693192e-02
1.115979067981243134e-02
1.108923461288213730e-02
1.108792237937450409e-02
1.122095435857772827e-02
1.143686473369598389e-02
1.179280597716569901e-02
1.212290674448013306e-02
1.242142729461193085e-02
1.242142729461193085e-02
1.264185179024934769e-02
1.278654858469963074e-02
1.291281450539827347e-02
1.302632410079240799e-02
1.324000768363475800e-02
1.351000834256410599e-02
1.387224439531564713e-02
1.430614292621612549e-02
1.466229837387800217e-02
1.491003856062889099e-02
1.491003856062889099e-02
1.505492907017469406e-02
1.511129178106784821e-02
1.510771736502647400e-02
1.505368389189243317e-02
1.506212167441844940e-02
1.517289411276578903e-02
1.530617102980613708e-02
1.532072946429252625e-02
1.527274772524833679e-02
1.509917899966239929e-02
1.509917899966239929e-02
1.484517380595207214e-02
1.465100608766078949e-02
1.451193075627088547e-02
1.446710992604494095e-02
1.449668500572443008e-02
1.460354775190353394e-02
1.465263869613409042e-02
1.462557166814804077e-02
1.442365907132625580e-02
1.413789298385381699e-02
1.413789298385381699e-02
1.377770490944385529e-02
1.344426255673170090e-02
1.327617280185222626e-02
1.327712740749120712e-02
1.335724815726280212e-02
1.335452031344175339e-02
1.328415330499410629e-02
1.310736499726772308e-02
1.280362717807292938e-02
1.249519083648920059e-02
1.249519083648920059e-02
1.226107869297266006e-02
1.221489254385232925e-02
1.223083119839429855e-02
1.230509392917156219e-02
1.239422988146543503e-02
1.256178040057420731e-02
1.262986753135919571e-02
1.262439228594303131e-02
1.251843944191932678e-02
1.247405726462602615e-02
