3.465218169278946880e-02
3.465218169278946880e-02
3.398012121568226573e-02
3.338586184325984668e-02
3.282080690242477478e-02
3.217646718093745278e-02
3.159665669793745857e-02
3.109216751170498783e-02
3.088192322974974910e-02
3.062249815797618915e-02
3.036699816807924071e-02
3.016823469222732618e-02
3.016823469222732618e-02
2.997008325031589454e-02
2.986991284300697172e-02
2.965591241216580451e-02
2.944629490389919294e-02
2.919273012995466862e-02
2.902475383225767633e-02
2.882405948277967991e-02
2.853722871821115503e-02
2.819282345957216732e-02
2.771190680551751870e-02
2.771190680551751870e-02
2.730106968014312657e-02
2.671697369209355757e-02
2.618639636284089689e-02
2.561514690041594849e-02
2.501577355964683738e-02
2.435434568726473070e-02
2.372387870891264419e-02
2.312655949650342657e-02
2.273722742981181336e-02
2.227463120470760116e-02
2.227463120470760116e-02
2.185332082936006920e-02
2.134840153802592538e-02
2.089322501412518504e-02
2.054661780769470592e-02
2.024820753385393746e-02
2.004177594579430524e-02
1.988376319871240291e-02
1.973242224689559371e-02
1.964392686700069598e-02
1.962334596399621656e-02
1.962334596399621656e-02
1.972356710554580214e-02
1.986714011550723760e-02
1.995220273734832697e-02
2.000561971343420981e-02
2.000405373954740676e-02
2.001953144444535565e-02
2.007962554013054471e-02
2.006713661659985382e-02
2.001193574819014678e-02
1.989675549876064251e-02
1.989675549876064251e-02
1.970584406363103114e-02
1.945082074198329486e-02
1.929578440840331102e-02
1.911103671140921764e-02
1.891543219968957676e-02
1.876589693694222238e-02
1.860099986468292943e-02
1.845926294113566998e-02
1.840837924141682652e-02
1.810726689095078917e-02
1.810726689095078917e-02
1.793691356488125513e-02
1.776706239339263457e-02
1.791970219668533384e-02
1.803573714121200697e-02
1.830623435420647774e-02
1.825706132738181067e-02
1.819508052675006260e-02
1.815882211758348269e-02
1.814617249787240164e-02
1.844040138845389962e-02
1.844040138845389962e-02
1.881633533536155797e-02
1.912992531850106134e-02
1.951162456109110585e-02
2.006038565817191976e-02
2.060276287611138152e-02
2.112367226609997498e-02
2.157356146483605311e-02
2.195042065482004021e-02
2.218203439900113746e-02
2.212324765497920842e-02
2.212324765497920842e-02
2.195809620621716127e-02
2.158028766515519489e-02
2.124516446170961539e-02
2.082323965622396786e-02
2.012563140369491924e-02
1.946075151987457577e-02
1.885591410107569088e-02
1.824068146742212695e-02
1.771533946843443716e-02
1.739008716340065958e-02
1.739008716340065958e-02
1.718730307016513512e-02
1.708777954345731820e-02
1.708017107675841376e-02
1.716814746181846707e-02
1.712788335197786699e-02
1.727234122432493371e-02
1.750207582625208647e-02
1.769209213871934111e-02
1.777289498977321219e-02
1.791799642826107791e-02
1.791799642826107791e-02
1.800257118495079273e-02
1.802983002392908457e-02
1.799471731365906782e-02
1.790587025358882783e-02
1.793314971398329155e-02
1.808032844342863724e-02
1.836458299203938896e-02
1.859346670116493114e-02
1.873408845839143189e-02
1.894815549072936811e-02
1.894815549072936811e-02
1.915094177079498805e-02
1.946319716232221969e-02
1.954802699463722634e-02
1.975192018137054278e-02
1.997868475895200197e-02
2.016118182037529918e-02
2.019399339624564776e-02
2.010266277977872801e-02
1.995733331290939702e-02
1.915435387360537797e-02
1.915435387360537797e-02
1.850017896278839322e-02
1.779721178750489144e-02
1.737248554338063217e-02
1.711162257231363046e-02
1.691717633301128079e-02
1.684795167384698505e-02
1.683023696099437971e-02
1.683845623030658101e-02
1.679812349447399808e-02
1.681713402862102663e-02
1.681713402862102663e-02
1.702923265870414857e-02
1.725663868327903527e-02
1.762436911656814487e-02
1.798128491757120320e-02
1.839263384196305334e-02
1.851026998863660594e-02
1.846924538517985895e-02
1.849313080161558639e-02
1.834348781517374655e-02
1.801718021379451751e-02
1.801718021379451751e-02
1.752764220954250787e-02
1.716615482215942678e-02
1.674933148187406420e-02
1.648488757633427906e-02
1.603030485295033752e-02
1.567848208795215303e-02
1.521518423869801760e-02
1.495341903539116994e-02
1.492925344929389025e-02
1.513166805151489221e-02
1.513166805151489221e-02
1.524417321729146582e-02
1.532614359147504469e-02
1.531351660230833266e-02
1.522265039552574833e-02
1.504054075957102221e-02
1.490058580447416355e-02
1.481379441113100937e-02
1.457788110416730412e-02
1.425940298340429464e-02
1.405041457631748050e-02
1.405041457631748050e-02
1.386861062060807878e-02
1.372006198806009422e-02
1.374742449533840338e-02
1.375184811266104250e-02
1.367756454191422499e-02
1.357319029118901274e-02
1.336415508048731902e-02
1.317622283034588192e-02
1.316159783787510668e-02
1.330580479682377457e-02
1.330580479682377457e-02
1.331738290784435959e-02
1.306054998130170772e-02
1.239274259501138738e-02
1.176064938907042320e-02
1.120186711059461236e-02
1.088452734356268846e-02
1.084702489657945502e-02
1.093679797979620755e-02
1.110522601925261962e-02
1.117741992922914596e-02
1.117741992922914596e-02
1.118447289764672690e-02
1.118948959381337385e-02
1.125253646802461260e-02
1.136802853417624888e-02
1.138399159160669721e-02
1.140003009518869050e-02
1.130374959243166631e-02
1.121131653273172747e-02
1.129190530887762105e-02
1.152314599407645510e-02
1.152314599407645510e-02
1.185839060631909900e-02
1.233272694391192824e-02
1.296000460959960930e-02
1.351702551230665912e-02
1.400436395324989799e-02
1.453069425175550038e-02
1.491767919162785561e-02
1.503490327629378349e-02
1.489742108533469687e-02
1.469466287599314851e-02
1.469466287599314851e-02
1.451425509942661993e-02
1.435714800633017783e-02
1.431206353727238270e-02
1.433114797377662598e-02
1.434454695752040466e-02
1.457888129058798089e-02
1.476923567610045722e-02
1.506239484793155808e-02
1.527362013008162073e-02
1.554263275577523126e-02
1.554263275577523126e-02
1.568675152022798447e-02
1.569804593074653268e-02
1.564456290359702781e-02
1.556881666888490501e-02
1.538892635299539749e-02
1.506105234922708487e-02
1.478398114660901992e-02
1.470912125236311166e-02
1.469335452526177380e-02
1.474541560901700132e-02
1.474541560901700132e-02
1.486033524249885836e-02
1.496516195015191140e-02
1.502856220951806140e-02
1.489224272333916806e-02
1.476238178208217310e-02
1.469084828054791590e-02
1.487886538797652917e-02
1.506083250754610033e-02
1.523399602551251883e-02
1.529493044612905903e-02
1.529493044612905903e-02
1.533937026448749415e-02
1.533160005710039291e-02
1.523216142966897155e-02
1.516608309151761674e-02
1.509829437943578483e-02
1.505438145567012179e-02
1.508897442034614136e-02
1.510398841837509894e-02
1.510604293153614344e-02
1.499327571984435808e-02
1.499327571984435808e-02
1.485001374437812556e-02
1.477535083035204887e-02
1.467460640293013867e-02
1.450664980536321529e-02
1.442058971377993028e-02
1.455152080396929226e-02
1.481218462245202129e-02
1.493301909044781814e-02
1.505672178240297782e-02
1.512861956644257454e-02
1.512861956644257454e-02
1.523618023483240720e-02
1.541862263765615866e-02
1.551294087087295125e-02
1.559087890070331821e-02
1.566467651609460693e-02
1.577937029767945490e-02
1.584435595845705771e-02
1.579532771563850815e-02
1.579450720055464857e-02
1.584006686495430943e-02
1.584006686495430943e-02
1.589559028522970208e-02
1.600501460932989700e-02
1.600525494319124734e-02
1.620535180913899170e-02
1.643004359193518671e-02
1.659638382803586831e-02
1.657351055282925423e-02
1.640539105113851884e-02
1.624263759258793779e-02
1.612775379644896742e-02
1.612775379644896742e-02
1.594333499895488407e-02
1.592097401689852518e-02
1.588087435601447453e-02
1.589293633478647272e-02
1.584270670642043757e-02
1.572712956744314744e-02
1.556856719369644967e-02
1.550138499843476368e-02
1.548807202888098644e-02
1.547831437987439406e-02
1.547831437987439406e-02
1.544416449793100700e-02
1.533427250872896469e-02
1.524600191729652728e-02
1.510150133376286785e-02
1.495768492220713418e-02
1.475706791657943086e-02
1.461592040291710519e-02
1.454529766708451827e-02
1.458900164128499287e-02
1.483437997689778659e-02
1.483437997689778659e-02
1.507005899716431715e-02
1.525042855025429862e-02
1.542287694567447826e-02
1.552520371272238416e-02
1.552900443198266395e-02
1.532687715543127466e-02
1.511252592485979804e-02
1.481406454800746758e-02
1.452755097323395368e-02
1.432157334133918151e-02
1.432157334133918151e-02
1.423882760913757969e-02
1.428675989610601708e-02
1.444500600488207373e-02
1.459211553057058325e-02
1.473437177475505656e-02
1.483058594527830384e-02
1.488223784634096734e-02
1.484307688081864737e-02
1.483751266110045972e-02
1.477265933259705281e-02
1.477265933259705281e-02
1.474329634526444152e-02
1.466975942225313273e-02
1.454159949784316827e-02
1.437543784421410099e-02
1.422479898894365297e-02
1.417075628254891272e-02
1.411749742892933444e-02
1.413148269206753425e-02
1.422007514759531313e-02
1.431539083222257286e-02
1.431539083222257286e-02
1.441855995486022307e-02
1.439499152151250440e-02
1.421861246085597517e-02
1.405409992002496465e-02
1.388509119222957298e-02
1.373025386795118964e-02
1.349876331773819729e-02
1.318521359603935621e-02
1.295398578072280184e-02
1.274567294072714504e-02
1.274567294072714504e-02
1.266975054111319117e-02
1.273403636172502906e-02
1.278733451631882539e-02
1.281883699421514089e-02
1.284010433670502126e-02
1.298447385623125415e-02
1.313104759909560458e-02
1.330130883281992367e-02
1.329969937270601872e-02
1.320168599436111027e-02
1.320168599436111027e-02
1.297223560937752623e-02
1.274787124510873629e-02
1.261324061486154488e-02
1.257204321766271921e-02
1.262332028713425772e-02
1.273615839759182668e-02
1.292375865012292124e-02
1.315693323182983224e-02
1.339260370046592083e-02
1.353662289065224976e-02
1.353662289065224976e-02
1.356212826715494715e-02
1.352469282519200115e-02
1.359429412179759787e-02
1.364965958405671767e-02
1.374235074179541889e-02
1.382460044045784146e-02
1.388452219894496971e-02
1.380799305718312560e-02
1.376673950990340949e-02
1.370264052203552449e-02
1.370264052203552449e-02
1.379422558067904848e-02
1.391442427092400361e-02
1.402040626213556067e-02
1.407022027281186645e-02
1.410186140978833373e-02
1.405656654887765117e-02
1.406589180875310145e-02
1.394967755226774256e-02
1.381914397025752438e-02
1.368652808937495871e-02
1.368652808937495871e-02
1.343499431887665296e-02
1.322282305456925697e-02
1.319803506569899691e-02
1.307708455105533081e-02
1.306697772451312356e-02
1.299161952353124205e-02
1.291871220606009320e-02
1.280714142736035822e-02
1.270966254451510319e-02
1.254690700954105842e-02
1.254690700954105842e-02
1.239006271693543146e-02
1.220509485691986633e-02
1.209263454561197715e-02
1.197069718254294493e-02
1.186310219707069520e-02
1.183892099654748273e-02
1.182002437757268855e-02
1.184629159431091656e-02
1.187206802560611049e-02
1.188550477551966050e-02
1.188550477551966050e-02
1.176133732616336212e-02
1.156792765299369599e-02
1.144862976818401996e-02
1.123915060703118383e-02
1.110193191429438564e-02
1.102109155163807225e-02
1.090155563944745186e-02
1.073219592353764386e-02
1.063169348059358511e-02
1.056033004852219293e-02
1.056033004852219293e-02
1.054780756535570602e-02
1.047107021117670185e-02
1.031285715418731215e-02
1.009369682954792437e-02
1.024971276013641325e-02
1.041992711233062814e-02
1.040472304926451375e-02
1.040562304727453424e-02
1.050420997762284078e-02
1.056161788492905249e-02
1.056161788492905249e-02
1.061208725666841837e-02
1.064287715505651474e-02
1.072918225521856186e-02
1.088198401709674148e-02
1.107896214069997720e-02
1.122219054409727759e-02
1.137148431363952175e-02
1.149053678032202833e-02
1.170070680628529022e-02
1.178612420563381405e-02
1.178612420563381405e-02
1.189235683459047982e-02
1.193982515342789999e-02
1.201610184179248940e-02
1.205637542438298127e-02
1.208931266654945588e-02
1.212332554238939285e-02
1.211511868437177911e-02
1.199505119808938654e-02
1.192827068040427929e-02
1.188924132219399028e-02
1.188924132219399028e-02
1.183511172154082941e-02
1.170615101047637815e-02
1.160910385969631670e-02
1.145588093357475211e-02
1.137889983430456255e-02
1.137691952970138788e-02
1.139017011970967254e-02
1.140524723616484666e-02
1.140116968008652969e-02
1.136195984628360009e-02
1.136195984628360009e-02
1.133478515819802933e-02
1.113810463150357623e-02
1.098568228614944103e-02
1.088338519681333362e-02
1.087955159110355619e-02
1.106748892706115907e-02
1.126724225928462698e-02
1.140910254861963319e-02
1.143484178232326981e-02
1.137280476579595814e-02
1.137280476579595814e-02
1.131833923141827188e-02
1.120268664286494173e-02
1.103468985348448825e-02
1.100683768732435563e-02
1.093386972856039835e-02
1.085417295872015062e-02
1.081047191769421607e-02
1.072822412657447808e-02
1.072743753142296579e-02
1.070778120202478187e-02
1.070778120202478187e-02
1.066375505528113776e-02
1.059437557429732633e-02
1.053952884409023460e-02
1.047619790845716325e-02
1.046788977217753651e-02
1.049039530161281590e-02
1.061747156037672751e-02
1.065910727627478009e-02
1.065666184912262768e-02
1.061765397770183389e-02
1.061765397770183389e-02
1.043333039148281599e-02
1.033148113410937464e-02
1.025266127229487734e-02
1.023894822280036442e-02
1.027008682610633904e-02
1.032960734969954643e-02
1.042771104820832719e-02
1.041263872049230828e-02
1.019913122564027746e-02
1.001035213262677775e-02
1.001035213262677775e-02
9.837083051625380992e-03
9.654802220149466888e-03
9.690441426534896971e-03
9.691656710413431089e-03
9.648431204577829351e-03
9.639481705636261319e-03
9.600642510320372275e-03
9.516320924794378217e-03
9.536632459976235668e-03
9.514168153784741816e-03
9.514168153784741816e-03
9.536248108828835474e-03
9.469463144742744712e-03
9.351572010903105511e-03
9.263988972642214076e-03
9.238278598312180123e-03
9.145570214302258666e-03
8.994803655932482808e-03
8.894721991476317244e-03
8.803985873168780618e-03
8.703929179490553503e-03
8.703929179490553503e-03
8.565998659913125896e-03
8.428287301301431306e-03
8.329087928650866918e-03
8.309757409456877339e-03
8.329664125075686432e-03
8.360533233674236064e-03
8.365625337729104896e-03
8.346425102565823220e-03
8.264181782724408509e-03
8.085650420348967221e-03
8.085650420348967221e-03
7.843604002901181579e-03
7.540484452759268520e-03
7.412963521287379426e-03
7.296135627954698256e-03
7.279919720161076753e-03
7.313251650794865694e-03
7.400171379883850598e-03
7.461716029782804009e-03
7.519214652425305380e-03
7.576400818921079014e-03
7.576400818921079014e-03
7.573750019262869698e-03
7.498617355078758019e-03
7.474016287966697356e-03
7.400593273066955781e-03
7.321545065151668398e-03
7.244591258157845673e-03
7.163512625070612809e-03
7.152814054579302409e-03
7.093505587920472671e-03
7.083631692074219936e-03
7.083631692074219936e-03
7.013612278515176865e-03
6.935734527707549356e-03
6.876158866335481921e-03
6.893482480498485006e-03
6.922044395896749004e-03
6.831565274209796743e-03
6.690162616345279867e-03
6.618297791529247076e-03
6.544158674486343953e-03
6.493592577302498628e-03
6.493592577302498628e-03
6.500061691800398771e-03
6.527239549188850430e-03
6.624163301653773761e-03
6.709633295965368970e-03
6.809732556394338353e-03
6.858914716851595254e-03
6.799467719749054638e-03
6.681462492324786832e-03
6.573280027882806228e-03
6.436577649435066238e-03
6.436577649435066238e-03
6.369865481122730794e-03
6.342433447130832111e-03
6.270722440173362444e-03
6.231930268852619963e-03
6.194799029596491889e-03
6.097671955692788616e-03
5.967345735739876776e-03
5.833923360088386599e-03
5.668870696004336095e-03
5.497044319614139384e-03
5.497044319614139384e-03
5.435254776836884356e-03
5.339898930651762292e-03
5.321673000193102333e-03
5.359744111120672179e-03
5.481930950280658292e-03
5.610390761234856222e-03
5.726403405735472699e-03
5.777140233859185542e-03
5.789279388106998402e-03
5.776012651623235045e-03
5.776012651623235045e-03
5.738143378781499458e-03
5.684044078368887844e-03
5.711264873712105020e-03
5.745703286824808270e-03
5.869030981403370803e-03
6.009345436000682744e-03
6.505917045151360899e-03
7.182200852418085466e-03
7.735855455870888596e-03
8.182617547639445613e-03
8.182617547639445613e-03
8.683026357830194233e-03
9.086465150102746371e-03
9.446627534068821261e-03
9.742123741210348409e-03
9.854596403469792487e-03
1.001460291614620322e-02
1.015105300765572864e-02
1.027834317195484674e-02
1.038103649627032318e-02
1.059002966935516064e-02
1.059002966935516064e-02
1.075437694115589406e-02
1.087353222461404610e-02
1.093461526091701191e-02
1.088639903766147610e-02
1.086042483848866959e-02
1.088067932008535306e-02
1.093618147758759762e-02
1.098414983709494232e-02
1.096805487471830612e-02
1.085330209204565452e-02
1.085330209204565452e-02
1.083913904855285035e-02
1.070919735557496200e-02
1.063709201407318089e-02
1.055090441366873973e-02
1.039317176843399144e-02
1.021994005460311397e-02
9.980968193760738141e-03
9.758098242829547908e-03
9.600341027337639180e-03
9.504432637949526697e-03
9.504432637949526697e-03
9.500177016922330131e-03
9.584948315470397454e-03
9.771701719985200624e-03
9.971361667119456665e-03
1.015147089731960849e-02
1.030463379818797806e-02
1.034370424898598158e-02
1.028492868102812326e-02
1.016205387531051579e-02
9.966626288564844893e-03
9.966626288564844893e-03
9.807088681835850197e-03
9.657998622074847467e-03
9.529141275367402145e-03
9.449850868418782288e-03
9.420976970559711769e-03
9.452890644795515843e-03
9.531520763827860260e-03
9.537220096885014667e-03
9.489481801345223816e-03
9.438645666489437272e-03
