3.090136988833687426e-02
3.222165138859084399e-02
3.237322483479049967e-02
3.251922000502341370e-02
3.279712421905878889e-02
3.291130585763376443e-02
3.274016790561500023e-02
3.261643057917238547e-02
3.257743075954857431e-02
3.263048802383539809e-02
3.265679928270224380e-02
3.265679928270224380e-02
3.272535822396695909e-02
3.271951942595012486e-02
3.274540369609134360e-02
3.273416856138445380e-02
3.274463898510798082e-02
3.273377322273710033e-02
3.256484274881137064e-02
3.242753803936302553e-02
3.228121741491450647e-02
3.195063083734669268e-02
3.195063083734669268e-02
3.153712746250623283e-02
3.128762129922051799e-02
3.103593735794478795e-02
3.079639398881677329e-02
3.053338865764921445e-02
3.031337910322286916e-02
3.010732096217359766e-02
2.984329259618382149e-02
2.963095680863944009e-02
2.945293678653631425e-02
2.945293678653631425e-02
2.929028774221636294e-02
2.901920151149684976e-02
2.872288368411887380e-02
2.845641440867647740e-02
2.836623406627774777e-02
2.806721860274710711e-02
2.780485311460350814e-02
2.757344429316822484e-02
2.747869998890378404e-02
2.735162495186698253e-02
2.735162495186698253e-02
2.723147800172002336e-02
2.722767512274890458e-02
2.716157105664532626e-02
2.707682551153688111e-02
2.701949123681912299e-02
2.690359885898092190e-02
2.681390962253764679e-02
2.680559505133520148e-02
2.684052419042455562e-02
2.685678293709128917e-02
2.685678293709128917e-02
2.684065155428110028e-02
2.692679459586672444e-02
2.693464386392972060e-02
2.685801208297090847e-02
2.677228561166207152e-02
2.657689563414767156e-02
2.646333104950773438e-02
2.638273345062529598e-02
2.625979364846786623e-02
2.606795344448136278e-02
2.606795344448136278e-02
2.590022419257382788e-02
2.579363746100294882e-02
2.589125869550183701e-02
2.597499581630261997e-02
2.603296721687685389e-02
2.593699890421871310e-02
2.587564980542319398e-02
2.589712940768555682e-02
2.587944425831786160e-02
2.599211015714241249e-02
2.599211015714241249e-02
2.588178034591863061e-02
2.580797600280563056e-02
2.562846385232371918e-02
2.519374185333064786e-02
2.458820946925286549e-02
2.402746131109950722e-02
2.356208030343720158e-02
2.328343889170926204e-02
2.306358098805392012e-02
2.276361316187958117e-02
2.276361316187958117e-02
2.239178137701863455e-02
2.209823204707292085e-02
2.182275678269720437e-02
2.158352784190786799e-02
2.138889195885085998e-02
2.110750983859226507e-02
2.079937001272620656e-02
2.034464769505458723e-02
1.996926173051298894e-02
1.970921657096235888e-02
1.970921657096235888e-02
1.940817942021468012e-02
1.920142921863398494e-02
1.893715194457612494e-02
1.855433226218886067e-02
1.809836263475586918e-02
1.765197591408884312e-02
1.724713877175169940e-02
1.678332018613642312e-02
1.629155127073361395e-02
1.577278256608877563e-02
1.577278256608877563e-02
1.514161197472441329e-02
1.441836339373788259e-02
1.365707468436624071e-02
1.291833935890406536e-02
1.220717439198334628e-02
1.151340068016420623e-02
1.151340068016420623e-02
1.064996576284459560e-02
9.856341977517144720e-03
9.224541168295213867e-03
9.224541168295213867e-03
8.686469482673738265e-03
8.184789409424199011e-03
7.419160904518836731e-03
6.650676090647466426e-03
5.797562294065227058e-03
5.169219533885055159e-03
4.513983137803225486e-03
4.142983388941489514e-03
4.142983388941489514e-03
4.014268336796846144e-03
4.014268336796846144e-03
4.130056472296445014e-03
4.218469756479502168e-03
4.324643495182681728e-03
4.389369636514856184e-03
4.237725783712140669e-03
3.984560540155448853e-03
3.630861192295321577e-03
3.338114582307429804e-03
3.272024932367561308e-03
3.374723520437867327e-03
3.374723520437867327e-03
3.581043157900007639e-03
3.766513261727101776e-03
3.943798749343412069e-03
3.967475105717706979e-03
4.027243832988721198e-03
4.086443195230624569e-03
4.024376540289781312e-03
4.025473507034714460e-03
3.870503068737187347e-03
3.553334545068631729e-03
3.553334545068631729e-03
3.258700662363292911e-03
3.045803344624439368e-03
2.878901639220629669e-03
2.695900189509315131e-03
2.466863878355820931e-03
2.277225898820889587e-03
2.048591587562769486e-03
1.948886523484789956e-03
2.024659296279877202e-03
2.126471893505111916e-03
2.126471893505111916e-03
2.356513217193324274e-03
2.714148870422906489e-03
3.207886058308879063e-03
3.616997515183296898e-03
3.952607779117586762e-03
4.068916252566663443e-03
4.121758731115487268e-03
4.153263523788867234e-03
4.096823794681218704e-03
4.116085422490203642e-03
4.116085422490203642e-03
4.103230452889948011e-03
4.057091287964137427e-03
4.072158500806275991e-03
4.158778249329872848e-03
4.374929290039276074e-03
4.585214834191779672e-03
4.774842874795608844e-03
4.980589416770229982e-03
5.052611981179577078e-03
5.130912809535324685e-03
5.130912809535324685e-03
5.128541498840667040e-03
5.072613151175350138e-03
5.076971201449068799e-03
5.029204935353892222e-03
4.974310299245658651e-03
4.995312898282150936e-03
5.042150095504164056e-03
5.058801277839653117e-03
5.172905154972936605e-03
5.295065197857832390e-03
5.295065197857832390e-03
5.446117464452207915e-03
5.591042514608771455e-03
5.638731466580206887e-03
5.497351039670602020e-03
5.284882478581638156e-03
4.964074592032063742e-03
4.702418381875073973e-03
4.532576206599356512e-03
4.390443173992587649e-03
4.260833175335199813e-03
4.260833175335199813e-03
4.157792591996656122e-03
4.084912935756822294e-03
4.135785672445877956e-03
4.158564047038768724e-03
4.169738234993565495e-03
4.179947415102770562e-03
4.183511159545459310e-03
4.315461123741009229e-03
4.147951442893140113e-03
3.909657815490326718e-03
3.909657815490326718e-03
3.520967672096564013e-03
3.273295199187221689e-03
3.141110126050803818e-03
3.988277492183508501e-03
4.909911146426566494e-03
5.849232057124100805e-03
6.701645760344808814e-03
7.438018045110082570e-03
7.986044684827135406e-03
8.416312806385051193e-03
8.416312806385051193e-03
8.745513031554567884e-03
9.061794540633681672e-03
9.344015183210350323e-03
9.579826184181419735e-03
9.743565648776550750e-03
9.837390336769540750e-03
9.913125902703340958e-03
1.000300966473853526e-02
1.011140335075561524e-02
1.015739367979246778e-02
1.015739367979246778e-02
1.018456535037877767e-02
1.021132427880196668e-02
1.026590153474894740e-02
1.028174024066324729e-02
1.031178326826316140e-02
1.025392581124781599e-02
1.019106185533781399e-02
1.015787643655343374e-02
1.016512758989475233e-02
1.016702076602502350e-02
1.016702076602502350e-02
1.020074664634667595e-02
1.027472104108221804e-02
1.036566880757839454e-02
1.043969119646897398e-02
1.051419564200433386e-02
1.060544839850332231e-02
1.021796557680267580e-02
9.920518557844860280e-03
9.637817108873566324e-03
9.401052550562026544e-03
9.401052550562026544e-03
9.253645995016032688e-03
9.138297420037435476e-03
9.178017702032446185e-03
9.242182614444151637e-03
9.431803835216969259e-03
9.508037554098082086e-03
9.501050756654609228e-03
9.517925667859469113e-03
9.330240515303286214e-03
9.061443876726383087e-03
9.061443876726383087e-03
8.799117688823902828e-03
8.547804283705343065e-03
8.176964088809008865e-03
7.816695851573698950e-03
7.410144396011233807e-03
6.974775506396697911e-03
6.554018596010854382e-03
6.231790418871726439e-03
5.955933262524133569e-03
5.758834658722259033e-03
5.758834658722259033e-03
5.795921131223901422e-03
5.952773649179429576e-03
6.062258793100130765e-03
6.134760084709836754e-03
6.118562931291576107e-03
6.039462284209133440e-03
5.973886351221817555e-03
5.813766695748076065e-03
5.620805492363759558e-03
5.425276708224003458e-03
5.425276708224003458e-03
5.331518282420185696e-03
5.343176876283769333e-03
5.462138092011977093e-03
5.604016271549996757e-03
5.765294390411681950e-03
5.900939934980623316e-03
5.985743923233639678e-03
5.936386446469139530e-03
5.802446220861129898e-03
5.641931099256567578e-03
5.641931099256567578e-03
5.461453307493913806e-03
5.320397596322294642e-03
5.302976547074540227e-03
5.556925693609164781e-03
5.994961545315348472e-03
6.418818578287763775e-03
6.813369823925748484e-03
7.157947860739839220e-03
7.516728518773709185e-03
7.811308542945922043e-03
7.811308542945922043e-03
8.005745129756854442e-03
8.121936758839131895e-03
8.176750388963770905e-03
8.169089947875055394e-03
8.100710201860717927e-03
8.043259609830240645e-03
8.013130600694156128e-03
7.993966303792884864e-03
8.019780824212322315e-03
7.981176384986023511e-03
7.981176384986023511e-03
7.946686961791245285e-03
8.039065544838127492e-03
7.965920355919177409e-03
7.883407587822521823e-03
7.827386253837357796e-03
7.700499894652171329e-03
7.615152273134904483e-03
7.622839816815382870e-03
7.644202085986442907e-03
7.620345146135589463e-03
7.620345146135589463e-03
7.603551392029333535e-03
7.585219582870525099e-03
7.509062922796851461e-03
7.445065398302355350e-03
7.324272675663688788e-03
7.131335085830694046e-03
6.783721159643681456e-03
6.539123416579093254e-03
6.560910673937476664e-03
6.548572581515432929e-03
6.548572581515432929e-03
6.534964526757398862e-03
6.462100423399242018e-03
6.375721643032962807e-03
6.260833688120420390e-03
6.254772019933127654e-03
6.277399317035702725e-03
6.351027447049195813e-03
6.504205561512925449e-03
6.607181131142872768e-03
6.659022794942601881e-03
6.659022794942601881e-03
6.588143269641109218e-03
6.389245836375558214e-03
6.102150185816603185e-03
5.835176647396663266e-03
5.553712029123758671e-03
5.309089340430933786e-03
5.199405998665254484e-03
5.260827135236850402e-03
5.305584887091496088e-03
5.455464974577163041e-03
5.455464974577163041e-03
5.668537295003805640e-03
5.926872913643218069e-03
5.966107511474802623e-03
5.960287476403237049e-03
5.915535531991868504e-03
5.941923178089239532e-03
5.910649433276013616e-03
5.816422691541698817e-03
5.793513405842266178e-03
5.934315903883533028e-03
5.934315903883533028e-03
5.987471095080959885e-03
5.978970852616335291e-03
6.001771484428845491e-03
5.948936686959355874e-03
5.843831605590364166e-03
5.731324373508806663e-03
5.637352340101822561e-03
5.605876426737073717e-03
5.641463087243931036e-03
5.828389050294811510e-03
5.828389050294811510e-03
6.059648577006113840e-03
6.238481033173677061e-03
6.375651080998971827e-03
6.370654416736017123e-03
6.315716473696535854e-03
6.309905457119093647e-03
6.325753552685981981e-03
6.294635551888217231e-03
6.253970214664267453e-03
6.264421459010127702e-03
6.264421459010127702e-03
6.253410321869014125e-03
6.284568057732690949e-03
6.388962705946458175e-03
6.440906559980235507e-03
6.522419710429635045e-03
6.319422876137941597e-03
6.047966255379727020e-03
5.826534481543982173e-03
5.589259186314298258e-03
5.342433090470429490e-03
5.342433090470429490e-03
5.057453715125766712e-03
4.809942105950511596e-03
4.659102037402141315e-03
4.474198496366075389e-03
4.118214764617766054e-03
3.783762270075090740e-03
3.545605778154856808e-03
3.453327901991754250e-03
3.495693945439065815e-03
3.646687973472892159e-03
3.646687973472892159e-03
3.825431323879580504e-03
3.874632059625019147e-03
4.057208586034422894e-03
4.117911792536052551e-03
3.983478303721275059e-03
3.772044794921746488e-03
3.432293871932024301e-03
3.116923127295090877e-03
2.912148576080373762e-03
2.803560230675786712e-03
2.803560230675786712e-03
2.642286665505319890e-03
2.522223667578833012e-03
2.479076462300175334e-03
2.480851122945632904e-03
2.488802840147825469e-03
2.487807344989485196e-03
2.443661575514443143e-03
2.303823433316678528e-03
2.303823433316678528e-03
2.303823433316678528e-03
2.303823433316678528e-03
2.146398955281164818e-03
1.965360920199259002e-03
1.820086954985186689e-03
1.736933992067876166e-03
1.722949280657930368e-03
1.809037796476356541e-03
2.070465200924127662e-03
2.297534312240913194e-03
2.474833441293272391e-03
2.653225888273881474e-03
2.653225888273881474e-03
2.809045178009694256e-03
3.124860995452748147e-03
3.326719936801345815e-03
3.468107108000098235e-03
3.573657275993125538e-03
3.486229896317461201e-03
3.271754745330403714e-03
3.095533590194094256e-03
2.979062660472850226e-03
2.836233911207221292e-03
2.836233911207221292e-03
2.611440237022457679e-03
2.351731438420893907e-03
2.203354193566743613e-03
2.215612929040014674e-03
2.253484128472401163e-03
2.143179094254699362e-03
2.300264070271317192e-03
2.455920991132367042e-03
2.599649919363764689e-03
2.705645610126972828e-03
2.705645610126972828e-03
2.667611492800566267e-03
2.547042829538255591e-03
2.558960814363775513e-03
2.608608381126825953e-03
2.719340369303885428e-03
2.785175833954933299e-03
2.994769267757580854e-03
3.319298914007351182e-03
3.630805631234092310e-03
3.810052975201911381e-03
3.810052975201911381e-03
3.982031863140654895e-03
4.262994173365533719e-03
4.582226518306490616e-03
4.826140394051091700e-03
5.028252873384325347e-03
4.852575088770954594e-03
4.784533970966418047e-03
4.606816250041155872e-03
4.648815486096531668e-03
4.567223586347178739e-03
4.567223586347178739e-03
4.471763573230938538e-03
4.347904902685244787e-03
4.236353578516387566e-03
4.152176245822923259e-03
4.004878472581497283e-03
3.921795970874348419e-03
3.891444498293862748e-03
3.920989120134187912e-03
4.093744817162870211e-03
4.222181113975876678e-03
4.222181113975876678e-03
4.322168230821793466e-03
4.385632650060170175e-03
4.413498838336755124e-03
4.190144302542575874e-03
3.899152722084147597e-03
3.684966535164991772e-03
3.512624946742660178e-03
3.425002399329175971e-03
3.324500396275339564e-03
3.276609869436545967e-03
3.276609869436545967e-03
3.079248734085037690e-03
2.883497351523391181e-03
2.956478522026862940e-03
3.185318604865391631e-03
3.396773583562277560e-03
3.625874304205992712e-03
3.935866401770821144e-03
3.955652233052994911e-03
3.828330320240207196e-03
3.463410916954447801e-03
3.463410916954447801e-03
3.200627741945591496e-03
2.918027780017645213e-03
2.557149014294690745e-03
2.286237096837733570e-03
2.019649869509543890e-03
2.083153557318088728e-03
2.247457995571156344e-03
2.501267674584476547e-03
2.732999139477344016e-03
2.912501708086190876e-03
2.912501708086190876e-03
2.952754160867700813e-03
2.956614391897309079e-03
3.043242158592952828e-03
2.930688156567676228e-03
2.726296183271916754e-03
2.548850511551088455e-03
2.152571590506695449e-03
1.876010887946034413e-03
1.701302490166355878e-03
1.511548335146083340e-03
1.511548335146083340e-03
1.353119071448208094e-03
1.371365653770655708e-03
1.487604217264569626e-03
1.597738200834837932e-03
1.683596601840513501e-03
1.623186426490933702e-03
1.434149852253663922e-03
1.231604011292076074e-03
1.016404478661449501e-03
9.016052272095253757e-04
