4.074633494019508362e-02
4.074633494019508362e-02
4.076234623789787292e-02
4.129233583807945251e-02
4.120374470949172974e-02
4.128054901957511902e-02
4.168516397476196289e-02
4.222391173243522644e-02
4.275995120406150818e-02
4.346608743071556091e-02
4.433998465538024902e-02
4.501860961318016052e-02
4.501860961318016052e-02
4.574589431285858154e-02
4.644889384508132935e-02
4.668636992573738098e-02
4.686231166124343872e-02
4.730958864092826843e-02
4.777796939015388489e-02
4.813811555504798889e-02
4.859497770667076111e-02
4.914954677224159241e-02
4.957267269492149353e-02
4.957267269492149353e-02
4.996244981884956360e-02
5.035045742988586426e-02
5.087839439511299133e-02
5.135819688439369202e-02
5.173892527818679810e-02
5.191920325160026550e-02
5.218097195029258728e-02
5.242220684885978699e-02
5.285007134079933167e-02
5.314463749527931213e-02
5.314463749527931213e-02
5.343008041381835938e-02
5.371097102761268616e-02
5.403930693864822388e-02
5.438540875911712646e-02
5.469486117362976074e-02
5.483952164649963379e-02
5.498704314231872559e-02
5.500287562608718872e-02
5.515125021338462830e-02
5.561591312289237976e-02
5.561591312289237976e-02
5.604204535484313965e-02
5.688776075839996338e-02
5.758171156048774719e-02
5.823839083313941956e-02
5.898278579115867615e-02
5.968027561902999878e-02
6.032314896583557129e-02
6.095555052161216736e-02
6.157602742314338684e-02
6.220154836773872375e-02
6.220154836773872375e-02
6.289736181497573853e-02
6.347639858722686768e-02
6.395009905099868774e-02
6.446843594312667847e-02
6.474935263395309448e-02
6.471600383520126343e-02
6.477324664592742920e-02
6.479281187057495117e-02
6.474345177412033081e-02
6.470558792352676392e-02
6.470558792352676392e-02
6.461520493030548096e-02
6.451625376939773560e-02
6.435312330722808838e-02
6.396254897117614746e-02
6.359013170003890991e-02
6.307084858417510986e-02
6.248811632394790649e-02
6.180499121546745300e-02
6.109971180558204651e-02
6.027622148394584656e-02
6.027622148394584656e-02
5.936200916767120361e-02
5.834137648344039917e-02
5.723727121949195862e-02
5.618115514516830444e-02
5.518626794219017029e-02
5.433367565274238586e-02
5.357096344232559204e-02
5.278422310948371887e-02
5.216253176331520081e-02
5.164719000458717346e-02
5.164719000458717346e-02
5.134662240743637085e-02
5.116161704063415527e-02
5.112892761826515198e-02
5.142590776085853577e-02
5.167127400636672974e-02
5.193158239126205444e-02
5.195591598749160767e-02
5.225148051977157593e-02
5.247211083769798279e-02
5.262821540236473083e-02
5.262821540236473083e-02
5.259137600660324097e-02
5.249671638011932373e-02
5.234215781092643738e-02
5.232185125350952148e-02
5.227442085742950439e-02
5.222442746162414551e-02
5.207444354891777039e-02
5.201891437172889709e-02
5.207369849085807800e-02
5.199695378541946411e-02
5.199695378541946411e-02
5.193528160452842712e-02
5.199734866619110107e-02
5.186203867197036743e-02
5.173519253730773926e-02
5.145392194390296936e-02
5.118625238537788391e-02
5.107478052377700806e-02
5.093330144882202148e-02
5.086972191929817200e-02
5.082279816269874573e-02
5.082279816269874573e-02
5.073462054133415222e-02
5.064510181546211243e-02
5.052542313933372498e-02
5.045940354466438293e-02
5.028563365340232849e-02
5.018735304474830627e-02
5.006285384297370911e-02
4.983223974704742432e-02
4.956578835844993591e-02
4.936994984745979309e-02
4.936994984745979309e-02
4.930816218256950378e-02
4.913563653826713562e-02
4.900742694735527039e-02
4.873987659811973572e-02
4.851444065570831299e-02
4.851444065570831299e-02
4.851444065570831299e-02
4.816578328609466553e-02
4.796851798892021179e-02
4.794015735387802124e-02
4.794015735387802124e-02
4.787800088524818420e-02
4.776891320943832397e-02
4.754206165671348572e-02
4.739874228835105896e-02
4.720131307840347290e-02
4.608100280165672302e-02
4.494688287377357483e-02
4.387766122817993164e-02
4.279476776719093323e-02
4.170839861035346985e-02
4.170839861035346985e-02
4.075583443045616150e-02
3.994125500321388245e-02
3.914758190512657166e-02
3.850901499390602112e-02
3.801217302680015564e-02
3.761174902319908142e-02
3.725208714604377747e-02
3.697930276393890381e-02
3.669169917702674866e-02
3.648334369063377380e-02
3.648334369063377380e-02
3.631580248475074768e-02
3.609658777713775635e-02
3.588819131255149841e-02
3.569438681006431580e-02
3.548607602715492249e-02
3.545700758695602417e-02
3.545700758695602417e-02
3.545700758695602417e-02
3.537641093134880066e-02
3.529505059123039246e-02
3.529505059123039246e-02
3.524465486407279968e-02
3.528552129864692688e-02
3.548576682806015015e-02
3.565691038966178894e-02
3.567128628492355347e-02
3.569575399160385132e-02
3.565360233187675476e-02
3.570283204317092896e-02
3.578910604119300842e-02
3.577309101819992065e-02
3.577309101819992065e-02
3.564153611660003662e-02
3.544369712471961975e-02
3.523588180541992188e-02
3.496970981359481812e-02
3.475677594542503357e-02
3.454042971134185791e-02
3.433596342802047729e-02
3.414040058851242065e-02
3.400699794292449951e-02
3.388445824384689331e-02
3.388445824384689331e-02
3.387144953012466431e-02
3.397477418184280396e-02
3.406981006264686584e-02
3.425349295139312744e-02
3.438207134604454041e-02
3.440383076667785645e-02
3.438479080796241760e-02
3.373604640364646912e-02
3.305361792445182800e-02
3.305361792445182800e-02
3.305361792445182800e-02
3.246428817510604858e-02
3.201007097959518433e-02
3.152022510766983032e-02
3.152022510766983032e-02
3.105211630463600159e-02
3.056324273347854614e-02
3.016105666756629944e-02
2.978768944740295410e-02
2.944847010076045990e-02
2.918599359691143036e-02
2.918599359691143036e-02
2.901768684387207031e-02
2.904893271625041962e-02
2.914880588650703430e-02
2.934863790869712830e-02
2.952334098517894745e-02
2.952334098517894745e-02
2.966403402388095856e-02
2.981927245855331421e-02
3.002478182315826416e-02
3.019648231565952301e-02
3.019648231565952301e-02
3.027887828648090363e-02
3.029436990618705750e-02
3.032298944890499115e-02
3.038827516138553619e-02
3.040196560323238373e-02
3.053771331906318665e-02
3.069762699306011200e-02
3.081353381276130676e-02
3.091330081224441528e-02
3.097604028880596161e-02
3.097604028880596161e-02
3.106576949357986450e-02
3.111123107373714447e-02
3.117045387625694275e-02
3.119086660444736481e-02
3.119833953678607941e-02
3.125435858964920044e-02
3.124599717557430267e-02
3.119383752346038818e-02
3.106847591698169708e-02
3.080599941313266754e-02
3.080599941313266754e-02
3.060279600322246552e-02
3.040033020079135895e-02
3.019018098711967468e-02
3.008307144045829773e-02
3.004766255617141724e-02
3.004766255617141724e-02
3.007341176271438599e-02
3.021709248423576355e-02
3.027825243771076202e-02
3.040882386267185211e-02
3.040882386267185211e-02
3.045677952468395233e-02
3.045289777219295502e-02
3.026273846626281738e-02
3.002716787159442902e-02
2.967981621623039246e-02
2.925672568380832672e-02
2.883757650852203369e-02
2.844043634831905365e-02
2.796554006636142731e-02
2.743398956954479218e-02
2.743398956954479218e-02
2.699185349047183990e-02
2.653929404914379120e-02
2.604388073086738586e-02
2.553032338619232178e-02
2.505648508667945862e-02
2.466189488768577576e-02
2.435709349811077118e-02
2.435709349811077118e-02
2.414688281714916229e-02
2.390823699533939362e-02
2.390823699533939362e-02
2.359203621745109558e-02
2.313545159995555878e-02
2.260212600231170654e-02
2.201732993125915527e-02
2.147930674254894257e-02
2.094778977334499359e-02
2.052912488579750061e-02
2.023337222635746002e-02
1.997227035462856293e-02
1.948230899870395660e-02
1.948230899870395660e-02
1.894396170973777771e-02
1.841365545988082886e-02
1.778032071888446808e-02
1.714708469808101654e-02
1.651846244931221008e-02
1.585428416728973389e-02
1.526859030127525330e-02
1.480196695774793625e-02
1.439429540187120438e-02
1.407580450177192688e-02
1.407580450177192688e-02
1.371432561427354813e-02
1.337669882923364639e-02
1.292577199637889862e-02
1.239760313183069229e-02
1.184647902846336365e-02
1.118851266801357269e-02
1.050140801817178726e-02
9.891522116959095001e-03
9.500931017100811005e-03
9.078923612833023071e-03
9.078923612833023071e-03
9.078923612833023071e-03
9.078923612833023071e-03
8.728601969778537750e-03
8.528112433850765228e-03
8.338288404047489166e-03
8.338288404047489166e-03
8.338288404047489166e-03
8.137273602187633514e-03
7.766745053231716156e-03
7.534996606409549713e-03
7.534996606409549713e-03
7.251730654388666153e-03
6.926456000655889511e-03
6.926456000655889511e-03
6.926456000655889511e-03
6.926456000655889511e-03
6.695158779621124268e-03
6.642077118158340454e-03
6.762048229575157166e-03
7.057051640003919601e-03
7.305549457669258118e-03
7.305549457669258118e-03
7.586389780044555664e-03
8.025207556784152985e-03
8.267174474895000458e-03
8.470390923321247101e-03
8.580843918025493622e-03
8.659525774419307709e-03
8.533855900168418884e-03
8.055184967815876007e-03
7.719253189861774445e-03
7.430978585034608841e-03
7.430978585034608841e-03
7.349069695919752121e-03
7.730368990451097488e-03
8.254755288362503052e-03
8.728643879294395447e-03
9.049106389284133911e-03
9.174302220344543457e-03
9.239509701728820801e-03
9.239509701728820801e-03
9.239509701728820801e-03
9.307961910963058472e-03
9.307961910963058472e-03
9.335073642432689667e-03
9.446320123970508575e-03
9.440155699849128723e-03
9.633359499275684357e-03
9.916866198182106018e-03
1.019618101418018341e-02
1.043828390538692474e-02
1.069436687976121902e-02
1.093416009098291397e-02
1.117995847016572952e-02
1.117995847016572952e-02
1.168805919587612152e-02
1.213558297604322433e-02
1.252649445086717606e-02
1.293546147644519806e-02
1.326162088662385941e-02
1.349830813705921173e-02
1.366590429097414017e-02
1.378020457923412323e-02
1.378367934376001358e-02
1.363846100866794586e-02
1.363846100866794586e-02
1.336312759667634964e-02
1.291150413453578949e-02
1.243358757346868515e-02
1.220690831542015076e-02
1.210375595837831497e-02
1.216079294681549072e-02
1.225797645747661591e-02
1.224220730364322662e-02
1.215942203998565674e-02
1.228712778538465500e-02
1.228712778538465500e-02
1.239025034010410309e-02
1.241860352456569672e-02
1.224008947610855103e-02
1.224008947610855103e-02
1.204465609043836594e-02
1.186110079288482666e-02
1.162071153521537781e-02
1.140290591865777969e-02
1.114450115710496902e-02
1.090630143880844116e-02
1.090630143880844116e-02
1.061917282640933990e-02
1.030770689249038696e-02
9.949251078069210052e-03
9.595248848199844360e-03
9.354631416499614716e-03
9.283802472054958344e-03
9.235366247594356537e-03
9.275115095078945160e-03
9.398608468472957611e-03
9.416772052645683289e-03
9.416772052645683289e-03
9.467743337154388428e-03
9.565399959683418274e-03
9.647251106798648834e-03
9.763921611011028290e-03
9.771558456122875214e-03
9.771558456122875214e-03
9.688874706625938416e-03
9.576121345162391663e-03
9.385075420141220093e-03
9.170730598270893097e-03
9.170730598270893097e-03
8.953840471804141998e-03
8.734292350709438324e-03
8.877218700945377350e-03
8.917431347072124481e-03
8.904643356800079346e-03
8.783834986388683319e-03
8.617107756435871124e-03
8.444998413324356079e-03
8.388462476432323456e-03
8.466632105410099030e-03
8.466632105410099030e-03
8.666571229696273804e-03
8.887557312846183777e-03
9.055901318788528442e-03
9.055901318788528442e-03
9.055901318788528442e-03
9.071299806237220764e-03
9.058095514774322510e-03
8.920976892113685608e-03
8.863179944455623627e-03
8.943635970354080200e-03
8.943635970354080200e-03
9.200211614370346069e-03
9.614146314561367035e-03
1.008087862282991409e-02
1.050830073654651642e-02
1.098574139177799225e-02
1.127727050334215164e-02
1.144315861165523529e-02
1.158757787197828293e-02
1.165260747075080872e-02
1.172309182584285736e-02
1.172309182584285736e-02
1.179260388016700745e-02
1.195051893591880798e-02
1.211527455598115921e-02
1.235864963382482529e-02
1.275232434272766113e-02
1.322540733963251114e-02
1.360197830945253372e-02
1.382013875991106033e-02
1.393231563270092010e-02
1.392742898315191269e-02
1.392742898315191269e-02
1.374328043311834335e-02
1.359667349606752396e-02
1.428849715739488602e-02
1.492672413587570190e-02
1.548821385949850082e-02
1.598523557186126709e-02
1.636738516390323639e-02
1.665446907281875610e-02
1.689020358026027679e-02
1.707973890006542206e-02
1.707973890006542206e-02
1.727162487804889679e-02
1.738856546580791473e-02
1.745362952351570129e-02
1.748374104499816895e-02
1.744842715561389923e-02
1.739118061959743500e-02
1.730269007384777069e-02
1.721999049186706543e-02
1.705017499625682831e-02
1.688438467681407928e-02
1.688438467681407928e-02
1.673485338687896729e-02
1.644861698150634766e-02
1.626658998429775238e-02
1.610605791211128235e-02
1.591899991035461426e-02
1.582166925072669983e-02
1.565841771662235260e-02
1.540463883429765701e-02
1.501747965812683105e-02
1.467462629079818726e-02
1.467462629079818726e-02
1.444364339113235474e-02
1.429985929280519485e-02
1.419222913682460785e-02
1.413778588175773621e-02
1.410524826496839523e-02
1.404755283147096634e-02
1.390485279262065887e-02
1.370685081928968430e-02
1.354159787297248840e-02
1.342589594423770905e-02
1.342589594423770905e-02
1.338930241763591766e-02
1.340860128402709961e-02
1.329844817519187927e-02
1.318801008164882660e-02
1.302451640367507935e-02
1.289307326078414917e-02
1.272625103592872620e-02
1.253332104533910751e-02
1.240478269755840302e-02
1.221403852105140686e-02
1.221403852105140686e-02
1.207842957228422165e-02
1.194874104112386703e-02
1.186379883438348770e-02
1.178121846169233322e-02
1.159890834242105484e-02
1.139978691935539246e-02
1.126504689455032349e-02
1.111684367060661316e-02
1.103129424154758453e-02
1.095908042043447495e-02
1.095908042043447495e-02
1.095147803425788879e-02
1.101562194526195526e-02
1.111833564937114716e-02
1.115008722990751266e-02
1.115895528346300125e-02
1.118411030620336533e-02
1.121477503329515457e-02
1.121083088219165802e-02
1.120042055845260620e-02
1.116529759019613266e-02
1.116529759019613266e-02
1.120205316692590714e-02
1.122633274644613266e-02
1.124672498553991318e-02
1.118970103561878204e-02
1.109585724771022797e-02
1.102540269494056702e-02
1.089304313063621521e-02
1.087530422955751419e-02
1.090841088443994522e-02
1.099430210888385773e-02
1.099430210888385773e-02
1.112399436533451080e-02
1.125204470008611679e-02
1.136229746043682098e-02
1.133322715759277344e-02
1.116039417684078217e-02
1.092517469078302383e-02
1.067334506660699844e-02
1.046897098422050476e-02
1.045040134340524673e-02
1.042313035577535629e-02
1.042313035577535629e-02
1.030170451849699020e-02
1.016851142048835754e-02
9.971434250473976135e-03
9.621089324355125427e-03
9.241736494004726410e-03
8.857460692524909973e-03
8.514110930263996124e-03
8.261771872639656067e-03
8.110751397907733917e-03
8.190500549972057343e-03
8.190500549972057343e-03
8.284619078040122986e-03
8.392250165343284607e-03
8.549035526812076569e-03
8.605381473898887634e-03
8.708019740879535675e-03
8.823009207844734192e-03
8.865573443472385406e-03
8.846270851790904999e-03
8.856713771820068359e-03
8.904489688575267792e-03
8.904489688575267792e-03
8.924362249672412872e-03
8.983823470771312714e-03
9.081249125301837921e-03
9.108680300414562225e-03
9.033950977027416229e-03
8.921802975237369537e-03
8.731325156986713409e-03
8.548012934625148773e-03
8.367002010345458984e-03
8.112820796668529510e-03
8.112820796668529510e-03
7.998716086149215698e-03
7.943872362375259399e-03
7.916225120425224304e-03
7.868175394833087921e-03
7.787418086081743240e-03
7.703250739723443985e-03
7.613941561430692673e-03
7.511246483772993088e-03
7.422527298331260681e-03
7.362316362559795380e-03
7.362316362559795380e-03
7.352837827056646347e-03
7.538207340985536575e-03
7.797202095389366150e-03
8.005258627235889435e-03
8.199534378945827484e-03
8.278862573206424713e-03
8.273047395050525665e-03
8.171587251126766205e-03
8.086863905191421509e-03
7.898363284766674042e-03
7.898363284766674042e-03
7.610285654664039612e-03
7.365816738456487656e-03
7.113586179912090302e-03
6.831339094787836075e-03
6.562473718076944351e-03
6.311668083071708679e-03
6.166431121528148651e-03
6.104239262640476227e-03
6.152489688247442245e-03
6.703476421535015106e-03
6.703476421535015106e-03
7.185927126556634903e-03
7.657474838197231293e-03
8.017566986382007599e-03
8.177597075700759888e-03
8.206475526094436646e-03
8.158493787050247192e-03
7.980640046298503876e-03
7.768157869577407837e-03
7.639436982572078705e-03
7.594931405037641525e-03
7.594931405037641525e-03
7.620939519256353378e-03
7.738615851849317551e-03
7.942957803606987000e-03
8.301596157252788544e-03
8.620478212833404541e-03
8.801402524113655090e-03
8.930455893278121948e-03
8.966378867626190186e-03
9.170141071081161499e-03
9.297797456383705139e-03
9.297797456383705139e-03
9.548312053084373474e-03
9.867180138826370239e-03
1.026860997080802917e-02
1.070230454206466675e-02
1.101031433790922165e-02
1.101031433790922165e-02
1.171632297337055206e-02
1.214263681322336197e-02
1.232416741549968719e-02
1.238212548196315765e-02
1.238212548196315765e-02
1.223397534340620041e-02
1.195720676332712173e-02
1.159069221466779709e-02
1.126115024089813232e-02
1.101969834417104721e-02
1.103014219552278519e-02
1.121919229626655579e-02
1.151536218822002411e-02
1.191009115427732468e-02
1.231756620109081268e-02
1.231756620109081268e-02
1.279359962791204453e-02
1.331312395632266998e-02
1.384904980659484863e-02
1.417309511452913284e-02
1.439982187002897263e-02
1.443071942776441574e-02
1.434183493256568909e-02
1.421108189970254898e-02
1.391898654401302338e-02
1.354658696800470352e-02
