1.494381856173276901e-02
1.494381856173276901e-02
1.416821125894784927e-02
1.484431512653827667e-02
1.541326846927404404e-02
1.605928130447864532e-02
1.711341924965381622e-02
1.814884692430496216e-02
1.871399767696857452e-02
1.901759766042232513e-02
1.890285499393939972e-02
1.870154775679111481e-02
1.870154775679111481e-02
1.850541681051254272e-02
1.843489892780780792e-02
1.843603514134883881e-02
1.861956529319286346e-02
1.883048191666603088e-02
1.914515718817710876e-02
1.947941258549690247e-02
1.981389336287975311e-02
2.011513896286487579e-02
2.031201310455799103e-02
2.031201310455799103e-02
2.052514255046844482e-02
2.076169103384017944e-02
2.093533799052238464e-02
2.117329649627208710e-02
2.131573110818862915e-02
2.141625620424747467e-02
2.138600125908851624e-02
2.138526923954486847e-02
2.129624970257282257e-02
2.113963291049003601e-02
2.113963291049003601e-02
2.096134610474109650e-02
2.077616006135940552e-02
2.071035839617252350e-02
2.078834176063537598e-02
2.105084061622619629e-02
2.129888348281383514e-02
2.149544656276702881e-02
2.158253826200962067e-02
2.140078693628311157e-02
2.101222611963748932e-02
2.101222611963748932e-02
2.057991363108158112e-02
2.014713361859321594e-02
1.978092081844806671e-02
1.950142160058021545e-02
1.927311159670352936e-02
1.896352134644985199e-02
1.868897862732410431e-02
1.847683452069759369e-02
1.830416172742843628e-02
1.823122985661029816e-02
1.823122985661029816e-02
1.818640902638435364e-02
1.808754540979862213e-02
1.800400763750076294e-02
1.789619773626327515e-02
1.772761531174182892e-02
1.736403070390224457e-02
1.683158241212368011e-02
1.639314368367195129e-02
1.613377593457698822e-02
1.596280559897422791e-02
1.596280559897422791e-02
1.590277440845966339e-02
1.595563441514968872e-02
1.608734391629695892e-02
1.622492074966430664e-02
1.639668270945549011e-02
1.658161729574203491e-02
1.675302349030971527e-02
1.694214344024658203e-02
1.705303229391574860e-02
1.692518778145313263e-02
1.692518778145313263e-02
1.666628010571002960e-02
1.706037297844886780e-02
1.738100498914718628e-02
1.756665296852588654e-02
1.762605085968971252e-02
1.763771846890449524e-02
1.756512746214866638e-02
1.735153980553150177e-02
1.704917661845684052e-02
1.673248410224914551e-02
1.673248410224914551e-02
1.645526476204395294e-02
1.616222225129604340e-02
1.587216183543205261e-02
1.559779420495033264e-02
1.531681232154369354e-02
1.499283034354448318e-02
1.464991830289363861e-02
1.432207413017749786e-02
1.398234535008668900e-02
1.365914568305015564e-02
1.365914568305015564e-02
1.339621096849441528e-02
1.324118580669164658e-02
1.314248610287904739e-02
1.301198732107877731e-02
1.277440879493951797e-02
1.253798976540565491e-02
1.242071948945522308e-02
1.238204725086688995e-02
1.236020959913730621e-02
1.236066967248916626e-02
1.236066967248916626e-02
1.246905513107776642e-02
1.255082990974187851e-02
1.259868126362562180e-02
1.273103523999452591e-02
1.286226697266101837e-02
1.307031791657209396e-02
1.329286210238933563e-02
1.354815531522035599e-02
1.378233078867197037e-02
1.397692319005727768e-02
1.397692319005727768e-02
1.411054749041795731e-02
1.416603196412324905e-02
1.405858993530273438e-02
1.385291106998920441e-02
1.362647581845521927e-02
1.331329531967639923e-02
1.304375194013118744e-02
1.283640600740909576e-02
1.270214375108480453e-02
1.267946884036064148e-02
1.267946884036064148e-02
1.268390845507383347e-02
1.266290433704853058e-02
1.256216596812009811e-02
1.228879857808351517e-02
1.194932684302330017e-02
1.150464452803134918e-02
1.097254082560539246e-02
1.045939791947603226e-02
1.003539375960826874e-02
9.704939089715480804e-03
9.704939089715480804e-03
9.404417127370834351e-03
9.158166125416755676e-03
8.951055817306041718e-03
8.690571412444114685e-03
8.611337281763553619e-03
8.660729974508285522e-03
8.843001909554004669e-03
9.087561629712581635e-03
9.317426010966300964e-03
9.516043588519096375e-03
9.516043588519096375e-03
9.943829849362373352e-03
1.025470905005931854e-02
1.049047894775867462e-02
1.064544916152954102e-02
1.073658186942338943e-02
1.082813832908868790e-02
1.095272786915302277e-02
1.101734302937984467e-02
1.104359049350023270e-02
1.107145007699728012e-02
1.107145007699728012e-02
1.123863086104393005e-02
1.154218893498182297e-02
1.192787941545248032e-02
1.238092221319675446e-02
1.283821091055870056e-02
1.326656620949506760e-02
1.368003524839878082e-02
1.403202395886182785e-02
1.426834054291248322e-02
1.436595246195793152e-02
1.436595246195793152e-02
1.456018816679716110e-02
1.479956507682800293e-02
1.513759419322013855e-02
1.543197035789489746e-02
1.573817059397697449e-02
1.599704101681709290e-02
1.619126461446285248e-02
1.634051650762557983e-02
1.635828055441379547e-02
1.626871712505817413e-02
1.626871712505817413e-02
1.601615920662879944e-02
1.569147221744060516e-02
1.525899395346641541e-02
1.477379351854324341e-02
1.422545127570629120e-02
1.362809352576732635e-02
1.297090016305446625e-02
1.234204415231943130e-02
1.178902387619018555e-02
1.136404089629650116e-02
1.136404089629650116e-02
1.094526145607233047e-02
1.095811929553747177e-02
1.088275108486413956e-02
1.081907190382480621e-02
1.078267116099596024e-02
1.082035154104232788e-02
1.091529522091150284e-02
1.111590769141912460e-02
1.137941237539052963e-02
1.163015607744455338e-02
1.163015607744455338e-02
1.184272952377796173e-02
1.205947063863277435e-02
1.242251507937908173e-02
1.282797288149595261e-02
1.328873913735151291e-02
1.371873822063207626e-02
1.412439811974763870e-02
1.439596433192491531e-02
1.444667950272560120e-02
1.428916770964860916e-02
1.428916770964860916e-02
1.415498089045286179e-02
1.411514263600111008e-02
1.411790307611227036e-02
1.409859769046306610e-02
1.408339198678731918e-02
1.400055456906557083e-02
1.387653592973947525e-02
1.377125456929206848e-02
1.370518654584884644e-02
1.362487860023975372e-02
1.362487860023975372e-02
1.370406337082386017e-02
1.400712039321660995e-02
1.424551382660865784e-02
1.447201240807771683e-02
1.457346044480800629e-02
1.462919265031814575e-02
1.462842244654893875e-02
1.462263800203800201e-02
1.463340688496828079e-02
1.456423290073871613e-02
1.456423290073871613e-02
1.438599172979593277e-02
1.412327215075492859e-02
1.380624715238809586e-02
1.342674996703863144e-02
1.305164117366075516e-02
1.278902124613523483e-02
1.268523093312978745e-02
1.271004416048526764e-02
1.292793825268745422e-02
1.320361718535423279e-02
1.320361718535423279e-02
1.354120112955570221e-02
1.403284166008234024e-02
1.469382550567388535e-02
1.546180155128240585e-02
1.620277762413024902e-02
1.716162636876106262e-02
1.821469329297542572e-02
1.901147887110710144e-02
1.949374936521053314e-02
1.971337012946605682e-02
1.971337012946605682e-02
1.983650214970111847e-02
1.995497569441795349e-02
2.019945904612541199e-02
2.052544802427291870e-02
2.083563059568405151e-02
2.120896801352500916e-02
2.164155803620815277e-02
2.218777127563953400e-02
2.272641845047473907e-02
2.315668761730194092e-02
