3.934648206037966861e-02
3.812684667600024085e-02
3.743856127225868302e-02
3.692841694231864536e-02
3.667399765948462648e-02
3.642554724769193897e-02
3.620178070408291982e-02
3.586983557522618882e-02
3.545815378458346684e-02
3.514209168387511656e-02
3.481238295147105755e-02
3.462941829318510328e-02
3.447626785183156850e-02
3.410694601752019273e-02
3.361588513868527667e-02
3.323050018711212056e-02
3.277909216710710866e-02
3.237396642351939718e-02
3.198545582412710975e-02
3.180189076012496924e-02
3.157631286577596008e-02
3.147857727090890706e-02
3.149671358405393279e-02
3.161594010853716746e-02
3.149999467981717816e-02
3.138246373835035935e-02
3.122323083778387465e-02
3.129534578217648549e-02
3.137834137919695565e-02
3.138024641587806862e-02
3.137533331269343195e-02
