3.692374378442764282e-02
3.618389368057250977e-02
3.572984784841537476e-02
3.608579933643341064e-02
3.622809797525405884e-02
3.645221889019012451e-02
3.648114949464797974e-02
3.639454394578933716e-02
3.654977679252624512e-02
3.683662787079811096e-02
3.692304715514183044e-02
3.692304715514183044e-02
3.695537894964218140e-02
3.708196431398391724e-02
3.666388243436813354e-02
3.620908409357070923e-02
3.568039834499359131e-02
3.521087020635604858e-02
3.466698899865150452e-02
3.405993804335594177e-02
3.368475288152694702e-02
3.320100903511047363e-02
3.320100903511047363e-02
3.280605748295783997e-02
3.238105773925781250e-02
3.209115937352180481e-02
3.169685602188110352e-02
3.128409758210182190e-02
3.095239959657192230e-02
3.071818687021732330e-02
3.054597415030002594e-02
3.030845709145069122e-02
3.009276092052459717e-02
3.009276092052459717e-02
2.992084063589572906e-02
2.988640405237674713e-02
2.991990372538566589e-02
2.985029295086860657e-02
2.986996620893478394e-02
2.995595335960388184e-02
3.008910641074180603e-02
3.003975935280323029e-02
2.987074479460716248e-02
2.963104285299777985e-02
2.963104285299777985e-02
2.936718054115772247e-02
2.913966216146945953e-02
2.883038483560085297e-02
2.870110608637332916e-02
2.836763486266136169e-02
2.806506492197513580e-02
2.773110009729862213e-02
2.740162052214145660e-02
2.722339890897274017e-02
2.704903483390808105e-02
2.704903483390808105e-02
2.706501074135303497e-02
2.720920369029045105e-02
2.718969807028770447e-02
2.724903635680675507e-02
2.716919966042041779e-02
2.735302038490772247e-02
2.741567045450210571e-02
2.753106877207756042e-02
2.759325318038463593e-02
2.762266807258129120e-02
2.762266807258129120e-02
2.752950601279735565e-02
2.742126397788524628e-02
2.720472402870655060e-02
2.684463188052177429e-02
2.667085453867912292e-02
2.661460638046264648e-02
2.649555914103984833e-02
2.615237608551979065e-02
2.575927786529064178e-02
2.537115104496479034e-02
2.537115104496479034e-02
2.498949319124221802e-02
2.465668693184852600e-02
2.434435486793518066e-02
2.425575070083141327e-02
2.418985776603221893e-02
2.412769384682178497e-02
2.412469871342182159e-02
2.420604974031448364e-02
2.425835095345973969e-02
2.439080551266670227e-02
2.439080551266670227e-02
2.441655471920967102e-02
2.450744621455669403e-02
2.462227828800678253e-02
2.481662668287754059e-02
2.509040385484695435e-02
2.512454055249691010e-02
2.503043599426746368e-02
2.494050376117229462e-02
2.491311542689800262e-02
2.488021180033683777e-02
2.488021180033683777e-02
2.474183961749076843e-02
2.457202784717082977e-02
2.449300885200500488e-02
2.426217123866081238e-02
2.427927777171134949e-02
2.429443225264549255e-02
2.447767928242683411e-02
2.478242665529251099e-02
2.524751052260398865e-02
2.567091211676597595e-02
2.567091211676597595e-02
2.607143670320510864e-02
2.644853293895721436e-02
2.683845162391662598e-02
2.718007378280162811e-02
2.720353379845619202e-02
2.719736099243164062e-02
2.695436775684356689e-02
2.663182467222213745e-02
2.627282403409481049e-02
2.581232972443103790e-02
2.581232972443103790e-02
2.545669302344322205e-02
2.513548545539379120e-02
2.497289888560771942e-02
2.475222945213317871e-02
2.462694421410560608e-02
2.448648400604724884e-02
2.450905367732048035e-02
2.455253899097442627e-02
2.448857203125953674e-02
2.423796616494655609e-02
2.423796616494655609e-02
2.401589415967464447e-02
2.368327789008617401e-02
2.316530235111713409e-02
2.267541922628879547e-02
2.207689918577671051e-02
2.151134423911571503e-02
2.095455490052700043e-02
2.044968493282794952e-02
1.998566463589668274e-02
1.964901201426982880e-02
1.964901201426982880e-02
1.941466704010963440e-02
1.915804482996463776e-02
1.878530159592628479e-02
1.825157925486564636e-02
1.752938888967037201e-02
1.677996478974819183e-02
1.599127799272537231e-02
1.504951622337102890e-02
1.408797129988670349e-02
1.309347897768020630e-02
1.309347897768020630e-02
1.228644791990518570e-02
1.166470069438219070e-02
1.118551474064588547e-02
1.098473556339740753e-02
1.107605919241905212e-02
1.118295080959796906e-02
1.105831190943717957e-02
1.096102595329284668e-02
1.085101813077926636e-02
1.063141785562038422e-02
1.063141785562038422e-02
1.029043551534414291e-02
9.964681230485439301e-03
9.618046693503856659e-03
9.352573193609714508e-03
9.092016145586967468e-03
8.982882834970951080e-03
8.846715092658996582e-03
8.756757713854312897e-03
8.370247669517993927e-03
7.914924994111061096e-03
7.914924994111061096e-03
7.517079357057809830e-03
7.087902165949344635e-03
6.619563791900873184e-03
6.115077994763851166e-03
5.597935523837804794e-03
5.248720292001962662e-03
4.973590839654207230e-03
4.760664887726306915e-03
4.582086578011512756e-03
4.439310636371374130e-03
4.439310636371374130e-03
4.347452428191900253e-03
4.293315578252077103e-03
4.201405216008424759e-03
3.941091708838939667e-03
3.554087132215499878e-03
3.332349937409162521e-03
3.267471678555011749e-03
3.171963151544332504e-03
3.151008859276771545e-03
3.128933720290660858e-03
3.128933720290660858e-03
3.333794418722391129e-03
3.590578678995370865e-03
3.913340624421834946e-03
4.151004366576671600e-03
4.224560689181089401e-03
4.236411303281784058e-03
4.141194280236959457e-03
3.919932991266250610e-03
3.763157408684492111e-03
3.671749727800488472e-03
3.671749727800488472e-03
3.606520127505064011e-03
3.600344294682145119e-03
3.690653247758746147e-03
3.940576687455177307e-03
4.129691049456596375e-03
4.076126962900161743e-03
4.102014936506748199e-03
4.282609559595584869e-03
4.468019120395183563e-03
4.617517348378896713e-03
4.617517348378896713e-03
4.712101072072982788e-03
4.805633798241615295e-03
5.183282773941755295e-03
5.598564166575670242e-03
5.896072369068861008e-03
5.895315669476985931e-03
5.672052502632141113e-03
5.220070481300354004e-03
4.710474517196416855e-03
4.237242508679628372e-03
4.237242508679628372e-03
3.987713716924190521e-03
3.918375819921493530e-03
4.177063703536987305e-03
4.427155014127492905e-03
4.689582157880067825e-03
4.783728625625371933e-03
4.713460337370634079e-03
4.526461008936166763e-03
4.087418783456087112e-03
3.699030028656125069e-03
3.699030028656125069e-03
3.325059078633785248e-03
3.041796153411269188e-03
2.857718849554657936e-03
2.868140349164605141e-03
3.081979462876915932e-03
3.360423725098371506e-03
3.614652901887893677e-03
3.693594131618738174e-03
3.644914133474230766e-03
3.416740568354725838e-03
3.416740568354725838e-03
3.189542330801486969e-03
2.912912983447313309e-03
2.746198792010545731e-03
2.780131530016660690e-03
2.824586117640137672e-03
3.010904882103204727e-03
3.097113920375704765e-03
3.452613251283764839e-03
3.845934988930821419e-03
4.255562089383602142e-03
4.255562089383602142e-03
4.473701585084199905e-03
4.473701585084199905e-03
4.473701585084199905e-03
4.473701585084199905e-03
4.473701585084199905e-03
4.473701585084199905e-03
4.619015380740165710e-03
4.660524893552064896e-03
4.612220451235771179e-03
4.515334032475948334e-03
4.515334032475948334e-03
4.498706664890050888e-03
4.475475754588842392e-03
4.578481893986463547e-03
4.609738942235708237e-03
4.767609760165214539e-03
4.816449247300624847e-03
4.766323138028383255e-03
4.652016796171665192e-03
4.550697281956672668e-03
4.500763490796089172e-03
4.500763490796089172e-03
4.460603464394807816e-03
4.476413130760192871e-03
4.539656452834606171e-03
4.588849376887083054e-03
4.567451309412717819e-03
4.595110658556222916e-03
4.859573207795619965e-03
4.905141890048980713e-03
4.748348146677017212e-03
4.534421022981405258e-03
4.534421022981405258e-03
4.301768261939287186e-03
4.219229798763990402e-03
4.301099106669425964e-03
4.669456742703914642e-03
5.151342600584030151e-03
5.592161323875188828e-03
5.934374406933784485e-03
6.198238115757703781e-03
6.157845258712768555e-03
5.944485310465097427e-03
5.944485310465097427e-03
5.740589927881956100e-03
5.406592506915330887e-03
5.170007701963186264e-03
5.112907849252223969e-03
5.312541499733924866e-03
5.765908397734165192e-03
6.826282013207674026e-03
7.816197350621223450e-03
8.573619648814201355e-03
8.997960947453975677e-03
8.997960947453975677e-03
9.217360056936740875e-03
9.116685949265956879e-03
8.905201219022274017e-03
8.512082509696483612e-03
8.109017275273799896e-03
7.838507182896137238e-03
7.830874063074588776e-03
7.871549576520919800e-03
8.041550405323505402e-03
8.280250243842601776e-03
8.280250243842601776e-03
8.408672176301479340e-03
8.368609473109245300e-03
8.161067031323909760e-03
7.829790003597736359e-03
7.313217967748641968e-03
6.673466879874467850e-03
6.099188700318336487e-03
5.569048225879669189e-03
5.208176095038652420e-03
5.075651686638593674e-03
5.075651686638593674e-03
5.159134510904550552e-03
5.563369952142238617e-03
6.188172847032546997e-03
6.802610587328672409e-03
7.221017032861709595e-03
7.446454372256994247e-03
7.619270589202642441e-03
7.775098085403442383e-03
7.845413871109485626e-03
7.815557532012462616e-03
7.815557532012462616e-03
7.748869247734546661e-03
7.603161968290805817e-03
7.363101933151483536e-03
7.391658145934343338e-03
7.525802124291658401e-03
7.734021171927452087e-03
7.889876142144203186e-03
7.940826937556266785e-03
7.862689904868602753e-03
7.725214585661888123e-03
7.725214585661888123e-03
7.618631236255168915e-03
7.575466763228178024e-03
7.530509959906339645e-03
7.454143837094306946e-03
7.455879356712102890e-03
7.462263572961091995e-03
7.494885940104722977e-03
7.518976926803588867e-03
7.504959125071763992e-03
7.415501866489648819e-03
7.415501866489648819e-03
7.276211399585008621e-03
7.185940165072679520e-03
7.021754048764705658e-03
6.882647983729839325e-03
6.715213414281606674e-03
6.580822169780731201e-03
6.458464078605175018e-03
6.468873005360364914e-03
6.596125196665525436e-03
6.734495051205158234e-03
6.734495051205158234e-03
6.803882773965597153e-03
6.905551068484783173e-03
7.107095327228307724e-03
7.241569925099611282e-03
7.279689423739910126e-03
7.254007272422313690e-03
7.125515490770339966e-03
6.937260739505290985e-03
6.661658175289630890e-03
6.422340869903564453e-03
6.422340869903564453e-03
6.389596499502658844e-03
6.471766158938407898e-03
6.638700608164072037e-03
6.880719214677810669e-03
7.128584664314985275e-03
7.209646981209516525e-03
7.082416675984859467e-03
6.851096171885728836e-03
6.544960662722587585e-03
6.300990004092454910e-03
6.300990004092454910e-03
6.057707127183675766e-03
5.944411270320415497e-03
6.024567876011133194e-03
6.134084425866603851e-03
6.303068250417709351e-03
6.471005734056234360e-03
6.572989746928215027e-03
6.606403738260269165e-03
6.635537836700677872e-03
6.726214196532964706e-03
6.726214196532964706e-03
6.720062810927629471e-03
6.359694991260766983e-03
6.154279224574565887e-03
5.990854930132627487e-03
5.815838463604450226e-03
5.687174387276172638e-03
5.617029033601284027e-03
5.301705095916986465e-03
5.004151724278926849e-03
4.849488381296396255e-03
4.849488381296396255e-03
4.853224847465753555e-03
4.942080471664667130e-03
5.010940134525299072e-03
5.082047544419765472e-03
5.018352530896663666e-03
4.760032985359430313e-03
4.483337979763746262e-03
4.411126486957073212e-03
4.245850723236799240e-03
4.081389401108026505e-03
4.081389401108026505e-03
3.902402706444263458e-03
3.754231613129377365e-03
3.605601144954562187e-03
3.505610162392258644e-03
3.400420770049095154e-03
3.294485621154308319e-03
3.124462906271219254e-03
2.967752749100327492e-03
2.835576422512531281e-03
2.842328278347849846e-03
2.842328278347849846e-03
2.874810015782713890e-03
2.889997558668255806e-03
2.915411023423075676e-03
2.897929400205612183e-03
2.858512569218873978e-03
2.974456176161766052e-03
3.129407996311783791e-03
3.364595351740717888e-03
3.593229921534657478e-03
3.880327334627509117e-03
3.880327334627509117e-03
4.229262005537748337e-03
4.559790715575218201e-03
4.831596277654170990e-03
5.002210382372140884e-03
5.044631194323301315e-03
5.095697008073329926e-03
5.241876933723688126e-03
5.511363502591848373e-03
5.828788504004478455e-03
6.001313216984272003e-03
6.001313216984272003e-03
6.117361132055521011e-03
6.085341796278953552e-03
6.056971382349729538e-03
5.987730342894792557e-03
5.845888983458280563e-03
5.628773942589759827e-03
5.405928939580917358e-03
5.256489850580692291e-03
5.178613588213920593e-03
5.212542135268449783e-03
5.212542135268449783e-03
5.235287826508283615e-03
5.389146972447633743e-03
5.553499795496463776e-03
5.700979381799697876e-03
5.902954842895269394e-03
6.117573473602533340e-03
6.191364489495754242e-03
6.193037144839763641e-03
6.084274500608444214e-03
5.911237560212612152e-03
5.911237560212612152e-03
5.731430836021900177e-03
5.583812482655048370e-03
5.443758331239223480e-03
5.406488664448261261e-03
5.469085648655891418e-03
5.675534717738628387e-03
5.869436543434858322e-03
5.978683475404977798e-03
6.025203038007020950e-03
5.949793383479118347e-03
5.949793383479118347e-03
5.746820010244846344e-03
5.565020255744457245e-03
5.349429789930582047e-03
5.137111991643905640e-03
4.989575594663619995e-03
4.873923957347869873e-03
4.840945359319448471e-03
4.793358035385608673e-03
4.806415643543004990e-03
4.854311700910329819e-03
4.854311700910329819e-03
4.895586054772138596e-03
4.926936235278844833e-03
4.981083329766988754e-03
4.881677683442831039e-03
4.668938461691141129e-03
4.408258013427257538e-03
4.180805757641792297e-03
4.025870934128761292e-03
4.013836383819580078e-03
4.231248516589403152e-03
4.231248516589403152e-03
4.546530079096555710e-03
4.897477105259895325e-03
5.242716521024703979e-03
5.532975774258375168e-03
5.688205827027559280e-03
5.729137919843196869e-03
5.749500356614589691e-03
5.632197484374046326e-03
5.415971856564283371e-03
5.239048041403293610e-03
5.239048041403293610e-03
5.132721271365880966e-03
5.164601374417543411e-03
5.309598520398139954e-03
5.492488387972116470e-03
5.607378669083118439e-03
5.691714119166135788e-03
5.705841816961765289e-03
5.640797317028045654e-03
5.511352792382240295e-03
5.430823657661676407e-03
5.430823657661676407e-03
5.436779931187629700e-03
5.540253128856420517e-03
5.604502279311418533e-03
5.547329783439636230e-03
5.403273738920688629e-03
5.267454776912927628e-03
5.110941827297210693e-03
4.989770241081714630e-03
4.967672284692525864e-03
5.045085679739713669e-03
5.045085679739713669e-03
5.045085679739713669e-03
5.045085679739713669e-03
5.141029134392738342e-03
5.255874246358871460e-03
5.446048919111490250e-03
5.576737225055694580e-03
5.648902617394924164e-03
5.676611326634883881e-03
5.704771261662244797e-03
5.781613290309906006e-03
