4.726524278521537781e-02
4.628832638263702393e-02
4.607828706502914429e-02
4.571822285652160645e-02
4.538816586136817932e-02
4.554672166705131531e-02
4.581056162714958191e-02
4.579788073897361755e-02
4.571713507175445557e-02
4.576296731829643250e-02
4.567355662584304810e-02
4.567355662584304810e-02
4.553186148405075073e-02
4.542516544461250305e-02
4.569151997566223145e-02
4.571428522467613220e-02
4.580779373645782471e-02
4.596059024333953857e-02
4.614992067217826843e-02
4.631655663251876831e-02
4.653391987085342407e-02
4.673001170158386230e-02
4.673001170158386230e-02
4.685679823160171509e-02
4.706739261746406555e-02
4.737173393368721008e-02
4.762557893991470337e-02
4.787614196538925171e-02
4.811428859829902649e-02
4.849620163440704346e-02
4.878519847989082336e-02
4.933375492691993713e-02
4.966531321406364441e-02
4.966531321406364441e-02
5.020906776189804077e-02
5.065701156854629517e-02
5.094080045819282532e-02
5.115820467472076416e-02
5.128331482410430908e-02
5.136384069919586182e-02
5.141951888799667358e-02
5.149249732494354248e-02
5.146884173154830933e-02
5.152334645390510559e-02
5.152334645390510559e-02
5.147797241806983948e-02
5.132137611508369446e-02
5.115514248609542847e-02
5.098437145352363586e-02
5.085367709398269653e-02
5.061088874936103821e-02
5.036821588873863220e-02
5.014930665493011475e-02
5.003752186894416809e-02
4.997952654957771301e-02
4.997952654957771301e-02
4.984254390001296997e-02
4.971587285399436951e-02
4.952887818217277527e-02
4.935469850897789001e-02
4.925633594393730164e-02
4.919782280921936035e-02
4.907893016934394836e-02
4.906596988439559937e-02
4.902147874236106873e-02
4.900835826992988586e-02
4.900835826992988586e-02
4.890376701951026917e-02
4.881148785352706909e-02
4.875937849283218384e-02
4.874042049050331116e-02
4.865506663918495178e-02
4.858189448714256287e-02
4.847836121916770935e-02
4.830382019281387329e-02
4.807990416884422302e-02
4.786285385489463806e-02
4.786285385489463806e-02
4.778296872973442078e-02
4.760264232754707336e-02
4.728644341230392456e-02
4.708079621195793152e-02
4.689658805727958679e-02
4.675341024994850159e-02
4.664097353816032410e-02
4.666356369853019714e-02
4.663239419460296631e-02
4.656871780753135681e-02
4.656871780753135681e-02
4.647777974605560303e-02
4.638342186808586121e-02
4.638053849339485168e-02
4.628752544522285461e-02
4.613749310374259949e-02
4.601932317018508911e-02
4.590036720037460327e-02
4.584465175867080688e-02
4.585723206400871277e-02
4.586135596036911011e-02
4.586135596036911011e-02
4.583059251308441162e-02
4.576250910758972168e-02
4.572759568691253662e-02
4.572906717658042908e-02
4.573668539524078369e-02
4.572458192706108093e-02
4.565351828932762146e-02
4.558549448847770691e-02
4.553481936454772949e-02
4.545338824391365051e-02
4.545338824391365051e-02
4.547416418790817261e-02
4.544520378112792969e-02
4.536724835634231567e-02
4.521847888827323914e-02
4.518964141607284546e-02
4.511471837759017944e-02
4.511990025639533997e-02
4.515949264168739319e-02
4.512479901313781738e-02
4.515248537063598633e-02
4.515248537063598633e-02
4.526573419570922852e-02
4.539982974529266357e-02
4.551018774509429932e-02
4.566149786114692688e-02
4.590016230940818787e-02
4.607557132840156555e-02
4.645278304815292358e-02
4.689543321728706360e-02
4.734663292765617371e-02
4.784022644162178040e-02
4.784022644162178040e-02
4.827233776450157166e-02
4.860241711139678955e-02
4.877971857786178589e-02
4.891454055905342102e-02
4.903918132185935974e-02
4.908804967999458313e-02
4.913589730858802795e-02
4.921517521142959595e-02
4.926470667123794556e-02
4.925178736448287964e-02
4.925178736448287964e-02
4.915845021605491638e-02
4.902598261833190918e-02
4.889542609453201294e-02
4.874925315380096436e-02
4.863633587956428528e-02
4.851843044161796570e-02
4.840002954006195068e-02
4.837109521031379700e-02
4.831041023135185242e-02
4.825831949710845947e-02
4.825831949710845947e-02
4.827689751982688904e-02
4.831321910023689270e-02
4.838363453745841980e-02
4.841753840446472168e-02
4.836906120181083679e-02
4.830564931035041809e-02
4.829348996281623840e-02
4.825127869844436646e-02
4.828482493758201599e-02
4.837002232670783997e-02
4.837002232670783997e-02
4.845655709505081177e-02
4.847930744290351868e-02
4.838578402996063232e-02
4.839455336332321167e-02
4.846104606986045837e-02
4.851418733596801758e-02
4.861321672797203064e-02
4.863120615482330322e-02
4.869975522160530090e-02
4.867075011134147644e-02
4.867075011134147644e-02
4.868004843592643738e-02
4.861060902476310730e-02
4.844712838530540466e-02
4.831323772668838501e-02
4.817924648523330688e-02
4.799604415893554688e-02
4.778675734996795654e-02
4.772781953215599060e-02
4.754660651087760925e-02
4.736043140292167664e-02
4.736043140292167664e-02
4.719138517975807190e-02
4.674582183361053467e-02
4.622583463788032532e-02
4.585302993655204773e-02
4.549279808998107910e-02
4.508934915065765381e-02
4.471222311258316040e-02
4.438468441367149353e-02
4.406013712286949158e-02
4.383284598588943481e-02
4.383284598588943481e-02
4.372043535113334656e-02
4.367450624704360962e-02
4.368303716182708740e-02
4.378644004464149475e-02
4.397356882691383362e-02
4.414445161819458008e-02
4.442135989665985107e-02
4.487713798880577087e-02
4.527509957551956177e-02
4.559699073433876038e-02
4.559699073433876038e-02
4.581317678093910217e-02
4.608252644538879395e-02
4.615240544080734253e-02
4.627231135964393616e-02
4.632394388318061829e-02
4.644400626420974731e-02
4.664041474461555481e-02
4.689139500260353088e-02
4.700049012899398804e-02
4.689256846904754639e-02
4.689256846904754639e-02
4.685960710048675537e-02
4.681138694286346436e-02
4.675045236945152283e-02
4.670703038573265076e-02
4.654564335942268372e-02
4.637228325009346008e-02
4.617445543408393860e-02
4.599083214998245239e-02
4.578509554266929626e-02
4.559811949729919434e-02
4.559811949729919434e-02
4.538333415985107422e-02
4.522516578435897827e-02
4.514313116669654846e-02
4.506645724177360535e-02
4.507617279887199402e-02
4.504673555493354797e-02
4.494761303067207336e-02
4.486943036317825317e-02
4.481698200106620789e-02
4.490557685494422913e-02
4.490557685494422913e-02
4.484168812632560730e-02
4.486519843339920044e-02
4.491192474961280823e-02
4.491295292973518372e-02
4.499797895550727844e-02
4.509434476494789124e-02
4.510775581002235413e-02
4.514623060822486877e-02
4.524336755275726318e-02
4.530915617942810059e-02
4.530915617942810059e-02
4.520305618643760681e-02
4.502691701054573059e-02
4.479009285569190979e-02
4.444631934165954590e-02
4.409425333142280579e-02
4.374448955059051514e-02
4.331791400909423828e-02
4.273112118244171143e-02
4.219266027212142944e-02
4.157567396759986877e-02
4.157567396759986877e-02
4.092892631888389587e-02
4.032324254512786865e-02
3.999263793230056763e-02
3.971771523356437683e-02
3.948158398270606995e-02
3.926480934023857117e-02
3.925939649343490601e-02
3.939352557063102722e-02
3.951347991824150085e-02
3.955757990479469299e-02
3.955757990479469299e-02
3.945526853203773499e-02
3.916696459054946899e-02
3.878670930862426758e-02
3.827090188860893250e-02
3.773261606693267822e-02
3.696694225072860718e-02
3.605839610099792480e-02
3.516368940472602844e-02
3.433512523770332336e-02
3.358125686645507812e-02
3.358125686645507812e-02
3.289377316832542419e-02
3.255116567015647888e-02
3.226928040385246277e-02
3.205651417374610901e-02
3.183413296937942505e-02
3.170512616634368896e-02
3.168032318353652954e-02
3.175736591219902039e-02
3.197253495454788208e-02
3.116591833531856537e-02
3.116591833531856537e-02
3.046957589685916901e-02
2.979234978556632996e-02
2.922054566442966461e-02
2.864076383411884308e-02
2.813878282904624939e-02
2.777280099689960480e-02
2.740765921771526337e-02
2.710373513400554657e-02
2.682288363575935364e-02
2.640484645962715149e-02
2.640484645962715149e-02
2.588282711803913116e-02
2.531373314559459686e-02
2.470247074961662292e-02
2.411731705069541931e-02
2.356783114373683929e-02
2.299304679036140442e-02
2.241393923759460449e-02
2.147979661822319031e-02
2.065024711191654205e-02
2.001122198998928070e-02
2.001122198998928070e-02
1.938621327280998230e-02
1.880101859569549561e-02
1.839773170650005341e-02
1.820779591798782349e-02
1.836470142006874084e-02
1.863692887127399445e-02
1.901886239647865295e-02
1.946314796805381775e-02
1.982622034847736359e-02
2.021583169698715210e-02
2.021583169698715210e-02
2.061675116419792175e-02
2.090720087289810181e-02
2.114200405776500702e-02
2.131363563239574432e-02
2.138911373913288116e-02
2.133548632264137268e-02
2.124154753983020782e-02
2.089810557663440704e-02
2.045761235058307648e-02
2.005421929061412811e-02
2.005421929061412811e-02
1.928984373807907104e-02
1.868249103426933289e-02
1.818806864321231842e-02
1.794270239770412445e-02
1.806828752160072327e-02
1.830770075321197510e-02
1.853394694626331329e-02
1.876149326562881470e-02
1.904359273612499237e-02
1.930437423288822174e-02
1.930437423288822174e-02
1.946867257356643677e-02
1.955156959593296051e-02
1.953156664967536926e-02
1.942157559096813202e-02
1.930346153676509857e-02
1.923241652548313141e-02
1.910196989774703979e-02
1.905337348580360413e-02
1.914026215672492981e-02
1.938446983695030212e-02
1.938446983695030212e-02
1.964622363448143005e-02
1.973799243569374084e-02
1.985793188214302063e-02
1.983788050711154938e-02
1.987045072019100189e-02
1.990485936403274536e-02
1.977367699146270752e-02
1.961368322372436523e-02
1.930473744869232178e-02
1.905811019241809845e-02
1.905811019241809845e-02
1.889903657138347626e-02
1.893524080514907837e-02
1.913264766335487366e-02
1.936520822346210480e-02
1.956341415643692017e-02
1.962404698133468628e-02
1.951073855161666870e-02
1.929700374603271484e-02
1.891224272549152374e-02
1.789504103362560272e-02
1.789504103362560272e-02
1.684299670159816742e-02
1.576105505228042603e-02
1.477215532213449478e-02
1.394757907837629318e-02
1.339917071163654327e-02
1.308869104832410812e-02
1.297746878117322922e-02
1.301851775497198105e-02
1.320800092071294785e-02
1.343889441341161728e-02
1.343889441341161728e-02
1.366587821394205093e-02
1.410306058824062347e-02
1.465642731636762619e-02
1.509162504225969315e-02
1.541551668196916580e-02
1.563995890319347382e-02
1.566820219159126282e-02
1.558575034141540527e-02
1.539670210331678391e-02
1.516444887965917587e-02
1.516444887965917587e-02
1.477147638797760010e-02
1.426120381802320480e-02
1.367451343685388565e-02
1.318167801946401596e-02
1.284236088395118713e-02
1.271595619618892670e-02
1.256786938756704330e-02
1.241024304181337357e-02
1.237604767084121704e-02
1.240128185600042343e-02
1.240128185600042343e-02
1.275244262069463730e-02
1.316490676254034042e-02
1.363510452210903168e-02
1.402650028467178345e-02
1.440614927560091019e-02
1.466325391083955765e-02
1.487444620579481125e-02
1.507147401571273804e-02
1.518085785210132599e-02
1.522574108093976974e-02
1.522574108093976974e-02
1.520534884184598923e-02
1.511653978377580643e-02
1.511569879949092865e-02
1.518460176885128021e-02
1.522692572325468063e-02
1.515043992549180984e-02
1.485588680952787399e-02
1.433416362851858139e-02
1.392165478318929672e-02
1.337865553796291351e-02
1.337865553796291351e-02
1.283889915794134140e-02
1.230763737112283707e-02
1.183368265628814697e-02
1.149209029972553253e-02
1.132571045309305191e-02
1.139731053262948990e-02
1.155680045485496521e-02
1.182441413402557373e-02
1.206461433321237564e-02
1.221941690891981125e-02
1.221941690891981125e-02
1.237731520086526871e-02
1.233575865626335144e-02
1.227676589041948318e-02
1.224545482546091080e-02
1.198367215692996979e-02
1.163241732865571976e-02
1.121545024216175079e-02
1.077131368219852448e-02
1.032192353159189224e-02
9.829211048781871796e-03
9.829211048781871796e-03
9.323093108832836151e-03
8.797081187367439270e-03
8.197307586669921875e-03
7.618262432515621185e-03
7.123787887394428253e-03
6.627949420362710953e-03
6.293597165495157242e-03
6.081102881580591202e-03
6.049734540283679962e-03
6.059679668396711349e-03
6.059679668396711349e-03
6.034334655851125717e-03
6.325884256511926651e-03
6.395531352609395981e-03
6.265192292630672455e-03
5.890248343348503113e-03
5.463111214339733124e-03
4.993337206542491913e-03
4.536329302936792374e-03
4.281870089471340179e-03
4.355523735284805298e-03
4.355523735284805298e-03
4.690422210842370987e-03
5.075388588011264801e-03
5.388175603002309799e-03
5.643078126013278961e-03
5.923188291490077972e-03
6.098979152739048004e-03
6.239358801394701004e-03
6.273894105106592178e-03
6.119181402027606964e-03
5.641114432364702225e-03
5.641114432364702225e-03
5.113253835588693619e-03
4.569130018353462219e-03
4.019233398139476776e-03
3.687430871650576591e-03
3.547149710357189178e-03
3.100390313193202019e-03
2.996091730892658234e-03
3.080951049923896790e-03
3.268175525590777397e-03
3.412922611460089684e-03
3.412922611460089684e-03
3.702629357576370239e-03
4.174971953034400940e-03
4.876680672168731689e-03
5.555975716561079025e-03
6.085694767534732819e-03
6.509876810014247894e-03
6.735164206475019455e-03
6.736869458109140396e-03
6.462867371737957001e-03
6.105959415435791016e-03
6.105959415435791016e-03
5.738347768783569336e-03
5.440272856503725052e-03
5.250139161944389343e-03
5.171807948499917984e-03
5.284322891384363174e-03
5.549593828618526459e-03
5.946084391325712204e-03
6.325498223304748535e-03
6.838981062173843384e-03
7.306511979550123215e-03
7.306511979550123215e-03
7.664756849408149719e-03
7.869789376854896545e-03
7.939588278532028198e-03
7.901925593614578247e-03
7.711150683462619781e-03
7.570727262645959854e-03
7.452257443219423294e-03
7.400163449347019196e-03
7.394845131784677505e-03
7.389359176158905029e-03
7.389359176158905029e-03
7.478524465113878250e-03
7.552231196314096451e-03
7.501287851482629776e-03
7.285665255039930344e-03
7.053440902382135391e-03
6.831639911979436874e-03
6.619467865675687790e-03
6.397500168532133102e-03
6.266819778829813004e-03
6.209035869687795639e-03
6.209035869687795639e-03
6.163266021758317947e-03
6.135751027613878250e-03
6.091801449656486511e-03
6.052270065993070602e-03
6.037700455635786057e-03
6.177991628646850586e-03
6.330274511128664017e-03
6.465030834078788757e-03
6.638761609792709351e-03
6.859276909381151199e-03
6.859276909381151199e-03
6.900527048856019974e-03
7.014845497906208038e-03
7.154606282711029053e-03
7.286692503839731216e-03
7.444996852427721024e-03
7.643289864063262939e-03
7.792192976921796799e-03
7.946511730551719666e-03
8.061158470809459686e-03
8.171323686838150024e-03
