3.991388643731929448e-02
3.991388643731929448e-02
3.881733860818033233e-02
3.779930562710082098e-02
3.698265344040687491e-02
3.611481105333840674e-02
3.522128726991188841e-02
3.433210083545543828e-02
3.343204419369770475e-02
3.263982532002320663e-02
3.182470912688002695e-02
3.105566603467751347e-02
3.105566603467751347e-02
3.040176078988438349e-02
2.997912696162382054e-02
2.955660100839756221e-02
2.906097088529503020e-02
2.854372564863056141e-02
2.805814945353915860e-02
2.765605847137442633e-02
2.722795281078784282e-02
2.683606310726494026e-02
2.637460950191811843e-02
2.637460950191811843e-02
2.589874842531151092e-02
2.549706032213620507e-02
2.505133480793070994e-02
2.466833938545693813e-02
2.435825900039828573e-02
2.422832281384434266e-02
2.416928606470074986e-02
2.443289441797775671e-02
2.482259336683155515e-02
2.531511545352165687e-02
2.531511545352165687e-02
2.579157261801623066e-02
2.622143660006893279e-02
2.662031144887067394e-02
2.677715538157824857e-02
2.690333869704687395e-02
2.712436237953851428e-02
2.747627724508554595e-02
2.784498432368064796e-02
2.828834870190114967e-02
2.866866915236490967e-02
2.866866915236490967e-02
2.908101089839360692e-02
2.935573210744758105e-02
2.949342443717918594e-02
2.945351225019689212e-02
2.934238525933101707e-02
2.908558688107508103e-02
2.883692946127493217e-02
2.853260937920220827e-02
2.832349187288594333e-02
2.832426645126595935e-02
2.832426645126595935e-02
2.813300403421378423e-02
2.797963075269517541e-02
2.778471803048397984e-02
2.746291393454013824e-02
2.702569532811577649e-02
2.656805564867036409e-02
2.638139840448993495e-02
2.633558918818076217e-02
2.637896760747854633e-02
2.629608833041115548e-02
2.629608833041115548e-02
2.613377433377143261e-02
2.602257419845130024e-02
2.611689679015753024e-02
2.625358322353707127e-02
2.648435625887863437e-02
2.648435625887863437e-02
2.663950742355398332e-02
2.663212983267710179e-02
2.667894633501860860e-02
2.663880117914574699e-02
2.663880117914574699e-02
2.660439413505613637e-02
2.642462838163981212e-02
2.622129959500500360e-02
2.624188867805029787e-02
2.613287807836409474e-02
2.593899882439899482e-02
2.589883967805744688e-02
2.577822284500759856e-02
2.596259418376817632e-02
2.619052609351496877e-02
2.619052609351496877e-02
2.656738551402048482e-02
2.677135027827020827e-02
2.706828866357866015e-02
2.741693995915535018e-02
2.738441082636197677e-02
2.748968932069170007e-02
2.752423321149829322e-02
2.752787922962795716e-02
2.737642096356490348e-02
2.712448027061538369e-02
2.712448027061538369e-02
2.696277696051897418e-02
2.682003280125686701e-02
2.678953786390217764e-02
2.660455186278893117e-02
2.631131436819484498e-02
2.592140142827592877e-02
2.532680042650738150e-02
2.493070959637059755e-02
2.450095147792740943e-02
2.399807073328372176e-02
2.399807073328372176e-02
2.353655179387413587e-02
2.299835195725849143e-02
2.254708786920569738e-02
2.208245389919389484e-02
2.176634785007999437e-02
2.139717430523833258e-02
2.105898801103752577e-02
2.075813307436823185e-02
2.086883189737210112e-02
2.079691849355376140e-02
2.079691849355376140e-02
2.070349120522788425e-02
2.057861371819033613e-02
2.065858763769811909e-02
2.073817652536848535e-02
2.103775336678734981e-02
2.127658796286662282e-02
2.143858032044015927e-02
2.176922017713122520e-02
2.200087912832051490e-02
2.209166098620014840e-02
2.209166098620014840e-02
2.208529389521794381e-02
2.200989327911669069e-02
2.207502852748273112e-02
2.191126987222915753e-02
2.156290033653695051e-02
2.131263134665650760e-02
2.108929565690424029e-02
2.077260841791458285e-02
2.033511342548646392e-02
1.993188073254037809e-02
1.993188073254037809e-02
1.963774843671954595e-02
1.949880302165053064e-02
1.954848497056827297e-02
1.981226336142522665e-02
1.977249609208093367e-02
1.948349539289987581e-02
1.900956091559173611e-02
1.848314350163507425e-02
1.802556560895372112e-02
1.763056901144672076e-02
1.763056901144672076e-02
1.731996858599754371e-02
1.704761668492967008e-02
1.678547104929536959e-02
1.659133246847942569e-02
1.642407543116897878e-02
1.639164901423784820e-02
1.626601436585033492e-02
1.615313295753301528e-02
1.599365000296176786e-02
1.603688752384273622e-02
1.603688752384273622e-02
1.601565347932680169e-02
1.619687836022617664e-02
1.659313192224836503e-02
1.701158302598957534e-02
1.739884889761466810e-02
1.778413527162249486e-02
1.812798817031497853e-02
1.836112279085742177e-02
1.851050534288569208e-02
1.844884384071215563e-02
1.844884384071215563e-02
1.834045289310270305e-02
1.822872333115560170e-02
1.807681202902123099e-02
1.769655875761827826e-02
1.728046965394810716e-02
1.694435337895396076e-02
1.678009607957724192e-02
1.695907883588381598e-02
1.710817277644526360e-02
1.727070158533226471e-02
1.727070158533226471e-02
1.749436494034910597e-02
1.761139947842105952e-02
1.776515424739227161e-02
1.786291910089178939e-02
1.787999929389549533e-02
1.778614235757008596e-02
1.745951377083436104e-02
1.704626011134610999e-02
1.664159887876670227e-02
1.613556238862095052e-02
1.613556238862095052e-02
1.561162784205813621e-02
1.520002967312652532e-02
1.485515897729029755e-02
1.469469682923276073e-02
1.456420023944359800e-02
1.441442303460420404e-02
1.446708306937772789e-02
1.454699766428970385e-02
1.450748753379489317e-02
1.457719333410356297e-02
1.457719333410356297e-02
1.458601592165829387e-02
1.450817205684429116e-02
1.454798459208660535e-02
1.451845210720737779e-02
1.448786132934260819e-02
1.430779178050323001e-02
1.425037723478064094e-02
1.420183824067600305e-02
1.410668755368373918e-02
1.401067771430362582e-02
1.401067771430362582e-02
1.398687236810505947e-02
1.394869966831814405e-02
1.410454678040368864e-02
1.426429302141930117e-02
1.456214260873885460e-02
1.485706637457151827e-02
1.519415652350742177e-02
1.557757099899818171e-02
1.596592848040528576e-02
1.646437205406500390e-02
1.646437205406500390e-02
1.698023187816432786e-02
1.709770430258262738e-02
1.681781063951077668e-02
1.639003791328884005e-02
1.592280797474150689e-02
1.548177592306320891e-02
1.514680026886626625e-02
1.470911988061244201e-02
1.417081526243541521e-02
1.369290697740918432e-02
1.369290697740918432e-02
1.343713072238467490e-02
1.335989302258054276e-02
1.335989302258054276e-02
1.339444942415963548e-02
1.350151149136908334e-02
1.364938693532445971e-02
1.374534150457074402e-02
1.372043250583314909e-02
1.372600820885597206e-02
1.378792700847514263e-02
1.378792700847514263e-02
1.360899770440369624e-02
1.348451309418519442e-02
1.338014400728388710e-02
1.332753585949493849e-02
1.326218818383639864e-02
1.310133491961458507e-02
1.300168574793451361e-02
1.294430670286371259e-02
1.284417877983478479e-02
1.259225752624277238e-02
1.259225752624277238e-02
1.240872274817557061e-02
1.222080276047456462e-02
1.207941366163634185e-02
1.198461160411278849e-02
1.174799528794048982e-02
1.166139120050181492e-02
1.175145097330110126e-02
1.191971013061138285e-02
1.196702072346360508e-02
1.177193020042045617e-02
1.177193020042045617e-02
1.145648577504963100e-02
1.119374205609168817e-02
1.072356599520542589e-02
1.031985087202584410e-02
9.921959385713659957e-03
9.645444913171477216e-03
9.375579973256659497e-03
9.258962283794778397e-03
9.420521115969351586e-03
9.614904072657096123e-03
9.614904072657096123e-03
9.755798350726799587e-03
9.920901245806905411e-03
9.822756011774048945e-03
9.505684102632172214e-03
9.124028060637679946e-03
8.723313676877621561e-03
8.489831375004834244e-03
8.314889108447418367e-03
8.071744792644030761e-03
7.917787353431980646e-03
7.917787353431980646e-03
7.827827943897892882e-03
7.846350172965324554e-03
7.875543619608380702e-03
7.996461629593666978e-03
8.106551132855157465e-03
8.166658081618928880e-03
8.273471805828241932e-03
8.359702310248493667e-03
8.395198001213461172e-03
8.490194184458099355e-03
8.490194184458099355e-03
8.528564995303010779e-03
8.468386165506512631e-03
8.281820699700256569e-03
7.947837395060121032e-03
7.683289301494410431e-03
7.489917600801622444e-03
7.277000895268517788e-03
7.128686879833677666e-03
7.172354670233057131e-03
7.504197625870590374e-03
7.504197625870590374e-03
7.518099903252997013e-03
7.526337577934136443e-03
7.490965452342232718e-03
7.511242720026576995e-03
7.518471258910267019e-03
7.665233274606595738e-03
7.730383848779550510e-03
7.742057117572195141e-03
7.830855928810467187e-03
7.824238153589149064e-03
7.824238153589149064e-03
7.768922340599026567e-03
7.700357876285640960e-03
7.703188190603213470e-03
7.811564904592627374e-03
7.815790515959968737e-03
7.837515442853586894e-03
7.960041527484728804e-03
8.041092245560118798e-03
8.032595764828358645e-03
7.967714999036883475e-03
7.967714999036883475e-03
7.819506044570177783e-03
7.565378385414891181e-03
7.331367831072389818e-03
7.123053202762031841e-03
6.898695399122959336e-03
6.722964224921445728e-03
6.561839995049406453e-03
6.452705201823897424e-03
6.303871894534085647e-03
6.302644645616224152e-03
6.302644645616224152e-03
6.222592580196009172e-03
6.102296801346873516e-03
5.904886961718045293e-03
5.711426477833588151e-03
5.592013280263886596e-03
5.489451366248014781e-03
5.352553817166427752e-03
5.197590742707185879e-03
5.034560630168582671e-03
4.816023515979106669e-03
4.816023515979106669e-03
4.659355914508932564e-03
4.435634652177107388e-03
4.341531120493816349e-03
4.375238312574308494e-03
4.435287292047080526e-03
4.514887471254999847e-03
4.833902650797852404e-03
5.087146012718259461e-03
5.230787856659562494e-03
5.410962556113198089e-03
5.410962556113198089e-03
5.401521289886993156e-03
5.330126964962442551e-03
5.167370421102809863e-03
4.931431421191021305e-03
4.818362901195762625e-03
4.704044743508576862e-03
4.616133785747890059e-03
4.554915484356119107e-03
4.628825488908588567e-03
4.751013048663644406e-03
4.751013048663644406e-03
4.993831953624585339e-03
5.225166162328421376e-03
5.409268449913346224e-03
5.546210898907879758e-03
5.593360187902251396e-03
5.469963975847607143e-03
5.290181782237744768e-03
5.088547079494435028e-03
4.786695504338527203e-03
4.214369325592885913e-03
4.214369325592885913e-03
3.675110048426603101e-03
3.170195329816681996e-03
2.787511512435393926e-03
2.499282824965755670e-03
2.347710198341446813e-03
2.264197647251971115e-03
2.313762806742807130e-03
2.442303310674835519e-03
2.677419478410768792e-03
3.029907523237855907e-03
3.029907523237855907e-03
3.163440179764293297e-03
3.152196111854802234e-03
3.073840514852037731e-03
2.973364226402110209e-03
2.789761577155628822e-03
2.584463183553274961e-03
2.471292577786986591e-03
2.332301912064581144e-03
2.318546728971557485e-03
2.253181103160444964e-03
2.253181103160444964e-03
2.166814153673746884e-03
2.068437562635029505e-03
2.026624861629904885e-03
2.075919540706740955e-03
2.160672359937883518e-03
2.195513374325679026e-03
2.203264159643437709e-03
2.178894154085846309e-03
2.176268417925543864e-03
2.173063294360068690e-03
2.173063294360068690e-03
2.219709937836039561e-03
2.374400321626976389e-03
2.529694290769502092e-03
2.650929506251275929e-03
2.785948204943749368e-03
2.759167344403065398e-03
2.804930320065486451e-03
2.870411531435039434e-03
2.931060994099846800e-03
2.727006798283704899e-03
2.727006798283704899e-03
2.604563380809085497e-03
2.481296698245082002e-03
2.439028536798020733e-03
2.423504455994319497e-03
2.484364009096935635e-03
2.703721075139762110e-03
2.975999760021658027e-03
3.260607504157973183e-03
3.460376147397325932e-03
3.620773259374207749e-03
3.620773259374207749e-03
3.520118545774139022e-03
3.328061240704499948e-03
3.126244903918998490e-03
2.916957825937844997e-03
2.686729468128850901e-03
2.529002127429227573e-03
2.577748599510690589e-03
2.685010731630143449e-03
2.845359530185566019e-03
3.086585506909469458e-03
3.086585506909469458e-03
3.287863358493214958e-03
3.322057853412486734e-03
3.217737477217459587e-03
2.922428921471339255e-03
2.615057308919341988e-03
2.398695662542142410e-03
2.105695545519305385e-03
1.850899173185587866e-03
1.791285506348119349e-03
1.993683680483760920e-03
1.993683680483760920e-03
2.121139042233787398e-03
2.077110370197982146e-03
2.203741397983304245e-03
2.321184613992894729e-03
2.458642477629345395e-03
2.416718872467435962e-03
2.438859618836778948e-03
2.383530204376956788e-03
2.362173683308041190e-03
2.283430670088647686e-03
2.283430670088647686e-03
2.180497186726371769e-03
2.108323338428502291e-03
1.864504449836524485e-03
1.632080735446561019e-03
1.402938752636381662e-03
1.194583753450774357e-03
1.153567398177866203e-03
1.179880840001395603e-03
1.169615790117459891e-03
1.249240821059423778e-03
1.249240821059423778e-03
1.290690107572822331e-03
1.370664616107708208e-03
1.487040107462746187e-03
1.648792345731736695e-03
1.730590629050721835e-03
1.831068385016546788e-03
1.961372030132003518e-03
2.030655278987556715e-03
2.004109023172097933e-03
2.021056407628024458e-03
2.021056407628024458e-03
2.129558502212951926e-03
2.240030768975256360e-03
2.395842462836474032e-03
2.449245602822084419e-03
2.584782935045934222e-03
2.685703874550983937e-03
2.553047703983509636e-03
2.259612895510432120e-03
1.890952031318706089e-03
1.603658325102185183e-03
1.603658325102185183e-03
1.413645473024852193e-03
1.372716696153585469e-03
1.650449376147135588e-03
2.009929750684973961e-03
2.184190413011041516e-03
2.197418714088726546e-03
2.261827804561921534e-03
2.370230978350956318e-03
2.430904146116187516e-03
2.521059021587312206e-03
2.521059021587312206e-03
2.456355058717332555e-03
2.388733045454847440e-03
2.507933396563198896e-03
2.816322633420389500e-03
3.247928235554135411e-03
3.571232496679995882e-03
3.828969002043220837e-03
3.990302900866179656e-03
4.137531180522961878e-03
4.289732449531229175e-03
4.289732449531229175e-03
4.316363092688944338e-03
4.300641939834798540e-03
4.361631890626942350e-03
4.578814206645890998e-03
4.805233144893276097e-03
5.086425522038136998e-03
5.331647666710720608e-03
5.512392521015085749e-03
5.644053856098049660e-03
5.791855469581063537e-03
5.791855469581063537e-03
5.951909151533185324e-03
6.138163603721891355e-03
6.332740987713501163e-03
6.516751878866529346e-03
6.780417583068337056e-03
7.071497519556590831e-03
7.399019470583074846e-03
7.715211736102201359e-03
7.980614935265565105e-03
8.166447007257110133e-03
8.166447007257110133e-03
8.325304255647049054e-03
8.415206904820716344e-03
8.561404151190714351e-03
8.700010488816370402e-03
9.004297461215948761e-03
9.356958533119933905e-03
9.696996395804282839e-03
1.010314156666836799e-02
1.040232330856757405e-02
1.068238758561835568e-02
1.068238758561835568e-02
1.094612069520015454e-02
1.122680401215632104e-02
1.132207077526343683e-02
1.138521207433304192e-02
1.136576834907756378e-02
1.142456937797697511e-02
1.154451104838712626e-02
1.161035637333526424e-02
1.176167160424926479e-02
1.195117565396817613e-02
1.195117565396817613e-02
1.223520641479169252e-02
1.258902173846772853e-02
1.286842537967590114e-02
1.311559995729446974e-02
1.329215361658628303e-02
1.342572517558077161e-02
1.351042827166508246e-02
1.351353758545119355e-02
1.355184168827174365e-02
1.362999837244434527e-02
1.362999837244434527e-02
1.361177106690556783e-02
1.364777080224487994e-02
1.400912789683667406e-02
1.449594692317465218e-02
1.494664005754594953e-02
1.535363292830563796e-02
1.546082250282157337e-02
1.544718394847903291e-02
1.540830915677654858e-02
1.544355895199042185e-02
1.544355895199042185e-02
1.549049838016576183e-02
1.556623222696538328e-02
1.560960510581683829e-02
1.563578082535490438e-02
1.561274676170891669e-02
1.566080993318713296e-02
1.570568989984169259e-02
1.573713445526080806e-02
1.567586188140842815e-02
1.561280303246185587e-02
1.561280303246185587e-02
1.559727072123500390e-02
1.556511538330274634e-02
1.541140376404835817e-02
1.525224642008788344e-02
1.512163997036380936e-02
1.497066603632143944e-02
1.479995128981160743e-02
1.460422149485131674e-02
1.444862345768003348e-02
1.432581638918159830e-02
1.432581638918159830e-02
1.426427264721064070e-02
1.415348089948227986e-02
1.426586598986818652e-02
1.423082112156399091e-02
1.413859181574079159e-02
1.410013719754782055e-02
1.416901893408405166e-02
1.421346506822962832e-02
1.412272475557057802e-02
1.407553045813205762e-02
1.407553045813205762e-02
1.413913202674694017e-02
1.413474697191838617e-02
1.409853311883325910e-02
1.404140164754355199e-02
1.400733430548013227e-02
1.399689339608955335e-02
1.411289404879968040e-02
1.421176625028377181e-02
1.435322552799089824e-02
1.447538020372803221e-02
1.447538020372803221e-02
1.461177253548770136e-02
1.465179816675918519e-02
1.472840043695114107e-02
1.481783857368213983e-02
1.493578379951679413e-02
1.504528293806655162e-02
1.518174711714817202e-02
1.522809461390242820e-02
1.518622785292761054e-02
1.513755897480613920e-02
1.513755897480613920e-02
1.518897357488238793e-02
1.513035350319385380e-02
1.507210334081432110e-02
1.512542800260667682e-02
1.515774436292926207e-02
1.511221128276117077e-02
1.503963250869690127e-02
1.493093973924004662e-02
1.487221988495606405e-02
1.485585189013855986e-02
1.485585189013855986e-02
1.490871363705602477e-02
1.494004917474645033e-02
1.491735834853384797e-02
1.483459361832363023e-02
1.482274157983727407e-02
1.487540480109770212e-02
1.499501610899530921e-02
1.510722965599212674e-02
1.518984640023121960e-02
1.507596424549884767e-02
1.507596424549884767e-02
1.496486683249708891e-02
1.494070537269112479e-02
1.493395790959239737e-02
1.485353770273970322e-02
1.478763604077259000e-02
1.489565078827391649e-02
1.499159849247727605e-02
1.512478760510145570e-02
1.515969296365167474e-02
1.505218759041923073e-02
