4.093160107731819153e-02
4.200454056262969971e-02
4.289726912975311279e-02
4.391637444496154785e-02
4.440751299262046814e-02
4.494007676839828491e-02
4.561410471796989441e-02
4.616655409336090088e-02
4.669851809740066528e-02
4.723364114761352539e-02
4.718175157904624939e-02
4.718175157904624939e-02
4.719960689544677734e-02
4.736019670963287354e-02
4.761866107583045959e-02
4.783775284886360168e-02
4.817065969109535217e-02
4.834206774830818176e-02
4.851375520229339600e-02
4.853571951389312744e-02
4.849561676383018494e-02
4.837020859122276306e-02
4.837020859122276306e-02
4.817717894911766052e-02
4.795905575156211853e-02
4.765829071402549744e-02
4.734203964471817017e-02
4.707286506891250610e-02
4.669707268476486206e-02
4.630634561181068420e-02
4.598464816808700562e-02
4.563961550593376160e-02
4.544400051236152649e-02
4.544400051236152649e-02
4.506994783878326416e-02
4.461630806326866150e-02
4.401367530226707458e-02
4.349460825324058533e-02
4.298894107341766357e-02
4.239037260413169861e-02
4.185048118233680725e-02
4.153027758002281189e-02
4.113413766026496887e-02
4.060192033648490906e-02
4.060192033648490906e-02
4.007231816649436951e-02
3.937052935361862183e-02
3.877296298742294312e-02
3.829561918973922729e-02
3.786519542336463928e-02
3.748591989278793335e-02
3.716052323579788208e-02
3.693046420812606812e-02
3.677986934781074524e-02
3.649201989173889160e-02
3.649201989173889160e-02
3.623956814408302307e-02
3.593438863754272461e-02
3.561008721590042114e-02
3.521597385406494141e-02
3.476355597376823425e-02
3.418293222784996033e-02
3.342024981975555420e-02
3.271602094173431396e-02
3.209364414215087891e-02
3.147613629698753357e-02
3.147613629698753357e-02
3.101593628525733948e-02
3.066104650497436523e-02
3.035327978432178497e-02
3.013898432254791260e-02
2.986991405487060547e-02
2.948674559593200684e-02
2.895182184875011444e-02
2.858432568609714508e-02
2.815657481551170349e-02
2.772461995482444763e-02
2.772461995482444763e-02
2.711123228073120117e-02
2.634999342262744904e-02
2.539196237921714783e-02
2.449001185595989227e-02
2.349448390305042267e-02
2.255083620548248291e-02
2.197245880961418152e-02
2.152826823294162750e-02
2.136560529470443726e-02
2.139364928007125854e-02
2.139364928007125854e-02
2.135566622018814087e-02
2.107814699411392212e-02
2.092092484235763550e-02
2.047359570860862732e-02
2.000335045158863068e-02
1.940407045185565948e-02
1.882619783282279968e-02
1.843856461346149445e-02
1.809430494904518127e-02
1.770308800041675568e-02
1.770308800041675568e-02
1.721742004156112671e-02
1.657636649906635284e-02
1.578246802091598511e-02
1.512398570775985718e-02
1.473507937043905258e-02
1.441554166376590729e-02
1.437332294881343842e-02
1.440148986876010895e-02
1.470797974616289139e-02
1.517536398023366928e-02
1.517536398023366928e-02
1.566307805478572845e-02
1.594491675496101379e-02
1.609450019896030426e-02
1.599208638072013855e-02
1.556588709354400635e-02
1.497698668390512466e-02
1.439544837921857834e-02
1.381938904523849487e-02
1.344436313956975937e-02
1.327630318701267242e-02
1.327630318701267242e-02
1.328310277312994003e-02
1.351588219404220581e-02
1.396931614726781845e-02
1.441679336130619049e-02
1.474053785204887390e-02
1.494388747960329056e-02
1.473083347082138062e-02
1.428488735109567642e-02
1.368459686636924744e-02
1.310600526630878448e-02
1.310600526630878448e-02
1.271175034344196320e-02
1.257969904690980911e-02
1.266174670308828354e-02
1.285517122596502304e-02
1.307033095508813858e-02
1.341482251882553101e-02
1.374311372637748718e-02
1.403664797544479370e-02
1.416939590126276016e-02
1.416636258363723755e-02
1.416636258363723755e-02
1.401754654943943024e-02
1.363011263310909271e-02
1.301180105656385422e-02
1.242198515683412552e-02
1.185846328735351562e-02
1.141223311424255371e-02
1.105748768895864487e-02
1.081805862486362457e-02
1.074478123337030411e-02
1.072769332677125931e-02
1.072769332677125931e-02
1.077936030924320221e-02
1.097436435520648956e-02
1.116785872727632523e-02
1.142990402877330780e-02
1.167274080216884613e-02
1.180295459926128387e-02
1.185208559036254883e-02
1.186033058911561966e-02
1.186306495219469070e-02
1.178675051778554916e-02
1.178675051778554916e-02
1.176008116453886032e-02
1.174915581941604614e-02
1.156566012650728226e-02
1.122028473764657974e-02
1.068860199302434921e-02
1.018854975700378418e-02
9.771435521543025970e-03
9.471070021390914917e-03
9.349252097308635712e-03
9.445891715586185455e-03
9.445891715586185455e-03
9.672839194536209106e-03
9.916558861732482910e-03
9.688584133982658386e-03
9.346125647425651550e-03
8.870382793247699738e-03
8.279935456812381744e-03
7.683125324547290802e-03
7.207427639514207840e-03
6.917557213455438614e-03
6.842538248747587204e-03
6.842538248747587204e-03
6.828851997852325439e-03
6.784917321056127548e-03
6.798245012760162354e-03
6.756485439836978912e-03
6.719794590026140213e-03
6.615697871893644333e-03
6.505988072603940964e-03
6.343238987028598785e-03
6.204115692526102066e-03
6.124979350715875626e-03
6.124979350715875626e-03
5.988003220409154892e-03
5.810084287077188492e-03
5.424194037914276123e-03
5.174946039915084839e-03
4.986347630620002747e-03
4.951253067702054977e-03
4.960518795996904373e-03
5.233773496001958847e-03
5.605442915111780167e-03
5.745580885559320450e-03
5.745580885559320450e-03
6.090487819164991379e-03
6.694785784929990768e-03
7.538410369306802750e-03
8.590915240347385406e-03
9.875210002064704895e-03
1.134087704122066498e-02
1.285111531615257263e-02
1.454498711973428726e-02
1.638667471706867218e-02
1.824354380369186401e-02
1.824354380369186401e-02
1.993245072662830353e-02
2.133971452713012695e-02
2.237726189196109772e-02
2.310553006827831268e-02
2.355477213859558105e-02
2.377536334097385406e-02
2.377092465758323669e-02
2.372655086219310760e-02
2.345972694456577301e-02
2.313697896897792816e-02
2.313697896897792816e-02
2.279233373701572418e-02
2.257728204131126404e-02
2.236094512045383453e-02
2.219811081886291504e-02
2.197363041341304779e-02
2.179717086255550385e-02
2.176775783300399780e-02
2.186236530542373657e-02
2.197391912341117859e-02
2.208978310227394104e-02
2.208978310227394104e-02
2.204985730350017548e-02
2.192304097115993500e-02
2.181559056043624878e-02
2.169714495539665222e-02
2.156188152730464935e-02
2.142309211194515228e-02
2.130334638059139252e-02
2.128489874303340912e-02
2.128202281892299652e-02
2.131804078817367554e-02
2.131804078817367554e-02
2.126955613493919373e-02
2.114841714501380920e-02
2.111991867423057556e-02
2.102944627404212952e-02
2.093301899731159210e-02
2.082938887178897858e-02
2.071898803114891052e-02
2.071522735059261322e-02
2.083985321223735809e-02
2.102098613977432251e-02
2.102098613977432251e-02
2.118975669145584106e-02
2.130077034235000610e-02
2.141975611448287964e-02
2.141712419688701630e-02
2.137965522706508636e-02
2.126749232411384583e-02
2.114532701671123505e-02
2.107389084994792938e-02
2.108023315668106079e-02
2.107746154069900513e-02
2.107746154069900513e-02
2.114689722657203674e-02
2.116511203348636627e-02
2.121852152049541473e-02
2.129739150404930115e-02
2.142154797911643982e-02
2.145290374755859375e-02
2.157509885728359222e-02
2.168354578316211700e-02
2.232831716537475586e-02
2.278470620512962341e-02
2.278470620512962341e-02
2.304949238896369934e-02
2.308868803083896637e-02
2.291368506848812103e-02
2.277359180152416229e-02
2.242987975478172302e-02
2.203815244138240814e-02
2.172252908349037170e-02
2.149244770407676697e-02
2.149284817278385162e-02
2.183314599096775055e-02
2.183314599096775055e-02
2.218862622976303101e-02
2.254098467528820038e-02
2.268303371965885162e-02
2.281472459435462952e-02
2.289552241563796997e-02
2.299433387815952301e-02
2.292059361934661865e-02
2.271425351500511169e-02
2.256132289767265320e-02
2.239168249070644379e-02
2.239168249070644379e-02
2.218395285308361053e-02
2.206483855843544006e-02
2.186999656260013580e-02
2.190673351287841797e-02
2.203647606074810028e-02
2.225936762988567352e-02
2.271619439125061035e-02
2.318253181874752045e-02
2.353658899664878845e-02
2.383863367140293121e-02
2.383863367140293121e-02
2.406435087323188782e-02
2.417723089456558228e-02
2.418845333158969879e-02
2.414197660982608795e-02
2.397162280976772308e-02
2.377493679523468018e-02
2.349739521741867065e-02
2.329598180949687958e-02
2.311953343451023102e-02
2.297955378890037537e-02
2.297955378890037537e-02
2.288981713354587555e-02
2.278114855289459229e-02
2.266681566834449768e-02
2.275573089718818665e-02
2.291568554937839508e-02
2.303885668516159058e-02
2.312704920768737793e-02
2.313722483813762665e-02
2.305126748979091644e-02
2.294779382646083832e-02
2.294779382646083832e-02
2.298480644822120667e-02
2.300821989774703979e-02
2.303280681371688843e-02
2.316058240830898285e-02
2.320686541497707367e-02
2.329171635210514069e-02
2.335740067064762115e-02
2.340496145188808441e-02
2.349639311432838440e-02
2.357353642582893372e-02
2.357353642582893372e-02
2.376630343496799469e-02
2.398912981152534485e-02
2.430683374404907227e-02
2.468551509082317352e-02
2.507208287715911865e-02
2.552836947143077850e-02
2.609136700630187988e-02
2.659351378679275513e-02
2.695645019412040710e-02
2.731691300868988037e-02
2.731691300868988037e-02
2.757043391466140747e-02
2.776947617530822754e-02
2.788166515529155731e-02
2.804932370781898499e-02
2.813799865543842316e-02
2.821151912212371826e-02
2.818899229168891907e-02
2.836074866354465485e-02
2.859641984105110168e-02
2.879356592893600464e-02
2.879356592893600464e-02
2.920666523277759552e-02
2.957084588706493378e-02
3.005047328770160675e-02
3.054612874984741211e-02
3.098881058394908905e-02
3.148102760314941406e-02
3.192075714468955994e-02
3.224116191267967224e-02
3.248180821537971497e-02
3.263001143932342529e-02
3.263001143932342529e-02
3.264054656028747559e-02
3.250988200306892395e-02
3.213463723659515381e-02
3.178031370043754578e-02
3.141490370035171509e-02
3.105016611516475677e-02
3.078461438417434692e-02
3.050825931131839752e-02
3.013771772384643555e-02
2.974286675453186035e-02
2.974286675453186035e-02
2.939232811331748962e-02
2.905512042343616486e-02
2.867656946182250977e-02
2.831182070076465607e-02
2.792545966804027557e-02
2.754642814397811890e-02
2.708854712545871735e-02
2.653275802731513977e-02
2.591587789356708527e-02
2.523339167237281799e-02
2.523339167237281799e-02
2.457874268293380737e-02
2.401779778301715851e-02
2.341542951762676239e-02
2.267270348966121674e-02
2.201272547245025635e-02
2.142591401934623718e-02
2.098106034100055695e-02
2.050092257559299469e-02
2.003033272922039032e-02
1.963330619037151337e-02
1.963330619037151337e-02
1.919925585389137268e-02
1.877857558429241180e-02
1.848086528480052948e-02
1.821349002420902252e-02
1.808943226933479309e-02
1.806243322789669037e-02
1.792389713227748871e-02
1.792381331324577332e-02
1.782588474452495575e-02
1.772343181073665619e-02
1.772343181073665619e-02
1.758626103401184082e-02
1.743025146424770355e-02
1.706468686461448669e-02
1.663255877792835236e-02
1.615481451153755188e-02
1.571144722402095795e-02
1.537939161062240601e-02
1.514948531985282898e-02
1.518633309751749039e-02
1.525183860212564468e-02
1.525183860212564468e-02
1.541895326226949692e-02
1.517470553517341614e-02
1.487878989428281784e-02
1.462594885379076004e-02
1.435479335486888885e-02
1.418096479028463364e-02
1.391625218093395233e-02
1.369953621178865433e-02
1.352806203067302704e-02
1.343680638819932938e-02
1.343680638819932938e-02
1.338602788746356964e-02
1.347606070339679718e-02
1.364049036055803299e-02
1.388551108539104462e-02
1.421363744884729385e-02
1.461011637002229691e-02
1.507746800780296326e-02
1.562983170151710510e-02
1.608166843652725220e-02
1.659033447504043579e-02
1.659033447504043579e-02
1.695873029530048370e-02
1.725003123283386230e-02
1.740707457065582275e-02
1.741982996463775635e-02
1.725544407963752747e-02
1.699674315750598907e-02
1.668808050453662872e-02
1.634819619357585907e-02
1.602786779403686523e-02
1.583794504404067993e-02
1.583794504404067993e-02
1.568489708006381989e-02
1.568833179771900177e-02
1.575589366257190704e-02
1.591990329325199127e-02
1.605795323848724365e-02
1.621828787028789520e-02
1.637309789657592773e-02
1.659037731587886810e-02
1.683015376329421997e-02
1.711227931082248688e-02
1.711227931082248688e-02
1.735862158238887787e-02
1.764015667140483856e-02
1.799892820417881012e-02
1.832116581499576569e-02
1.872172579169273376e-02
1.911815814673900604e-02
1.948369853198528290e-02
1.988864876329898834e-02
2.033962123095989227e-02
2.077356167137622833e-02
2.077356167137622833e-02
2.116193436086177826e-02
2.144718728959560394e-02
2.162191644310951233e-02
2.177558839321136475e-02
2.187718264758586884e-02
2.197692357003688812e-02
2.210238948464393616e-02
2.220218814909458160e-02
2.233663387596607208e-02
2.247606217861175537e-02
2.247606217861175537e-02
2.259093709290027618e-02
2.263728156685829163e-02
2.269632928073406219e-02
2.272750809788703918e-02
2.266904897987842560e-02
2.249352447688579559e-02
2.226543426513671875e-02
2.191700600087642670e-02
2.152956463396549225e-02
2.115392312407493591e-02
2.115392312407493591e-02
2.074605226516723633e-02
2.046275697648525238e-02
2.028638496994972229e-02
2.014130912721157074e-02
2.001084201037883759e-02
1.992059685289859772e-02
1.986454427242279053e-02
1.980695128440856934e-02
1.975655369460582733e-02
1.972738280892372131e-02
1.972738280892372131e-02
1.963416673243045807e-02
1.952380873262882233e-02
1.940335333347320557e-02
1.926571130752563477e-02
1.915239356458187103e-02
1.905730739235877991e-02
1.896909624338150024e-02
1.885543949902057648e-02
1.880596764385700226e-02
1.890282146632671356e-02
1.890282146632671356e-02
1.901171915233135223e-02
1.912022940814495087e-02
1.924380287528038025e-02
1.933649368584156036e-02
1.939948648214340210e-02
1.941972039639949799e-02
1.944639906287193298e-02
1.940649189054965973e-02
1.938625611364841461e-02
1.934419386088848114e-02
1.934419386088848114e-02
1.931101270020008087e-02
1.923709549009799957e-02
1.915254443883895874e-02
1.909133605659008026e-02
1.911623962223529816e-02
1.920096576213836670e-02
1.935634203255176544e-02
1.954640820622444153e-02
1.973767578601837158e-02
1.993789710104465485e-02
