2.376922406256198883e-02
2.686538174748420715e-02
2.687023952603340149e-02
2.986095100641250610e-02
3.302839770913124084e-02
3.746099770069122314e-02
4.158226773142814636e-02
4.414519295096397400e-02
4.677637666463851929e-02
5.005588382482528687e-02
5.335462838411331177e-02
5.335462838411331177e-02
5.314046517014503479e-02
5.343013256788253784e-02
5.376245081424713135e-02
5.420164018869400024e-02
5.532729998230934143e-02
5.658046901226043701e-02
5.733536928892135620e-02
5.786564573645591736e-02
5.848124995827674866e-02
5.913229659199714661e-02
5.913229659199714661e-02
5.982598662376403809e-02
6.096554547548294067e-02
6.179207935929298401e-02
6.149254739284515381e-02
6.116931885480880737e-02
6.113214790821075439e-02
6.103589385747909546e-02
6.091718748211860657e-02
6.124125048518180847e-02
6.164972484111785889e-02
6.164972484111785889e-02
6.197400018572807312e-02
6.298924237489700317e-02
6.354719400405883789e-02
6.390567123889923096e-02
6.395532935857772827e-02
6.353896856307983398e-02
6.366656720638275146e-02
6.371536105871200562e-02
6.322738528251647949e-02
6.334073096513748169e-02
6.334073096513748169e-02
6.346481293439865112e-02
6.376675516366958618e-02
6.390131264925003052e-02
6.355548650026321411e-02
6.332648545503616333e-02
6.283222883939743042e-02
6.227113679051399231e-02
6.050184369087219238e-02
5.859256908297538757e-02
5.729150027036666870e-02
5.729150027036666870e-02
5.634081363677978516e-02
5.544822663068771362e-02
5.459620058536529541e-02
5.399681255221366882e-02
5.501437932252883911e-02
5.604979768395423889e-02
5.717314407229423523e-02
5.808391422033309937e-02
5.823488160967826843e-02
5.866344273090362549e-02
5.866344273090362549e-02
5.925573036074638367e-02
5.985091626644134521e-02
6.035304442048072815e-02
6.071359664201736450e-02
6.054465845227241516e-02
5.982309207320213318e-02
5.893535539507865906e-02
5.801946297287940979e-02
5.688339099287986755e-02
5.626532435417175293e-02
5.626532435417175293e-02
5.526993796229362488e-02
5.498663336038589478e-02
5.498325824737548828e-02
5.553870275616645813e-02
5.569092929363250732e-02
5.659015849232673645e-02
5.865983292460441589e-02
6.056721881031990051e-02
6.186838075518608093e-02
6.268781423568725586e-02
6.268781423568725586e-02
6.355792284011840820e-02
6.404104083776473999e-02
6.416339427232742310e-02
6.394956260919570923e-02
6.253568828105926514e-02
6.149880960583686829e-02
6.014902144670486450e-02
5.867236480116844177e-02
5.714021995663642883e-02
5.564330145716667175e-02
5.564330145716667175e-02
5.408608913421630859e-02
5.256155133247375488e-02
5.155109241604804993e-02
5.136387795209884644e-02
5.486080422997474670e-02
5.812148749828338623e-02
6.104629859328269958e-02
6.369636207818984985e-02
6.576921045780181885e-02
6.728157401084899902e-02
6.728157401084899902e-02
6.826682388782501221e-02
6.776745617389678955e-02
6.717422604560852051e-02
6.631525605916976929e-02
6.557660549879074097e-02
6.462001800537109375e-02
6.356846541166305542e-02
6.250014156103134155e-02
6.134340912103652954e-02
6.070264056324958801e-02
6.070264056324958801e-02
6.041548028588294983e-02
6.075612455606460571e-02
6.122400611639022827e-02
6.194964051246643066e-02
6.191367655992507935e-02
6.115344539284706116e-02
6.075577437877655029e-02
6.006303429603576660e-02
5.982984602451324463e-02
5.942183732986450195e-02
5.942183732986450195e-02
5.929500237107276917e-02
5.912081897258758545e-02
5.905382707715034485e-02
5.936112254858016968e-02
5.921887233853340149e-02
5.911278352141380310e-02
5.896616727113723755e-02
5.881957709789276123e-02
5.871778354048728943e-02
5.829470977187156677e-02
