1.695975022012166655e-02
1.695975022012166655e-02
1.561640357447388605e-02
1.478980869436770026e-02
1.392927370625636659e-02
1.407266175483227848e-02
1.464539859429820137e-02
1.508424864528573779e-02
1.561042295904561256e-02
1.603400808913747408e-02
1.625178082828187751e-02
1.621288870831009976e-02
1.621288870831009976e-02
1.617603599613772272e-02
1.612069825158003039e-02
1.619643020972473535e-02
1.625757233955066675e-02
1.633595613997938442e-02
1.640808732890367341e-02
1.662378190014768622e-02
1.699871522363894868e-02
1.771107442763614551e-02
1.833051324969365084e-02
