3.443414660873128641e-02
3.443414660873128641e-02
3.589646302394301075e-02
3.679623656002477261e-02
3.775549390561558361e-02
3.892777546156409724e-02
4.014650924490158201e-02
4.136204705201351056e-02
4.258787473009219282e-02
4.348764046527820587e-02
4.427716790028086991e-02
4.461555721582360912e-02
4.461555721582360912e-02
4.502768632164610985e-02
4.523641010264121964e-02
4.509741468388493713e-02
4.492731906621164062e-02
4.475885131420248575e-02
4.479453482315760848e-02
4.444005380108607961e-02
4.425170625280225312e-02
4.406807203116526461e-02
4.395786864378179587e-02
4.395786864378179587e-02
4.385295987585315081e-02
4.377980773153308802e-02
4.375546583693971231e-02
4.364626587155583104e-02
4.353906858882148484e-02
4.339125047258299284e-02
4.336074443315909160e-02
4.339312572815708091e-02
4.344066555138496877e-02
4.329670401864783857e-02
4.329670401864783857e-02
4.312463022586178474e-02
4.295091698540831615e-02
4.271513128165398826e-02
4.258946226403274860e-02
4.249262249248756534e-02
4.237392285480503368e-02
4.222872370411148712e-02
4.208366261285301918e-02
4.186184598516515948e-02
4.173256343041879118e-02
4.173256343041879118e-02
4.150675785470557544e-02
4.127702755354720893e-02
4.100623884866337610e-02
4.070847714602347095e-02
4.037271280664265355e-02
4.017985320877065503e-02
3.994310080903513277e-02
3.969592150624461774e-02
3.946754685745711838e-02
3.926507667952067182e-02
3.926507667952067182e-02
3.905906097601399840e-02
3.893922822767186681e-02
3.881702938419152871e-02
3.872027578005965420e-02
3.864588697269362438e-02
3.862731946946462019e-02
3.854925268173656216e-02
3.845602063183366226e-02
3.851624140281490610e-02
3.861714059274866384e-02
3.861714059274866384e-02
3.872772621716247948e-02
3.886065900954194935e-02
3.902873119761039733e-02
3.918849309943699122e-02
3.923803810961788013e-02
3.933000140512014214e-02
3.939559655234252389e-02
3.939855903424867994e-02
3.923189112469763901e-02
3.902429024631683813e-02
3.902429024631683813e-02
3.873466178487772194e-02
3.851786742002876601e-02
3.837039054328456739e-02
3.822916905906567631e-02
3.808103743848599565e-02
3.792544655586210789e-02
3.765923654691888389e-02
3.740080636355175986e-02
3.712714020425918887e-02
3.696537423911724907e-02
3.696537423911724907e-02
3.684825622251939464e-02
3.676773422911144146e-02
3.666946795637336665e-02
3.653998655772804777e-02
3.636817358249724852e-02
3.611521636690343678e-02
3.589358855615546601e-02
3.564053990686070345e-02
3.531379103684470500e-02
3.481317422913920989e-02
3.481317422913920989e-02
3.420547420066068905e-02
3.356730629214436240e-02
3.292718444755366597e-02
3.226236902842723880e-02
3.165615287085606078e-02
3.116888379458720298e-02
3.079143327695023358e-02
3.054396173215887661e-02
3.035600060357943747e-02
3.018690200325771858e-02
3.018690200325771858e-02
3.024429196842321962e-02
3.038120015385471079e-02
3.059480436297665543e-02
3.061784730134148660e-02
3.075266353304057648e-02
3.106560527191693649e-02
3.165252383776098744e-02
3.200433403101022450e-02
3.227503156536627033e-02
3.255305181731710934e-02
3.255305181731710934e-02
3.289350568671545183e-02
3.311949122068953699e-02
3.349440493540593172e-02
3.404292360177953169e-02
3.470419527517411284e-02
3.512493504923720755e-02
3.550934026856381043e-02
3.581833465739352879e-02
3.601164417198132045e-02
3.624334759728723571e-02
3.624334759728723571e-02
3.651277386831654204e-02
3.670221777565245425e-02
3.692805627362567844e-02
3.724307263902711107e-02
3.735634847741436948e-02
3.743613867669354223e-02
3.743080782228965647e-02
3.734462918542429816e-02
3.735536001892441477e-02
3.726627064857881977e-02
3.726627064857881977e-02
3.709463598382794353e-02
3.680157533946924048e-02
3.640321817853688080e-02
3.586416843407914251e-02
3.556289095005177314e-02
3.530300220541714856e-02
3.511001378710572329e-02
3.500185853528139934e-02
3.497469114166951859e-02
3.497469114166951859e-02
3.497469114166951859e-02
3.498800350845614193e-02
3.484971665733003349e-02
3.459792083930970930e-02
3.447194445148284159e-02
3.432751952344521851e-02
3.423561948490787266e-02
3.421261843061779162e-02
3.425711832641410021e-02
3.424902965844963537e-02
3.410539483750023998e-02
3.410539483750023998e-02
3.399391473588644214e-02
3.393341365530643666e-02
3.399232225123600959e-02
3.397335329896181838e-02
3.401142595137274932e-02
3.379015697995534778e-02
3.356121496189834463e-02
3.323168171525862219e-02
3.298412302288386555e-02
3.284694011555536197e-02
3.284694011555536197e-02
3.269437052239980435e-02
3.247809479560118118e-02
3.244141633805913694e-02
3.241818253860558052e-02
3.243346822882783170e-02
3.243528861864325430e-02
3.248078622551283517e-02
3.251586457460349522e-02
3.251764094987599774e-02
3.243011461480866525e-02
3.243011461480866525e-02
3.239612348357155669e-02
3.227422976297430329e-02
3.172586596398170589e-02
3.119180719806408097e-02
3.065502475717846523e-02
3.007768920015773187e-02
2.976790564866702363e-02
2.957581119738545913e-02
2.938164169989287283e-02
2.948714832929312871e-02
2.948714832929312871e-02
2.957517600521814005e-02
2.972377026015300336e-02
2.975522223157246390e-02
2.992320058744156810e-02
3.010199960308436451e-02
3.034692796084932642e-02
3.053258199403137071e-02
3.073276958318350849e-02
3.094977009521119801e-02
3.108940227459959862e-02
3.108940227459959862e-02
3.122602010451172930e-02
3.126460532560465522e-02
3.129264147129314638e-02
3.138529790367561995e-02
3.136044402087834193e-02
3.120601406548481963e-02
3.102353746241566512e-02
3.068364882376338476e-02
3.040913893725038022e-02
3.014971915995927690e-02
3.014971915995927690e-02
2.995121648173498102e-02
2.971859657847682537e-02
2.963596044074491218e-02
2.957102426020403671e-02
2.944025215836925877e-02
2.932485480029588601e-02
2.911631172271883852e-02
2.885094250484730380e-02
2.885094250484730380e-02
2.869738700247893154e-02
2.869738700247893154e-02
2.845667968598886849e-02
2.833099680915990293e-02
2.831788488204512247e-02
2.835820279566992827e-02
2.853730911696736317e-02
2.870970996611418510e-02
2.881827110423772209e-02
2.878363095148654682e-02
2.863079347795870894e-02
2.851526242464533234e-02
2.851526242464533234e-02
2.841981547928777024e-02
2.823399056644490188e-02
2.805162740924551507e-02
2.794794457435541279e-02
2.779779945592706844e-02
2.783313457108197234e-02
2.779484466754155239e-02
2.776216418786870907e-02
2.774467660678989547e-02
2.772376601844986702e-02
2.772376601844986702e-02
2.782807474563743153e-02
2.780514289046138662e-02
2.775288737046471485e-02
2.767544299296146107e-02
2.762958350576811412e-02
2.763027232381872270e-02
2.767842421168803177e-02
2.765356913336863148e-02
2.754865152751868190e-02
2.727472182527526656e-02
2.727472182527526656e-02
2.718194422267246335e-02
2.718199324598487288e-02
2.718199324598487288e-02
2.718199324598487288e-02
2.727405053370193094e-02
2.736331697555878517e-02
2.746710079513055638e-02
2.760041143381455203e-02
2.775029324099552441e-02
2.775059937611669761e-02
2.775059937611669761e-02
2.790977778237682325e-02
2.809250827343953358e-02
2.815947934142216252e-02
2.814542442121385421e-02
2.804181411944411256e-02
2.800900583647998945e-02
2.821925245103791904e-02
2.840889450364442875e-02
2.849178763895043529e-02
2.864811359794550497e-02
2.864811359794550497e-02
2.872404310996330701e-02
2.861908537572026290e-02
2.852783002786800706e-02
2.842898687009702205e-02
2.829939150030049214e-02
2.812780336194874511e-02
2.795190058524074303e-02
2.772774629174544828e-02
2.755943972250224361e-02
2.729813543449171459e-02
2.729813543449171459e-02
2.713096836021731961e-02
2.695713855313045318e-02
2.678936353828486813e-02
2.677213000000420659e-02
2.673991910771041439e-02
2.661741885862635090e-02
2.649290073322971631e-02
2.621461079880236383e-02
2.583665868593390882e-02
2.540222947320106353e-02
2.540222947320106353e-02
2.507912434192044460e-02
2.489217695998881957e-02
2.481568533075444866e-02
2.490656061991584555e-02
2.517292443243645053e-02
2.544285612038149971e-02
2.565052830617619781e-02
2.568105048032279930e-02
2.549044668467101774e-02
2.518953500758691275e-02
2.518953500758691275e-02
2.494459629532560715e-02
2.463268771792510858e-02
2.454821348990669436e-02
2.467200293192987892e-02
2.484545123563295169e-02
2.507168523191689868e-02
2.508367021551594078e-02
2.453403507129736996e-02
2.409115391180143700e-02
2.378149963093600244e-02
2.378149963093600244e-02
2.357430206557479396e-02
2.353959990640930311e-02
2.365993602885271135e-02
2.385067062580976949e-02
2.403729731072664147e-02
2.423474138904876604e-02
2.424701917907769524e-02
2.405259246439303902e-02
2.384381938958661171e-02
2.374073256484651728e-02
2.374073256484651728e-02
2.361356570674806241e-02
2.353249116218929932e-02
2.343475592239519650e-02
2.332989828209085584e-02
2.343356395815610754e-02
2.355264200387575599e-02
2.381241140373002718e-02
2.426392203096674680e-02
2.478137450651570969e-02
2.526551048457273407e-02
2.526551048457273407e-02
2.568100410859806837e-02
2.587453864466282560e-02
2.579426487158132872e-02
2.543066417738207297e-02
2.512467120882277971e-02
2.476899062868572962e-02
2.439909182532782467e-02
2.421426321216792535e-02
2.405842048569659802e-02
2.393290477358216151e-02
2.393290477358216151e-02
2.375028342923771879e-02
2.377018421399043277e-02
2.378911686685543370e-02
2.396188629946710558e-02
2.423505828716311997e-02
2.448923015844926832e-02
2.463264230957868881e-02
2.467422569275102423e-02
2.456785249774545710e-02
2.448324866233023839e-02
2.448324866233023839e-02
2.438944679952378264e-02
2.426388276066956604e-02
2.424872214253648642e-02
2.424448045990467218e-02
2.436736928930487850e-02
2.435349101495555904e-02
2.445350732478884098e-02
2.448650721964525448e-02
2.439803301780244654e-02
2.409024779749266432e-02
2.409024779749266432e-02
2.393988880993553822e-02
2.377268473792661096e-02
2.363025059523896770e-02
2.339551591565561597e-02
2.325083539881970043e-02
2.303566584637078279e-02
2.299107719160028984e-02
2.283056500141605535e-02
2.284428790006912124e-02
2.276242059472006682e-02
2.276242059472006682e-02
2.275880549424571728e-02
2.272215816563238899e-02
2.269789871891644481e-02
2.243254874326461659e-02
2.230622733316588863e-02
2.220931979904977246e-02
2.213589410516401609e-02
2.231542280405959117e-02
2.233934351075890501e-02
2.247508428696938856e-02
2.247508428696938856e-02
2.263733934953710003e-02
2.286064929091615600e-02
2.306140110278016159e-02
2.331965102834981929e-02
2.348615392033575472e-02
2.362496335142049916e-02
2.389210030540911411e-02
2.407094336864644066e-02
2.421512166104397915e-02
2.438841285353509844e-02
2.438841285353509844e-02
2.445488074203862675e-02
2.446006383986557009e-02
2.428952620805515522e-02
2.394713496322932456e-02
2.350125700794887876e-02
2.298017909628549682e-02
2.248813474734619178e-02
2.201472181911631049e-02
2.351454177383070429e-02
2.500721524162106968e-02
2.500721524162106968e-02
2.645407989098817400e-02
2.782134868938191188e-02
2.909567895138642432e-02
3.027359124365669452e-02
3.135731039311465129e-02
3.234824576868247648e-02
3.324571335700404751e-02
3.406147344554493611e-02
3.479990849699253486e-02
3.546789692931573423e-02
3.546789692931573423e-02
3.607368244446249733e-02
3.662018540482165491e-02
3.711357445784892184e-02
3.755831222848526885e-02
3.795819605723046303e-02
3.831561956075808101e-02
3.863725461931918903e-02
3.892970610756153055e-02
3.919016073691919400e-02
3.942433310629660931e-02
3.942433310629660931e-02
3.963419897997236957e-02
3.982280677251314599e-02
3.999467584551743421e-02
4.014496685792336844e-02
4.027482951844942038e-02
4.039222168391105178e-02
4.049530666787044819e-02
4.058426317093658670e-02
4.066474854372705700e-02
4.073457945191141794e-02
4.073457945191141794e-02
4.079869776302295914e-02
4.085578896603495047e-02
4.090877324445300195e-02
4.095479686900108107e-02
4.099247994447021565e-02
4.102545388392057207e-02
4.105538400479957079e-02
4.108162501952263707e-02
4.110493184216875567e-02
4.112054593522105478e-02
4.112054593522105478e-02
4.113355758495947784e-02
4.114606900151478175e-02
4.116057854395928362e-02
4.117786720218782198e-02
4.118672043719994597e-02
4.118953172083113234e-02
4.119257535738783671e-02
4.119453595274257668e-02
4.119294224024207945e-02
4.119450045409020489e-02
4.119450045409020489e-02
4.120001776883092104e-02
4.120166222614207036e-02
4.119888163716582674e-02
4.119089691603701475e-02
4.117743665856875290e-02
4.117029374678089076e-02
4.116431459598249992e-02
4.116118592031975387e-02
4.115491141170626865e-02
4.114808628337146557e-02
4.114808628337146557e-02
4.114212193759782948e-02
4.113434335014176657e-02
4.112782245188825736e-02
4.112228467484203842e-02
4.112007607012363453e-02
4.111599208044161569e-02
4.111316473408247602e-02
4.110235207904121973e-02
4.108702836472207659e-02
4.107651707176664807e-02
4.107651707176664807e-02
4.106445457086511930e-02
4.105830074469606072e-02
4.105322347252179926e-02
4.104904962381290823e-02
4.104331081927007491e-02
4.103750803335214775e-02
4.103025169759071805e-02
4.102188146166364097e-02
4.101316208301894473e-02
4.099775497416920100e-02
4.099775497416920100e-02
4.097889313341664119e-02
4.096133470796908121e-02
4.094408146499436268e-02
4.093103752527872674e-02
4.091946952826717304e-02
4.091133272768457396e-02
4.090740727118764852e-02
4.090805956291972134e-02
4.091061663483309963e-02
4.091305544858812870e-02
4.091305544858812870e-02
4.091656446988460594e-02
4.092063388294105153e-02
4.092306170370570845e-02
4.092516620220253837e-02
4.092704381059433794e-02
4.092827068863429119e-02
4.092938791730942050e-02
4.093072193771923883e-02
4.093372034303729284e-02
4.093086862374140794e-02
4.093086862374140794e-02
4.092670031820505594e-02
4.092280449343882465e-02
4.092066292778091807e-02
4.091457909500363643e-02
4.091184579843617358e-02
4.090835271467849199e-02
4.090299903661190339e-02
4.089925094016154394e-02
4.089282174269098791e-02
4.088326991280916839e-02
4.088326991280916839e-02
4.087107446142249079e-02
4.086226935676697675e-02
4.085361178680928934e-02
4.084313280667539042e-02
4.083086655275806193e-02
4.081897356752367534e-02
4.080751796386850039e-02
4.079672855456600161e-02
4.079127171328009172e-02
4.078678191051520602e-02
4.078678191051520602e-02
4.077578278544438661e-02
4.076559984323066543e-02
4.075531193544800618e-02
4.074424408360605154e-02
4.073119209332921875e-02
4.072166014774662030e-02
4.071133184117965709e-02
4.070383199987610140e-02
4.069225544661991822e-02
4.068149274213075234e-02
4.068149274213075234e-02
4.067080367304872629e-02
4.066128607630893621e-02
4.065307350177150419e-02
4.064598206019193888e-02
4.063681924469813439e-02
4.063072068266954107e-02
4.062867969589675082e-02
4.063057472431618605e-02
4.062974711767128322e-02
4.063487780240335884e-02
4.063487780240335884e-02
4.064000507319553285e-02
4.064404131402331311e-02
4.065234683271610333e-02
4.066290021086216983e-02
4.067032382664243634e-02
4.067314979573963263e-02
4.067948988144996780e-02
4.068565177450794018e-02
4.068816237648287260e-02
4.069501980163096194e-02
4.069501980163096194e-02
4.069991195035651405e-02
4.070805052782833916e-02
4.071608766032689536e-02
4.072516598941289256e-02
4.073307832672482670e-02
4.073749417336078316e-02
4.074552808230775397e-02
4.074780255437195076e-02
4.074468966850095658e-02
4.074151822481124341e-02
4.074151822481124341e-02
4.074163105781734850e-02
4.073907388734192281e-02
4.073824216869216530e-02
4.073240241547178980e-02
4.072748967759113464e-02
4.072340513636446557e-02
4.071992314844907757e-02
4.070800084342719727e-02
4.069840485944869329e-02
4.068930283409981363e-02
4.068930283409981363e-02
4.068587712770154602e-02
4.068460471163158620e-02
4.068471784733344171e-02
4.068070090183120019e-02
4.067576973271523622e-02
4.067122033361457445e-02
4.066966260710077469e-02
4.066693525809898097e-02
4.069421649397658713e-02
4.072171124411362586e-02
4.072171124411362586e-02
4.074646965939268672e-02
4.076440875937864528e-02
4.078466802983059941e-02
4.080438682466953210e-02
4.082824348306934858e-02
4.084868716248116899e-02
4.086444851105180270e-02
4.087905256330114784e-02
4.089590349468529007e-02
4.089590349468529007e-02
4.089590349468529007e-02
4.091570060704140255e-02
4.092974632569136573e-02
4.093892780983053592e-02
4.094027032752611817e-02
4.094456599608886638e-02
4.095287000322875987e-02
4.096151811409119714e-02
4.096859555235347894e-02
4.096663569405496058e-02
4.096247179947623551e-02
4.096247179947623551e-02
4.095432956665293056e-02
4.094605138682663736e-02
4.093865618789957472e-02
4.093349672299002873e-02
4.093337414721382600e-02
4.092733070691578073e-02
4.092289173627017967e-02
4.092396436537867194e-02
4.091944313918262355e-02
4.091401594483284887e-02
4.091401594483284887e-02
4.090555472750537214e-02
4.089767537973617445e-02
4.088708202092290050e-02
4.088217316429863801e-02
4.087503707585167512e-02
4.087008594248793536e-02
4.087342194382700966e-02
4.087558953217754198e-02
4.087745045511465003e-02
4.087834840260305691e-02
4.087834840260305691e-02
4.088079577649565699e-02
4.088420161093126587e-02
4.089127664605530371e-02
4.090270573251298530e-02
4.091373171145163551e-02
4.092493628854088072e-02
4.093474924501688123e-02
4.093504486683455929e-02
4.093333295605303124e-02
4.092981304892893968e-02
4.092981304892893968e-02
4.092875054061170109e-02
4.092735487538445849e-02
4.092255876245984997e-02
4.091339189895675660e-02
4.091339189895675660e-02
4.089873337965597988e-02
4.088479580216502346e-02
4.087237137628732531e-02
4.085808228239208584e-02
4.084808584689321453e-02
