6.102986633777618408e-02
6.102986633777618408e-02
5.935170873999595642e-02
5.880771949887275696e-02
5.924852564930915833e-02
5.888567492365837097e-02
5.845978111028671265e-02
5.785808339715003967e-02
5.730985477566719055e-02
5.691334977746009827e-02
5.644264072179794312e-02
5.582974851131439209e-02
5.582974851131439209e-02
5.526078119874000549e-02
5.459122732281684875e-02
5.391446873545646667e-02
5.316468328237533569e-02
5.225110054016113281e-02
5.147835239768028259e-02
5.070989578962326050e-02
5.006478354334831238e-02
4.949938505887985229e-02
4.887082427740097046e-02
4.887082427740097046e-02
4.840223118662834167e-02
4.790014028549194336e-02
4.736580327153205872e-02
4.682137444615364075e-02
4.622866585850715637e-02
4.579038918018341064e-02
4.550274834036827087e-02
4.525791853666305542e-02
4.510453343391418457e-02
4.484455659985542297e-02
4.484455659985542297e-02
4.475239291787147522e-02
4.459324851632118225e-02
4.441708326339721680e-02
4.426684230566024780e-02
4.416031390428543091e-02
4.402099177241325378e-02
4.394114390015602112e-02
4.389440268278121948e-02
4.384202510118484497e-02
4.360514134168624878e-02
4.360514134168624878e-02
4.348581284284591675e-02
4.324775561690330505e-02
4.311249032616615295e-02
4.277347400784492493e-02
4.238565638661384583e-02
4.192963242530822754e-02
4.156544432044029236e-02
4.115588217973709106e-02
4.097451642155647278e-02
4.089282453060150146e-02
4.089282453060150146e-02
4.087288677692413330e-02
4.029512405395507812e-02
3.980888053774833679e-02
3.939642012119293213e-02
3.904254361987113953e-02
3.868849575519561768e-02
3.838545083999633789e-02
3.807171806693077087e-02
3.779955580830574036e-02
3.751368820667266846e-02
3.751368820667266846e-02
3.722965717315673828e-02
3.702531754970550537e-02
3.682118654251098633e-02
3.662042692303657532e-02
3.647250309586524963e-02
3.629200905561447144e-02
3.603887930512428284e-02
3.562866151332855225e-02
3.520449995994567871e-02
3.475225716829299927e-02
3.475225716829299927e-02
3.424466773867607117e-02
3.379252180457115173e-02
3.331278637051582336e-02
3.282549232244491577e-02
3.226773440837860107e-02
3.181427717208862305e-02
3.138122707605361938e-02
3.094073943793773651e-02
3.049824200570583344e-02
3.007397241890430450e-02
3.007397241890430450e-02
2.966160699725151062e-02
2.921590209007263184e-02
2.868795767426490784e-02
2.818959578871726990e-02
2.779401838779449463e-02
2.749099023640155792e-02
2.723641693592071533e-02
2.701858617365360260e-02
2.679684013128280640e-02
2.656262181699275970e-02
2.656262181699275970e-02
2.631090581417083740e-02
2.604363486170768738e-02
2.581987716257572174e-02
2.552963979542255402e-02
2.533104270696640015e-02
2.511041238903999329e-02
2.490795217454433441e-02
2.473966404795646667e-02
2.455717325210571289e-02
2.430822513997554779e-02
2.430822513997554779e-02
2.408080548048019409e-02
2.380867302417755127e-02
2.362015284597873688e-02
2.335225977003574371e-02
2.305859886109828949e-02
2.261516079306602478e-02
2.217611297965049744e-02
2.171743661165237427e-02
2.134937979280948639e-02
2.102689445018768311e-02
2.102689445018768311e-02
2.086837030947208405e-02
2.077592350542545319e-02
2.066090889275074005e-02
2.052525803446769714e-02
2.048878744244575500e-02
2.026177570223808289e-02
2.014957740902900696e-02
2.006167732179164886e-02
1.995754241943359375e-02
1.992625929415225983e-02
1.992625929415225983e-02
1.980105414986610413e-02
1.964563876390457153e-02
1.942264474928379059e-02
1.898180879652500153e-02
1.852394081652164459e-02
1.802210509777069092e-02
1.744863577187061310e-02
1.684205047786235809e-02
1.631366461515426636e-02
1.584805920720100403e-02
1.584805920720100403e-02
1.532746199518442154e-02
1.456860080361366272e-02
1.395198330283164978e-02
1.336049940437078476e-02
1.301226299256086349e-02
1.276644878089427948e-02
1.273307856172323227e-02
1.263371855020523071e-02
1.261243969202041626e-02
1.242395117878913879e-02
1.242395117878913879e-02
1.218264363706111908e-02
1.185991615056991577e-02
1.151418033987283707e-02
1.111800130456686020e-02
1.067361887544393539e-02
1.028896961361169815e-02
1.005654223263263702e-02
1.003382913768291473e-02
9.968750178813934326e-03
9.916057810187339783e-03
9.916057810187339783e-03
9.948800317943096161e-03
9.932829067111015320e-03
9.765707887709140778e-03
9.618772193789482117e-03
9.296671487390995026e-03
8.996267803013324738e-03
8.658254519104957581e-03
8.334057405591011047e-03
8.160418830811977386e-03
7.992134429514408112e-03
7.992134429514408112e-03
7.863449864089488983e-03
7.682442199438810349e-03
7.409191224724054337e-03
7.093661930412054062e-03
6.927263922989368439e-03
6.849692668765783310e-03
6.704077124595642090e-03
6.704077124595642090e-03
6.464706733822822571e-03
6.120452657341957092e-03
6.120452657341957092e-03
5.648648831993341446e-03
5.269161891192197800e-03
5.038228351622819901e-03
4.734916612505912781e-03
4.618969745934009552e-03
4.410881549119949341e-03
4.218327347189188004e-03
4.132149741053581238e-03
4.145326558500528336e-03
4.353489726781845093e-03
4.353489726781845093e-03
4.266488365828990936e-03
4.071918316185474396e-03
3.889781655743718147e-03
3.728389972820878029e-03
3.541529411450028419e-03
3.443834371864795685e-03
3.443327965214848518e-03
3.508854424580931664e-03
3.696045605465769768e-03
3.751356853172183037e-03
3.751356853172183037e-03
3.905825782567262650e-03
4.179622512310743332e-03
4.624377470463514328e-03
4.922693129628896713e-03
5.137343425303697586e-03
5.319024901837110519e-03
5.525940097868442535e-03
5.875268951058387756e-03
6.158542819321155548e-03
6.397403776645660400e-03
6.397403776645660400e-03
6.432140246033668518e-03
6.194076035171747208e-03
6.041660439223051071e-03
5.983553826808929443e-03
5.935241468250751495e-03
6.000859662890434265e-03
5.977518856525421143e-03
6.333836354315280914e-03
6.593497935682535172e-03
6.862045265734195709e-03
6.862045265734195709e-03
7.270821370184421539e-03
7.770779542624950409e-03
8.208208717405796051e-03
8.394278585910797119e-03
8.147014304995536804e-03
7.840644568204879761e-03
7.731906604021787643e-03
7.937238551676273346e-03
8.420808240771293640e-03
8.928998373448848724e-03
8.928998373448848724e-03
9.223986417055130005e-03
9.284547530114650726e-03
9.186958894133567810e-03
9.042723104357719421e-03
9.079269133508205414e-03
9.266491048038005829e-03
9.735122323036193848e-03
1.040621194988489151e-02
1.101376302540302277e-02
1.141645200550556183e-02
1.141645200550556183e-02
1.199262402951717377e-02
1.215306669473648071e-02
1.181652024388313293e-02
1.132045686244964600e-02
1.092561613768339157e-02
1.078076940029859543e-02
1.086786575615406036e-02
1.135444454848766327e-02
1.175184734165668488e-02
1.202585548162460327e-02
1.202585548162460327e-02
1.227328460663557053e-02
1.247025188058614731e-02
1.270144991576671600e-02
1.319546252489089966e-02
1.390419993549585342e-02
1.454428024590015411e-02
1.505116000771522522e-02
1.534238643944263458e-02
1.547858491539955139e-02
1.529183238744735718e-02
1.529183238744735718e-02
1.468260679394006729e-02
1.377984322607517242e-02
1.284253876656293869e-02
1.203192677348852158e-02
1.152944006025791168e-02
1.143197529017925262e-02
1.161461882293224335e-02
1.178850792348384857e-02
1.190842315554618835e-02
1.180230174213647842e-02
1.180230174213647842e-02
1.157156471163034439e-02
1.130976527929306030e-02
1.109835039824247360e-02
1.106766425073146820e-02
1.110654510557651520e-02
1.123050414025783539e-02
1.134014222770929337e-02
1.136377081274986267e-02
1.135929394513368607e-02
1.118409540504217148e-02
1.118409540504217148e-02
1.090424787253141403e-02
1.068824157118797302e-02
1.060612872242927551e-02
1.090995222330093384e-02
1.090995222330093384e-02
1.090995222330093384e-02
1.107472367584705353e-02
1.106035709381103516e-02
1.078468281775712967e-02
1.050236728042364120e-02
1.050236728042364120e-02
1.014835014939308167e-02
9.889983572065830231e-03
9.719735011458396912e-03
9.683622047305107117e-03
9.648893028497695923e-03
9.492732584476470947e-03
9.359099902212619781e-03
9.243433363735675812e-03
9.224887937307357788e-03
9.102512151002883911e-03
9.102512151002883911e-03
9.245072491466999054e-03
9.628063999116420746e-03
1.020122878253459930e-02
1.069395244121551514e-02
1.098462752997875214e-02
1.104200445115566254e-02
1.092680823057889938e-02
1.083686295896768570e-02
1.079098228365182877e-02
1.106096059083938599e-02
1.106096059083938599e-02
1.154865697026252747e-02
1.220449432730674744e-02
1.280881650745868683e-02
1.320035476237535477e-02
1.337428018450737000e-02
1.333467941731214523e-02
1.314498577266931534e-02
1.285300776362419128e-02
1.267439313232898712e-02
1.261384226381778717e-02
1.261384226381778717e-02
1.275306940078735352e-02
1.297887507826089859e-02
1.330186892300844193e-02
1.346283406019210815e-02
1.350838877260684967e-02
1.338240318000316620e-02
1.323777157813310623e-02
1.321895048022270203e-02
1.331591140478849411e-02
1.347339805215597153e-02
1.347339805215597153e-02
1.375059038400650024e-02
1.406510546803474426e-02
1.436040457338094711e-02
1.444057654589414597e-02
1.437193341553211212e-02
1.414689794182777405e-02
1.376640331000089645e-02
1.340376120060682297e-02
1.319290604442358017e-02
1.311871036887168884e-02
1.311871036887168884e-02
1.310058869421482086e-02
1.302663609385490417e-02
1.285896264016628265e-02
1.256799604743719101e-02
1.228900160640478134e-02
1.210947241634130478e-02
1.210862956941127777e-02
1.224697753787040710e-02
1.244389172643423080e-02
1.279206294566392899e-02
1.279206294566392899e-02
1.327366568148136139e-02
1.374860759824514389e-02
1.420683600008487701e-02
1.458933856338262558e-02
1.473625842481851578e-02
1.483562961220741272e-02
1.501584239304065704e-02
1.534781698137521744e-02
1.588116586208343506e-02
1.641896925866603851e-02
1.641896925866603851e-02
1.687585934996604919e-02
1.705000177025794983e-02
1.709333434700965881e-02
1.690843515098094940e-02
1.669746264815330505e-02
1.663640514016151428e-02
1.689203083515167236e-02
1.749931275844573975e-02
1.837566681206226349e-02
1.946107111871242523e-02
1.946107111871242523e-02
2.040374837815761566e-02
2.102792263031005859e-02
2.192572876811027527e-02
2.251734398305416107e-02
2.271590940654277802e-02
2.286910638213157654e-02
2.310324087738990784e-02
2.343297004699707031e-02
2.404232136905193329e-02
2.480716444551944733e-02
2.480716444551944733e-02
2.566960826516151428e-02
2.651616744697093964e-02
2.714588493108749390e-02
2.754986472427845001e-02
2.765741758048534393e-02
2.759738080203533173e-02
2.739030867815017700e-02
2.719585597515106201e-02
2.703133597970008850e-02
2.679100818932056427e-02
2.679100818932056427e-02
2.656116336584091187e-02
2.633359469473361969e-02
2.613152936100959778e-02
2.587110735476016998e-02
2.567119151353836060e-02
2.548098377883434296e-02
2.541473694145679474e-02
2.538804523646831512e-02
2.543310448527336121e-02
2.543894015252590179e-02
