3.067673136969032224e-02
2.971329041900373433e-02
2.879964940477786756e-02
2.803030837240592585e-02
2.837006943112643093e-02
2.829332006221703735e-02
2.811182017363509159e-02
2.774328075850600664e-02
2.735532109857385583e-02
2.712541956847086544e-02
2.685458807990484878e-02
2.685458807990484878e-02
2.655336040245206974e-02
2.609220009572909768e-02
2.563099033662476212e-02
2.506457955839639512e-02
2.459384869171211963e-02
2.403145491319093677e-02
2.344563895453176047e-02
2.296640427343137406e-02
2.261157730881541844e-02
2.225597509821590145e-02
2.225597509821590145e-02
2.190984399004766714e-02
2.161328245557523828e-02
2.128304724882329815e-02
2.102574714841417072e-02
2.078837896107020577e-02
2.056859367582206458e-02
2.033430458604426616e-02
2.020693498432777485e-02
2.001181002491768737e-02
1.978925486154485547e-02
1.978925486154485547e-02
1.953142136210054766e-02
1.927322945988907410e-02
1.906256456413003494e-02
1.884182540389575666e-02
1.860564250510627834e-02
1.843088813085285577e-02
1.836364845586037353e-02
1.827851107814108464e-02
1.821376613007768749e-02
1.811548226067835263e-02
1.811548226067835263e-02
1.797140426837842697e-02
1.786550205104662017e-02
1.783804282146947418e-02
1.780438263391597928e-02
1.771262045831918999e-02
1.746482983281959916e-02
1.721863211856621001e-02
1.696676245871227284e-02
1.705425351709169077e-02
1.710066589398083828e-02
1.710066589398083828e-02
1.713325963571155075e-02
1.713106824820617019e-02
1.711938347841138186e-02
1.720272957335884298e-02
1.732301413226083886e-02
1.751169861121931043e-02
1.773939034211744273e-02
1.797533828549618962e-02
1.815415826348311390e-02
1.821412305080903626e-02
1.821412305080903626e-02
1.821945460946342715e-02
1.811663398068169561e-02
1.804709796703047806e-02
1.802283494407979844e-02
1.798036895323278442e-02
1.805735996285115150e-02
1.816827823282850946e-02
1.804525638568808127e-02
1.789779604955538117e-02
1.774852495529951474e-02
1.774852495529951474e-02
1.757051220300268751e-02
1.737555103619070271e-02
1.702944381605142957e-02
1.678197244561658447e-02
1.643499253126361540e-02
1.600117317288869342e-02
1.553022034265939127e-02
1.493443887332209646e-02
1.439720955667442119e-02
1.375052714642966377e-02
1.375052714642966377e-02
1.306474529600058256e-02
1.241724446166321723e-02
1.197893524656547248e-02
1.145881732042531784e-02
1.102043248692900768e-02
1.065385049155320209e-02
1.035787100425510261e-02
1.007896281963611973e-02
9.773300213464711575e-03
9.359467449459767802e-03
9.359467449459767802e-03
9.034326697901547826e-03
8.702747423931098819e-03
8.599136345865166647e-03
8.422532596161299082e-03
8.219380151111120233e-03
8.079920586668539254e-03
8.135341800962710146e-03
8.352553014665335326e-03
8.660655348562380090e-03
9.089720576320341194e-03
9.089720576320341194e-03
9.510947575382197247e-03
9.873614232503626770e-03
1.035983242706049572e-02
1.100597279723143987e-02
1.161205840700334571e-02
1.217339425045320910e-02
1.253708087502332542e-02
1.286598036581231182e-02
1.320966268654063559e-02
1.354733810092027466e-02
1.354733810092027466e-02
1.389052639072133576e-02
1.429309339299782503e-02
1.464295526711074068e-02
1.492247051563275195e-02
1.505302410594128171e-02
1.501464280774747299e-02
1.483195696904368067e-02
1.458232092884179099e-02
1.411498091747774575e-02
1.362007629530967608e-02
1.362007629530967608e-02
1.319526786485234089e-02
1.268726837575662875e-02
1.204658915367337775e-02
1.137790317402052019e-02
1.094219020819259605e-02
1.057707103795949011e-02
1.038764798654037529e-02
1.048827489705742542e-02
1.065764175429322752e-02
1.093631507700097184e-02
1.093631507700097184e-02
1.121082397028846586e-02
1.157381335076890921e-02
1.192823612030115103e-02
1.235867206863383583e-02
1.273171460335554075e-02
1.297348431783144039e-02
1.308598396797977514e-02
1.313706190083010344e-02
1.306728887648231016e-02
1.307139520881786358e-02
1.307139520881786358e-02
1.303406644721996285e-02
1.294043303395888203e-02
1.280659287477365141e-02
1.257639458537679854e-02
1.244979655578613495e-02
1.240842440225528413e-02
1.240209856153608181e-02
1.241430696304482960e-02
1.243480668185592726e-02
1.241647337748449931e-02
1.241647337748449931e-02
1.236954678694019913e-02
1.228005139337918529e-02
1.220380024987835661e-02
1.222071799502476817e-02
1.214125992845050718e-02
1.204916750321660505e-02
1.201711603667427603e-02
1.205159131197478840e-02
1.205894227728429580e-02
1.193106531715983770e-02
1.193106531715983770e-02
1.183498762699765165e-02
1.181482829974573809e-02
1.172238914990667707e-02
1.194496843515891436e-02
1.207969633564165597e-02
1.216466770463288383e-02
1.221879539571885109e-02
1.220897706468701376e-02
1.223522691501734670e-02
1.216378179875189647e-02
1.216378179875189647e-02
1.216463871889775922e-02
1.219546417183761840e-02
1.219643648988557455e-02
1.217301814934088414e-02
1.214093675656432308e-02
1.219502168301890045e-02
1.230192474476237384e-02
1.242198553378523300e-02
1.249685285462768733e-02
1.258736174944893003e-02
1.258736174944893003e-02
1.266686939597837236e-02
1.268289340483613227e-02
1.257653827989189087e-02
1.240413978815670809e-02
1.215091218049727841e-02
1.186913614479249458e-02
1.148559298680681441e-02
1.117782505441878779e-02
1.092656612437444517e-02
1.073829874731228699e-02
1.073829874731228699e-02
1.059714463786460940e-02
1.057908394088225533e-02
1.067134663345970999e-02
1.070732966493290368e-02
1.073100916369174387e-02
1.078047535443280545e-02
1.088464799415684615e-02
1.093030459666169060e-02
1.105324757940548061e-02
1.117716657890224265e-02
1.117716657890224265e-02
1.134394042962598090e-02
1.144082327403820633e-02
1.167608719030787529e-02
1.186330090756394957e-02
1.219385089089270943e-02
1.233617262744634777e-02
1.239981744859795960e-02
1.246384321644067664e-02
1.265681841156426207e-02
1.282748836314314203e-02
1.282748836314314203e-02
1.299271272642597320e-02
1.300715526941231305e-02
1.301456755664664837e-02
1.283410420273744558e-02
1.270889823136284701e-02
1.254396436101993736e-02
1.227072434990369651e-02
1.203859299402631165e-02
1.191520081351387858e-02
1.185116386303716914e-02
1.185116386303716914e-02
1.185787476549161543e-02
1.183372842001991464e-02
1.194556317463050382e-02
1.210785562664262044e-02
1.207035553320969998e-02
1.181092687557753172e-02
1.138642717141503252e-02
1.096504534513592991e-02
1.044689882580590763e-02
1.002834988718206803e-02
1.002834988718206803e-02
9.808646731559371099e-03
9.775322276923030865e-03
9.739527668811743394e-03
9.787101614521093174e-03
9.881576642361403207e-03
9.987618255742911413e-03
9.999934024748849057e-03
9.853310592051365072e-03
9.598834675800480346e-03
9.527566563117473991e-03
9.527566563117473991e-03
9.411314749869384086e-03
9.406430570768850932e-03
9.566260147274732381e-03
9.724819880401077560e-03
9.909970205312652880e-03
1.004224861271737525e-02
1.010806296264145886e-02
1.009039097843929256e-02
9.991552614055560638e-03
9.847476943585831838e-03
9.847476943585831838e-03
9.724271778641142491e-03
9.599029723473904291e-03
9.506930130153584332e-03
9.432915885756690266e-03
9.385017927149600855e-03
9.347547977000360275e-03
9.322991282078373770e-03
9.248787286051730547e-03
9.204057635921416083e-03
9.138163280857588416e-03
9.138163280857588416e-03
9.114528856610099039e-03
9.192985155953228502e-03
9.222408997455711424e-03
9.282321136816247195e-03
9.350051381722474658e-03
9.479621218699815777e-03
9.656137752377313629e-03
9.747609086884613180e-03
9.793052739819745403e-03
9.761473625868578863e-03
9.761473625868578863e-03
9.691622719986622836e-03
9.606248356454072379e-03
9.492239885119534495e-03
9.457960705877017926e-03
9.332318655795574999e-03
9.171957625328800573e-03
9.088390196930485818e-03
9.095364883950669485e-03
9.073216904483729500e-03
8.970314503682011095e-03
8.970314503682011095e-03
8.899222144052936281e-03
8.825194533425638477e-03
8.860297059920842211e-03
8.935755594070397129e-03
9.072259005059920417e-03
9.118251554644815279e-03
9.237563754241014113e-03
9.237563754241014113e-03
9.257323158296873467e-03
9.128893880365571145e-03
9.128893880365571145e-03
8.938455196521030016e-03
8.567213937368797771e-03
8.288841219976510882e-03
8.145280484418931585e-03
8.090593095207120056e-03
8.150566267644043794e-03
8.284474800228883162e-03
8.594323595906906352e-03
8.845925019108909909e-03
9.044499463992352467e-03
9.044499463992352467e-03
9.221120297480496150e-03
9.377778826513126845e-03
9.392489390139355243e-03
9.398128445672707457e-03
9.399494773904034164e-03
9.592639944057006207e-03
9.721320218999260007e-03
9.760924676145409443e-03
9.686373619553986097e-03
9.539496924742461165e-03
9.539496924742461165e-03
9.481107815301797331e-03
9.450970277460770883e-03
9.427773230095741475e-03
9.372474960680781883e-03
9.329009489870955518e-03
9.173634482058580508e-03
8.978663813600084448e-03
8.826951091421262469e-03
8.886804721757492198e-03
9.021293258497740247e-03
9.021293258497740247e-03
9.248153542879739702e-03
9.578915166573422069e-03
9.909749558266135391e-03
1.015943995529597181e-02
1.037793472269638549e-02
1.055535630022198280e-02
1.078269972770562468e-02
1.094964857171081517e-02
1.108243183145880828e-02
1.139421730945775271e-02
1.139421730945775271e-02
1.164213305344096241e-02
1.177542806828170939e-02
1.171061530758492689e-02
1.162311022729851928e-02
1.148164747124270392e-02
1.123888512086748670e-02
1.096059995072584149e-02
1.058228258919806722e-02
1.015060653818407148e-02
9.676969796189162018e-03
9.676969796189162018e-03
9.212854220957166981e-03
8.794559474328535187e-03
8.841764825125915730e-03
8.908033632389709272e-03
8.986899830373939330e-03
8.943964355498395039e-03
8.838295712013563912e-03
8.658140738605770229e-03
8.473080792434637895e-03
8.218601528619874294e-03
8.218601528619874294e-03
7.943616997152094100e-03
7.704597850595165144e-03
7.574315872602528296e-03
7.605019764341661333e-03
7.705686999979944121e-03
7.890170145454634618e-03
8.167237387020491110e-03
8.495425595938755833e-03
8.853996374955208637e-03
9.252463863227224777e-03
9.252463863227224777e-03
9.549240147449801139e-03
9.818037722385051028e-03
1.001927172021674188e-02
1.016335869197292074e-02
1.019786034391776709e-02
1.019786034391776709e-02
1.023242234870794416e-02
1.015268945123401489e-02
1.000503348518184260e-02
9.856715456903150999e-03
9.856715456903150999e-03
9.659308753676475526e-03
9.416564757188800039e-03
9.157899518377992168e-03
8.964072184911757793e-03
8.829379808833959925e-03
8.736363822638565368e-03
8.593862166096510533e-03
8.406759949293607023e-03
8.288764732221291093e-03
8.158237349092082105e-03
8.158237349092082105e-03
8.100496735767261786e-03
8.280099976114120922e-03
8.506879445638090842e-03
8.730588177390068844e-03
8.840053565671837990e-03
9.024985336909534250e-03
9.270658450559974076e-03
9.472214638245411017e-03
9.719095929904940021e-03
9.930793057586356082e-03
9.930793057586356082e-03
1.012288970307601010e-02
1.025726681004908263e-02
1.032477141206320816e-02
1.033350666946074303e-02
1.027511453672122661e-02
1.011091185701076811e-02
9.896400035627604674e-03
9.687706226605306489e-03
9.466533681943117493e-03
9.226609878294704525e-03
9.226609878294704525e-03
9.008063696192617625e-03
8.867903931049263624e-03
8.818087778454336209e-03
8.808012567597582262e-03
8.782277074650790549e-03
8.735408933905834672e-03
8.692034300631576449e-03
8.656516517715984183e-03
8.653336437677332932e-03
8.666000037517945440e-03
8.666000037517945440e-03
8.762099253433370399e-03
8.934632395824770174e-03
9.038716019827629580e-03
9.122269139054164575e-03
9.169948537700796029e-03
9.187314818716457721e-03
9.207831001825619172e-03
9.129832043875832706e-03
9.085294449950806484e-03
9.011027465003568215e-03
9.011027465003568215e-03
8.821428895181693611e-03
8.560150306154239858e-03
8.560150306154239858e-03
8.241505865015083532e-03
7.986974271333898909e-03
7.986974271333898909e-03
7.778498984925499675e-03
7.621728614567764223e-03
7.527376666852343863e-03
7.593242648030079298e-03
7.593242648030079298e-03
7.710958547613695237e-03
7.769063009027164964e-03
7.731142819309404918e-03
7.768053035806412113e-03
7.788868516939030651e-03
7.724807614907422924e-03
7.729959135512258321e-03
7.738257663662815797e-03
7.826177178835182907e-03
7.896794722760232255e-03
7.896794722760232255e-03
7.912017085031624458e-03
7.879961524541973655e-03
7.864007863786196331e-03
7.816189230337399624e-03
7.674438217081611807e-03
7.532682657238471725e-03
7.387884631799939567e-03
7.288169548437502601e-03
7.340017855712756625e-03
7.490141744970503328e-03
7.490141744970503328e-03
7.648754628489051396e-03
7.836739912313107556e-03
8.192960992094029324e-03
8.467477344054973043e-03
8.654029363914975126e-03
8.844075137757673177e-03
8.947803094823909842e-03
9.021704059382226748e-03
8.893830141560874272e-03
8.606097515823215791e-03
8.606097515823215791e-03
8.497166731794568093e-03
8.351571149609764155e-03
8.173850192292834299e-03
7.918435753369514052e-03
7.668015381932118124e-03
7.506967726305759266e-03
7.448354738714945029e-03
7.429848459951973391e-03
7.433519343185839533e-03
7.465854643295271285e-03
7.465854643295271285e-03
7.533669979460105685e-03
7.600006563255674169e-03
7.650077436549745924e-03
7.752964245342836534e-03
7.944166973601059917e-03
8.152054993549694498e-03
8.320360275743787781e-03
8.406836967716380116e-03
8.444502375532552535e-03
8.458032998828355839e-03
8.458032998828355839e-03
8.475129867065974223e-03
8.433245107518704681e-03
8.293862028706045289e-03
8.146138896275354965e-03
7.885533504548585329e-03
7.626824048039898378e-03
7.453053848247110855e-03
7.291675962278639650e-03
7.147437085632845841e-03
7.080294933832434121e-03
7.080294933832434121e-03
7.017048225851136092e-03
7.011880409194368342e-03
7.003599859303486982e-03
7.043550155699166218e-03
7.128872195267843201e-03
7.217013264604305901e-03
7.266057769073353857e-03
7.293661253728576238e-03
7.244986244034351888e-03
7.244040587926325880e-03
7.244040587926325880e-03
7.274833724839049540e-03
7.347716662980990215e-03
7.454603874229688391e-03
7.574779292709650155e-03
7.621233221724260307e-03
7.584565355885764144e-03
7.524477072478474513e-03
7.481518674562865137e-03
7.423876628618823054e-03
7.384429861222845289e-03
7.384429861222845289e-03
7.304743539326475667e-03
7.235480174280322675e-03
7.143857054997658322e-03
7.089603991682086152e-03
7.068641110721565236e-03
6.931616243220611005e-03
6.849290760412398912e-03
6.895486716036020557e-03
6.967926206675291619e-03
7.098125860588779326e-03
