1.739468592283419796e-02
1.829275850473423976e-02
1.927457906625035591e-02
2.010118961154871292e-02
2.021458746241576454e-02
1.971889236580199808e-02
1.942849170953652588e-02
1.960959556381059593e-02
1.977658932700425420e-02
1.988497372168527774e-02
2.023968235000077331e-02
2.023968235000077331e-02
2.048224600203006965e-02
2.073199693536218260e-02
2.092825610621846383e-02
2.100586191673843237e-02
2.099743195547707289e-02
2.098348384568290981e-02
2.099046391607395368e-02
2.098454449112990491e-02
2.102942007212888972e-02
2.101051342937376373e-02
2.101051342937376373e-02
2.098835457372347918e-02
2.098776005690099547e-02
2.103469749550619314e-02
2.105267903393851642e-02
2.105443577645892128e-02
2.106612610601530516e-02
2.111081728207816685e-02
2.112882930993649488e-02
2.111621650553522148e-02
2.115538275517342415e-02
2.115538275517342415e-02
2.115138695888681489e-02
2.114522524201600459e-02
2.120171140477237343e-02
2.118403646525786332e-02
2.120022941936885660e-02
2.113815096655768597e-02
2.103625683236301155e-02
2.097191924593743914e-02
2.084969358585671284e-02
2.083937590622467889e-02
2.083937590622467889e-02
2.088566977448659545e-02
2.094152758787836896e-02
2.093727293182220256e-02
2.093430602862135850e-02
2.090768438444400371e-02
2.087406663099428475e-02
2.085472712565324474e-02
2.080293866671632103e-02
2.084019593777651155e-02
2.088725094953249733e-02
2.088725094953249733e-02
2.090595533233465669e-02
2.098660243757683591e-02
2.106741770412872555e-02
2.118411479671934716e-02
2.132726946960447276e-02
2.137908657450600727e-02
2.169650218123436378e-02
2.199573803417391796e-02
2.225145219728053361e-02
2.210991923383156740e-02
2.210991923383156740e-02
2.198447569559656284e-02
2.179597245280038079e-02
2.154946631429598136e-02
2.130015980599636941e-02
2.098172276290641985e-02
2.066322171499681074e-02
2.034444701246860068e-02
1.988387728926449202e-02
1.944003030847612362e-02
1.900383051182949132e-02
1.900383051182949132e-02
1.862116100309032379e-02
1.822697944723097180e-02
1.780823233492539320e-02
1.739371087592078008e-02
1.709158635460597889e-02
1.689589842212604887e-02
1.674160269573916199e-02
1.673085327874139494e-02
1.680692361941391391e-02
1.687072287290173125e-02
1.687072287290173125e-02
1.683397502181868677e-02
1.673550467056864749e-02
1.662639790550302435e-02
1.653451419861424673e-02
1.627818298908954853e-02
1.596226699436833693e-02
1.564112453786462367e-02
1.516969957163372476e-02
1.467704501535436676e-02
1.418862480652909909e-02
1.418862480652909909e-02
1.363166831910352095e-02
1.300826740074088883e-02
1.240132123148865798e-02
1.182502410199627076e-02
1.121151085972106089e-02
1.121151085972106089e-02
1.121151085972106089e-02
1.121151085972106089e-02
1.059798878663070071e-02
1.012566283274202519e-02
1.012566283274202519e-02
9.598430240480633480e-03
9.145845133744879424e-03
8.719276739469946844e-03
8.391267035234479393e-03
8.289097147690178274e-03
8.153067681611237891e-03
8.313776795698415295e-03
8.560908411278513735e-03
8.687205707308262234e-03
8.721241725175432960e-03
8.721241725175432960e-03
8.617840086446081072e-03
8.426123800185246829e-03
8.154916140130344729e-03
7.721926668584404470e-03
7.164015769720303260e-03
6.833570575771406863e-03
6.552534209811726636e-03
6.258658056573662698e-03
5.920052034050234287e-03
5.673291101205499287e-03
5.673291101205499287e-03
5.375100687141277749e-03
5.167167992387849268e-03
5.048387426902589334e-03
4.877551812283718521e-03
4.788978918849851399e-03
4.686220117868103788e-03
4.519571960146525659e-03
4.354769808246472008e-03
4.224093242411493601e-03
4.154845536303837170e-03
4.154845536303837170e-03
4.025216838859538987e-03
3.722896627019944490e-03
3.733150875040578808e-03
3.973510260841328114e-03
4.234456653419154011e-03
4.611714752221407823e-03
5.063815382075848547e-03
5.501045191236958107e-03
6.024665310503143391e-03
6.549623000433531760e-03
6.549623000433531760e-03
6.984883163071380942e-03
7.352014311457827009e-03
7.666714760327789265e-03
7.887418331051684536e-03
8.083981660272670372e-03
8.252699974546617509e-03
8.489832310859122405e-03
8.711874912717880101e-03
8.891588866036173947e-03
9.039535067511674654e-03
9.039535067511674654e-03
9.117889396277277167e-03
9.131107736685373580e-03
9.139886091068194496e-03
9.101902397565789574e-03
9.059775055092405410e-03
8.976907692769490327e-03
8.901327092844373359e-03
8.803359068955797853e-03
8.663327822486487084e-03
8.448518407325999666e-03
8.448518407325999666e-03
8.214734683368076981e-03
8.037847194903082262e-03
7.798450672260533005e-03
7.551995308764658521e-03
7.266995294256698920e-03
6.973594476694238396e-03
6.697558678211494934e-03
6.430413282717962163e-03
6.185641702126400826e-03
5.969086100405395987e-03
5.969086100405395987e-03
5.850914767641050146e-03
5.772062929157139796e-03
5.747174269143793049e-03
5.850204226008744179e-03
5.919591051737034017e-03
5.936590487155979021e-03
5.985181320411676366e-03
5.987873712198475001e-03
5.978058735474258388e-03
5.912094698438266974e-03
5.912094698438266974e-03
5.847018059007613733e-03
5.816580733220093162e-03
5.707843591094468282e-03
5.603392045130346083e-03
5.519399700047354640e-03
5.442412875097408370e-03
5.320117396713237856e-03
5.198668898719896285e-03
5.082329449141049019e-03
4.939199201403732253e-03
4.939199201403732253e-03
4.695066574354284095e-03
4.473426291609444889e-03
4.599260798489362284e-03
4.914387645217488908e-03
5.297326268682878668e-03
5.588743580533619623e-03
5.845640871403257749e-03
5.969041285065549741e-03
6.095206040106737957e-03
6.136916216329875960e-03
6.136916216329875960e-03
6.130381118964318282e-03
6.110465294844018812e-03
6.051504679088969170e-03
6.017743652692815470e-03
5.907505801982404492e-03
5.896841689550813038e-03
5.730111835737566363e-03
5.727339511865355351e-03
5.883190279000174473e-03
6.213347327039480707e-03
6.213347327039480707e-03
6.645741338814077637e-03
7.079793358335562635e-03
7.443880878724644205e-03
7.745023032484388628e-03
8.104131568421839640e-03
8.481853967609627107e-03
8.762753039003855562e-03
8.956577313504427568e-03
9.062164134767170670e-03
9.097863463442042858e-03
9.097863463442042858e-03
9.036102674123826922e-03
8.874882599627487156e-03
8.658854154849024778e-03
8.417562396057553034e-03
8.121073209957418992e-03
7.808126338582093220e-03
7.449863779183534679e-03
7.060761001493727484e-03
6.742819485083193821e-03
6.444737022234661022e-03
6.444737022234661022e-03
6.133032590732286071e-03
5.832636365392929005e-03
5.537967341957760262e-03
5.284156901595574163e-03
5.113153144517826147e-03
4.997720930971048282e-03
4.972635290266202122e-03
4.982211977786978399e-03
4.982901710958156580e-03
5.033291618731451124e-03
5.033291618731451124e-03
5.076461998116968410e-03
5.121677187060469372e-03
5.162844589694854346e-03
5.179003153419254463e-03
5.235683246117945992e-03
5.321738303057884679e-03
5.422090655988185716e-03
5.511761104671620767e-03
5.576825420532676922e-03
5.577961262803077247e-03
5.577961262803077247e-03
5.557574523909833940e-03
5.503184156108284660e-03
5.475948068714029705e-03
5.355256008755060124e-03
5.151894201585506712e-03
5.054963927327949663e-03
4.741946596699774148e-03
4.501279523103560859e-03
4.347387789313358029e-03
4.256815272757363301e-03
4.256815272757363301e-03
4.215336354424746579e-03
4.346115914231821545e-03
4.610744156752561405e-03
4.966274844300780020e-03
5.331153942455790426e-03
5.690839343631202106e-03
6.067122045209584653e-03
6.389685281340756230e-03
6.767398420949550381e-03
7.082067329447000979e-03
7.082067329447000979e-03
7.346696266994916409e-03
7.508568192108921839e-03
7.568732079420434529e-03
7.610607277881293632e-03
7.578893962721185498e-03
7.500588023387636319e-03
7.384652050106317762e-03
7.264241157973380311e-03
7.180801725139965980e-03
7.078944546558430667e-03
7.078944546558430667e-03
6.909845263235159761e-03
6.789622689779905435e-03
6.743371988837761413e-03
6.718796206511635886e-03
6.698847857094280059e-03
6.717305258795281016e-03
6.812146085924783608e-03
6.853143688402875411e-03
6.890104357297067994e-03
6.937166033703618707e-03
6.937166033703618707e-03
6.949351246659127464e-03
6.894867525463217912e-03
6.887200165626178143e-03
6.839695270442428671e-03
6.844800139142874149e-03
6.831028722337615343e-03
6.862188099445591487e-03
6.904622720497231338e-03
6.973409300102272751e-03
7.028651055186167611e-03
7.028651055186167611e-03
7.074344439024853569e-03
7.110965046873853231e-03
7.165584193386897657e-03
7.197091746443452266e-03
7.137858132815303423e-03
7.094283554675104297e-03
6.967223283471535127e-03
6.816541237405497784e-03
6.709853836429153368e-03
6.637425469834287543e-03
6.637425469834287543e-03
6.637425469834287543e-03
6.637425469834287543e-03
6.508475222209688694e-03
6.336793592135899628e-03
6.132112816112386330e-03
5.998784427796609829e-03
5.906534844095963008e-03
5.850831473087129281e-03
5.839928727067978179e-03
5.890443370963557163e-03
5.890443370963557163e-03
5.947376231033408428e-03
6.002211480854096476e-03
6.039187997715429052e-03
6.101711201631406997e-03
6.115952528524716200e-03
6.187176016881374731e-03
6.213902422079893052e-03
6.227384128887191589e-03
6.217890329726825926e-03
6.202833404739377041e-03
6.202833404739377041e-03
6.160014465808986116e-03
6.094300075172185728e-03
6.024700389585139343e-03
5.969647471763873427e-03
5.926504587312725336e-03
5.891027015673198919e-03
5.914749781784960081e-03
5.968737771849716954e-03
6.055929952316873623e-03
6.195500126233034061e-03
6.195500126233034061e-03
6.332889716723560242e-03
6.457695865332326035e-03
6.557701928962982041e-03
6.608705596934851684e-03
6.633163437969749957e-03
6.716727930514153171e-03
6.794473630132151845e-03
6.874524381179201830e-03
7.081764403580741683e-03
7.363464700164582682e-03
7.363464700164582682e-03
7.611040964726353830e-03
7.760072322717781121e-03
7.820706552829313762e-03
7.831304331463024432e-03
7.833759016274453174e-03
7.775637162874808432e-03
7.834478121777715270e-03
7.814000708133397172e-03
7.817243300604006725e-03
8.630736805083426971e-03
8.630736805083426971e-03
9.272051949088665201e-03
9.839478678416986243e-03
1.026980190563885585e-02
1.062903642463846644e-02
1.094469997929451745e-02
1.124906814562283246e-02
1.151036475409523453e-02
1.173242761428280011e-02
1.184854977666783583e-02
1.192866897298101858e-02
1.192866897298101858e-02
1.195715847419377004e-02
1.193494194279040403e-02
1.185841621359665261e-02
1.174052291701477117e-02
1.159407312859356796e-02
1.147977306387548690e-02
1.130704199874632554e-02
1.111599328442590233e-02
1.093718375953732329e-02
1.071747527807724067e-02
1.071747527807724067e-02
1.047992905120358718e-02
1.029603812761267431e-02
1.005732660685131584e-02
9.829485053833641323e-03
9.653493305305144850e-03
9.505225194200871489e-03
9.410988131558526565e-03
9.253438781684306808e-03
9.178587988223973343e-03
9.122778338286733485e-03
9.122778338286733485e-03
9.103750179600540032e-03
9.097028728511438733e-03
9.168795807883973678e-03
9.211504199335624962e-03
9.266473049664660303e-03
9.312259377141229519e-03
9.471040904433448288e-03
9.189516218291240990e-03
8.930050032011804806e-03
8.731997876476776596e-03
8.731997876476776596e-03
8.491276127142703342e-03
8.324143305010986080e-03
8.275850707957279132e-03
8.267823414017102385e-03
8.307847807357134420e-03
8.349908882406931881e-03
8.365266423663612547e-03
8.433764893033995555e-03
8.474038390778506485e-03
8.484739748178119975e-03
8.484739748178119975e-03
8.501924490355779532e-03
8.541796842765838824e-03
8.604436555347346263e-03
8.604436555347346263e-03
8.723774655937903064e-03
8.626521533421836058e-03
8.554628465024310610e-03
8.522288926012816165e-03
8.537723479801365839e-03
8.574868169519633820e-03
8.574868169519633820e-03
8.601517418207122942e-03
8.607408080182449642e-03
8.623110716148496210e-03
8.685644964225337772e-03
8.806738767984739757e-03
8.917002133105946665e-03
9.008066968716444203e-03
8.990839895614600313e-03
8.946902015502944047e-03
8.897087091929161903e-03
8.897087091929161903e-03
8.831379452635469349e-03
8.812149767233816433e-03
8.789038285985152979e-03
8.817966548797779788e-03
8.802086338533720786e-03
8.774363797354132674e-03
8.835019600209770285e-03
8.876944285712571117e-03
8.958162203280767635e-03
9.023043594810837426e-03
9.023043594810837426e-03
9.136376763124632802e-03
9.267541755842018114e-03
9.369926213896803691e-03
9.445952225585198606e-03
9.457522123702131328e-03
9.429011666178203910e-03
9.375675333727856095e-03
9.254790489535537693e-03
9.140793723498656306e-03
9.054546896370287146e-03
9.054546896370287146e-03
8.863317369093242845e-03
8.714842160032380131e-03
8.558009380063203234e-03
8.429747916320895484e-03
8.357670592163728845e-03
8.343270890612068322e-03
8.302301597002657157e-03
8.291552155441420796e-03
8.249947729069983735e-03
8.220381715258967201e-03
8.220381715258967201e-03
8.168975155748936512e-03
8.096147138546136088e-03
8.051336639200663836e-03
7.990501890567699994e-03
7.934094197853600733e-03
7.886739561579458532e-03
7.762622891121830244e-03
7.643393402026846771e-03
7.490354087304051424e-03
7.332080411869102560e-03
7.332080411869102560e-03
7.231412659154072033e-03
7.169786684229711125e-03
7.086634906311533276e-03
7.014259629791877622e-03
6.993269853143913029e-03
7.013615870438245740e-03
7.022318557848653171e-03
6.948393515902807210e-03
6.850062766201227109e-03
6.750907305973183857e-03
6.750907305973183857e-03
6.667165269005140282e-03
6.578788961045867363e-03
6.421475715120252351e-03
6.206946349356907630e-03
6.195322053755401674e-03
6.187027240379480535e-03
6.137571443275158418e-03
6.054465145450750596e-03
5.942069285423222727e-03
5.690458258584181646e-03
5.690458258584181646e-03
5.420949782570978065e-03
5.225716146888809317e-03
5.198886389382970964e-03
5.262696814644233015e-03
5.399593094364574589e-03
5.596618073703219128e-03
5.831134192637059052e-03
6.069066101832201222e-03
6.200403219645675076e-03
6.220625932459687181e-03
