5.984883755445480347e-02
5.736542120575904846e-02
5.462713539600372314e-02
5.300654098391532898e-02
5.236673727631568909e-02
5.262566730380058289e-02
5.275768786668777466e-02
5.381185188889503479e-02
5.460017174482345581e-02
5.499552562832832336e-02
5.529841408133506775e-02
5.529841408133506775e-02
5.492946878075599670e-02
5.424542725086212158e-02
5.361300334334373474e-02
5.331103503704071045e-02
5.319949984550476074e-02
5.352544784545898438e-02
5.437403917312622070e-02
5.483199656009674072e-02
5.573802068829536438e-02
5.702362954616546631e-02
5.702362954616546631e-02
5.855796113610267639e-02
6.000954657793045044e-02
6.117873638868331909e-02
6.173426657915115356e-02
6.273064017295837402e-02
6.312790513038635254e-02
6.383337825536727905e-02
6.445690989494323730e-02
6.435306370258331299e-02
6.406566500663757324e-02
6.406566500663757324e-02
6.326930969953536987e-02
6.255694478750228882e-02
6.118348613381385803e-02
5.970894545316696167e-02
5.783628299832344055e-02
5.567025020718574524e-02
5.348338186740875244e-02
5.159232020378112793e-02
5.031953379511833191e-02
4.977858439087867737e-02
4.977858439087867737e-02
4.926519468426704407e-02
4.884161427617073059e-02
4.902112856507301331e-02
4.945020750164985657e-02
5.099222436547279358e-02
5.176783725619316101e-02
5.215770751237869263e-02
5.201867595314979553e-02
5.215141922235488892e-02
5.224461853504180908e-02
5.224461853504180908e-02
5.173390358686447144e-02
5.127123743295669556e-02
5.130550265312194824e-02
5.122109502553939819e-02
5.088063701987266541e-02
5.065992474555969238e-02
5.016846582293510437e-02
5.018563941121101379e-02
4.991840571165084839e-02
4.939666390419006348e-02
4.939666390419006348e-02
4.859779775142669678e-02
4.815032705664634705e-02
4.791434854269027710e-02
4.817246273159980774e-02
4.910660907626152039e-02
4.962702095508575439e-02
4.961259290575981140e-02
4.911981150507926941e-02
4.828261584043502808e-02
4.707624390721321106e-02
4.707624390721321106e-02
4.638271033763885498e-02
4.629850387573242188e-02
4.628060013055801392e-02
4.593869298696517944e-02
4.512461274862289429e-02
4.427435621619224548e-02
4.339816048741340637e-02
4.210058227181434631e-02
4.087660834193229675e-02
3.977143764495849609e-02
3.977143764495849609e-02
3.961116075515747070e-02
3.933231905102729797e-02
3.843435645103454590e-02
3.686362504959106445e-02
3.506832197308540344e-02
3.248983994126319885e-02
2.977987937629222870e-02
2.741120755672454834e-02
2.581146173179149628e-02
2.429072558879852295e-02
2.429072558879852295e-02
2.318096533417701721e-02
2.270477265119552612e-02
2.274030447006225586e-02
2.326981350779533386e-02
2.390095032751560211e-02
2.448278851807117462e-02
2.542464993894100189e-02
2.679900079965591431e-02
2.780975773930549622e-02
2.836208418011665344e-02
2.836208418011665344e-02
2.815357595682144165e-02
2.760511636734008789e-02
2.697789296507835388e-02
2.635293453931808472e-02
2.563035674393177032e-02
2.554333955049514771e-02
2.637583389878273010e-02
2.784450165927410126e-02
2.833687141537666321e-02
2.828183025121688843e-02
2.828183025121688843e-02
2.887820824980735779e-02
2.969336695969104767e-02
3.022572211921215057e-02
3.088750503957271576e-02
3.195174783468246460e-02
3.320806846022605896e-02
3.424781560897827148e-02
3.457440808415412903e-02
3.475061058998107910e-02
3.492505848407745361e-02
3.492505848407745361e-02
3.529316931962966919e-02
3.561773523688316345e-02
3.638559579849243164e-02
3.711266815662384033e-02
3.828219696879386902e-02
3.902857005596160889e-02
3.990768268704414368e-02
4.116459190845489502e-02
4.203084856271743774e-02
4.250434786081314087e-02
