9.938767179846763611e-03
9.938767179846763611e-03
1.061067078262567520e-02
1.050832401961088181e-02
1.091898791491985321e-02
1.118310727179050446e-02
1.146109309047460556e-02
1.128252968192100525e-02
1.112098060548305511e-02
1.102180778980255127e-02
1.077951863408088684e-02
1.060118991881608963e-02
1.060118991881608963e-02
1.066730823367834091e-02
1.084146369248628616e-02
1.100514270365238190e-02
1.154190208762884140e-02
1.203424017876386642e-02
1.244891062378883362e-02
1.275754161179065704e-02
1.284847501665353775e-02
1.288173906505107880e-02
1.284337788820266724e-02
1.284337788820266724e-02
1.296003255993127823e-02
1.318644825369119644e-02
1.351361162960529327e-02
1.376508455723524094e-02
1.389521546661853790e-02
1.397856418043375015e-02
1.396270189434289932e-02
1.385393831878900528e-02
1.359957456588745117e-02
1.332273706793785095e-02
1.332273706793785095e-02
1.299169380217790604e-02
1.260880753397941589e-02
1.230885460972785950e-02
1.212447602301836014e-02
1.212335377931594849e-02
1.238011568784713745e-02
1.257799845188856125e-02
1.292244065552949905e-02
1.313291490077972412e-02
1.309206057339906693e-02
1.309206057339906693e-02
1.291221939027309418e-02
1.250886265188455582e-02
1.203567720949649811e-02
1.147844921797513962e-02
1.099222246557474136e-02
1.062013301998376846e-02
1.038898713886737823e-02
1.035288348793983459e-02
1.057491544634103775e-02
1.077763456851243973e-02
1.077763456851243973e-02
1.092765759676694870e-02
1.098820939660072327e-02
1.090963836759328842e-02
1.072417851537466049e-02
1.050707232207059860e-02
1.025951839983463287e-02
1.001115702092647552e-02
1.001115702092647552e-02
9.872059337794780731e-03
9.729507379233837128e-03
9.729507379233837128e-03
9.668601676821708679e-03
9.742734022438526154e-03
9.987308643758296967e-03
1.019976194947957993e-02
1.031408179551362991e-02
1.026004273444414139e-02
1.015278138220310211e-02
1.012715604156255722e-02
1.020005904138088226e-02
1.031207107007503510e-02
1.031207107007503510e-02
1.049986761063337326e-02
1.064788922667503357e-02
1.081609353423118591e-02
1.101864781230688095e-02
1.106197293847799301e-02
1.096896547824144363e-02
1.088437717407941818e-02
1.061857026070356369e-02
1.024746336042881012e-02
9.758067317306995392e-03
9.758067317306995392e-03
9.331746026873588562e-03
9.057322517037391663e-03
9.001896716654300690e-03
9.020335972309112549e-03
9.062196128070354462e-03
9.198260493576526642e-03
9.288817644119262695e-03
9.265370666980743408e-03
9.142986498773097992e-03
8.867424912750720978e-03
8.867424912750720978e-03
8.549572899937629700e-03
8.142417296767234802e-03
7.767806295305490494e-03
7.463904097676277161e-03
7.412385661154985428e-03
7.540819700807332993e-03
7.771600969135761261e-03
7.915037684142589569e-03
8.086087182164192200e-03
8.172967471182346344e-03
8.172967471182346344e-03
8.184462785720825195e-03
8.165899664163589478e-03
8.234772831201553345e-03
8.347534574568271637e-03
8.497378788888454437e-03
8.657383732497692108e-03
8.902989327907562256e-03
9.099515154957771301e-03
9.253549389541149139e-03
9.224937297403812408e-03
9.224937297403812408e-03
9.089673869311809540e-03
8.869199082255363464e-03
8.604946546256542206e-03
8.425007574260234833e-03
8.404627442359924316e-03
8.429517969489097595e-03
8.450701832771301270e-03
8.640588261187076569e-03
8.819593116641044617e-03
9.029167704284191132e-03
9.029167704284191132e-03
9.098748676478862762e-03
8.991441689431667328e-03
8.698314428329467773e-03
8.440264500677585602e-03
8.077534846961498260e-03
7.712892722338438034e-03
7.329240906983613968e-03
6.988328415900468826e-03
6.766980048269033432e-03
6.641543470323085785e-03
6.641543470323085785e-03
6.624194327741861343e-03
6.747380830347537994e-03
6.793509703129529953e-03
6.776064168661832809e-03
6.635824218392372131e-03
6.539663299918174744e-03
6.722415797412395477e-03
7.091413252055644989e-03
7.595486007630825043e-03
8.184497244656085968e-03
8.184497244656085968e-03
8.809491060674190521e-03
9.399908594787120819e-03
9.960066527128219604e-03
1.030184142291545868e-02
1.046190410852432251e-02
1.046390086412429810e-02
1.028638519346714020e-02
9.984339587390422821e-03
9.691715240478515625e-03
9.341184981167316437e-03
9.341184981167316437e-03
9.061729535460472107e-03
9.006260894238948822e-03
9.045037440955638885e-03
9.234431199729442596e-03
9.408222511410713196e-03
9.494942612946033478e-03
9.504501707851886749e-03
9.356454014778137207e-03
9.139700792729854584e-03
8.968275971710681915e-03
8.968275971710681915e-03
8.821965195238590240e-03
8.764343336224555969e-03
8.888664655387401581e-03
9.115504100918769836e-03
9.439476765692234039e-03
9.784457273781299591e-03
1.009008288383483887e-02
1.024838350713253021e-02
1.030460093170404434e-02
1.025722455233335495e-02
1.025722455233335495e-02
1.011468656361103058e-02
9.927036240696907043e-03
9.773560799658298492e-03
9.620427154004573822e-03
9.524919092655181885e-03
9.483641013503074646e-03
9.622061625123023987e-03
9.758531115949153900e-03
9.869858622550964355e-03
9.917585179209709167e-03
9.917585179209709167e-03
9.955394081771373749e-03
1.000748295336961746e-02
9.954344481229782104e-03
9.901041164994239807e-03
9.870207868516445160e-03
9.858251549303531647e-03
9.893389418721199036e-03
9.910929948091506958e-03
9.962816722691059113e-03
1.002924144268035889e-02
1.002924144268035889e-02
1.004777196794748306e-02
1.002855040132999420e-02
9.979024529457092285e-03
9.894563816487789154e-03
9.778926149010658264e-03
9.560046717524528503e-03
9.301877580583095551e-03
8.996644988656044006e-03
8.705932646989822388e-03
8.427778258919715881e-03
8.427778258919715881e-03
8.277347311377525330e-03
8.188642561435699463e-03
8.188642561435699463e-03
8.188642561435699463e-03
8.188642561435699463e-03
8.188642561435699463e-03
8.188642561435699463e-03
8.188642561435699463e-03
8.188642561435699463e-03
8.188642561435699463e-03
8.188642561435699463e-03
8.149871602654457092e-03
8.234948851168155670e-03
8.394629694521427155e-03
8.654972538352012634e-03
8.978708647191524506e-03
9.340735152363777161e-03
9.763218462467193604e-03
1.012958865612745285e-02
1.017015706747770309e-02
1.007514260709285736e-02
1.007514260709285736e-02
9.993626736104488373e-03
1.001597568392753601e-02
1.008428260684013367e-02
1.000224240124225616e-02
9.910151362419128418e-03
9.917903691530227661e-03
9.944874793291091919e-03
9.982896037399768829e-03
1.002763956785202026e-02
1.017185393720865250e-02
1.017185393720865250e-02
1.028622500598430634e-02
1.040811091661453247e-02
1.046815887093544006e-02
1.049907505512237549e-02
1.055454928427934647e-02
1.063598971813917160e-02
1.073543820530176163e-02
1.084425859153270721e-02
1.097112335264682770e-02
1.109664887189865112e-02
1.109664887189865112e-02
1.109412498772144318e-02
1.103650219738483429e-02
1.099465694278478622e-02
1.095809228718280792e-02
1.087785605341196060e-02
1.080242637544870377e-02
1.072688493877649307e-02
1.065087877213954926e-02
1.058209501206874847e-02
1.047608442604541779e-02
