1.343582291156053543e-02
1.746175810694694519e-02
1.986324973404407501e-02
2.132490463554859161e-02
2.355093322694301605e-02
2.387947216629981995e-02
2.335398830473423004e-02
2.145999483764171600e-02
2.005775086581707001e-02
1.968528144061565399e-02
2.109764888882637024e-02
2.109764888882637024e-02
2.344892546534538269e-02
2.482404373586177826e-02
2.674461156129837036e-02
2.858052030205726624e-02
2.941818349063396454e-02
2.972630597651004791e-02
2.968142554163932800e-02
2.929754182696342468e-02
2.893804013729095459e-02
2.889058180153369904e-02
2.889058180153369904e-02
2.839409187436103821e-02
2.771634049713611603e-02
2.653963677585124969e-02
2.573783509433269501e-02
2.456920221447944641e-02
2.402758784592151642e-02
2.303876355290412903e-02
2.138285525143146515e-02
1.980090513825416565e-02
1.870189979672431946e-02
1.870189979672431946e-02
1.850193925201892853e-02
1.859927177429199219e-02
1.894677616655826569e-02
1.955594122409820557e-02
2.014071866869926453e-02
2.076789177954196930e-02
2.151202037930488586e-02
2.218731865286827087e-02
2.270935662090778351e-02
2.297495305538177490e-02
2.297495305538177490e-02
2.327932976186275482e-02
2.358261309564113617e-02
2.364218048751354218e-02
2.357482351362705231e-02
2.279570326209068298e-02
2.208888716995716095e-02
2.150292322039604187e-02
2.119199931621551514e-02
2.088486589491367340e-02
2.063583396375179291e-02
2.063583396375179291e-02
2.019033767282962799e-02
1.986637897789478302e-02
1.853291131556034088e-02
1.723161153495311737e-02
1.603483408689498901e-02
1.331153325736522675e-02
1.113948039710521698e-02
9.873717091977596283e-03
9.117697365581989288e-03
8.683348074555397034e-03
8.683348074555397034e-03
8.964740671217441559e-03
9.839523583650588989e-03
1.145470421761274338e-02
1.339706685394048691e-02
1.530607976019382477e-02
1.652090065181255341e-02
1.858794130384922028e-02
2.091050520539283752e-02
2.192903310060501099e-02
2.277393825352191925e-02
2.277393825352191925e-02
2.374061569571495056e-02
2.462798357009887695e-02
2.457519806921482086e-02
2.466765791177749634e-02
2.538713812828063965e-02
2.324362844228744507e-02
2.078256383538246155e-02
1.790750958025455475e-02
1.389442943036556244e-02
1.119966153055429459e-02
1.119966153055429459e-02
8.487740531563758850e-03
6.396484561264514923e-03
5.379777867347002029e-03
4.674955271184444427e-04
5.758649669587612152e-03
1.085171103477478027e-02
1.583615131676197052e-02
2.002654224634170532e-02
2.405224740505218506e-02
2.728609926998615265e-02
2.728609926998615265e-02
3.022585809230804443e-02
3.295866400003433228e-02
3.543996065855026245e-02
3.751781582832336426e-02
3.932781144976615906e-02
4.091660678386688232e-02
4.221143946051597595e-02
4.324021562933921814e-02
4.429672285914421082e-02
4.522217065095901489e-02
4.522217065095901489e-02
4.607995972037315369e-02
4.661731049418449402e-02
4.678748175501823425e-02
4.677430540323257446e-02
4.702842235565185547e-02
4.690498486161231995e-02
4.646468535065650940e-02
4.579342901706695557e-02
4.531812667846679688e-02
4.454317316412925720e-02
4.454317316412925720e-02
4.375656694173812866e-02
4.270107671618461609e-02
4.180751740932464600e-02
4.093735292553901672e-02
4.008009284734725952e-02
3.973407298326492310e-02
3.908554092049598694e-02
3.875883668661117554e-02
3.827830776572227478e-02
3.791701048612594604e-02
3.791701048612594604e-02
3.779273107647895813e-02
3.689368069171905518e-02
3.640023618936538696e-02
3.657795861363410950e-02
3.706294670701026917e-02
3.749803826212882996e-02
3.727173805236816406e-02
3.642349690198898315e-02
3.581330925226211548e-02
3.431712463498115540e-02
