2.833554707467556000e-02
2.833554707467556000e-02
2.981021627783775330e-02
3.058331646025180817e-02
3.070193901658058167e-02
3.117447532713413239e-02
3.147331625223159790e-02
3.156948834657669067e-02
3.191808611154556274e-02
3.194759041070938110e-02
3.189238160848617554e-02
3.198058903217315674e-02
3.198058903217315674e-02
3.213598206639289856e-02
3.153173625469207764e-02
3.101217932999134064e-02
3.048088029026985168e-02
3.002291917800903320e-02
2.958849258720874786e-02
2.916969358921051025e-02
2.883783914148807526e-02
2.856711670756340027e-02
2.828995324671268463e-02
2.828995324671268463e-02
2.810539118945598602e-02
2.797557227313518524e-02
2.790713310241699219e-02
2.777524478733539581e-02
2.762529626488685608e-02
2.750286087393760681e-02
2.740037627518177032e-02
2.728604525327682495e-02
2.715844288468360901e-02
2.694425918161869049e-02
2.694425918161869049e-02
2.669046074151992798e-02
2.647848427295684814e-02
2.625999972224235535e-02
2.601682208478450775e-02
2.580176293849945068e-02
2.550685778260231018e-02
2.525621652603149414e-02
2.500308491289615631e-02
2.475935965776443481e-02
2.443946152925491333e-02
2.443946152925491333e-02
2.422154136002063751e-02
2.409102022647857666e-02
2.404273673892021179e-02
2.399482391774654388e-02
2.392542175948619843e-02
2.404605038464069366e-02
2.426253445446491241e-02
2.447104081511497498e-02
2.461198344826698303e-02
2.473140507936477661e-02
2.473140507936477661e-02
2.479856833815574646e-02
2.479224652051925659e-02
2.470930106937885284e-02
2.463791891932487488e-02
2.460386045277118683e-02
2.444858662784099579e-02
2.427489683032035828e-02
2.403925918042659760e-02
2.383999526500701904e-02
2.363699488341808319e-02
2.363699488341808319e-02
2.345945127308368683e-02
2.331284433603286743e-02
2.327028475701808929e-02
2.324699983000755310e-02
2.319917455315589905e-02
2.319055795669555664e-02
2.322381548583507538e-02
2.325163036584854126e-02
2.331952005624771118e-02
2.321368455886840820e-02
2.321368455886840820e-02
2.312378399074077606e-02
2.302647195756435394e-02
2.285258099436759949e-02
2.275763638317584991e-02
2.268758043646812439e-02
2.259031310677528381e-02
2.252542413771152496e-02
2.257384732365608215e-02
2.268969453871250153e-02
2.285530604422092438e-02
2.285530604422092438e-02
2.321439050137996674e-02
2.357403188943862915e-02
2.385301887989044189e-02
2.402137033641338348e-02
2.404822781682014465e-02
2.435545995831489563e-02
2.453628368675708771e-02
2.458795718848705292e-02
2.456094138324260712e-02
2.448152564465999603e-02
2.448152564465999603e-02
2.448110468685626984e-02
2.447519451379776001e-02
2.452030219137668610e-02
2.459645643830299377e-02
2.477952651679515839e-02
2.484826743602752686e-02
2.490376867353916168e-02
2.493481151759624481e-02
2.497299946844577789e-02
2.496139705181121826e-02
2.496139705181121826e-02
2.499271370470523834e-02
2.495470829308032990e-02
2.494342997670173645e-02
2.481709234416484833e-02
2.482266910374164581e-02
2.487509138882160187e-02
2.491497993469238281e-02
2.498932369053363800e-02
2.491805143654346466e-02
2.467440813779830933e-02
2.467440813779830933e-02
2.428222447633743286e-02
2.412647195160388947e-02
2.412105910480022430e-02
2.419303543865680695e-02
2.437903732061386108e-02
2.468357048928737640e-02
2.476077899336814880e-02
2.476077899336814880e-02
2.476077899336814880e-02
2.457178197801113129e-02
2.457178197801113129e-02
2.428215928375720978e-02
2.393335290253162384e-02
2.353881299495697021e-02
2.303258329629898071e-02
2.267210371792316437e-02
2.235698886215686798e-02
2.226416394114494324e-02
2.221129089593887329e-02
2.222222276031970978e-02
2.234160900115966797e-02
2.234160900115966797e-02
2.235152944922447205e-02
2.235892228782176971e-02
2.250151894986629486e-02
2.269794419407844543e-02
2.289277687668800354e-02
2.312766201794147491e-02
2.339489944279193878e-02
2.368209697306156158e-02
2.398633398115634918e-02
2.417743764817714691e-02
2.417743764817714691e-02
2.425497956573963165e-02
2.437915466725826263e-02
2.442326396703720093e-02
2.458903566002845764e-02
2.470680139958858490e-02
2.484789118170738220e-02
2.503549121320247650e-02
2.524634823203086853e-02
2.540689520537853241e-02
2.539407648146152496e-02
2.539407648146152496e-02
2.531254850327968597e-02
2.528774924576282501e-02
2.524627000093460083e-02
2.519441395998001099e-02
2.520510926842689514e-02
2.529655769467353821e-02
2.540943212807178497e-02
2.562449313700199127e-02
2.586697787046432495e-02
2.607058733701705933e-02
2.607058733701705933e-02
2.637665532529354095e-02
2.668426558375358582e-02
2.690761536359786987e-02
2.725441195070743561e-02
2.764210850000381470e-02
2.815453521907329559e-02
2.874082699418067932e-02
2.936013415455818176e-02
2.995947003364562988e-02
3.057480975985527039e-02
3.057480975985527039e-02
3.115423582494258881e-02
3.177095949649810791e-02
3.232914209365844727e-02
3.302012383937835693e-02
3.363637626171112061e-02
3.423601761460304260e-02
3.483039513230323792e-02
3.526275604963302612e-02
3.549271821975708008e-02
3.561710566282272339e-02
3.561710566282272339e-02
3.569993376731872559e-02
3.571159765124320984e-02
3.559835255146026611e-02
3.559102118015289307e-02
3.557642549276351929e-02
3.551679104566574097e-02
3.528317064046859741e-02
3.498521074652671814e-02
3.459484502673149109e-02
3.427861258387565613e-02
3.427861258387565613e-02
3.393783420324325562e-02
3.368692472577095032e-02
3.345370292663574219e-02
3.322385251522064209e-02
3.300132974982261658e-02
3.280419483780860901e-02
3.285449370741844177e-02
3.288790211081504822e-02
3.295113518834114075e-02
3.310241922736167908e-02
3.310241922736167908e-02
3.316496312618255615e-02
3.321708366274833679e-02
3.319629654288291931e-02
3.296779096126556396e-02
3.271291777491569519e-02
3.256180137395858765e-02
3.252360597252845764e-02
3.241742774844169617e-02
3.235334157943725586e-02
3.227244690060615540e-02
3.227244690060615540e-02
3.223031759262084961e-02
3.229837864637374878e-02
3.234643861651420593e-02
3.246690332889556885e-02
3.255829587578773499e-02
3.252485021948814392e-02
3.233681246638298035e-02
3.212949261069297791e-02
3.197128325700759888e-02
3.188014030456542969e-02
3.188014030456542969e-02
3.193476796150207520e-02
3.198236972093582153e-02
3.196744993329048157e-02
3.189338371157646179e-02
3.190720453858375549e-02
3.190248832106590271e-02
3.180249035358428955e-02
3.169214352965354919e-02
3.155887126922607422e-02
3.144869208335876465e-02
3.144869208335876465e-02
3.130820393562316895e-02
3.111456707119941711e-02
3.085413575172424316e-02
3.067437373101711273e-02
3.061906434595584869e-02
3.062028810381889343e-02
3.055915609002113342e-02
3.055023774504661560e-02
3.056089021265506744e-02
3.029046952724456787e-02
3.029046952724456787e-02
3.007870167493820190e-02
2.989148721098899841e-02
2.977943979203701019e-02
2.969556488096714020e-02
2.951028384268283844e-02
2.916439436376094818e-02
2.877525053918361664e-02
2.843685448169708252e-02
2.813576906919479370e-02
2.796539291739463806e-02
2.796539291739463806e-02
2.792894840240478516e-02
2.797352522611618042e-02
2.810017764568328857e-02
2.821534313261508942e-02
2.837175130844116211e-02
2.857867628335952759e-02
2.864754199981689453e-02
2.863808721303939819e-02
2.851366251707077026e-02
2.837622165679931641e-02
2.837622165679931641e-02
2.815460599958896637e-02
2.783403731882572174e-02
2.766973711550235748e-02
2.749531343579292297e-02
2.727287635207176208e-02
2.705975994467735291e-02
2.685984037816524506e-02
2.669866383075714111e-02
2.667134813964366913e-02
2.687169425189495087e-02
2.687169425189495087e-02
2.717366442084312439e-02
2.748020552098751068e-02
2.779861353337764740e-02
2.811768464744091034e-02
2.835898101329803467e-02
2.854970283806324005e-02
2.872985787689685822e-02
2.878735959529876709e-02
2.884687297046184540e-02
2.897842973470687866e-02
2.897842973470687866e-02
2.909375540912151337e-02
2.902858890593051910e-02
2.882662788033485413e-02
2.851386182010173798e-02
2.819121442735195160e-02
2.802447602152824402e-02
2.796035632491111755e-02
2.803060039877891541e-02
2.816910855472087860e-02
2.808864042162895203e-02
2.808864042162895203e-02
2.807144075632095337e-02
2.805031463503837585e-02
2.809107303619384766e-02
2.817796543240547180e-02
2.831808477640151978e-02
2.847353555262088776e-02
2.863268926739692688e-02
2.868632972240447998e-02
2.874715998768806458e-02
2.861968427896499634e-02
2.861968427896499634e-02
2.949288114905357361e-02
3.008240833878517151e-02
3.048311918973922729e-02
3.048311918973922729e-02
3.073235787451267242e-02
3.088429570198059082e-02
3.103130869567394257e-02
3.112099505960941315e-02
3.114488162100315094e-02
3.122078813612461090e-02
3.122078813612461090e-02
3.132121637463569641e-02
3.138434514403343201e-02
3.140731900930404663e-02
3.138418495655059814e-02
3.134578093886375427e-02
3.134876862168312073e-02
3.147058933973312378e-02
3.168427571654319763e-02
3.193411231040954590e-02
3.213045373558998108e-02
3.213045373558998108e-02
3.240758553147315979e-02
3.279285877943038940e-02
3.319778293371200562e-02
3.364747762680053711e-02
3.404726088047027588e-02
3.444496914744377136e-02
3.475674614310264587e-02
3.498024493455886841e-02
3.507116809487342834e-02
3.506329655647277832e-02
3.506329655647277832e-02
3.508220985531806946e-02
3.512733429670333862e-02
3.519631922245025635e-02
3.526923805475234985e-02
3.535397723317146301e-02
3.540641441941261292e-02
3.549008816480636597e-02
3.550191968679428101e-02
3.545046225190162659e-02
3.541455045342445374e-02
3.541455045342445374e-02
3.533202037215232849e-02
3.521060198545455933e-02
3.516156598925590515e-02
3.521316871047019958e-02
3.532367944717407227e-02
3.553832694888114929e-02
3.571648895740509033e-02
3.582620620727539062e-02
3.576322644948959351e-02
3.566229715943336487e-02
3.566229715943336487e-02
3.559265285730361938e-02
3.555367514491081238e-02
3.560196608304977417e-02
3.563468530774116516e-02
3.545119613409042358e-02
3.530936688184738159e-02
3.517661243677139282e-02
3.508211672306060791e-02
3.509753942489624023e-02
3.516632318496704102e-02
3.516632318496704102e-02
3.519321978092193604e-02
3.508989512920379639e-02
3.497850149869918823e-02
3.474758937954902649e-02
3.456807136535644531e-02
3.441778570413589478e-02
3.433508798480033875e-02
3.433508798480033875e-02
3.423155471682548523e-02
3.416821733117103577e-02
3.416821733117103577e-02
3.417425975203514099e-02
3.410670161247253418e-02
3.407004103064537048e-02
3.399319574236869812e-02
3.384215757250785828e-02
3.369369730353355408e-02
3.365281224250793457e-02
3.365729376673698425e-02
3.364937752485275269e-02
3.362586721777915955e-02
3.362586721777915955e-02
3.356873244047164917e-02
3.341897204518318176e-02
3.325655311346054077e-02
3.314851969480514526e-02
3.305389359593391418e-02
3.306185081601142883e-02
3.304710611701011658e-02
3.297783061861991882e-02
3.278590738773345947e-02
3.246024250984191895e-02
3.246024250984191895e-02
3.208062052726745605e-02
3.171359375119209290e-02
3.151436895132064819e-02
3.135799989104270935e-02
3.134319931268692017e-02
3.131612017750740051e-02
3.120775148272514343e-02
3.103598020970821381e-02
3.080341033637523651e-02
3.055986016988754272e-02
3.055986016988754272e-02
3.045122697949409485e-02
3.044714033603668213e-02
3.045825101435184479e-02
3.046842478215694427e-02
3.045428916811943054e-02
3.037076815962791443e-02
3.025284223258495331e-02
3.012533485889434814e-02
3.004538081586360931e-02
2.998576499521732330e-02
2.998576499521732330e-02
2.991118654608726501e-02
2.981308288872241974e-02
2.970164082944393158e-02
2.962619066238403320e-02
2.960037067532539368e-02
2.965020202100276947e-02
2.987067401409149170e-02
3.004658035933971405e-02
3.012554720044136047e-02
3.013165108859539032e-02
3.013165108859539032e-02
3.023673593997955322e-02
3.040271811187267303e-02
3.075096756219863892e-02
3.115102648735046387e-02
3.151981532573699951e-02
3.181434795260429382e-02
3.197868540883064270e-02
3.202625364065170288e-02
3.204277530312538147e-02
3.208538517355918884e-02
3.208538517355918884e-02
3.212342038750648499e-02
3.214915096759796143e-02
3.225168585777282715e-02
3.237132355570793152e-02
3.249403461813926697e-02
3.259369358420372009e-02
3.251884877681732178e-02
3.241371363401412964e-02
3.236488252878189087e-02
3.232110664248466492e-02
3.232110664248466492e-02
3.235051035881042480e-02
3.238070383667945862e-02
3.243256360292434692e-02
3.239984437823295593e-02
3.229728341102600098e-02
3.221036866307258606e-02
3.207558393478393555e-02
3.190414607524871826e-02
3.177432343363761902e-02
3.163483738899230957e-02
3.163483738899230957e-02
3.154014423489570618e-02
3.144548833370208740e-02
3.134385868906974792e-02
3.132016211748123169e-02
3.129078820347785950e-02
3.126859292387962341e-02
3.120146505534648895e-02
3.105987608432769775e-02
3.085748665034770966e-02
3.070166893303394318e-02
3.070166893303394318e-02
3.066995926201343536e-02
3.066617064177989960e-02
3.093356825411319733e-02
3.119190968573093414e-02
3.136732801795005798e-02
3.144593164324760437e-02
3.138982504606246948e-02
3.124951571226119995e-02
3.112575225532054901e-02
3.101305104792118073e-02
3.101305104792118073e-02
3.089544549584388733e-02
3.091835975646972656e-02
3.091327846050262451e-02
3.080285340547561646e-02
3.067321330308914185e-02
3.054402582347393036e-02
3.049515746533870697e-02
3.053273260593414307e-02
3.065390139818191528e-02
3.083605505526065826e-02
3.083605505526065826e-02
3.103276155889034271e-02
3.120733052492141724e-02
3.126824274659156799e-02
3.129870444536209106e-02
3.145942836999893188e-02
3.157743066549301147e-02
3.184626623988151550e-02
3.213817253708839417e-02
3.234731778502464294e-02
3.243440762162208557e-02
3.243440762162208557e-02
3.241603821516036987e-02
3.228341788053512573e-02
3.210685029625892639e-02
3.188332915306091309e-02
3.167038410902023315e-02
3.150468692183494568e-02
3.157822787761688232e-02
3.164920210838317871e-02
3.163447231054306030e-02
3.154149651527404785e-02
3.154149651527404785e-02
3.149869292974472046e-02
3.147770836949348450e-02
3.147301450371742249e-02
3.154924139380455017e-02
3.160521015524864197e-02
3.161412477493286133e-02
3.154735639691352844e-02
3.140796720981597900e-02
3.125518187880516052e-02
3.109276294708251953e-02
3.109276294708251953e-02
3.098730184137821198e-02
3.087989054620265961e-02
3.086182288825511932e-02
3.085885010659694672e-02
3.084928914904594421e-02
3.087049908936023712e-02
3.095113486051559448e-02
3.107349574565887451e-02
3.122628293931484222e-02
3.135361522436141968e-02
3.135361522436141968e-02
3.139633312821388245e-02
3.143707662820816040e-02
3.142866492271423340e-02
3.127326071262359619e-02
3.110011108219623566e-02
3.089017234742641449e-02
3.066433407366275787e-02
3.049174509942531586e-02
3.031523339450359344e-02
3.021328337490558624e-02
3.021328337490558624e-02
3.017673082649707794e-02
3.016212955117225647e-02
3.015355765819549561e-02
3.013549745082855225e-02
3.011274151504039764e-02
3.010188601911067963e-02
3.008976392447948456e-02
3.006898798048496246e-02
3.006150946021080017e-02
3.003301285207271576e-02
3.003301285207271576e-02
2.996248751878738403e-02
2.989331074059009552e-02
2.972424030303955078e-02
2.950548939406871796e-02
2.939237840473651886e-02
2.929917350411415100e-02
2.924912050366401672e-02
2.920742705464363098e-02
2.918314933776855469e-02
2.914958819746971130e-02
2.914958819746971130e-02
2.904779464006423950e-02
2.895912900567054749e-02
2.892301231622695923e-02
2.907415479421615601e-02
2.928323484957218170e-02
2.954548224806785583e-02
2.980743162333965302e-02
3.006564453244209290e-02
3.032802231609821320e-02
3.059035353362560272e-02
3.059035353362560272e-02
3.091371618211269379e-02
3.121489100158214569e-02
3.140562772750854492e-02
3.154681995511054993e-02
3.166751936078071594e-02
3.171747177839279175e-02
3.178609162569046021e-02
3.181467950344085693e-02
3.182441741228103638e-02
3.172722086310386658e-02
3.172722086310386658e-02
3.154624998569488525e-02
3.115464001893997192e-02
3.074658103287220001e-02
3.042528219521045685e-02
3.010692261159420013e-02
2.989687770605087280e-02
2.968453429639339447e-02
2.956296876072883606e-02
2.947449497878551483e-02
2.948377095162868500e-02
2.948377095162868500e-02
2.970604412257671356e-02
2.995089814066886902e-02
3.020251542329788208e-02
3.050441294908523560e-02
3.076943568885326385e-02
3.106033243238925934e-02
3.133770450949668884e-02
3.161266073584556580e-02
3.167992830276489258e-02
3.169270977377891541e-02
3.169270977377891541e-02
3.151757642626762390e-02
3.124973177909851074e-02
3.089389391243457794e-02
3.045421466231346130e-02
2.999180369079113007e-02
2.960366569459438324e-02
2.926105819642543793e-02
2.893012948334217072e-02
2.861081808805465698e-02
2.832176350057125092e-02
2.832176350057125092e-02
2.799871377646923065e-02
2.767817862331867218e-02
2.741325460374355316e-02
2.732521295547485352e-02
2.736136317253112793e-02
2.747635729610919952e-02
2.758223190903663635e-02
2.809317223727703094e-02
2.848814986646175385e-02
2.879140153527259827e-02
2.879140153527259827e-02
2.898415178060531616e-02
2.917211130261421204e-02
2.920823171734809875e-02
2.922639809548854828e-02
2.929769642651081085e-02
2.942409552633762360e-02
2.951944246888160706e-02
2.964028902351856232e-02
2.967830002307891846e-02
2.965145930647850037e-02
2.965145930647850037e-02
2.956120483577251434e-02
2.947880327701568604e-02
2.942387573421001434e-02
2.937121875584125519e-02
2.945556864142417908e-02
2.959114126861095428e-02
2.977220341563224792e-02
2.993600815534591675e-02
3.005390241742134094e-02
3.019295632839202881e-02
