1.846414795885178636e-02
1.848696923987083740e-02
1.912945373509408048e-02
1.972989318537900563e-02
2.051449036188078209e-02
2.101360861485811193e-02
2.138346070122019993e-02
2.169082977810003754e-02
2.191272891097601275e-02
2.201130011466103861e-02
2.216047306359127458e-02
2.216047306359127458e-02
2.230269435289420829e-02
2.254407771170204716e-02
2.286848120357841060e-02
2.315921932488276824e-02
2.339671021591556432e-02
2.367524257092444573e-02
2.397651427894253659e-02
2.440828726690810399e-02
2.484727817256079940e-02
2.511004069629878960e-02
2.511004069629878960e-02
2.532903667338213746e-02
2.556212382584828816e-02
2.576780936727221527e-02
2.596965627250237899e-02
2.607789900778571118e-02
2.617095375427994433e-02
2.633997945519558903e-02
2.643205377174974446e-02
2.649680658072714814e-02
2.655231838166177694e-02
2.655231838166177694e-02
2.651983591220827968e-02
2.643258092526988220e-02
2.637680095218252613e-02
2.638367450695013050e-02
2.628192455378141126e-02
2.629334613226212355e-02
2.629661522178556449e-02
2.622311234013087466e-02
2.617735432720511013e-02
2.609797320071247442e-02
2.609797320071247442e-02
2.609170260223235907e-02
2.601659558284434570e-02
2.588292025450111139e-02
2.588863952662496387e-02
2.593788393732910855e-02
2.598807773376554317e-02
2.598969787631512721e-02
2.603707442907988653e-02
2.612435774031470273e-02
2.619712538881611638e-02
2.619712538881611638e-02
2.629843795510920443e-02
2.641925483529886792e-02
2.652455562769779132e-02
2.660720751320880262e-02
2.672626431204790098e-02
2.681322788895470349e-02
2.687720891019275415e-02
2.695586971125023268e-02
2.709482515930857621e-02
2.717175267160169133e-02
2.717175267160169133e-02
2.718255971413122141e-02
2.709934877737482650e-02
2.681090908775327769e-02
2.641667968728789173e-02
2.604527651175606376e-02
2.560867841006453371e-02
2.521634824461989333e-02
2.488253337922671435e-02
2.454420947785084309e-02
2.419542105161382600e-02
2.419542105161382600e-02
2.374951102551166315e-02
2.339724900081492295e-02
2.301173685306970654e-02
2.270517574675705655e-02
2.251166158275350396e-02
2.231201613169171358e-02
2.212473680460953773e-02
2.182019748417533128e-02
2.147324197647647662e-02
2.098669574804512897e-02
2.098669574804512897e-02
2.063565276959573522e-02
2.023851538293810690e-02
1.994143403335908726e-02
1.974121179079303331e-02
1.965770675261587636e-02
1.972812921052142024e-02
1.986664785718299242e-02
2.007343608216299174e-02
2.022220805184837475e-02
2.035319439421023544e-02
2.035319439421023544e-02
2.026270357749462500e-02
2.006444618830583587e-02
1.981310799060037944e-02
1.956809461835915670e-02
1.935200907152756153e-02
1.913968634153510873e-02
1.885911125177310368e-02
1.861894387219637306e-02
1.842206503903586617e-02
1.832222837244473421e-02
1.832222837244473421e-02
1.819739247736260751e-02
1.815273986940846296e-02
1.816361567599391463e-02
1.840800731442823746e-02
1.876434721106006592e-02
1.899054485498978539e-02
1.925374174152221993e-02
1.942197839266511517e-02
1.962947676617937676e-02
1.963577790050945182e-02
1.963577790050945182e-02
1.926203085268729867e-02
1.879443036901299810e-02
1.826673470602438801e-02
1.809060444285453748e-02
1.831912817548872821e-02
1.858145972237497043e-02
1.867595341391342298e-02
1.877672056593092387e-02
1.881429260475137380e-02
1.881041864645893735e-02
1.881041864645893735e-02
1.868217520817247457e-02
1.832923553924760071e-02
1.778313257498482028e-02
1.736344820909472772e-02
1.706203195889470850e-02
1.694716837334962409e-02
1.712012138619902271e-02
1.724836904885696659e-02
1.735903286579116786e-02
1.730009760476013819e-02
