1.072787493467330933e-02
1.072787493467330933e-02
1.183571387082338333e-02
1.301608514040708542e-02
1.340279076248407364e-02
1.312650181353092194e-02
1.254524383693933487e-02
1.199676841497421265e-02
1.143619045615196228e-02
1.108760945498943329e-02
1.100250799208879471e-02
1.108526438474655151e-02
1.108526438474655151e-02
1.137633062899112701e-02
1.174904871731996536e-02
1.191876828670501709e-02
1.189195178449153900e-02
1.174453832209110260e-02
1.153474673628807068e-02
1.138618867844343185e-02
1.112472638487815857e-02
1.089591626077890396e-02
1.071352232247591019e-02
1.071352232247591019e-02
1.052569132298231125e-02
1.052990462630987167e-02
1.051233150064945221e-02
1.062810048460960388e-02
1.053243037313222885e-02
1.021562702953815460e-02
9.763197973370552063e-03
9.248066693544387817e-03
8.803723379969596863e-03
8.493212051689624786e-03
8.493212051689624786e-03
8.396472781896591187e-03
8.475724607706069946e-03
8.622214198112487793e-03
8.738809265196323395e-03
8.825480006635189056e-03
8.888861164450645447e-03
8.989413268864154816e-03
9.067024104297161102e-03
9.441301226615905762e-03
9.756135754287242889e-03
9.756135754287242889e-03
9.898971766233444214e-03
9.980588220059871674e-03
1.006822288036346436e-02
1.003748271614313126e-02
1.017627958208322525e-02
1.030784845352172852e-02
1.043357048183679581e-02
1.050069369375705719e-02
1.059615146368741989e-02
1.074346061795949936e-02
1.074346061795949936e-02
1.083178166300058365e-02
1.088727265596389771e-02
1.097043603658676147e-02
1.100216154009103775e-02
1.097544934600591660e-02
1.091699581593275070e-02
1.077349297702312469e-02
1.084076333791017532e-02
1.086573489010334015e-02
1.094217691570520401e-02
1.094217691570520401e-02
1.098737120628356934e-02
1.104995608329772949e-02
1.115145068615674973e-02
1.121844910085201263e-02
1.117401011288166046e-02
1.110456231981515884e-02
1.097629498690366745e-02
1.106299273669719696e-02
1.133624464273452759e-02
1.141778938472270966e-02
1.141778938472270966e-02
1.143028866499662399e-02
1.114272885024547577e-02
1.114272885024547577e-02
1.066040992736816406e-02
1.017923280596733093e-02
9.903311729431152344e-03
9.727864526212215424e-03
9.792059659957885742e-03
9.968469850718975067e-03
1.012824382632970810e-02
1.012824382632970810e-02
1.034222543239593506e-02
1.047773193567991257e-02
1.043361704796552658e-02
1.034089643508195877e-02
1.013363339006900787e-02
9.978372603654861450e-03
9.844081476330757141e-03
9.707562625408172607e-03
9.756450541317462921e-03
9.942123666405677795e-03
9.942123666405677795e-03
1.024824474006891251e-02
1.049123797565698624e-02
1.068756077438592911e-02
1.074769813567399979e-02
1.067955140024423599e-02
1.045127864927053452e-02
1.019790954887866974e-02
1.004094351083040237e-02
9.972439147531986237e-03
1.012157555669546127e-02
1.012157555669546127e-02
1.043286267668008804e-02
1.082963868975639343e-02
1.126178260892629623e-02
1.164082065224647522e-02
1.190255861729383469e-02
1.203401200473308563e-02
1.208605244755744934e-02
1.204404141753911972e-02
1.186791155487298965e-02
1.193646155297756195e-02
1.193646155297756195e-02
1.206561177968978882e-02
1.227005571126937866e-02
1.253411732614040375e-02
1.272226590663194656e-02
1.276266854256391525e-02
1.260153204202651978e-02
1.235088612884283066e-02
1.196176651865243912e-02
1.150783523917198181e-02
1.111791841685771942e-02
1.111791841685771942e-02
1.097942329943180084e-02
1.089309807866811752e-02
1.092366687953472137e-02
1.110106613487005234e-02
1.128043700009584427e-02
1.139302831143140793e-02
1.133660972118377686e-02
1.106698438525199890e-02
1.070174667984247208e-02
1.043334882706403732e-02
1.043334882706403732e-02
1.037272438406944275e-02
1.059512328356504440e-02
1.090200152248144150e-02
1.117756310850381851e-02
1.120860222727060318e-02
1.105203386396169662e-02
1.068048272281885147e-02
1.031490694731473923e-02
9.917461313307285309e-03
9.691015817224979401e-03
9.691015817224979401e-03
9.584709070622920990e-03
9.592930786311626434e-03
9.784480556845664978e-03
1.003845222294330597e-02
1.029532495886087418e-02
1.036704983562231064e-02
1.025816798210144043e-02
9.984971024096012115e-03
9.511211887001991272e-03
8.987362496554851532e-03
8.987362496554851532e-03
8.538102731108665466e-03
8.400971069931983948e-03
8.437610231339931488e-03
8.775160647928714752e-03
9.225380606949329376e-03
9.718457236886024475e-03
1.010137889534235001e-02
1.026461180299520493e-02
1.020041760057210922e-02
9.956609457731246948e-03
9.956609457731246948e-03
9.603740647435188293e-03
9.303298778831958771e-03
9.094852954149246216e-03
9.015236049890518188e-03
9.099327027797698975e-03
9.247939102351665497e-03
9.461392648518085480e-03
9.645992890000343323e-03
9.698620066046714783e-03
9.694316424429416656e-03
9.694316424429416656e-03
9.655563160777091980e-03
9.610055945813655853e-03
9.664775803685188293e-03
9.784435853362083435e-03
9.976239874958992004e-03
1.017670612782239914e-02
1.035159453749656677e-02
1.043288502842187881e-02
1.041669119149446487e-02
1.037763338536024094e-02
1.037763338536024094e-02
1.038911752402782440e-02
1.041264925152063370e-02
1.041583716869354248e-02
1.047682203352451324e-02
1.052190642803907394e-02
1.051792781800031662e-02
1.038683298975229263e-02
1.016320008784532547e-02
9.979319758713245392e-03
9.847109206020832062e-03
9.847109206020832062e-03
9.863645769655704498e-03
9.904072619974613190e-03
9.880480356514453888e-03
9.876499883830547333e-03
9.852295741438865662e-03
9.702578186988830566e-03
9.566416032612323761e-03
9.439366869628429413e-03
9.354425594210624695e-03
9.303763508796691895e-03
9.303763508796691895e-03
9.247023612260818481e-03
9.280129335820674896e-03
9.364059194922447205e-03
9.531738236546516418e-03
9.714266285300254822e-03
9.826601482927799225e-03
9.857727214694023132e-03
9.803391061723232269e-03
9.651486761868000031e-03
9.486630558967590332e-03
9.486630558967590332e-03
9.351466782391071320e-03
9.228430688381195068e-03
9.167294017970561981e-03
9.308292530477046967e-03
9.461235255002975464e-03
9.575189091265201569e-03
9.639512747526168823e-03
9.638073854148387909e-03
9.552306495606899261e-03
9.436149150133132935e-03
9.436149150133132935e-03
9.401217103004455566e-03
9.825374931097030640e-03
1.053565274924039841e-02
1.108870748430490494e-02
1.092959754168987274e-02
1.109259948134422302e-02
1.330000720918178558e-02
1.524098683148622513e-02
1.693976111710071564e-02
1.840258948504924774e-02
1.840258948504924774e-02
1.966541446745395660e-02
2.075812406837940216e-02
2.171976864337921143e-02
2.257262729108333588e-02
2.333838865160942078e-02
2.400608919560909271e-02
2.460032515227794647e-02
2.515272982418537140e-02
2.565426006913185120e-02
2.612001635134220123e-02
