1.284934300929307938e-02
1.284934300929307938e-02
1.365948095917701721e-02
1.392545551061630249e-02
1.453881338238716125e-02
1.430764980614185333e-02
1.447590440511703491e-02
1.411026809364557266e-02
1.369640789926052094e-02
1.312868017703294754e-02
1.249630562961101532e-02
1.199888624250888824e-02
1.199888624250888824e-02
1.178582105785608292e-02
1.152714807540178299e-02
1.147833652794361115e-02
1.171010080724954605e-02
1.184125989675521851e-02
1.191215869039297104e-02
1.196208782494068146e-02
1.195907406508922577e-02
1.193527597934007645e-02
1.193892676383256912e-02
