1.615137793123722076e-02
1.615137793123722076e-02
1.581319607794284821e-02
1.620488241314888000e-02
1.671324856579303741e-02
1.723945140838623047e-02
1.789522171020507812e-02
1.854152977466583252e-02
1.925207301974296570e-02
1.995188742876052856e-02
2.062808535993099213e-02
2.125782519578933716e-02
2.125782519578933716e-02
2.190961316227912903e-02
2.255503833293914795e-02
2.313612774014472961e-02
2.367142401635646820e-02
2.414455823600292206e-02
2.447501569986343384e-02
2.413976565003395081e-02
2.379337884485721588e-02
2.348531596362590790e-02
2.307399176061153412e-02
