1.251228805631399155e-02
1.251228805631399155e-02
1.342958398163318634e-02
1.390508562326431274e-02
1.472872029989957809e-02
1.479319855570793152e-02
1.433728542178869247e-02
1.380993891507387161e-02
1.327010337263345718e-02
1.278629805892705917e-02
1.252403575927019119e-02
1.258300244808197021e-02
1.258300244808197021e-02
1.274970360100269318e-02
1.293643470853567123e-02
1.299827825278043747e-02
1.288846787065267563e-02
1.270385738462209702e-02
1.232443191111087799e-02
1.191733870655298233e-02
1.138987112790346146e-02
1.100812386721372604e-02
1.079558953642845154e-02
1.079558953642845154e-02
1.088326144963502884e-02
1.108278520405292511e-02
1.137978769838809967e-02
1.159069035202264786e-02
1.171746104955673218e-02
1.178533025085926056e-02
1.178549043834209442e-02
1.163106132298707962e-02
1.147315558046102524e-02
1.155195571482181549e-02
1.155195571482181549e-02
1.164092402905225754e-02
1.172633748501539230e-02
1.178551744669675827e-02
1.180065330117940903e-02
1.179735548794269562e-02
1.177057996392250061e-02
1.179282460361719131e-02
1.175332441926002502e-02
1.174618117511272430e-02
1.176141481846570969e-02
1.176141481846570969e-02
1.175649557262659073e-02
1.187389623373746872e-02
1.198389939963817596e-02
1.200087927281856537e-02
1.203078124672174454e-02
1.203712448477745056e-02
1.201709266752004623e-02
1.194900181144475937e-02
1.190601196140050888e-02
1.190065592527389526e-02
1.190065592527389526e-02
1.178922317922115326e-02
1.152333058416843414e-02
1.115497667342424393e-02
1.083109062165021896e-02
1.051919069141149521e-02
1.028844714164733887e-02
1.016766577959060669e-02
1.012575905770063400e-02
1.012305635958909988e-02
9.921777062118053436e-03
9.921777062118053436e-03
9.923305362462997437e-03
1.002236269414424896e-02
9.966224431991577148e-03
9.938893839716911316e-03
9.899461641907691956e-03
9.824721142649650574e-03
9.796129539608955383e-03
9.795595891773700714e-03
9.955439716577529907e-03
1.001614890992641449e-02
1.001614890992641449e-02
9.903768077492713928e-03
9.776008315384387970e-03
9.776008315384387970e-03
9.776008315384387970e-03
9.613703005015850067e-03
9.448987431824207306e-03
9.308961220085620880e-03
9.267088025808334351e-03
9.302516467869281769e-03
9.301575832068920135e-03
9.301575832068920135e-03
9.225202724337577820e-03
9.312223643064498901e-03
9.632962755858898163e-03
1.012486219406127930e-02
1.059980317950248718e-02
1.089279819279909134e-02
1.094290148466825485e-02
1.065375935286283493e-02
1.021795161068439484e-02
9.870107285678386688e-03
9.870107285678386688e-03
9.581837803125381470e-03
9.414810687303543091e-03
9.468165226280689240e-03
9.791400283575057983e-03
1.011146791279315948e-02
1.035973336547613144e-02
1.055048033595085144e-02
1.056189276278018951e-02
1.044240780174732208e-02
1.033698022365570068e-02
1.033698022365570068e-02
1.021704263985157013e-02
1.019163709133863449e-02
1.029224228113889694e-02
1.048720721155405045e-02
1.062348298728466034e-02
1.071206480264663696e-02
1.073801331222057343e-02
1.074841897934675217e-02
1.073683146387338638e-02
1.072679180651903152e-02
1.072679180651903152e-02
1.063171308487653732e-02
1.052690856158733368e-02
1.043368596583604813e-02
1.050411257892847061e-02
1.061320304870605469e-02
1.062499545514583588e-02
1.055402960628271103e-02
1.040251366794109344e-02
1.002590917050838470e-02
9.606692939996719360e-03
9.606692939996719360e-03
9.188910946249961853e-03
8.783189579844474792e-03
8.386597968637943268e-03
8.105040527880191803e-03
7.885979488492012024e-03
7.740696426481008530e-03
7.713901344686746597e-03
7.627705112099647522e-03
7.539637386798858643e-03
7.562578190118074417e-03
7.562578190118074417e-03
7.566926069557666779e-03
7.498314604163169861e-03
7.475807331502437592e-03
7.417598739266395569e-03
7.411742117255926132e-03
7.437205407768487930e-03
7.485791109502315521e-03
7.613024208694696426e-03
7.332388777285814285e-03
7.212673313915729523e-03
7.212673313915729523e-03
7.290277164429426193e-03
7.576964795589447021e-03
8.020478300750255585e-03
8.547015488147735596e-03
9.176114574074745178e-03
9.796472266316413879e-03
1.038549840450286865e-02
1.085868291556835175e-02
1.101346593350172043e-02
1.092936284840106964e-02
1.092936284840106964e-02
1.087386719882488251e-02
1.089788693934679031e-02
1.093622855842113495e-02
1.096293050795793533e-02
1.095143426209688187e-02
1.095356326550245285e-02
1.082212664186954498e-02
1.058072224259376526e-02
1.035856734961271286e-02
1.008350867778062820e-02
1.008350867778062820e-02
9.924973361194133759e-03
9.891103953123092651e-03
9.868611581623554230e-03
9.944492019712924957e-03
1.022152416408061981e-02
1.051324512809514999e-02
1.085298135876655579e-02
1.124192774295806885e-02
1.153258420526981354e-02
1.173830777406692505e-02
1.173830777406692505e-02
1.151796709746122360e-02
1.107267569750547409e-02
1.054322905838489532e-02
1.009415555745363235e-02
9.789817966520786285e-03
9.604535065591335297e-03
9.443224407732486725e-03
9.282470680773258209e-03
9.132997132837772369e-03
9.009002707898616791e-03
9.009002707898616791e-03
8.840708993375301361e-03
8.626555092632770538e-03
8.227189071476459503e-03
7.844949141144752502e-03
7.536732591688632965e-03
7.140197325497865677e-03
6.787700112909078598e-03
6.457286886870861053e-03
6.141567137092351913e-03
5.843668244779109955e-03
5.843668244779109955e-03
5.635035224258899689e-03
5.526718217879533768e-03
5.540101788938045502e-03
5.753708537667989731e-03
5.878023803234100342e-03
6.092115771025419235e-03
6.361048202961683273e-03
6.679459940642118454e-03
7.043091580271720886e-03
7.459452841430902481e-03
7.459452841430902481e-03
8.082950487732887268e-03
8.845652453601360321e-03
9.585488587617874146e-03
1.026924420148134232e-02
1.072415709495544434e-02
1.091106701642274857e-02
1.097950525581836700e-02
1.094603724777698517e-02
1.079767569899559021e-02
1.048866007477045059e-02
1.048866007477045059e-02
9.971781633794307709e-03
9.444207884371280670e-03
8.914321660995483398e-03
8.430959656834602356e-03
8.084591478109359741e-03
7.876357063651084900e-03
7.803069893270730972e-03
7.873038761317729950e-03
7.995161227881908417e-03
8.135791867971420288e-03
8.135791867971420288e-03
8.218994364142417908e-03
8.201863616704940796e-03
8.016822859644889832e-03
7.715489715337753296e-03
7.306212093681097031e-03
6.895183119922876358e-03
6.572095211595296860e-03
6.340130232274532318e-03
6.237482186406850815e-03
6.255864631384611130e-03
6.255864631384611130e-03
6.285238545387983322e-03
6.360811647027730942e-03
6.531290244311094284e-03
6.437831558287143707e-03
6.460187491029500961e-03
6.490993313491344452e-03
6.467892788350582123e-03
6.369385402649641037e-03
6.111144088208675385e-03
5.763925611972808838e-03
5.763925611972808838e-03
5.294443573802709579e-03
4.752409178763628006e-03
4.101797938346862793e-03
3.469777293503284454e-03
2.947766333818435669e-03
2.541613299399614334e-03
2.252763137221336365e-03
2.117750234901905060e-03
2.154978457838296890e-03
2.292246557772159576e-03
