1.551443710923194885e-02
1.551443710923194885e-02
1.505527459084987640e-02
1.515171863138675690e-02
1.545673515647649765e-02
1.562168356031179428e-02
1.599014177918434143e-02
1.645858958363533020e-02
1.704129762947559357e-02
1.726493239402770996e-02
1.747990772128105164e-02
1.762820035219192505e-02
1.762820035219192505e-02
1.758058927953243256e-02
1.757750846445560455e-02
1.743913814425468445e-02
1.731165684759616852e-02
1.729013025760650635e-02
1.731965504586696625e-02
1.725812815129756927e-02
1.730038598179817200e-02
1.732924953103065491e-02
1.741793192923069000e-02
