3.443314005599123345e-02
3.526563586105929682e-02
3.556895153273618992e-02
3.536943083025895218e-02
3.502495816668157319e-02
3.435860826709218746e-02
3.375014295271925452e-02
3.323565892942683536e-02
3.268863950974604943e-02
3.183116063485360442e-02
3.108531480431189417e-02
3.108531480431189417e-02
3.051069608437647490e-02
3.000288565331384397e-02
2.942981770102328851e-02
2.879137563574206762e-02
2.815396920757990210e-02
2.756567645042042741e-02
2.695722703503136003e-02
2.637652246505719014e-02
2.583231153107122188e-02
2.529590080824211870e-02
2.529590080824211870e-02
2.478485051368236811e-02
2.435448152942923036e-02
2.388186145825246798e-02
2.341080261613950886e-02
2.299321918146921689e-02
2.268809655563447034e-02
2.243703955138780931e-02
2.226322715152276657e-02
2.209220216716102289e-02
2.203576612002030449e-02
2.203576612002030449e-02
2.203003236490963870e-02
2.205060379661551856e-02
2.192406172060832811e-02
2.190079624690130511e-02
2.189159933701809516e-02
2.185009886838702731e-02
2.190409826709445451e-02
2.194968672083934605e-02
2.191178962703591027e-02
2.182229717585408221e-02
2.182229717585408221e-02
2.175698487227192834e-02
2.151422207865844385e-02
2.133022670255526471e-02
2.124528441001998988e-02
2.102681742995898481e-02
2.084523558463716522e-02
2.070648109350466462e-02
2.058902328018963335e-02
2.036288776231070033e-02
2.015294236833129957e-02
2.015294236833129957e-02
1.986401797695700952e-02
1.955327934154520858e-02
1.927264732095576930e-02
1.898034971586650549e-02
1.869020735886514281e-02
1.842618916090485795e-02
1.810299777437662447e-02
1.782361006511067394e-02
1.749298693255246090e-02
1.712490649926608904e-02
1.712490649926608904e-02
1.677333138929626086e-02
1.662838131747109913e-02
1.641106540997238836e-02
1.613963404031760335e-02
1.599193688852003706e-02
1.583199462653792772e-02
1.562552209181232443e-02
1.538689324885616355e-02
1.520361151502166823e-02
1.508868273563480390e-02
1.508868273563480390e-02
1.504017124398616956e-02
1.499805403866281799e-02
1.490083538083444674e-02
1.490548478563611008e-02
1.502046913897595731e-02
1.514737154553242107e-02
1.529490668147973770e-02
1.549641871791630938e-02
1.559351558717718758e-02
1.539613563789978511e-02
1.539613563789978511e-02
1.521503561408834963e-02
1.482614614685293618e-02
1.423552742869549186e-02
1.359610573032278731e-02
1.291123338893015136e-02
1.220330039173422171e-02
1.165579745769001682e-02
1.122092199481381468e-02
1.115388939369649744e-02
1.123956202466518464e-02
1.123956202466518464e-02
1.156689350198669870e-02
1.191059850305201812e-02
1.222531227458822749e-02
1.254990433167995495e-02
1.281146048174396958e-02
1.287701281133425864e-02
1.291521980880588893e-02
1.280228407081160716e-02
1.260981516638523710e-02
1.240350328864914080e-02
1.240350328864914080e-02
1.217384344596939526e-02
1.212097575640649211e-02
1.211254383883805449e-02
1.217122224956247722e-02
1.233065233799928231e-02
1.256623914614170452e-02
1.276159788393613909e-02
1.292599880401657832e-02
1.309078690640423301e-02
1.316959178171605779e-02
1.316959178171605779e-02
1.310467156028048349e-02
1.297478352709726182e-02
1.276098680294628085e-02
1.242362417922635368e-02
1.203142197004780298e-02
1.169151802526025366e-02
1.149359381120891588e-02
1.124403766787251090e-02
1.105892079570750322e-02
1.085183602815592563e-02
1.085183602815592563e-02
1.082330235728621443e-02
1.073784293831726681e-02
1.068695829372650480e-02
1.071341321592086254e-02
1.063138784785329881e-02
1.045691747852346004e-02
1.014421863260750629e-02
9.690808819284990952e-03
9.155392381156046006e-03
8.613789570500521992e-03
