1.987309195101261139e-02
1.987309195101261139e-02
2.119651436805725098e-02
2.199837937951087952e-02
2.289191447198390961e-02
2.364267595112323761e-02
2.430701442062854767e-02
2.496182918548583984e-02
2.574526704847812653e-02
2.640772052109241486e-02
2.702675946056842804e-02
2.734113298356533051e-02
2.734113298356533051e-02
2.769351750612258911e-02
2.812783792614936829e-02
2.848577313125133514e-02
2.885170280933380127e-02
2.942534536123275757e-02
2.994159236550331116e-02
3.028804995119571686e-02
3.054131194949150085e-02
3.067164123058319092e-02
3.095782734453678131e-02
3.095782734453678131e-02
3.121084347367286682e-02
3.138016536831855774e-02
3.176131471991539001e-02
3.195083141326904297e-02
3.180160745978355408e-02
3.153664618730545044e-02
3.136576339602470398e-02
3.101224079728126526e-02
3.074330091476440430e-02
3.046960197389125824e-02
3.046960197389125824e-02
3.017286024987697601e-02
2.984439022839069366e-02
2.954083494842052460e-02
2.939412184059619904e-02
2.925324812531471252e-02
2.930855937302112579e-02
2.938501723110675812e-02
2.952304854989051819e-02
2.973893284797668457e-02
2.989271283149719238e-02
2.989271283149719238e-02
3.004876524209976196e-02
3.011610545217990875e-02
3.007325157523155212e-02
2.996790409088134766e-02
2.986835315823554993e-02
2.969792112708091736e-02
2.960569225251674652e-02
2.945778705179691315e-02
2.938018552958965302e-02
2.944986522197723389e-02
2.944986522197723389e-02
2.948355488479137421e-02
2.946221455931663513e-02
2.947231009602546692e-02
2.947501465678215027e-02
2.943182364106178284e-02
2.950123511254787445e-02
2.958990260958671570e-02
2.997867017984390259e-02
3.038393706083297729e-02
3.079044260084629059e-02
3.079044260084629059e-02
3.121056407690048218e-02
3.155727311968803406e-02
3.193523734807968140e-02
3.214930742979049683e-02
3.240496292710304260e-02
3.255967050790786743e-02
3.274509310722351074e-02
3.285998478531837463e-02
3.299089521169662476e-02
3.320068120956420898e-02
3.320068120956420898e-02
3.330822661519050598e-02
3.332696482539176941e-02
3.334110230207443237e-02
3.333750739693641663e-02
3.325161337852478027e-02
3.309538587927818298e-02
3.314420208334922791e-02
3.310015425086021423e-02
3.299916908144950867e-02
3.293917700648307800e-02
3.293917700648307800e-02
3.293742239475250244e-02
3.287509828805923462e-02
3.292179852724075317e-02
3.280610591173171997e-02
3.260463103652000427e-02
3.226163238286972046e-02
3.199499845504760742e-02
3.168085217475891113e-02
3.136677294969558716e-02
3.104705736041069031e-02
3.104705736041069031e-02
3.093178384006023407e-02
3.071283176541328430e-02
3.063604235649108887e-02
3.079372830688953400e-02
3.118631057441234589e-02
3.155328705906867981e-02
3.186925128102302551e-02
3.198895975947380066e-02
3.201482072472572327e-02
3.192256018519401550e-02
3.192256018519401550e-02
3.179606050252914429e-02
3.169035539031028748e-02
3.158752992749214172e-02
3.150833025574684143e-02
3.149557113647460938e-02
3.158958256244659424e-02
3.166968747973442078e-02
3.181405737996101379e-02
3.140319883823394775e-02
3.109678253531455994e-02
3.109678253531455994e-02
3.067720122635364532e-02
3.036013618111610413e-02
3.009827993810176849e-02
2.972494065761566162e-02
2.937530726194381714e-02
2.902976609766483307e-02
2.882503531873226166e-02
2.873090282082557678e-02
2.874621935188770294e-02
2.882566489279270172e-02
2.882566489279270172e-02
2.885977551341056824e-02
2.888591401278972626e-02
2.889476902782917023e-02
2.876242808997631073e-02
2.849498949944972992e-02
2.845350280404090881e-02
2.824417687952518463e-02
2.798901870846748352e-02
2.749805524945259094e-02
2.704874984920024872e-02
2.704874984920024872e-02
2.669524960219860077e-02
2.637026831507682800e-02
2.609813772141933441e-02
2.592764422297477722e-02
2.581347897648811340e-02
2.575930207967758179e-02
2.584113739430904388e-02
2.606287412345409393e-02
2.632914483547210693e-02
2.671358734369277954e-02
2.671358734369277954e-02
2.706902287900447845e-02
2.719573676586151123e-02
2.722937613725662231e-02
2.725665830075740814e-02
2.698906697332859039e-02
2.662874944508075714e-02
2.635138109326362610e-02
2.601479738950729370e-02
2.577653527259826660e-02
2.547333948314189911e-02
2.547333948314189911e-02
2.524240501224994659e-02
2.498568966984748840e-02
2.475525625050067902e-02
2.448841370642185211e-02
2.422085776925086975e-02
2.398035861551761627e-02
2.381709590554237366e-02
2.367069013416767120e-02
2.351228892803192139e-02
2.347914315760135651e-02
2.347914315760135651e-02
2.357928827404975891e-02
2.369916997849941254e-02
2.385727129876613617e-02
2.405732311308383942e-02
2.417441830039024353e-02
2.416535466909408569e-02
2.403225935995578766e-02
2.393468469381332397e-02
2.366279251873493195e-02
2.341483347117900848e-02
2.341483347117900848e-02
2.328853867948055267e-02
2.322334982454776764e-02
2.329072542488574982e-02
2.341101132333278656e-02
2.340783365070819855e-02
2.338767796754837036e-02
2.331427298486232758e-02
2.308691665530204773e-02
2.280247025191783905e-02
2.243077009916305542e-02
2.243077009916305542e-02
2.193864248692989349e-02
2.132675983011722565e-02
2.066636085510253906e-02
1.996099390089511871e-02
1.942019723355770111e-02
1.909440569579601288e-02
1.894017122685909271e-02
1.908018067479133606e-02
1.943898014724254608e-02
1.998948678374290466e-02
1.998948678374290466e-02
2.065916545689105988e-02
2.113372646272182465e-02
2.149856835603713989e-02
2.171028219163417816e-02
2.184116095304489136e-02
2.197735756635665894e-02
2.199480123817920685e-02
2.204789966344833374e-02
2.219783142209053040e-02
2.245521917939186096e-02
2.245521917939186096e-02
2.282435819506645203e-02
2.311615459620952606e-02
2.347762137651443481e-02
2.378875762224197388e-02
2.397442050278186798e-02
2.398992888629436493e-02
2.386013045907020569e-02
2.373942174017429352e-02
2.353797666728496552e-02
2.332667075097560883e-02
2.332667075097560883e-02
2.303185313940048218e-02
2.268849872052669525e-02
2.233315818011760712e-02
2.201197296380996704e-02
2.165570855140686035e-02
2.125519886612892151e-02
2.082337252795696259e-02
2.037669904530048370e-02
2.002330869436264038e-02
1.959741860628128052e-02
1.959741860628128052e-02
1.928040385246276855e-02
1.908937655389308929e-02
1.906192861497402191e-02
1.932592689990997314e-02
1.969173178076744080e-02
2.014039084315299988e-02
2.058941125869750977e-02
2.111327461898326874e-02
2.158121764659881592e-02
2.191106602549552917e-02
2.191106602549552917e-02
2.208659239113330841e-02
2.211440540850162506e-02
2.185810171067714691e-02
2.146877162158489227e-02
2.111114375293254852e-02
2.067063935101032257e-02
2.025672420859336853e-02
1.992213912308216095e-02
1.950671337544918060e-02
1.906866766512393951e-02
1.906866766512393951e-02
1.858177594840526581e-02
1.808253675699234009e-02
1.763662509620189667e-02
1.728752069175243378e-02
1.730545610189437866e-02
1.779891923069953918e-02
1.818009652197360992e-02
1.834393292665481567e-02
1.820190437138080597e-02
1.777303405106067657e-02
1.777303405106067657e-02
1.729973778128623962e-02
1.673216745257377625e-02
1.627366989850997925e-02
1.596117205917835236e-02
1.571616530418395996e-02
1.556369569152593613e-02
1.573655568063259125e-02
1.609710976481437683e-02
1.653535664081573486e-02
1.702003367245197296e-02
1.702003367245197296e-02
1.743014715611934662e-02
1.767616346478462219e-02
1.766885444521903992e-02
1.753302291035652161e-02
1.731428503990173340e-02
1.711454428732395172e-02
1.703910343348979950e-02
1.691518537700176239e-02
1.681861467659473419e-02
1.674386858940124512e-02
1.674386858940124512e-02
1.671549305319786072e-02
1.669511571526527405e-02
1.658341661095619202e-02
1.652552187442779541e-02
1.649352908134460449e-02
1.633409224450588226e-02
1.611398532986640930e-02
1.581394113600254059e-02
1.550146378576755524e-02
1.528470683842897415e-02
1.528470683842897415e-02
1.514024939388036728e-02
1.505306642502546310e-02
1.507933065295219421e-02
1.524445507675409317e-02
1.541116647422313690e-02
1.548864971846342087e-02
1.547732390463352203e-02
1.542379427701234818e-02
1.537046302109956741e-02
1.530076749622821808e-02
1.530076749622821808e-02
1.517620496451854706e-02
1.502521894872188568e-02
1.482412405312061310e-02
1.455789525061845779e-02
1.427940465509891510e-02
1.396002806723117828e-02
1.372540183365345001e-02
1.346699520945549011e-02
1.326807495206594467e-02
1.311203837394714355e-02
1.311203837394714355e-02
1.304487604647874832e-02
1.319437567144632339e-02
1.357031892985105515e-02
1.412244234234094620e-02
1.466473657637834549e-02
1.521910168230533600e-02
1.572653092443943024e-02
1.618388667702674866e-02
1.642429642379283905e-02
1.662035100162029266e-02
1.662035100162029266e-02
1.663016341626644135e-02
1.646831259131431580e-02
1.628225110471248627e-02
1.606599055230617523e-02
1.591344922780990601e-02
1.578423194587230682e-02
1.568994671106338501e-02
1.556840166449546814e-02
1.544264145195484161e-02
1.534744538366794586e-02
1.534744538366794586e-02
1.515619829297065735e-02
1.489088311791419983e-02
1.453003939241170883e-02
1.408790610730648041e-02
1.355066336691379547e-02
1.312209479510784149e-02
1.270827185362577438e-02
1.237030141055583954e-02
1.201279740780591965e-02
1.180779188871383667e-02
1.180779188871383667e-02
1.173995528370141983e-02
1.171775441616773605e-02
1.187506318092346191e-02
1.208701822906732559e-02
1.235705241560935974e-02
1.276518870145082474e-02
1.318920496851205826e-02
1.366752386093139648e-02
1.409304421395063400e-02
1.443114969879388809e-02
1.443114969879388809e-02
1.479746866971254349e-02
1.514629274606704712e-02
1.544842310249805450e-02
1.575653813779354095e-02
1.597446389496326447e-02
1.602820307016372681e-02
1.601958647370338440e-02
1.595009304583072662e-02
1.589918509125709534e-02
1.569358259439468384e-02
1.569358259439468384e-02
1.540537551045417786e-02
1.514433976262807846e-02
1.469393726438283920e-02
1.431508176028728485e-02
1.390923373401165009e-02
1.356686465442180634e-02
1.322390884160995483e-02
1.289013121277093887e-02
1.269568689167499542e-02
1.256724819540977478e-02
1.256724819540977478e-02
1.247802842408418655e-02
1.260945945978164673e-02
1.290248986333608627e-02
1.326152030378580093e-02
1.360080298036336899e-02
1.383772026747465134e-02
1.399044971913099289e-02
1.404792908579111099e-02
1.390192285180091858e-02
1.376787386834621429e-02
1.376787386834621429e-02
1.366768684238195419e-02
1.352459657937288284e-02
1.340690255165100098e-02
1.340690255165100098e-02
1.340690255165100098e-02
1.333104539662599564e-02
1.329571381211280823e-02
1.327532250434160233e-02
1.328521221876144409e-02
1.331566832959651947e-02
1.331566832959651947e-02
1.334942039102315903e-02
1.336982753127813339e-02
1.331919059157371521e-02
1.329540461301803589e-02
1.331503782421350479e-02
1.331503782421350479e-02
1.331503782421350479e-02
1.346717216074466705e-02
1.378080621361732483e-02
1.411644555628299713e-02
1.411644555628299713e-02
1.455740723758935928e-02
1.496789231896400452e-02
1.529150083661079407e-02
1.554928626865148544e-02
1.560530159622430801e-02
1.553272828459739685e-02
1.518172491341829300e-02
1.469422224909067154e-02
1.412366889417171478e-02
1.375020761042833328e-02
1.375020761042833328e-02
1.347486488521099091e-02
1.336892507970333099e-02
1.329825818538665771e-02
1.324535533785820007e-02
1.326991710811853409e-02
1.334860362112522125e-02
1.333899609744548798e-02
1.339168660342693329e-02
1.340268645435571671e-02
1.336304284632205963e-02
1.336304284632205963e-02
1.325107365846633911e-02
1.312695909291505814e-02
1.299551036208868027e-02
1.295880228281021118e-02
1.299949456006288528e-02
1.309625525027513504e-02
1.318096090108156204e-02
1.320500485599040985e-02
1.314382627606391907e-02
1.307396311312913895e-02
1.307396311312913895e-02
1.289667468518018723e-02
1.277712173759937286e-02
1.274647284299135208e-02
1.276924833655357361e-02
1.280398666858673096e-02
1.297379843890666962e-02
1.319342292845249176e-02
1.342181675136089325e-02
1.366461440920829773e-02
1.386014558374881744e-02
1.386014558374881744e-02
1.400949154049158096e-02
1.410646364092826843e-02
1.418514549732208252e-02
1.431137789040803909e-02
1.442255638539791107e-02
1.460907794535160065e-02
1.475602854043245316e-02
1.500880345702171326e-02
1.530554611235857010e-02
1.564007438719272614e-02
1.564007438719272614e-02
1.590079069137573242e-02
1.611064374446868896e-02
1.620417274534702301e-02
1.598397642374038696e-02
1.571010239422321320e-02
1.541574671864509583e-02
1.512118801474571228e-02
1.482900511473417282e-02
1.455094106495380402e-02
1.425457093864679337e-02
1.425457093864679337e-02
1.404456049203872681e-02
1.390442997217178345e-02
1.387909892946481705e-02
1.386326830834150314e-02
1.399357989430427551e-02
1.418550498783588409e-02
1.451025251299142838e-02
1.487359870225191116e-02
1.526261400431394577e-02
1.568615064024925232e-02
1.568615064024925232e-02
1.608937792479991913e-02
1.640883088111877441e-02
1.663199067115783691e-02
1.680595427751541138e-02
1.691574230790138245e-02
1.694407872855663300e-02
1.693455688655376434e-02
1.684994623064994812e-02
1.674197986721992493e-02
1.657201163470745087e-02
1.657201163470745087e-02
1.643763110041618347e-02
1.628934033215045929e-02
1.620951667428016663e-02
1.609410345554351807e-02
1.595051959156990051e-02
1.562964543700218201e-02
1.534866075962781906e-02
1.507159322500228882e-02
1.477669738233089447e-02
1.455589942634105682e-02
1.455589942634105682e-02
1.443658303469419479e-02
1.433697901666164398e-02
1.423760876059532166e-02
1.410541776567697525e-02
1.396854314953088760e-02
1.405699178576469421e-02
1.417800318449735641e-02
1.426444202661514282e-02
1.438923832029104233e-02
1.452014781534671783e-02
1.452014781534671783e-02
1.453917287290096283e-02
1.450592651963233948e-02
1.443671993911266327e-02
1.446772832423448563e-02
1.452502235770225525e-02
1.464079786092042923e-02
1.489928271621465683e-02
1.512231398373842239e-02
1.536046247929334641e-02
1.558796688914299011e-02
1.558796688914299011e-02
1.569445244967937469e-02
1.562854833900928497e-02
1.552044320851564407e-02
1.535375602543354034e-02
1.523154508322477341e-02
1.500790473073720932e-02
1.471211947500705719e-02
1.444700267165899277e-02
1.431984826922416687e-02
1.418495737016201019e-02
1.418495737016201019e-02
1.397471223026514053e-02
1.375170610845088959e-02
1.350208465009927750e-02
1.327105984091758728e-02
1.304585952311754227e-02
1.296102814376354218e-02
1.292814686894416809e-02
1.301963068544864655e-02
1.312111318111419678e-02
1.326511986553668976e-02
1.326511986553668976e-02
1.345764659345149994e-02
1.371385995298624039e-02
1.392856519669294357e-02
1.416010130196809769e-02
1.440484635531902313e-02
1.469487324357032776e-02
1.493607461452484131e-02
1.523386221379041672e-02
1.542528625577688217e-02
1.553825195878744125e-02
1.553825195878744125e-02
1.549958530813455582e-02
1.532526221126317978e-02
1.511212810873985291e-02
1.486494112759828568e-02
1.458851154893636703e-02
1.436568889766931534e-02
1.415484584867954254e-02
1.399542391300201416e-02
1.390832196921110153e-02
1.388423889875411987e-02
1.388423889875411987e-02
1.398347225040197372e-02
1.411294844001531601e-02
1.419034134596586227e-02
1.428677979856729507e-02
1.433421671390533447e-02
1.441784296184778214e-02
1.459162961691617966e-02
1.489435136318206787e-02
1.522655785083770752e-02
1.564996503293514252e-02
1.564996503293514252e-02
1.606358774006366730e-02
1.640972122550010681e-02
1.662771962583065033e-02
1.656662113964557648e-02
1.646082103252410889e-02
1.627550460398197174e-02
1.612398214638233185e-02
1.589952968060970306e-02
1.571690663695335388e-02
1.558257453143596649e-02
1.558257453143596649e-02
1.551098655909299850e-02
1.548155304044485092e-02
1.548281963914632797e-02
1.554109435528516769e-02
1.556819956749677658e-02
1.553687453269958496e-02
1.552536897361278534e-02
1.550984475761651993e-02
1.545270066708326340e-02
1.535153947770595551e-02
1.535153947770595551e-02
1.529808063060045242e-02
1.530188787728548050e-02
1.528594177216291428e-02
1.522054336965084076e-02
1.524706371128559113e-02
1.531576644629240036e-02
1.530791632831096649e-02
1.530042011290788651e-02
1.531892828643321991e-02
1.535376440733671188e-02
1.535376440733671188e-02
1.530323829501867294e-02
1.528542675077915192e-02
1.530931238085031509e-02
1.538454834371805191e-02
1.545024104416370392e-02
1.546988170593976974e-02
1.554687041789293289e-02
1.561259385198354721e-02
1.557544060051441193e-02
1.546478644013404846e-02
1.546478644013404846e-02
1.537990104407072067e-02
1.534683443605899811e-02
1.527582202106714249e-02
1.524183154106140137e-02
1.519455760717391968e-02
1.513089053332805634e-02
1.507053617388010025e-02
1.498213037848472595e-02
1.494262553751468658e-02
1.492811646312475204e-02
1.492811646312475204e-02
1.490946579724550247e-02
1.493362244218587875e-02
1.490662619471549988e-02
1.487576588988304138e-02
1.478439103811979294e-02
1.476849615573883057e-02
1.474743522703647614e-02
1.476489659398794174e-02
1.476333476603031158e-02
1.476603839546442032e-02
1.476603839546442032e-02
1.473130099475383759e-02
1.482004020363092422e-02
1.485243998467922211e-02
1.481457799673080444e-02
1.473366934806108475e-02
1.458270475268363953e-02
1.442029699683189392e-02
1.423030998557806015e-02
1.404378097504377365e-02
1.383214443922042847e-02
1.383214443922042847e-02
1.360615715384483337e-02
1.344808191061019897e-02
1.333675440400838852e-02
1.324520260095596313e-02
1.316770352423191071e-02
1.314977742731571198e-02
1.320974342525005341e-02
1.337694562971591949e-02
1.352392509579658508e-02
1.362684462219476700e-02
