2.303606710462937843e-02
2.303606710462937843e-02
2.258382758338516386e-02
2.187658539951618797e-02
2.174537346770059540e-02
2.123547943302356994e-02
2.093128709941761978e-02
2.052855707628949145e-02
2.019374449484280173e-02
1.992619382597456829e-02
1.973873732324692154e-02
1.960392143615143773e-02
1.960392143615143773e-02
1.965637357165167867e-02
1.969367748923571068e-02
1.971543025189636394e-02
1.983996388373827913e-02
1.983106428898898099e-02
1.963682761007521510e-02
1.963465884300522393e-02
1.957465464804286279e-02
1.954697026578463420e-02
1.958858272934558067e-02
