4.280664399266242981e-02
4.280664399266242981e-02
4.157198965549468994e-02
4.115158692002296448e-02
4.047761857509613037e-02
3.979118913412094116e-02
3.920223191380500793e-02
3.858148306608200073e-02
3.800489008426666260e-02
3.779828920960426331e-02
3.752855211496353149e-02
3.721189498901367188e-02
3.721189498901367188e-02
3.690855950117111206e-02
3.653330355882644653e-02
3.617387264966964722e-02
3.576925024390220642e-02
3.535441681742668152e-02
3.489267453551292419e-02
3.448859974741935730e-02
3.433800116181373596e-02
3.419988229870796204e-02
3.410416096448898315e-02
3.410416096448898315e-02
3.404429927468299866e-02
3.400493413209915161e-02
3.398592397570610046e-02
3.397024795413017273e-02
3.392953798174858093e-02
3.391139209270477295e-02
3.390265256166458130e-02
3.390454128384590149e-02
3.392263501882553101e-02
3.410156443715095520e-02
3.410156443715095520e-02
3.438734263181686401e-02
3.459584340453147888e-02
3.482602909207344055e-02
3.509228304028511047e-02
3.539934381842613220e-02
3.571397811174392700e-02
3.603443875908851624e-02
3.624297305941581726e-02
3.640320897102355957e-02
3.647377714514732361e-02
3.647377714514732361e-02
3.650614991784095764e-02
3.649626299738883972e-02
3.647943213582038879e-02
3.645157441496849060e-02
3.633498772978782654e-02
3.617964312434196472e-02
3.602784499526023865e-02
3.589882329106330872e-02
3.567283600568771362e-02
3.540071099996566772e-02
3.540071099996566772e-02
3.506600111722946167e-02
3.471238911151885986e-02
3.430996835231781006e-02
3.391382098197937012e-02
3.355913609266281128e-02
3.311994299292564392e-02
3.269074112176895142e-02
3.221308439970016479e-02
3.187184408307075500e-02
3.146943077445030212e-02
3.146943077445030212e-02
3.099372237920761108e-02
3.058252856135368347e-02
3.022038005292415619e-02
2.995128743350505829e-02
2.973063103854656219e-02
2.965617366135120392e-02
2.958248555660247803e-02
2.953403815627098083e-02
2.948133461177349091e-02
2.926158159971237183e-02
2.926158159971237183e-02
2.912427484989166260e-02
2.899922803044319153e-02
2.881691418588161469e-02
2.851886488497257233e-02
2.819082513451576233e-02
2.785201929509639740e-02
2.744563482701778412e-02
2.695382013916969299e-02
2.655616588890552521e-02
2.616302110254764557e-02
2.616302110254764557e-02
2.583196572959423065e-02
2.550625801086425781e-02
2.524868398904800415e-02
2.498410455882549286e-02
2.479980327188968658e-02
2.448232099413871765e-02
2.429055050015449524e-02
2.413812093436717987e-02
2.392722107470035553e-02
2.381473407149314880e-02
2.381473407149314880e-02
2.365174889564514160e-02
2.355376631021499634e-02
2.348215319216251373e-02
2.344614081084728241e-02
2.441146969795227051e-02
2.529641427099704742e-02
2.610970847308635712e-02
2.680435217916965485e-02
2.740179933607578278e-02
2.787319943308830261e-02
2.787319943308830261e-02
2.822072431445121765e-02
2.844433858990669250e-02
2.864658087491989136e-02
2.881960012018680573e-02
2.893604338169097900e-02
2.885937504470348358e-02
2.870339527726173401e-02
2.851403318345546722e-02
2.827974222600460052e-02
2.800431288778781891e-02
2.800431288778781891e-02
2.773375436663627625e-02
2.741429954767227173e-02
2.699919790029525757e-02
2.655158936977386475e-02
2.611052989959716797e-02
2.566334232687950134e-02
2.519809827208518982e-02
2.470410615205764771e-02
2.422231808304786682e-02
2.367765456438064575e-02
2.367765456438064575e-02
2.316534519195556641e-02
2.256800048053264618e-02
2.203640714287757874e-02
2.149783819913864136e-02
2.106001973152160645e-02
2.061459235846996307e-02
2.008407190442085266e-02
1.956963911652565002e-02
1.904941350221633911e-02
1.845492422580718994e-02
1.845492422580718994e-02
1.785975508391857147e-02
1.722817122936248779e-02
1.663420908153057098e-02
1.600310765206813812e-02
1.539402175694704056e-02
1.479117572307586670e-02
1.418867148458957672e-02
1.363964099436998367e-02
1.308671664446592331e-02
1.259585004299879074e-02
1.259585004299879074e-02
1.216283813118934631e-02
1.178097818046808243e-02
1.141454465687274933e-02
1.099722646176815033e-02
1.060525607317686081e-02
1.035574171692132950e-02
1.016170158982276917e-02
1.001967862248420715e-02
9.946522302925586700e-03
9.935803711414337158e-03
9.935803711414337158e-03
9.971918538212776184e-03
9.933542460203170776e-03
9.953705593943595886e-03
1.008587982505559921e-02
1.021378301084041595e-02
1.029640715569257736e-02
1.036705728620290756e-02
1.040164474397897720e-02
1.038762181997299194e-02
1.035754475742578506e-02
1.035754475742578506e-02
1.032586488872766495e-02
1.024530362337827682e-02
1.008642092347145081e-02
9.926545433700084686e-03
9.782643988728523254e-03
9.677632711827754974e-03
9.595725685358047485e-03
9.616862982511520386e-03
9.621952660381793976e-03
9.554008021950721741e-03
9.554008021950721741e-03
9.600582532584667206e-03
9.751725010573863983e-03
9.945720434188842773e-03
1.011879276484251022e-02
1.028666272759437561e-02
1.040734816342592239e-02
1.049495488405227661e-02
1.064205076545476913e-02
1.071930397301912308e-02
1.076851133257150650e-02
1.076851133257150650e-02
1.081914454698562622e-02
1.080795656889677048e-02
1.079735346138477325e-02
1.074272301048040390e-02
1.062312908470630646e-02
1.046291273087263107e-02
1.025907322764396667e-02
1.010741852223873138e-02
9.913016110658645630e-03
9.781716391444206238e-03
9.781716391444206238e-03
9.758688509464263916e-03
9.792930446565151215e-03
9.863241575658321381e-03
1.003524195402860641e-02
1.022237725555896759e-02
1.040870230644941330e-02
1.055469829589128494e-02
1.069066207855939865e-02
1.082431804388761520e-02
1.097263209521770477e-02
1.097263209521770477e-02
1.097284629940986633e-02
1.100251451134681702e-02
1.097806170582771301e-02
1.112070400267839432e-02
1.117130462080240250e-02
1.101221609860658646e-02
1.079377438873052597e-02
1.058109384030103683e-02
1.016542036086320877e-02
9.381838142871856689e-03
9.381838142871856689e-03
8.654153905808925629e-03
8.059862069785594940e-03
7.466153707355260849e-03
7.030724082142114639e-03
6.719563156366348267e-03
6.524724420160055161e-03
6.396681070327758789e-03
6.235580425709486008e-03
6.120197009295225143e-03
6.100152619183063507e-03
6.100152619183063507e-03
6.259696558117866516e-03
6.605545058846473694e-03
7.025840692222118378e-03
7.429727818816900253e-03
7.763150613754987717e-03
8.031538687646389008e-03
8.320112712681293488e-03
8.569452911615371704e-03
8.777715265750885010e-03
8.986202068626880646e-03
8.986202068626880646e-03
8.994502015411853790e-03
8.927968330681324005e-03
8.810523897409439087e-03
8.672080934047698975e-03
8.692646399140357971e-03
8.833068422973155975e-03
9.004387073218822479e-03
9.191408753395080566e-03
9.340487420558929443e-03
9.378204122185707092e-03
9.378204122185707092e-03
9.248212911188602448e-03
8.921734057366847992e-03
8.533277548849582672e-03
8.157143369317054749e-03
7.836534641683101654e-03
7.545159664005041122e-03
7.219125516712665558e-03
7.162717171013355255e-03
7.252348121255636215e-03
7.387407589703798294e-03
7.387407589703798294e-03
7.445978466421365738e-03
7.588581182062625885e-03
7.817207835614681244e-03
8.036413230001926422e-03
8.426073938608169556e-03
8.578496053814888000e-03
8.664415217936038971e-03
8.618581108748912811e-03
8.566948585212230682e-03
8.524144068360328674e-03
8.524144068360328674e-03
8.495486341416835785e-03
8.391637355089187622e-03
8.188509382307529449e-03
8.150753565132617950e-03
8.322155103087425232e-03
8.728722110390663147e-03
9.212418459355831146e-03
9.757057763636112213e-03
1.040959171950817108e-02
1.112652011215686798e-02
1.112652011215686798e-02
1.177623961120843887e-02
1.258419733494520187e-02
1.354991924017667770e-02
1.454282831400632858e-02
1.546946261078119278e-02
1.651213318109512329e-02
1.754942908883094788e-02
1.856922730803489685e-02
1.970090717077255249e-02
2.107476256787776947e-02
2.107476256787776947e-02
2.256441302597522736e-02
2.408267557621002197e-02
2.553051710128784180e-02
2.659947611391544342e-02
2.738213166594505310e-02
2.787599340081214905e-02
2.823635749518871307e-02
2.854256890714168549e-02
2.869217842817306519e-02
2.871559932827949524e-02
2.871559932827949524e-02
2.862417139112949371e-02
2.844829112291336060e-02
2.827454917132854462e-02
2.805518358945846558e-02
2.776752039790153503e-02
2.736963331699371338e-02
2.697688341140747070e-02
2.646908350288867950e-02
2.594584971666336060e-02
2.529222331941127777e-02
2.529222331941127777e-02
2.449743635952472687e-02
2.373012341558933258e-02
2.304331213235855103e-02
2.231395430862903595e-02
2.171902172267436981e-02
2.116840146481990814e-02
2.064524963498115540e-02
2.029893733561038971e-02
2.004113607108592987e-02
1.981571502983570099e-02
1.981571502983570099e-02
1.967532001435756683e-02
1.966273784637451172e-02
1.968471705913543701e-02
1.992253214120864868e-02
2.017467655241489410e-02
2.044003084301948547e-02
2.066389471292495728e-02
2.078553847968578339e-02
2.071647346019744873e-02
2.070113830268383026e-02
2.070113830268383026e-02
2.059490233659744263e-02
2.032231912016868591e-02
2.001673914492130280e-02
1.964166574180126190e-02
1.933820731937885284e-02
1.899247802793979645e-02
1.856603287160396576e-02
1.813624985516071320e-02
1.763850077986717224e-02
1.714763417840003967e-02
1.714763417840003967e-02
1.682009175419807434e-02
1.656738668680191040e-02
1.640118286013603210e-02
1.628089137375354767e-02
1.614244468510150909e-02
1.623000763356685638e-02
1.631640084087848663e-02
1.631861738860607147e-02
1.625443436205387115e-02
1.606278494000434875e-02
1.606278494000434875e-02
1.573698408901691437e-02
1.543874666094779968e-02
1.493187062442302704e-02
1.442752312868833542e-02
1.406517811119556427e-02
1.367624383419752121e-02
1.319941412657499313e-02
1.267125643789768219e-02
1.228184718638658524e-02
1.211047638207674026e-02
1.211047638207674026e-02
1.206896919757127762e-02
1.206870563328266144e-02
1.209660433232784271e-02
1.217909436672925949e-02
1.217197719961404800e-02
1.210637483745813370e-02
1.195323374122381210e-02
1.178112067282199860e-02
1.149190496653318405e-02
1.119903195649385452e-02
1.119903195649385452e-02
1.091548800468444824e-02
1.067658048123121262e-02
1.049927249550819397e-02
1.037422940135002136e-02
1.020325813442468643e-02
1.018569339066743851e-02
1.027041766792535782e-02
1.047509908676147461e-02
1.081870030611753464e-02
1.126332301646471024e-02
1.126332301646471024e-02
1.165577955543994904e-02
1.209494192153215408e-02
1.256752479821443558e-02
1.286534219980239868e-02
1.307912170886993408e-02
1.303522288799285889e-02
1.279464736580848694e-02
1.263973303139209747e-02
1.263973303139209747e-02
1.245600264519453049e-02
1.245600264519453049e-02
1.223888061940670013e-02
1.194827537983655930e-02
1.161170750856399536e-02
1.124608889222145081e-02
1.099138334393501282e-02
1.089084893465042114e-02
1.084755826741456985e-02
1.089729927480220795e-02
1.103760581463575363e-02
1.117805670946836472e-02
1.117805670946836472e-02
1.135994400829076767e-02
1.156821846961975098e-02
1.175769511610269547e-02
1.174760609865188599e-02
1.159543264657258987e-02
1.140016410499811172e-02
1.113113667815923691e-02
1.071510836482048035e-02
1.033336576074361801e-02
1.033336576074361801e-02
1.033336576074361801e-02
1.001829933375120163e-02
9.870098903775215149e-03
9.821676649153232574e-03
9.916950017213821411e-03
1.005219668149948120e-02
1.024534832686185837e-02
1.041436847299337387e-02
1.058956701308488846e-02
1.058956701308488846e-02
1.058956701308488846e-02
1.058956701308488846e-02
1.068548858165740967e-02
1.065496262162923813e-02
1.054665725678205490e-02
1.036202814429998398e-02
1.000975538045167923e-02
9.695182554423809052e-03
9.443178772926330566e-03
9.346878156065940857e-03
9.327222593128681183e-03
9.433290921151638031e-03
9.433290921151638031e-03
9.656280279159545898e-03
9.970972314476966858e-03
1.036634482443332672e-02
1.066255103796720505e-02
1.097544003278017044e-02
1.125073432922363281e-02
1.125073432922363281e-02
1.125073432922363281e-02
1.149311382323503494e-02
1.163695566356182098e-02
1.163695566356182098e-02
1.152784191071987152e-02
1.138322334736585617e-02
1.127244438976049423e-02
1.113614067435264587e-02
1.107189990580081940e-02
1.101861800998449326e-02
1.098804362118244171e-02
1.097629405558109283e-02
1.107011176645755768e-02
1.113055087625980377e-02
1.113055087625980377e-02
1.117312628775835037e-02
1.110938657075166702e-02
1.098116207867860794e-02
1.077946182340383530e-02
1.055163983255624771e-02
1.031171530485153198e-02
9.961385279893875122e-03
9.622856974601745605e-03
9.333007037639617920e-03
9.125716052949428558e-03
9.125716052949428558e-03
8.932810276746749878e-03
8.760777302086353302e-03
8.625891059637069702e-03
8.452178910374641418e-03
8.416916243731975555e-03
8.442623540759086609e-03
8.627732284367084503e-03
8.842220529913902283e-03
9.060624986886978149e-03
9.350246749818325043e-03
9.350246749818325043e-03
9.577241726219654083e-03
9.720076806843280792e-03
9.798530489206314087e-03
9.814313612878322601e-03
9.721563197672367096e-03
9.514536708593368530e-03
9.321111254394054413e-03
9.139748290181159973e-03
8.998714387416839600e-03
8.925537578761577606e-03
8.925537578761577606e-03
8.923524059355258942e-03
8.948701433837413788e-03
9.008948691189289093e-03
9.052711538970470428e-03
9.074336849153041840e-03
8.986434899270534515e-03
8.850650861859321594e-03
8.749963715672492981e-03
8.607032708823680878e-03
8.525364100933074951e-03
8.525364100933074951e-03
8.503905497491359711e-03
8.588013239204883575e-03
8.795360103249549866e-03
9.067720733582973480e-03
9.432260878384113312e-03
9.776733815670013428e-03
1.003565080463886261e-02
1.014708448201417923e-02
1.012874674052000046e-02
1.001034211367368698e-02
1.001034211367368698e-02
9.897664189338684082e-03
9.858489036560058594e-03
9.815785102546215057e-03
9.785035625100135803e-03
9.765609167516231537e-03
9.628838859498500824e-03
9.426899254322052002e-03
9.188947267830371857e-03
9.188947267830371857e-03
9.048890322446823120e-03
9.048890322446823120e-03
8.976724930107593536e-03
8.954575285315513611e-03
9.047102183103561401e-03
9.057250805199146271e-03
9.120800532400608063e-03
9.185823611915111542e-03
9.275350719690322876e-03
9.289661422371864319e-03
9.296240285038948059e-03
9.323487989604473114e-03
9.323487989604473114e-03
9.342436678707599640e-03
9.384273551404476166e-03
9.504095651209354401e-03
9.610811248421669006e-03
9.839255362749099731e-03
1.017604861408472061e-02
1.063941698521375656e-02
1.110270153731107712e-02
1.148975454270839691e-02
1.176449749618768692e-02
1.176449749618768692e-02
1.176135241985321045e-02
1.152084209024906158e-02
1.122695393860340118e-02
1.075381692498922348e-02
1.005093753337860107e-02
9.298767894506454468e-03
8.587593212723731995e-03
8.021742105484008789e-03
7.624301128089427948e-03
7.449447643011808395e-03
7.449447643011808395e-03
7.359639275819063187e-03
7.350152358412742615e-03
7.380080409348011017e-03
7.531305309385061264e-03
7.643543649464845657e-03
7.771216332912445068e-03
7.907955907285213470e-03
8.074239827692508698e-03
8.281831629574298859e-03
8.502530865371227264e-03
8.502530865371227264e-03
8.750813081860542297e-03
8.996657095849514008e-03
9.161978028714656830e-03
9.265515953302383423e-03
9.352251887321472168e-03
9.385171346366405487e-03
9.462164714932441711e-03
9.630528278648853302e-03
9.828089736402034760e-03
1.002486608922481537e-02
1.002486608922481537e-02
1.020709890872240067e-02
1.032010279595851898e-02
1.039905846118927002e-02
1.043006684631109238e-02
1.043006684631109238e-02
1.043006684631109238e-02
1.043006684631109238e-02
1.039087027311325073e-02
1.039872597903013229e-02
1.033991575241088867e-02
1.033991575241088867e-02
1.029142923653125763e-02
1.027368102222681046e-02
1.023319642990827560e-02
1.012273970991373062e-02
1.003524474799633026e-02
1.007535681128501892e-02
1.024841982871294022e-02
1.053484715521335602e-02
1.093470957130193710e-02
1.131098438054323196e-02
1.131098438054323196e-02
1.149291638284921646e-02
1.146456133574247360e-02
1.126616075634956360e-02
1.082190312445163727e-02
1.031422708183526993e-02
9.835390374064445496e-03
9.390448220074176788e-03
8.996512740850448608e-03
8.761364966630935669e-03
8.639849722385406494e-03
8.639849722385406494e-03
8.731707930564880371e-03
8.866071701049804688e-03
8.992470800876617432e-03
9.058901108801364899e-03
9.053296409547328949e-03
8.878882974386215210e-03
8.632988668978214264e-03
8.077844977378845215e-03
7.666330318897962570e-03
7.416166830807924271e-03
7.416166830807924271e-03
7.428109645843505859e-03
7.673040032386779785e-03
8.074978366494178772e-03
8.700883015990257263e-03
9.419446811079978943e-03
1.016708835959434509e-02
1.085424982011318207e-02
1.141635421663522720e-02
1.177079603075981140e-02
1.188055332750082016e-02
1.188055332750082016e-02
1.184020563960075378e-02
1.177038904279470444e-02
1.157160941511392593e-02
1.129301544278860092e-02
1.093927118927240372e-02
1.058816723525524139e-02
1.023179106414318085e-02
1.004816498607397079e-02
1.001111045479774475e-02
1.003546360880136490e-02
1.003546360880136490e-02
1.007825788110494614e-02
1.017516572028398514e-02
1.026179734617471695e-02
1.035277824848890305e-02
1.043986529111862183e-02
1.048048585653305054e-02
1.049755048006772995e-02
1.051275897771120071e-02
1.050358172506093979e-02
1.031839568167924881e-02
1.031839568167924881e-02
1.020418852567672729e-02
1.013807673007249832e-02
1.001893356442451477e-02
9.972177445888519287e-03
9.992511942982673645e-03
1.009061373770236969e-02
1.026089116930961609e-02
1.039532944560050964e-02
1.051774155348539352e-02
1.061285380274057388e-02
