1.491504740445840542e-03
1.491504740445840542e-03
2.768747728405470277e-03
2.452605380411569495e-03
2.423276352566201743e-03
2.456153383526565957e-03
2.254479068795023702e-03
1.981168263912967166e-03
1.915645965389770403e-03
2.071299640929501282e-03
2.096742014607719078e-03
2.198672545721357900e-03
2.198672545721357900e-03
2.370156645217968462e-03
2.442012680776820682e-03
2.527696190030603515e-03
2.594342695995040162e-03
2.655807482767071157e-03
2.645431417624460792e-03
2.601658092269581047e-03
2.524461778659053881e-03
2.399513195034030412e-03
2.225683365202913485e-03
2.225683365202913485e-03
2.036348352718002699e-03
1.900039144127782260e-03
1.781937836803240346e-03
1.711914136067713447e-03
1.629756089453022029e-03
1.555482435640528167e-03
1.553163020131865775e-03
1.644572588385126389e-03
1.678090805260220621e-03
1.673013701692758690e-03
1.673013701692758690e-03
1.531948787699864310e-03
1.403783901131485864e-03
1.449384811518656920e-03
1.554952609720290169e-03
1.702437904598746391e-03
1.881284662485898816e-03
1.976152426108432076e-03
1.996567278972673394e-03
1.899930497147886638e-03
1.793766617244422915e-03
1.793766617244422915e-03
1.804204046572529261e-03
1.882033048465798402e-03
1.957984157933038896e-03
1.979757865536871733e-03
1.872605481240594959e-03
1.710785926680495400e-03
1.629147890373660494e-03
1.696783407263762313e-03
1.814855582496324813e-03
1.915789067923082296e-03
1.915789067923082296e-03
2.025492415725600476e-03
2.018321078275699728e-03
1.825860620307784418e-03
1.722334195442160130e-03
1.715466976353643242e-03
1.742065841126501889e-03
1.781547062836371384e-03
1.796601191269270488e-03
1.786145930359852359e-03
1.735831895734765836e-03
1.735831895734765836e-03
1.689617642111606753e-03
1.600803684042235216e-03
1.588182763491912753e-03
1.672384376258473880e-03
1.836423217046373067e-03
2.032828449978556565e-03
2.182724766868752563e-03
2.174280618789518980e-03
2.097684526420021556e-03
1.948117968036490455e-03
1.948117968036490455e-03
1.898133236301323976e-03
1.925892383813500742e-03
2.120132256799097878e-03
2.231962840384793968e-03
2.272130475890083660e-03
2.107205717340515129e-03
1.849229907476452901e-03
1.710122991505586736e-03
1.698141965077546540e-03
1.915424724055612331e-03
1.915424724055612331e-03
2.282151702242269167e-03
2.504784187380550663e-03
2.791084022531372267e-03
2.732146402669732160e-03
2.422342250697710926e-03
1.993165378799981267e-03
1.859956380949164424e-03
2.022058521695592297e-03
2.327791289556612690e-03
2.509210104299386401e-03
2.509210104299386401e-03
2.372089760377210383e-03
2.065716353111732989e-03
1.793600252910987737e-03
1.694702071663261016e-03
1.754826152779079013e-03
1.933193996763847176e-03
2.139603713764825794e-03
2.082824774450273923e-03
1.947537237836690282e-03
1.766639239914457194e-03
1.766639239914457194e-03
1.612199522604109000e-03
1.558482725352648094e-03
1.636926453989641156e-03
1.762606762631618125e-03
1.740927527474055506e-03
1.835720456901539276e-03
1.924676083665062673e-03
1.942842193078294635e-03
1.853283326571273770e-03
1.781984299380237093e-03
1.781984299380237093e-03
1.688794765948822352e-03
1.575772912074389562e-03
1.615303261283329399e-03
1.605218806954673925e-03
1.680526299446962347e-03
1.727039015105813827e-03
1.624907845517448027e-03
1.475267165097692403e-03
1.411826595824832754e-03
1.400647909431719908e-03
1.400647909431719908e-03
1.426651268687120430e-03
1.357613234644303906e-03
1.367532601268577758e-03
1.425357176546243696e-03
1.505256520508519921e-03
1.554548362915278556e-03
1.484519159617097000e-03
1.354237918691393898e-03
1.334600451775933743e-03
1.431877489850900314e-03
1.431877489850900314e-03
1.573089043395298594e-03
1.590532481427862389e-03
1.490609217921041833e-03
1.366978906742855092e-03
1.407277455395926878e-03
1.649825503228423505e-03
1.695965570349318354e-03
1.643453526543694077e-03
1.537191738979848702e-03
1.527173179487705673e-03
1.527173179487705673e-03
1.540992058827049061e-03
1.560211702056145573e-03
1.625392756569606252e-03
1.633282816414450807e-03
1.625864915625132006e-03
1.557781375827480518e-03
1.513068464750980113e-03
2.110191223320206488e-03
2.708880943997713214e-03
3.270042646137936906e-03
3.270042646137936906e-03
3.824519384459118369e-03
4.384609933931978877e-03
4.874188787894306006e-03
5.247438816374581753e-03
5.517330433477509073e-03
5.670655130726840951e-03
5.774230647542330508e-03
5.874131250160014549e-03
5.953528342370893386e-03
6.000193278540392160e-03
6.000193278540392160e-03
5.992873318496643245e-03
5.974701064750014175e-03
5.903647234183932377e-03
5.809988442581952295e-03
5.700530035762115151e-03
5.542336232806604861e-03
5.396922618338752774e-03
5.198745850530505676e-03
5.198745850530505676e-03
5.198745850530505676e-03
5.198745850530505676e-03
5.025186226024449219e-03
4.862252649319916478e-03
4.721550952852869229e-03
4.721550952852869229e-03
4.721550952852869229e-03
4.721550952852869229e-03
4.721550952852869229e-03
4.554631843332527033e-03
4.404255256041269932e-03
4.110493051181818985e-03
4.110493051181818985e-03
3.824720986346748404e-03
3.566285278996726964e-03
3.360656758024051140e-03
3.229772223325750799e-03
3.221083991415172199e-03
3.226842859316533026e-03
3.168772268972908004e-03
3.086126664981693208e-03
2.995865730251273847e-03
2.901505335642511150e-03
2.901505335642511150e-03
2.803094355697857351e-03
2.693364560754728416e-03
2.619739307377574617e-03
2.514102880799435821e-03
2.347543158321713057e-03
2.224956677869434352e-03
2.213685495241416411e-03
2.278538814653393012e-03
2.305257432687207036e-03
2.267561982400076621e-03
2.267561982400076621e-03
2.160664610674003627e-03
1.932934081815967063e-03
1.677093274108394996e-03
1.556450552584317517e-03
1.549214989319775554e-03
1.624772929956291466e-03
1.710182190493466248e-03
1.719695571168021768e-03
1.636585064500315325e-03
1.470206683502863192e-03
1.470206683502863192e-03
1.331327396881443496e-03
1.228101186850990949e-03
1.206358096448744864e-03
1.304889011664883951e-03
1.405202204785609621e-03
1.382134714270537605e-03
1.271020306244529828e-03
1.147159706243215628e-03
1.121839831665746596e-03
1.165050771485120302e-03
1.165050771485120302e-03
1.222792982255895000e-03
1.336604175310991986e-03
1.366779406671883709e-03
1.320081692817696951e-03
1.261595522815371628e-03
1.257048150601186229e-03
1.286862601219370891e-03
1.340449723001082682e-03
1.353656014077754110e-03
1.345292735172842410e-03
1.345292735172842410e-03
1.374455718250274482e-03
1.463908993942354729e-03
1.504672782004020434e-03
1.427578707085178696e-03
1.369167986920707394e-03
1.337925798414108707e-03
1.374288652090568377e-03
1.380071024261963607e-03
1.426675708080916679e-03
1.458122791999306913e-03
1.458122791999306913e-03
1.455418379431977147e-03
1.446402671228897395e-03
1.478566951685598117e-03
1.495912895577105163e-03
1.481200292776404040e-03
1.446885229223925616e-03
1.398673045058102882e-03
1.403538254318772386e-03
1.467889623042641133e-03
1.536447846319116597e-03
