3.026590562835766371e-02
3.026590562835766371e-02
2.945002835586425782e-02
2.871567569028140449e-02
2.912247460076278563e-02
2.933834200699984504e-02
2.926238860087723714e-02
2.889534155251361619e-02
2.863640118429101877e-02
2.834788262458919073e-02
2.861570351855199576e-02
2.869575427660914918e-02
2.869575427660914918e-02
2.881549385665816559e-02
2.893664953968644662e-02
2.899496638093370174e-02
2.894378788778714101e-02
2.915256294727748901e-02
2.925629435842637752e-02
2.928219782814005939e-02
2.919439878321470477e-02
2.914314428797387321e-02
2.901363085437256781e-02
2.901363085437256781e-02
2.881541914578691216e-02
2.850824357945718271e-02
2.823801552057043918e-02
2.805927065841710630e-02
2.795643864690117511e-02
2.794320923054768868e-02
2.801159229157859296e-02
2.805460155651702189e-02
2.810171446145097104e-02
2.819859799558210867e-02
2.819859799558210867e-02
2.832422696045176075e-02
2.828980663009112231e-02
2.822459646368122299e-02
2.812750537264911699e-02
2.798131662687941557e-02
2.785887747162038228e-02
2.792740078952001687e-02
2.804165918445002820e-02
2.799591820804766054e-02
2.777827039184561225e-02
2.777827039184561225e-02
2.760050110817702240e-02
2.733902182513749807e-02
2.723891887911215198e-02
2.708809791386157517e-02
2.688956135456631660e-02
2.675643303966733152e-02
2.649436421386698950e-02
2.619721421788381854e-02
2.596585142535068336e-02
2.577007238159872288e-02
2.577007238159872288e-02
2.553332202954112021e-02
2.532439127307104659e-02
2.510029795168169930e-02
2.478913812198151392e-02
2.436317421280907031e-02
2.398654821154793879e-02
2.374865390423867503e-02
2.364061913503873874e-02
2.348919186821510005e-02
2.335025155708071037e-02
2.335025155708071037e-02
2.321289537256616964e-02
2.313139873583264228e-02
2.289430039861027610e-02
2.259965248802042054e-02
2.230261081360795927e-02
2.205887771251178325e-02
2.181695829924263502e-02
2.160182908310299618e-02
2.154079860002051927e-02
2.141637857224762756e-02
2.141637857224762756e-02
2.130973943594883027e-02
2.126011018464132526e-02
2.118491792769517518e-02
2.124274221771871654e-02
2.128241750292412734e-02
2.121729928297824697e-02
2.112693718073601484e-02
2.078404336102613117e-02
2.052576514463168647e-02
2.037604304619416648e-02
2.037604304619416648e-02
2.015986840493496496e-02
1.993291735177027402e-02
1.971671114762327259e-02
1.960569264623850463e-02
1.950353481516035534e-02
1.942005982129729053e-02
1.933713755508370200e-02
1.925288880807280237e-02
1.910901383038476550e-02
1.898815974025767905e-02
1.898815974025767905e-02
1.881991146351865221e-02
1.865440775530310957e-02
1.858463021267237059e-02
1.855559862472441757e-02
1.860734701445410436e-02
1.861424441767680488e-02
1.866170367357996782e-02
1.868394176654504524e-02
1.877306048656813761e-02
1.862880434594956641e-02
1.862880434594956641e-02
1.854427972918641296e-02
1.826175256357005783e-02
1.811213820982339809e-02
1.813572682237133901e-02
1.809745871466850523e-02
1.793984357071442756e-02
1.777650929036641431e-02
1.753034774691064265e-02
1.724833018265064383e-02
1.690411082440837834e-02
1.690411082440837834e-02
1.663884238865533105e-02
1.614798750681706654e-02
1.564003327595499607e-02
1.526297928680036241e-02
1.509270593481693533e-02
1.503226201282907917e-02
1.509310215543250254e-02
1.509988990004521719e-02
1.515584292144846711e-02
1.524213141886585944e-02
1.524213141886585944e-02
1.524549199986663904e-02
1.520620821103337884e-02
1.533857298499713070e-02
1.537932850237209124e-02
1.547016794134952605e-02
1.554653406793617305e-02
1.552326022317625058e-02
1.552658117133156636e-02
1.545107207354100808e-02
1.544078170856534073e-02
1.544078170856534073e-02
1.542796829266663595e-02
1.532914036463766186e-02
1.532084408516247095e-02
1.540263405202945551e-02
1.509622953844510368e-02
1.472628259829542735e-02
1.430973745523698125e-02
1.388756074246210760e-02
1.357081310035087619e-02
1.334079383230782866e-02
1.334079383230782866e-02
1.313084792673862439e-02
1.302737367639683445e-02
1.295314439108125569e-02
1.295793558603325520e-02
1.298425231882922859e-02
1.308210112521277814e-02
1.323711115008521268e-02
1.341949964916534614e-02
1.353991176658589889e-02
1.363185327257849730e-02
1.363185327257849730e-02
1.371338215030693149e-02
1.387521304380682878e-02
1.406643507120867997e-02
1.433179984630814779e-02
1.453210609609190476e-02
1.481228169113170921e-02
1.512280618430130591e-02
1.543168253132194342e-02
1.554753099929415128e-02
1.561532200372002001e-02
1.561532200372002001e-02
1.569038571270045881e-02
1.582807572928760995e-02
1.600633903013365042e-02
1.625336091341171227e-02
1.641727201840583253e-02
1.659889220345975303e-02
1.663861331485431277e-02
1.665107992795793537e-02
1.666937114743722442e-02
1.662496010177056879e-02
1.662496010177056879e-02
1.658590299663884743e-02
1.650034499008408428e-02
1.639165557370966114e-02
1.631785580704216837e-02
1.613116956491732895e-02
1.600842172450132189e-02
1.595708515964606652e-02
1.598882724521117141e-02
1.601568454952396678e-02
1.596239099468003964e-02
1.596239099468003964e-02
1.590412657734546070e-02
1.574275797488496748e-02
1.540808260742962572e-02
1.519456261123535747e-02
1.508897365846134479e-02
1.499291246827500965e-02
1.497767658441766063e-02
1.497968399781334642e-02
1.497210952368624622e-02
1.497353798699606504e-02
1.497353798699606504e-02
1.512010149960373896e-02
1.526883651962301913e-02
1.547389639071461258e-02
1.582158652782298183e-02
1.628228620736100335e-02
1.655437863951546990e-02
1.677530107383242569e-02
1.709154067829078000e-02
1.727836560516012726e-02
1.729136922736749724e-02
1.729136922736749724e-02
1.715824174392104051e-02
1.701551524823964254e-02
1.689392453432755556e-02
1.672994500189693701e-02
1.657496598560185760e-02
1.648362644619664683e-02
1.650859990474086436e-02
1.661096513028091984e-02
1.658289503713199567e-02
1.644592689300871172e-02
1.644592689300871172e-02
1.633952023220042529e-02
1.624900688016584285e-02
1.616072911099052448e-02
1.608198563809262044e-02
1.608198563809262044e-02
1.608194395913527946e-02
1.610627565161422761e-02
1.612655679482404014e-02
1.611770076373683983e-02
1.606925331820484651e-02
1.606925331820484651e-02
1.598588510255649631e-02
1.581288130785844792e-02
1.563486677236864547e-02
1.545578702422050789e-02
1.542017136067182215e-02
1.542499201343875206e-02
1.547546979813115009e-02
1.552014407275119703e-02
1.548151784154437431e-02
1.547240128735254648e-02
1.547240128735254648e-02
1.553801061185228032e-02
1.561148165098205989e-02
1.561931075309587989e-02
1.570389527162440943e-02
1.576430300738937071e-02
1.579644322935686365e-02
1.577158609896666189e-02
1.569302863403390300e-02
1.562123818895203194e-02
1.553880350182095145e-02
1.553880350182095145e-02
1.549106884003442069e-02
1.549640899580829838e-02
1.543990150050456901e-02
1.544761692807967296e-02
1.544507635139976548e-02
1.534705465198723737e-02
1.542054035006604727e-02
1.546760168867000913e-02
1.553738773479107493e-02
1.552846281593974788e-02
1.552846281593974788e-02
1.549501856067227873e-02
1.534283212029213458e-02
1.508640538825220707e-02
1.487598025330919352e-02
1.468718724058890208e-02
1.487856163167090157e-02
1.503287775162530891e-02
1.508209942149058708e-02
1.512477109010447809e-02
1.511453872875651722e-02
1.511453872875651722e-02
1.500143236113284095e-02
1.482963301716693806e-02
1.468903272990042946e-02
1.451620830302871763e-02
1.431251119142037780e-02
1.418617453633897255e-02
1.420909382744378439e-02
1.435224645791703668e-02
1.454279859089591120e-02
1.476569137963528594e-02
1.476569137963528594e-02
1.488585351798019790e-02
1.496217385584127507e-02
1.497771759441354246e-02
1.491428094449947887e-02
1.488765525374817489e-02
1.482803957801077932e-02
1.495465930150244489e-02
1.496742840144355685e-02
1.497362080941915669e-02
1.488096461476749559e-02
1.488096461476749559e-02
1.481478901351946167e-02
1.488434669892464875e-02
1.485080107665451288e-02
1.476366732568646332e-02
1.463892138317996264e-02
1.458466470567261648e-02
1.452158638898453681e-02
1.452081360948506532e-02
1.463299298565994000e-02
1.477947150293454186e-02
1.477947150293454186e-02
1.499242211086372102e-02
1.513770757216563630e-02
1.514396980285900862e-02
1.506526707072186784e-02
1.488401075398255828e-02
1.472304421902908937e-02
1.456907853102123486e-02
1.439239753497184755e-02
1.424523905523893998e-02
1.418470684696047576e-02
1.418470684696047576e-02
1.415073217319860396e-02
1.415892349225290892e-02
1.420834354566980276e-02
1.396566735164161271e-02
1.381507395612333391e-02
1.377863051620033773e-02
1.387583918883515677e-02
1.405552644671041046e-02
1.425239438737608590e-02
1.478297624484928643e-02
1.478297624484928643e-02
1.519863912077167381e-02
1.544202991152165104e-02
1.551869240448067698e-02
1.544488139415367556e-02
1.581639607196111061e-02
1.604797772465152428e-02
1.611617845509737482e-02
1.609154688998996538e-02
1.596156943993069441e-02
1.588250325321517373e-02
1.588250325321517373e-02
1.588793141973685735e-02
1.605559088289564354e-02
1.629684369382888853e-02
1.649035312561964589e-02
1.669560181767187207e-02
1.688374892920679188e-02
1.699165520464978457e-02
1.697611817234173648e-02
1.691522730029066876e-02
1.677531890142881094e-02
1.677531890142881094e-02
1.672514673440979663e-02
1.664319731934334884e-02
1.658968218531806788e-02
1.621155715396847136e-02
1.589515563820029925e-02
1.572438454729890855e-02
1.559959193060861393e-02
1.548405580660987789e-02
1.531918857404768013e-02
1.528735639297841564e-02
1.528735639297841564e-02
1.538608329687634474e-02
1.546838955984391854e-02
1.549373743011808226e-02
1.564923250608770550e-02
1.564923250608770550e-02
1.564923250608770550e-02
1.574692511867675088e-02
1.571977334910399510e-02
1.567374122276576562e-02
1.550521317034696950e-02
1.550521317034696950e-02
1.521954426513455992e-02
1.495251075674180856e-02
1.466644273004404607e-02
1.441004094832483082e-02
1.424289659863670933e-02
1.421904225235864905e-02
1.475381412143330663e-02
1.537246161007859921e-02
1.584436753480354329e-02
1.618658586056839419e-02
1.618658586056839419e-02
1.640865208883211454e-02
1.653475282164452304e-02
1.659100009038300821e-02
1.647243594698931043e-02
1.615162741183997358e-02
1.578075534321337486e-02
1.531490354698624747e-02
1.500768077305491763e-02
1.475686154364459247e-02
1.476414105898346887e-02
1.476414105898346887e-02
1.481598304485407316e-02
1.488969723422825346e-02
1.522884150591322615e-02
1.555354415177306361e-02
1.577595390766214911e-02
1.590167712008004955e-02
1.599365235449422967e-02
1.601741318129656227e-02
1.602905083014441803e-02
1.597735427933662938e-02
1.597735427933662938e-02
1.588654065278991001e-02
1.584141171093519582e-02
1.577381453818676310e-02
1.575850221056586745e-02
1.573258232732815606e-02
1.572098848683334965e-02
1.569524369301735986e-02
1.569990707854349715e-02
1.576706445189384256e-02
1.584716765548875236e-02
