9.181508747909856993e-04
9.181508747909856993e-04
1.970331191417956217e-03
1.677763603378018423e-03
1.548641543317600452e-03
1.656439065449377690e-03
1.711061430569975339e-03
1.776815605291853697e-03
1.763616229797005178e-03
1.761975123034682312e-03
1.743923446267530179e-03
2.176283689937884378e-03
2.176283689937884378e-03
2.286325714861717207e-03
2.194309916071734718e-03
2.011970945431315345e-03
1.803621039341366796e-03
1.677652283064365746e-03
1.582956456990063359e-03
1.556682562470925292e-03
1.645865795743482003e-03
1.776728418389736689e-03
1.869867056661409606e-03
1.869867056661409606e-03
1.913063140568961205e-03
1.893595006911432017e-03
1.813918061617363639e-03
1.684957970984993529e-03
1.583304700177930614e-03
1.494465577044768465e-03
1.398728889135632215e-03
1.387778826153687447e-03
1.348091195419670076e-03
1.366130789277216840e-03
1.366130789277216840e-03
1.387903458687415317e-03
1.423369652858910879e-03
1.502426919561164909e-03
1.542055276829134777e-03
1.465525813566671571e-03
1.398655055485797548e-03
1.397169825128368381e-03
1.460568199471001978e-03
1.571804822906365442e-03
1.791314487474658310e-03
1.791314487474658310e-03
1.950147354281019400e-03
1.997468760416311589e-03
1.952433195958913322e-03
1.843154013606199343e-03
1.730951384822719801e-03
1.690858692855100494e-03
1.698826509142244059e-03
1.786993816401433394e-03
1.891329569314267357e-03
1.921642435309891313e-03
1.921642435309891313e-03
1.956203310255895736e-03
1.989823526909020261e-03
1.928723083743658518e-03
1.895680334589920071e-03
1.904170925757535469e-03
1.854400624259829999e-03
1.765572722150983735e-03
1.684748014808167948e-03
1.559640824786752292e-03
1.443800311373404999e-03
1.443800311373404999e-03
1.396421732462934610e-03
1.459613627380604945e-03
1.479557965987167044e-03
1.495647962526841773e-03
1.442709781624063785e-03
1.403421769318434010e-03
1.455475347070582905e-03
1.509226963916493729e-03
1.632493257392322568e-03
1.755413168898807205e-03
1.755413168898807205e-03
1.880390569477144490e-03
1.917416954465304881e-03
1.926714543295823855e-03
2.031860450579730127e-03
2.043140775703423517e-03
2.052651756944066843e-03
2.046248409215686587e-03
2.072380079963930845e-03
2.023410387665217861e-03
1.953709540490430711e-03
1.953709540490430711e-03
1.756862588961078568e-03
1.619101198346915241e-03
1.573273987108831772e-03
1.546728003931846637e-03
1.587678970303935209e-03
1.676817014480775671e-03
1.782723033182279353e-03
1.813758842779419553e-03
1.829170921171040026e-03
1.923619225672947670e-03
1.923619225672947670e-03
2.030638283248654974e-03
2.164333136118583908e-03
2.217294577759067013e-03
2.144772617179209733e-03
1.912870934536592968e-03
1.673384929411024903e-03
1.532813575965721571e-03
1.537848838683938566e-03
1.651229834485283760e-03
1.667621359789133589e-03
1.667621359789133589e-03
1.627080099135113245e-03
1.538299140749844422e-03
1.501304618241831174e-03
1.556532359830746374e-03
1.635107574896233276e-03
1.643309952127259546e-03
1.544607754599315250e-03
1.393561754040438354e-03
1.261274964733809494e-03
1.307765756533483441e-03
1.307765756533483441e-03
1.382035980626410794e-03
1.432481047250358346e-03
1.481520434891803835e-03
1.519316187396267497e-03
1.496635586906686294e-03
1.466506353011123821e-03
1.360768031724776282e-03
1.267337429739669088e-03
1.306592835917451661e-03
1.408775495370774913e-03
1.408775495370774913e-03
1.534555935155684824e-03
1.666422971504395245e-03
1.674025653123433800e-03
1.667054936447739076e-03
1.645034348885165846e-03
1.647657895499654752e-03
1.759692378797038425e-03
1.989372384198425780e-03
2.087734892775599919e-03
2.061362561134144969e-03
2.061362561134144969e-03
1.942278227971806119e-03
1.768585161046257962e-03
1.627093060315438870e-03
1.568964789802621690e-03
1.516692884270239537e-03
1.506602815108591415e-03
1.538756535023412791e-03
1.684077303920299270e-03
1.841993322007059357e-03
1.991851405200038665e-03
1.991851405200038665e-03
1.989615201884666670e-03
1.895544259196615001e-03
1.827105937962260904e-03
1.756469339338958494e-03
1.687167188581937009e-03
1.627552830053978885e-03
1.644991435971616608e-03
1.636721787344526001e-03
1.683196934228427342e-03
1.781940681836584458e-03
1.781940681836584458e-03
1.741183365120479304e-03
1.709151115491141940e-03
1.704654868836601080e-03
1.682427277781806032e-03
1.598434707325635702e-03
1.575731621578699022e-03
1.572600495996766181e-03
1.596616204462404393e-03
1.608434002870978360e-03
1.694278666525234544e-03
1.694278666525234544e-03
1.766182778003901358e-03
1.808796524365545010e-03
1.784269614633354631e-03
2.141015236198626649e-03
2.424977741560625007e-03
2.567793722405548647e-03
2.507679894061154609e-03
2.371731096791532007e-03
2.209876853090664891e-03
2.024868680773038183e-03
2.024868680773038183e-03
1.813213820614134088e-03
1.661799020495704354e-03
1.662863805251135188e-03
1.642435614041865997e-03
1.668559470387939118e-03
1.774700088194259119e-03
1.931352600226190260e-03
2.107324958870708358e-03
2.334561472228477430e-03
2.533485212571253819e-03
2.533485212571253819e-03
2.929055725026059442e-03
3.157710904031076331e-03
3.184177997467275284e-03
3.012308829658256158e-03
2.693603406072074980e-03
2.308965104886743450e-03
1.960972868017021604e-03
1.760867731035267855e-03
1.676984119602767864e-03
1.662099419442469687e-03
1.662099419442469687e-03
1.668579239989453119e-03
1.718897828411383591e-03
1.783996398843854577e-03
1.846740567284528957e-03
1.959376840553108973e-03
2.141970862441925586e-03
2.403138773296087296e-03
2.644071188313305062e-03
2.737665530349773883e-03
2.628494264750362141e-03
2.628494264750362141e-03
2.420118646256798692e-03
2.196868353017159166e-03
1.991847286032279608e-03
1.856033309160437256e-03
1.776238821038645787e-03
1.720449110113497944e-03
1.702853742627920795e-03
1.791866943099840225e-03
1.830225966296179785e-03
1.836925300183811938e-03
1.836925300183811938e-03
1.829177831163977244e-03
1.823293012683773655e-03
1.672338247783983645e-03
1.641969034812992617e-03
1.726904932325606283e-03
1.887664578696135768e-03
2.039993234207328806e-03
2.035614623073652828e-03
1.943845413867088204e-03
1.846553865280494734e-03
1.846553865280494734e-03
1.828949681733652889e-03
1.852685015730586070e-03
1.922513553887513806e-03
2.002976296086401986e-03
2.046775783199418323e-03
2.001200218913182574e-03
1.930039996467641621e-03
1.919615217140967049e-03
1.973298618349864433e-03
2.077359007656836513e-03
2.077359007656836513e-03
2.161137675817180036e-03
2.206207958910393757e-03
2.221527612384789629e-03
2.207896063732513181e-03
2.166287271947902379e-03
2.129770075178428600e-03
2.119703711635412616e-03
2.134840594204854853e-03
2.145853756984192427e-03
2.129107266964155951e-03
2.129107266964155951e-03
2.091274448621033722e-03
2.068304095223745531e-03
2.059038584592951318e-03
2.037043255299870754e-03
2.016597503692767364e-03
2.017965331057902049e-03
1.959899084717269847e-03
1.869044656521117462e-03
1.796722913874562559e-03
1.754810638040708469e-03
