7.287195185370498249e-03
7.287195185370498249e-03
7.705370724465597336e-03
8.361410034711103459e-03
8.700157951706309276e-03
8.661039072333193839e-03
8.517032472934988815e-03
8.345618733149307716e-03
8.090050029511769436e-03
7.656475605109419429e-03
7.423783802989692739e-03
7.634000596085216937e-03
7.634000596085216937e-03
7.847321395007938669e-03
8.130257216490939867e-03
8.591242231281279521e-03
8.917559640562826989e-03
9.054496763759174380e-03
9.261410153106386378e-03
9.491730459248604729e-03
9.721988418249463693e-03
1.014831852664866210e-02
1.061490666403945744e-02
1.061490666403945744e-02
1.092013151036102386e-02
1.119875055117410846e-02
1.140170335162266416e-02
1.185797565508749270e-02
1.196735614704009208e-02
1.205348179978512138e-02
1.223747157689019163e-02
1.223646662053123543e-02
1.224563885655292547e-02
1.223015331142176219e-02
1.223015331142176219e-02
1.190243901026538133e-02
1.142566433021046171e-02
1.108024339605765546e-02
1.067301724469824423e-02
1.018985254429458434e-02
9.692521568121097858e-03
9.232512697398836607e-03
8.694709007715017979e-03
8.126415207073937538e-03
7.642549535526379535e-03
7.642549535526379535e-03
7.118537640207628532e-03
6.702768700015585002e-03
6.168968194842195697e-03
5.718291203942465692e-03
5.189977495049359277e-03
4.660398953481026396e-03
4.033442305263119400e-03
3.626894465552192581e-03
3.516595704860739618e-03
3.542770964425472416e-03
3.542770964425472416e-03
3.642197671217940400e-03
3.891309670500554731e-03
4.289716499250363115e-03
4.949020457989769528e-03
5.991588254837877311e-03
6.976004322227905008e-03
7.678744920020840262e-03
8.348055138158592264e-03
9.005991424588254829e-03
9.511002570873410347e-03
9.511002570873410347e-03
9.802893724792594021e-03
9.882649384769329540e-03
9.860018160602170359e-03
9.733226342211912657e-03
9.441854977039322236e-03
9.205304200402329370e-03
8.736906495112561205e-03
8.308448623430636504e-03
7.837386991698619063e-03
7.423266454305126917e-03
7.423266454305126917e-03
7.177893061961581125e-03
6.875808220808674910e-03
6.605686088596487288e-03
6.413189719038969554e-03
6.410191794579950426e-03
6.433218695626951970e-03
6.588235193401356139e-03
6.775491640837251993e-03
6.961623269659199600e-03
7.199636906369127898e-03
7.199636906369127898e-03
7.401931545444040243e-03
7.598436450873315325e-03
7.779159724670536152e-03
7.893027485846694849e-03
7.968294540999960873e-03
7.967670892324965268e-03
7.998014591490271163e-03
8.112846316043989536e-03
8.305386524955965521e-03
8.531260737885308990e-03
8.531260737885308990e-03
8.887865591035638835e-03
9.223102456448851322e-03
9.597500913519321081e-03
9.914048892358810067e-03
1.017092016430392286e-02
1.019154862691768262e-02
1.015437368078201189e-02
9.992310836335638671e-03
9.805361967330998574e-03
9.527977619678426602e-03
9.527977619678426602e-03
9.129918976265201380e-03
8.306546084287710213e-03
7.826703420733579011e-03
7.535796433408435864e-03
7.329244064016341223e-03
7.219434501305004720e-03
7.262136171789122623e-03
7.284904570410689201e-03
7.426523496535825455e-03
7.457986645783188859e-03
7.457986645783188859e-03
7.435238938088610527e-03
7.485487210565893584e-03
7.680142657744803980e-03
7.844089530795319426e-03
8.052050790792341164e-03
8.299971593775681139e-03
8.400696943987819368e-03
8.515151298995660145e-03
8.629364182215439397e-03
8.782364649357884273e-03
8.782364649357884273e-03
8.944751238148534664e-03
9.152657151179842757e-03
9.204282712423631635e-03
8.736585245264856872e-03
8.527198199148737154e-03
8.534024920798605196e-03
8.642878295906977412e-03
8.772250993773591729e-03
8.840188273629647278e-03
8.958760015048099559e-03
8.958760015048099559e-03
9.028832028134863019e-03
9.017017806986344503e-03
8.932885175548755871e-03
8.826959089472180206e-03
8.673795067433530750e-03
8.537703064891599691e-03
8.457243851209200053e-03
8.434727456324866285e-03
8.427856394883507032e-03
8.440175733559242277e-03
8.440175733559242277e-03
8.438605814729303184e-03
8.441040732050321752e-03
8.517227828486908028e-03
8.625754313477276489e-03
8.759281098462193965e-03
8.889307158835185393e-03
8.984558084337363609e-03
9.138536986120774502e-03
9.273354384972985059e-03
9.370859441585863842e-03
9.370859441585863842e-03
9.466995465155210107e-03
9.523446927161062850e-03
9.523446927161062850e-03
9.523446927161062850e-03
9.523446927161062850e-03
9.523446927161062850e-03
9.539167923193746582e-03
9.633989673400875781e-03
9.651281674087538662e-03
9.798226944738896646e-03
9.798226944738896646e-03
9.891975854335273433e-03
9.885250134132409980e-03
9.888307580886828915e-03
9.870515998552502682e-03
9.852648492230003593e-03
9.848617893711431731e-03
9.826037269425007617e-03
9.817576312048910750e-03
9.727019121100920901e-03
9.642988590220100131e-03
9.642988590220100131e-03
9.712860015004017369e-03
9.771859914795724342e-03
9.809894243767103283e-03
9.868286875277056114e-03
9.995574677180320625e-03
1.022199039283917289e-02
1.053599581451647969e-02
1.079875936260752886e-02
1.067997835239604953e-02
1.043303203817634757e-02
1.043303203817634757e-02
1.015014160855082746e-02
9.982980643882735997e-03
9.841935080730900703e-03
9.780591636391524485e-03
9.735048621028707244e-03
9.844145141431066837e-03
1.008433073813714588e-02
1.029184985491395782e-02
1.060525192523732729e-02
1.088404038425705780e-02
1.088404038425705780e-02
1.114444211783761213e-02
1.128046756659567031e-02
1.139982209573736811e-02
1.142716859684446244e-02
1.140225223984679681e-02
1.127392043369353052e-02
1.121049056318436377e-02
1.120588252099912266e-02
1.124028240988484903e-02
1.115874951565173911e-02
1.115874951565173911e-02
1.101098102602177629e-02
1.078243673777963367e-02
1.048626863561282103e-02
1.015437660288511304e-02
9.908128697191114290e-03
9.687892639584265789e-03
9.526882056433127674e-03
9.445653680243061567e-03
9.501023206354030151e-03
9.567991198858495291e-03
9.567991198858495291e-03
9.713016766472079913e-03
9.969595198157186339e-03
1.016837955225072254e-02
1.029605166766327067e-02
1.051483360268309734e-02
1.078609233048159581e-02
1.103556083073340376e-02
1.127542545418625843e-02
1.142517906518336103e-02
1.149031439214250223e-02
1.149031439214250223e-02
1.149616278782796507e-02
1.144815411512554483e-02
1.142934818977102938e-02
1.140944726558433542e-02
1.143190006995281616e-02
1.125561150469749257e-02
1.110025466628321647e-02
1.086332881692273628e-02
1.062291644437063018e-02
1.041606042178675091e-02
1.041606042178675091e-02
1.026588429119530514e-02
1.008741959459540267e-02
1.003977879364136190e-02
9.926957323321369819e-03
9.889956438965497726e-03
9.818215658569127979e-03
9.786341949253363898e-03
9.778674389096138342e-03
9.846586773526061834e-03
9.857783282105037417e-03
9.857783282105037417e-03
1.006334305312649689e-02
1.022815338162079250e-02
1.044868736989292175e-02
1.064092857466714115e-02
1.082982631081706032e-02
1.087416208483857859e-02
1.092357204916335686e-02
1.093282076132129702e-02
1.081849605500046461e-02
1.073398382852011786e-02
1.073398382852011786e-02
1.094013485353373914e-02
1.107862302376716804e-02
1.109090340983041878e-02
1.106771766419400310e-02
1.105979783590923908e-02
1.094613549306847761e-02
1.076465649626805361e-02
1.055195085895830644e-02
1.031858975471462887e-02
1.017844246737508070e-02
1.017844246737508070e-02
1.006366583371730121e-02
9.599798978814863895e-03
9.201872787295692011e-03
8.883630449412992930e-03
8.646227543770134208e-03
8.575452657623437377e-03
8.562967298833263144e-03
8.553894961562178226e-03
8.937069894523655411e-03
9.330170154461275844e-03
9.330170154461275844e-03
9.785555910286729275e-03
1.016287331167680004e-02
1.045536144828268857e-02
1.072246737323868243e-02
1.117856609428658117e-02
1.166344150775995049e-02
1.207612640694943895e-02
1.247644454686297824e-02
1.279005440808561427e-02
1.305743258839969952e-02
1.305743258839969952e-02
1.338500793574982570e-02
1.361099440051444232e-02
1.379391154343599657e-02
1.390939921521906070e-02
1.397147887530844450e-02
1.394314697269500615e-02
1.391698657829337771e-02
1.429718206013384958e-02
1.458561637173490071e-02
1.487040385408289200e-02
1.487040385408289200e-02
1.508682620009110797e-02
1.524859265645253301e-02
1.524977615981084472e-02
1.507591457158923530e-02
1.419367626987830429e-02
1.341037593368103742e-02
1.277992546246902415e-02
1.220037991107364959e-02
1.170920439091577801e-02
1.128300239818800198e-02
1.128300239818800198e-02
1.089506059534592688e-02
1.067135313293230553e-02
1.047679826834499103e-02
1.026131534964564579e-02
1.001520595207993670e-02
9.872883082830654494e-03
9.705589958233479253e-03
9.705589958233479253e-03
9.705589958233479253e-03
9.705589958233479253e-03
9.705589958233479253e-03
9.584999605761699779e-03
9.535589084497189324e-03
9.542140316554700158e-03
9.710137658804129934e-03
1.001527830525303017e-02
1.040728435560414090e-02
1.087347170937282004e-02
1.140651137447497646e-02
1.203920764995219592e-02
1.272377899825091925e-02
1.272377899825091925e-02
1.340966143342600669e-02
1.400513386540275934e-02
1.438623020706340967e-02
1.464906970937677674e-02
1.476252694599801234e-02
1.462817247087989589e-02
1.435812393443749134e-02
1.411743033903769748e-02
1.381393636313984347e-02
1.343160445135682494e-02
1.343160445135682494e-02
1.303344522868623255e-02
1.293223660543101755e-02
1.285841629261086881e-02
1.284255897820130339e-02
1.288256063169574903e-02
1.299034291189005326e-02
1.317115844960831290e-02
1.338400371876122090e-02
1.387528189075301274e-02
1.439288452443965825e-02
1.439288452443965825e-02
1.480851026532781223e-02
1.519565498317841483e-02
1.539429192197719169e-02
1.559278001454148660e-02
1.570427785644393226e-02
1.579495489087764590e-02
1.587411198447002958e-02
1.590573995280443811e-02
1.586796212091520775e-02
1.579454503260590420e-02
1.579454503260590420e-02
1.581052861298727977e-02
1.587327980980634060e-02
1.591656823499614654e-02
1.610785397720311540e-02
1.630348492957020556e-02
1.649440767317519180e-02
1.662399271748168234e-02
1.673539266269670131e-02
1.673229004380032484e-02
1.673141276978882055e-02
1.673141276978882055e-02
1.670669429879520843e-02
1.673387310821856239e-02
1.656640902764942511e-02
1.634183117790948339e-02
1.605089276236322179e-02
1.583508576032711251e-02
1.561827414050286772e-02
1.539058855051263393e-02
1.519770438167649708e-02
1.529351997599152392e-02
1.529351997599152392e-02
1.524307888483615939e-02
1.518434338199868040e-02
1.500540912761634538e-02
1.438594842661177452e-02
1.393039254952084180e-02
1.354347681402664171e-02
1.320414608947883921e-02
1.303009375847306861e-02
1.291361897346022386e-02
1.278613359725259795e-02
1.278613359725259795e-02
1.275639774499329367e-02
1.282663938249097718e-02
1.291955344631133713e-02
1.302526495380570103e-02
1.314980001619730707e-02
1.327559330725254852e-02
1.345853334675462670e-02
1.359796894168211617e-02
1.376687070926896350e-02
1.389657536328815085e-02
