5.971353198807026474e-02
5.971353198807026474e-02
5.974965475565645334e-02
5.959911151646454103e-02
6.013348630479993517e-02
6.012162410810432955e-02
6.004589454535336213e-02
5.991585111444353018e-02
5.952021608282844628e-02
5.913522525410764424e-02
5.881953811513516289e-02
5.843121237072330942e-02
5.843121237072330942e-02
5.801658327870264087e-02
5.754700495012906453e-02
5.722378777762990310e-02
5.687164192609012875e-02
5.673568382215532502e-02
5.662603394326785888e-02
5.635761067447871142e-02
5.625322571815613570e-02
5.609074147042585751e-02
5.582474604957176484e-02
