1.954752458257120670e-02
1.954752458257120670e-02
1.866616573707562468e-02
1.797986226842420571e-02
1.733435578919421613e-02
1.686357203401600210e-02
1.649154869564472756e-02
1.618903281078773806e-02
1.599930370094292120e-02
1.572266680746613535e-02
1.539220583214462659e-02
1.503865299944160371e-02
1.503865299944160371e-02
1.470199706040512325e-02
1.439740306210430393e-02
1.416041093497625442e-02
1.384505383169803636e-02
1.349203908116979045e-02
1.336342129099915045e-02
1.323586884825206367e-02
1.301427748003783358e-02
1.269424180328514173e-02
1.241558626599640128e-02
1.241558626599640128e-02
1.220861374574514283e-02
1.196532024894943029e-02
1.169274487575503764e-02
1.142172024148628215e-02
1.131837185761088924e-02
1.122022054105711875e-02
1.116637883496938467e-02
1.119730020792528667e-02
1.129393823364363558e-02
1.137719185740215626e-02
1.137719185740215626e-02
1.143330371620711154e-02
1.153307652759582441e-02
1.160281614439568308e-02
1.160792786954485852e-02
1.165512307568187210e-02
1.167432448959738849e-02
1.179735600279056308e-02
1.185604942565325615e-02
1.202509130738540349e-02
1.226303292202105336e-02
1.226303292202105336e-02
1.235234242593030371e-02
1.228617912419861791e-02
1.199024183527646129e-02
1.150368709212130219e-02
1.107711537133567077e-02
1.059375865288467687e-02
1.023489052117504058e-02
9.838195914577537934e-03
9.423776951762774523e-03
9.021412854305762771e-03
9.021412854305762771e-03
8.601164645488485264e-03
8.318771319961830446e-03
8.007403476723210997e-03
7.789577265747470690e-03
7.598857773834396395e-03
7.348319624586348645e-03
7.090264274815566772e-03
6.857656845252886949e-03
6.582037652602221178e-03
6.275615085915794457e-03
6.275615085915794457e-03
5.987512804797844208e-03
5.621348867520616077e-03
5.405226803009725509e-03
5.277161289093045340e-03
5.200719516689713932e-03
5.080478853543393333e-03
4.987370592215954745e-03
4.831543942362034535e-03
4.760229884071365963e-03
4.864706909359597931e-03
4.864706909359597931e-03
5.007150732324418263e-03
5.188754621694709884e-03
5.228139230734050492e-03
5.291602409104406018e-03
5.236155336729747534e-03
5.179427907820693955e-03
5.221453732787541616e-03
5.495888088925593440e-03
5.625466129267285217e-03
5.529572953506903601e-03
5.529572953506903601e-03
5.328517207577787920e-03
5.062320864364532567e-03
4.939364386769411544e-03
4.664166737158046382e-03
4.466239165225607821e-03
4.325653506811554146e-03
4.413364484623300173e-03
4.631453033621151655e-03
4.780557934033261708e-03
5.001458980410039036e-03
5.001458980410039036e-03
5.034844901253378475e-03
4.740610204378411900e-03
4.259778890845643436e-03
3.570821208338409089e-03
2.938460077154516226e-03
2.008177159248842290e-03
1.705299978010290122e-03
2.010519469438397551e-03
2.443520234946042029e-03
2.812483436466064416e-03
2.812483436466064416e-03
3.101119000658532961e-03
3.282731758270624779e-03
3.438595305241543866e-03
3.532371802065648134e-03
3.654983543650298060e-03
3.830316217492840420e-03
4.057130060201581505e-03
4.443967473134317371e-03
4.948368839185521284e-03
5.512251123886998012e-03
5.512251123886998012e-03
6.103852082461352739e-03
6.761888270024970019e-03
7.371230799889377273e-03
7.881843155448830379e-03
8.313416345680656530e-03
8.845263051201724194e-03
9.240820739072090270e-03
9.425686562384388151e-03
9.446520709660302662e-03
9.120467895051040386e-03
9.120467895051040386e-03
8.683343271591828505e-03
8.144519879603503987e-03
7.519387439715363719e-03
6.837349793613351628e-03
6.396340461261273459e-03
6.096882311197218685e-03
5.939444602761417488e-03
5.908696115946776226e-03
5.833596336795158523e-03
5.817050316863496204e-03
5.817050316863496204e-03
5.811450972502931606e-03
5.770207682482972333e-03
5.625030270057676356e-03
5.513562562028604709e-03
5.280046125094759249e-03
5.266225011486450926e-03
5.321071215953848688e-03
5.434318602871232584e-03
5.621068618490856518e-03
5.692037460954225796e-03
5.692037460954225796e-03
5.862147575773477351e-03
6.149148946830718977e-03
6.427404217608710842e-03
6.792565307390104230e-03
7.075221983890348128e-03
7.314554971853707774e-03
7.443349452802721679e-03
7.485294882164249611e-03
7.465987270782359526e-03
7.348167546656456280e-03
7.348167546656456280e-03
7.180194051020922716e-03
7.170256250445784622e-03
7.176079236976185341e-03
7.099881227296026345e-03
7.012970114097007331e-03
6.986529025844723066e-03
7.078723811357448548e-03
7.202509103383406171e-03
7.429087617555765223e-03
7.704042988249130454e-03
7.704042988249130454e-03
8.047011901358341879e-03
8.453257221746151434e-03
8.943607808500496706e-03
9.457945832442219911e-03
9.983798488819143474e-03
1.051784104673647927e-02
1.092206138216073735e-02
1.114382638575807730e-02
1.119223681134744880e-02
1.108561951858741922e-02
1.108561951858741922e-02
1.098780388053812937e-02
1.087776999210795202e-02
1.079040976376991270e-02
1.076456991281470217e-02
1.072135746956132119e-02
1.078390930754234006e-02
1.087756451612343321e-02
1.098750820227692264e-02
1.113552233121979304e-02
1.139361802062382675e-02
1.139361802062382675e-02
1.152748404266624310e-02
1.152731073160715228e-02
1.139393752952733846e-02
1.119326448156530637e-02
1.097019609957192166e-02
1.085062002994392587e-02
1.069734079382158275e-02
1.050658352228034387e-02
1.034978707386726912e-02
1.025812308115529523e-02
1.025812308115529523e-02
1.013986020346606398e-02
9.935006673023672949e-03
9.794562782522551678e-03
9.696736810487235556e-03
9.716470265639595011e-03
9.879466087540028987e-03
1.004362267972954553e-02
1.012918962323780536e-02
1.018032906793926370e-02
1.017407323204523942e-02
1.017407323204523942e-02
1.017025035213274184e-02
1.014402445185644090e-02
1.008149972003315881e-02
1.008149972003315881e-02
1.003129499794149643e-02
9.927076477981489414e-03
9.787202665646945604e-03
9.711215435951195754e-03
9.666291496251365120e-03
9.616976378369286593e-03
9.616976378369286593e-03
9.624246338275594531e-03
9.728585642236416489e-03
9.858199205633317447e-03
9.932015516410472311e-03
9.905645602449750925e-03
1.000602195278493117e-02
1.000602195278493117e-02
1.017397880040225508e-02
1.030366900108409603e-02
1.041797331541200952e-02
1.041797331541200952e-02
1.050336064474821120e-02
1.057443802136632041e-02
1.062786997512822629e-02
1.062248123966838889e-02
1.059314198226132993e-02
1.054366831214212721e-02
1.049746670407700720e-02
1.038438625799825016e-02
1.030075646885113966e-02
1.021619863018319307e-02
1.021619863018319307e-02
1.028764677672048926e-02
1.047405842501825980e-02
1.068020768782086682e-02
1.089534513799861153e-02
1.110842419388028031e-02
1.133650667032150283e-02
1.148231026627246493e-02
1.153189742378516944e-02
1.159299966097819198e-02
1.168503430657907849e-02
1.168503430657907849e-02
1.182313343986197800e-02
1.194001193407300508e-02
1.196097824508738326e-02
1.201723102004396450e-02
1.191768301212757855e-02
1.179185252372599857e-02
1.172174185795689209e-02
1.157833402779297020e-02
1.161213064169642692e-02
1.176354101292874550e-02
1.176354101292874550e-02
1.196530423960333149e-02
1.200923573612995739e-02
1.205871064433349654e-02
1.208057934106910800e-02
1.202079900898811622e-02
1.194991766344767094e-02
1.193856944647831569e-02
1.197625077220054041e-02
1.208370125927034529e-02
1.211939495400123253e-02
1.211939495400123253e-02
1.208581945798319068e-02
1.189648786593604582e-02
1.157612675058497173e-02
1.132017727238594784e-02
1.120960196758055694e-02
1.112865693520862648e-02
1.118662419910440228e-02
1.119734636396212644e-02
1.133380235366032371e-02
1.144330169399803213e-02
1.144330169399803213e-02
1.158219522923994646e-02
1.172753320791573677e-02
1.192129504058840259e-02
1.203454500858055533e-02
1.204130446879620418e-02
1.185737670279157947e-02
1.161354604627100849e-02
1.144678096753225238e-02
1.141113077443258947e-02
1.134613009470566286e-02
1.134613009470566286e-02
1.133350616384492388e-02
1.139855902925434976e-02
1.161579606225446662e-02
1.184107590231462705e-02
1.197972893143211745e-02
1.216380198280524877e-02
1.236455489196235276e-02
1.286689180201155275e-02
1.320279556712657641e-02
1.334439573553751306e-02
1.334439573553751306e-02
1.326463032402930460e-02
1.306089820931249576e-02
1.275767697979856771e-02
1.236886145934329786e-02
1.193654882089780281e-02
1.154651182930219698e-02
1.119923458222664599e-02
1.111666977174377569e-02
1.112798635109020148e-02
1.128692344141017830e-02
1.128692344141017830e-02
1.153780223302403214e-02
1.182574315571971804e-02
1.210716985772434216e-02
1.235942247655549137e-02
1.251261906045730322e-02
1.261780596886403691e-02
1.262470367489522752e-02
1.255380399840749610e-02
1.239869032415101199e-02
1.219099190226311143e-02
1.219099190226311143e-02
1.204378300477838837e-02
1.194259253162874811e-02
1.186070241753283371e-02
1.163856663867514525e-02
1.155642653436203364e-02
1.152770853186685200e-02
1.156143728064895106e-02
1.161862139437671443e-02
1.165814790239079295e-02
1.168028009167929211e-02
1.168028009167929211e-02
1.195542899746786063e-02
1.222478835231864680e-02
1.233603482768745423e-02
1.233955868412544947e-02
1.231565752660503457e-02
1.225040817360689878e-02
1.203867541602861822e-02
1.180723683062921518e-02
1.200510551278535613e-02
1.214644640262649462e-02
1.214644640262649462e-02
1.224167462711147659e-02
1.233023044076569756e-02
1.231821963846150593e-02
1.229061004559245732e-02
1.225030833859482374e-02
1.226620951514388949e-02
1.216284567028815163e-02
1.209980503331170403e-02
1.199862578317183008e-02
1.182619394557542919e-02
1.182619394557542919e-02
1.166091670474898000e-02
1.212696196658611357e-02
1.255983040732971262e-02
1.291669717429083999e-02
1.278775300084404598e-02
1.276384188716515357e-02
1.279170386883981755e-02
1.284371123401295382e-02
1.300386783492759289e-02
1.317531723656881378e-02
1.317531723656881378e-02
1.332194116069831610e-02
1.352407863387819834e-02
1.370273091751595881e-02
1.389719651651259366e-02
1.407664370192828092e-02
1.417390998100267162e-02
1.423144002487456913e-02
1.432339394714032474e-02
1.435999587342113616e-02
1.443356565556079725e-02
1.443356565556079725e-02
1.447723469148103764e-02
1.446329266144602381e-02
1.437738625801970697e-02
1.430106866647312507e-02
1.422031692372774381e-02
1.400742626229328075e-02
1.368065902106317157e-02
1.331861808228712064e-02
1.287253771936488350e-02
1.247189878125177370e-02
1.247189878125177370e-02
1.206626216571939081e-02
1.178153568878213646e-02
1.152164894655282462e-02
1.136545416182308151e-02
1.123551747550058377e-02
1.115833473094520432e-02
1.106569495174664075e-02
9.717821528623564811e-03
8.801730827235803092e-03
8.202355654692430192e-03
8.202355654692430192e-03
7.853286960301197189e-03
7.706019649303224618e-03
7.665022079270873354e-03
7.665110737293056621e-03
7.701992625075706859e-03
7.789245383347661970e-03
7.962962045478557196e-03
8.123679779185721123e-03
8.326266432794058106e-03
8.578803813325859215e-03
