3.912822699590279285e-02
3.912822699590279285e-02
3.970517981174559452e-02
3.976214799272526079e-02
3.956162898096593494e-02
3.926347985129297058e-02
3.876436226362400816e-02
3.842968863573936744e-02
3.797406074528630882e-02
3.766649289315271432e-02
3.736717959882529527e-02
3.717284076304494533e-02
3.717284076304494533e-02
3.678993702446309300e-02
3.651425287298160072e-02
3.622017226648921451e-02
3.583900804921302807e-02
3.529584029375154586e-02
3.485866694170436375e-02
3.432664616532399293e-02
3.378430671630994198e-02
3.337152268269605315e-02
3.292862525372708404e-02
3.292862525372708404e-02
3.243719055766991488e-02
3.190393107837596887e-02
3.145778563764789482e-02
3.102059549945757055e-02
3.056921726733374811e-02
3.015032868841682756e-02
2.978616919017618159e-02
2.943535891995718856e-02
2.910740104699005570e-02
2.876414802533044934e-02
2.876414802533044934e-02
2.835226987013594879e-02
2.805345792782087955e-02
2.774228824153901485e-02
2.743796695351896631e-02
2.715578305386312508e-02
2.684606304680681177e-02
2.684606304680681177e-02
2.660007095236505137e-02
2.636759100770635911e-02
2.612649955901602539e-02
2.612649955901602539e-02
2.592093059015976309e-02
2.570620612057172849e-02
2.549722086402894661e-02
2.525058981762118293e-02
2.503373009297149565e-02
2.486675363498136448e-02
2.475153633861637559e-02
2.459684301033338016e-02
2.447062799837773639e-02
2.441882470295109187e-02
2.441882470295109187e-02
2.442194516455575837e-02
2.456295258111218516e-02
2.468909798747453976e-02
2.482647979981411623e-02
2.486018841231985022e-02
2.479470286358065323e-02
2.462143688402829156e-02
2.464965351273384897e-02
2.481830722188593796e-02
2.495442183968599181e-02
2.495442183968599181e-02
2.507788994770177027e-02
2.520359817040773720e-02
2.527208606523778656e-02
2.520559712835446220e-02
2.526495863269939690e-02
2.533699581455106653e-02
2.547478895768051643e-02
2.556420264368330919e-02
2.565769981857890514e-02
2.575538645973374230e-02
2.575538645973374230e-02
2.579378876967108880e-02
2.577369458843836725e-02
2.550241676409559233e-02
2.512920603010115883e-02
2.474424312195555586e-02
2.438390862837369610e-02
2.404010997832983776e-02
2.363466272622183340e-02
2.339370039773580601e-02
2.317765607472566103e-02
2.317765607472566103e-02
2.293699455981812463e-02
2.251855371912547810e-02
2.206506257449802888e-02
2.166687024044566812e-02
2.125574878210745311e-02
2.085649792040022987e-02
2.047375803734929889e-02
1.996474201333597875e-02
1.957724267248561745e-02
1.924528067702979683e-02
1.924528067702979683e-02
1.897152703758919756e-02
1.876691717299827644e-02
1.862222636197241599e-02
1.862584108687403983e-02
1.870267074869680357e-02
1.883209857322665215e-02
1.907003115708505447e-02
1.936997869882883805e-02
1.968410478624971205e-02
2.006279438576807905e-02
2.006279438576807905e-02
2.047887083158084209e-02
2.085804659960377450e-02
2.120610339105422071e-02
2.144168493871845271e-02
2.163934585890991968e-02
2.180977104621906193e-02
2.194162229814988763e-02
2.202109785903605399e-02
2.203290003214419812e-02
2.189349738133117285e-02
2.189349738133117285e-02
2.175126143162309234e-02
2.157620480791067052e-02
2.138454679325185737e-02
2.126926156838138127e-02
2.118053314076995264e-02
2.112643069897224279e-02
2.104160904788976438e-02
2.089873255477137093e-02
2.076848985839774286e-02
2.061114560952503894e-02
2.061114560952503894e-02
2.049979276757429858e-02
2.032002044618952397e-02
2.007094045380686254e-02
1.980598669825983649e-02
1.942585181707467967e-02
1.910615529112735800e-02
1.876468381538831665e-02
1.843958264289558002e-02
1.824045508293892226e-02
1.806784492991120317e-02
1.806784492991120317e-02
1.794405347767291659e-02
1.794744254090385738e-02
1.787312737259760809e-02
1.781925942069406688e-02
1.780317471568260146e-02
1.782085632930918706e-02
1.782085632930918706e-02
1.780199607380605897e-02
1.777435023780871148e-02
1.774405998226935566e-02
1.774405998226935566e-02
1.762850339437171954e-02
1.742043480387334142e-02
1.713334736855909313e-02
1.691324033366115032e-02
1.677358039661225320e-02
1.659634222102646106e-02
1.639966328835740228e-02
1.623637969504709844e-02
1.608089833264703117e-02
1.595456901997760468e-02
1.595456901997760468e-02
1.588729476073602598e-02
1.587696758938683672e-02
1.603183542443709086e-02
1.653485252789455018e-02
1.701650020197398305e-02
1.745853254883567018e-02
1.775210212460009984e-02
1.770756343268953259e-02
1.759358935125554524e-02
1.749354668725100481e-02
1.749354668725100481e-02
1.739898653750948654e-02
1.720880474381125680e-02
1.699704240410682132e-02
1.666793135070143705e-02
1.623480163724444481e-02
1.596424144069530371e-02
1.577347817202934266e-02
1.558819785075105102e-02
1.544870016426713732e-02
1.531853173660913114e-02
1.531853173660913114e-02
1.525204866353302435e-02
1.517315181285372461e-02
1.522652338360064306e-02
1.536925829465829452e-02
1.546215612069357093e-02
1.555753365795364829e-02
1.573026261416110572e-02
1.575669765307274872e-02
1.578067835490326587e-02
1.576170448825564563e-02
1.576170448825564563e-02
1.568384090482854987e-02
1.564035219104908947e-02
1.565454917940378721e-02
1.568051692671801334e-02
1.560252133001238661e-02
1.552498997821238902e-02
1.542682915683979417e-02
1.525212527467800783e-02
1.508364813350482336e-02
1.508364813350482336e-02
1.508364813350482336e-02
1.491548137702736199e-02
1.465150797449865649e-02
1.442501968198062201e-02
1.423856218609298452e-02
1.406560898107400703e-02
1.392345200074984746e-02
1.382726360836539214e-02
1.390820563405448240e-02
1.402766009614442311e-02
1.428237592313141846e-02
1.428237592313141846e-02
1.454430465459921606e-02
1.477075956710294236e-02
1.489020913778826838e-02
1.502380330742081327e-02
1.496690213955087501e-02
1.487778993639476965e-02
1.468380862500584527e-02
1.455138063418548455e-02
1.433614529389881653e-02
1.414580672834109265e-02
1.414580672834109265e-02
1.403868312454648049e-02
1.401264081486619517e-02
1.397881515957166698e-02
1.395089443601804646e-02
1.403194822714759482e-02
1.406017515103386017e-02
1.407915064115705661e-02
1.409000149577810390e-02
1.413842430563239105e-02
1.409445421404686982e-02
1.409445421404686982e-02
1.391958350796862476e-02
1.375516083347250174e-02
1.356796253635828009e-02
1.333163176158880248e-02
1.314766447643123115e-02
1.301240302110695524e-02
1.281041126011750464e-02
1.268276935306111852e-02
1.265189486104034700e-02
1.277222493152407878e-02
1.277222493152407878e-02
1.287258435565785675e-02
1.303062025762091736e-02
1.315161390603236669e-02
1.347502256618238192e-02
1.366345665775892115e-02
1.388170424477586096e-02
1.411833176658383593e-02
1.428906445088173882e-02
1.446354431299656795e-02
1.467899300321473532e-02
1.467899300321473532e-02
1.482477056959830009e-02
1.481991599702059403e-02
1.481117879828008910e-02
1.473578413042186952e-02
1.454660199744495230e-02
1.437213887527555300e-02
1.415513244951593919e-02
1.385945242324915228e-02
1.367228139461218461e-02
1.349965760113747137e-02
1.349965760113747137e-02
1.337107768934320262e-02
1.327143419341947350e-02
1.318896920428436204e-02
1.322693157902055106e-02
1.319522707340681222e-02
1.316966236203409579e-02
1.307477238666443498e-02
1.301854859652351593e-02
1.300258145150490208e-02
1.299949645095477280e-02
1.299949645095477280e-02
1.281497952750498825e-02
1.282377328578121478e-02
1.282778801610273689e-02
1.291187893432343969e-02
1.310945304029598191e-02
1.340359739243712767e-02
1.348855655406389076e-02
1.351216535036758870e-02
1.350603221709789636e-02
1.356024445953885049e-02
1.356024445953885049e-02
1.369212927416896264e-02
1.369979902994966636e-02
1.360494032927572761e-02
1.345701451604863763e-02
1.329180315116662570e-02
1.315159224765150014e-02
1.292993893315053100e-02
1.270656737619191290e-02
1.254924096975518211e-02
1.248197120713001596e-02
1.248197120713001596e-02
1.243360659315584371e-02
1.251397339211912652e-02
1.263798381827641037e-02
1.288331621538407745e-02
1.313523217369549911e-02
1.340047368588503929e-02
1.353496437769852179e-02
1.365147632118457466e-02
1.365147632118457466e-02
1.365147632118457466e-02
1.365147632118457466e-02
1.369304610409027845e-02
1.363331962406277853e-02
1.351315750079074007e-02
1.330906549852883813e-02
1.302775670659350737e-02
1.276795284096898797e-02
1.248405245517680839e-02
1.232910446512658353e-02
1.228594945495320445e-02
1.257554187068343765e-02
1.257554187068343765e-02
1.282861548022573572e-02
1.295580391616724114e-02
1.301132101708279976e-02
1.297764620364549870e-02
1.279500695243918074e-02
1.253083121941767075e-02
1.226446323669705407e-02
1.202343219469970137e-02
1.183028316216905296e-02
1.158816719159450059e-02
1.158816719159450059e-02
1.148153251117811635e-02
1.146515578617002262e-02
1.145535357340943250e-02
1.153491969297437691e-02
1.165423587935698890e-02
1.180765864430810552e-02
1.204896082389073086e-02
1.225810247717973311e-02
1.251124328866293212e-02
1.272129919951581201e-02
1.272129919951581201e-02
1.292515043059161428e-02
1.329002188493255687e-02
1.349543899104421740e-02
1.363713398085852901e-02
1.350048173790874273e-02
1.327563564109990324e-02
1.294422406597739439e-02
1.264136457947095948e-02
1.231737794178666690e-02
1.212735015920873849e-02
1.212735015920873849e-02
1.198047008730718233e-02
1.184462466488334087e-02
1.177419104824117824e-02
1.175901230287124122e-02
1.161376888757370551e-02
1.154269074833980113e-02
1.145393735781929934e-02
1.140002682926422040e-02
1.110542799314995221e-02
1.090882038393292675e-02
1.090882038393292675e-02
1.070975601264390065e-02
1.053707181743224197e-02
1.040449530274223378e-02
1.030417350659629250e-02
1.031033918387880277e-02
1.040173625715379302e-02
1.057347359223825833e-02
1.076164780568067414e-02
1.088010444911979846e-02
1.098407805305701146e-02
1.098407805305701146e-02
1.098407805305701146e-02
1.104372765454453287e-02
1.101165770704337632e-02
1.101556366042899526e-02
1.099714059775447339e-02
1.095723072428000933e-02
1.092384750602981569e-02
1.085363975202380260e-02
1.073440443811346512e-02
1.062044935521910816e-02
1.062044935521910816e-02
1.049993685062133864e-02
1.040063878131647357e-02
1.024957989897501420e-02
1.013868600400069653e-02
1.003569949506299963e-02
9.904553153426753909e-03
9.714109665655890069e-03
9.510927483530551285e-03
9.421276125180177985e-03
9.273818979506742721e-03
9.273818979506742721e-03
9.108745124012607164e-03
8.968244623843268926e-03
8.772811176049444271e-03
8.593877596284826836e-03
8.320687769241885690e-03
8.072354912733281651e-03
7.916630185826001309e-03
7.794818478641829529e-03
7.614453730124814967e-03
7.416001513141701196e-03
7.416001513141701196e-03
7.324859095253266617e-03
7.278198694475435104e-03
7.279904030233375067e-03
7.295552645528502467e-03
7.338578405605034050e-03
7.326819973425102717e-03
7.385896902363242589e-03
7.417060742637815451e-03
7.332217822566988730e-03
7.238618189142620452e-03
7.238618189142620452e-03
7.008930753242381684e-03
6.837444556722083178e-03
6.758300712822240541e-03
6.795350086894025310e-03
6.882458163581794963e-03
6.927120907664452432e-03
6.964901735387662995e-03
6.965020639773555899e-03
6.965020639773555899e-03
6.965020639773555899e-03
