3.439914310523770058e-02
3.439914310523770058e-02
3.408593701465782722e-02
3.406545711679024452e-02
3.429155721609652985e-02
3.426473002433233495e-02
3.442572984939629849e-02
3.457776460281149905e-02
3.474681800798243986e-02
3.470497264159069090e-02
3.469651367371181377e-02
3.478518662217366247e-02
3.478518662217366247e-02
3.504407211917651838e-02
3.527935359902649448e-02
3.550594915592360235e-02
3.593600167415023777e-02
3.620916809975304601e-02
3.626204264732563881e-02
3.607605723711079793e-02
3.608186383396647795e-02
3.612299657345782733e-02
3.624510840965260855e-02
