2.621164472204882273e-02
2.621164472204882273e-02
2.505547432313695588e-02
2.417092237798902643e-02
2.348484832090298041e-02
2.318037018415390269e-02
2.276277533804927505e-02
2.244645694024578753e-02
2.214450029311219870e-02
2.196217035610529070e-02
2.183846429652470250e-02
2.169360678518310326e-02
2.169360678518310326e-02
2.180528413029127199e-02
2.171514034113306707e-02
2.159133297753034614e-02
2.150010134685330018e-02
2.147647614953553455e-02
2.136251247745819121e-02
2.122944959293128139e-02
2.101480097455609222e-02
2.095189219812134199e-02
2.098494738128897641e-02
