1.704149506986141205e-02
1.704149506986141205e-02
1.876912452280521393e-02
1.977699249982833862e-02
2.091843448579311371e-02
2.173232287168502808e-02
2.276810072362422943e-02
2.368076145648956299e-02
2.467425726354122162e-02
2.578151598572731018e-02
2.684590592980384827e-02
2.768658846616744995e-02
2.768658846616744995e-02
2.854849025607109070e-02
2.925634197890758514e-02
2.992144413292407990e-02
3.061142936348915100e-02
3.122267872095108032e-02
3.156077116727828979e-02
3.180510923266410828e-02
3.203460574150085449e-02
3.225681558251380920e-02
3.254184871912002563e-02
