4.457454470993212070e-02
4.457454470993212070e-02
4.548282528628392468e-02
4.586079686734031297e-02
4.594056911262941328e-02
4.642164068061704202e-02
4.653693075362026754e-02
4.624395075736083965e-02
4.582590868345314677e-02
4.579211137075171051e-02
4.562923124455744300e-02
4.577743232187315298e-02
4.577743232187315298e-02
4.599567275419062101e-02
4.655821903575625698e-02
4.698760069510551224e-02
4.740664006642858475e-02
4.776377210984658617e-02
4.811826841938095234e-02
4.828019266179508356e-02
4.847885856729061693e-02
4.865439631034357282e-02
4.880143155216317558e-02
