3.277762606739997864e-02
3.277762606739997864e-02
3.132327273488044739e-02
3.128094226121902466e-02
3.168423473834991455e-02
3.155028820037841797e-02
3.105325065553188324e-02
3.053304925560951233e-02
3.009747713804244995e-02
2.972356230020523071e-02
2.934714779257774353e-02
2.911369502544403076e-02
2.911369502544403076e-02
2.878797799348831177e-02
2.847336418926715851e-02
2.804202400147914886e-02
2.786089479923248291e-02
2.797618508338928223e-02
2.810320444405078888e-02
2.821933105587959290e-02
2.832803688943386078e-02
2.843878977000713348e-02
2.855619043111801147e-02
