9.211760014295578003e-03
9.211760014295578003e-03
8.744744583964347839e-03
9.089205414056777954e-03
9.472038596868515015e-03
9.882491081953048706e-03
1.027372758835554123e-02
1.073019951581954956e-02
1.098731253296136856e-02
1.106529776006937027e-02
1.123506668955087662e-02
1.132348366081714630e-02
1.132348366081714630e-02
1.131671760231256485e-02
1.118826866149902344e-02
1.096841879189014435e-02
1.086725387722253799e-02
1.081833709031343460e-02
1.081998739391565323e-02
1.091966219246387482e-02
1.109542045742273331e-02
1.131333131343126297e-02
1.167747285217046738e-02
1.167747285217046738e-02
1.209378801286220551e-02
1.247847266495227814e-02
1.265434734523296356e-02
1.274841651320457458e-02
1.269306894391775131e-02
1.238800585269927979e-02
1.197549980133771896e-02
1.169270835816860199e-02
1.134341303259134293e-02
1.089667808264493942e-02
1.089667808264493942e-02
1.050320453941822052e-02
1.008233148604631424e-02
9.799974970519542694e-03
9.678524918854236603e-03
9.715578518807888031e-03
9.861487895250320435e-03
1.016183476895093918e-02
1.046556700021028519e-02
1.062895730137825012e-02
1.063638832420110703e-02
1.063638832420110703e-02
1.049819495528936386e-02
1.036079600453376770e-02
1.040608529001474380e-02
1.037843897938728333e-02
1.036150287836790085e-02
1.034301985055208206e-02
1.023861207067966461e-02
1.008094102144241333e-02
9.773213416337966919e-03
9.412996470928192139e-03
9.412996470928192139e-03
9.102761745452880859e-03
8.883550763130187988e-03
8.709942921996116638e-03
8.682974614202976227e-03
8.632693439722061157e-03
8.594212122261524200e-03
8.578774519264698029e-03
8.713338524103164673e-03
8.943528868257999420e-03
9.170380420982837677e-03
9.170380420982837677e-03
9.379714727401733398e-03
9.650056250393390656e-03
9.956373833119869232e-03
1.022087875753641129e-02
1.047007180750370026e-02
1.083658635616302490e-02
1.127001270651817322e-02
1.167434267699718475e-02
1.204652618616819382e-02
1.237087324261665344e-02
1.237087324261665344e-02
1.264095399528741837e-02
1.291366387158632278e-02
1.309118885546922684e-02
1.317134965211153030e-02
1.316222175955772400e-02
1.304828654974699020e-02
1.286417152732610703e-02
1.258723996579647064e-02
1.240335404872894287e-02
1.220545824617147446e-02
1.220545824617147446e-02
1.205541286617517471e-02
1.192520279437303543e-02
1.176520437002182007e-02
1.158866565674543381e-02
1.147130876779556274e-02
1.141694653779268265e-02
1.132372859865427017e-02
1.120863202959299088e-02
1.107426453381776810e-02
1.087983790785074234e-02
1.087983790785074234e-02
1.072147209197282791e-02
1.056409068405628204e-02
1.044834032654762268e-02
1.065359916538000107e-02
1.085299346596002579e-02
1.102483551949262619e-02
1.111295819282531738e-02
1.114849653095006943e-02
1.107924710959196091e-02
1.106427051126956940e-02
1.106427051126956940e-02
1.105249766260385513e-02
1.093840412795543671e-02
1.082865893840789795e-02
1.072128862142562866e-02
1.061256229877471924e-02
1.050424389541149139e-02
1.052084099501371384e-02
1.055924408137798309e-02
1.068207249045372009e-02
1.077113859355449677e-02
1.077113859355449677e-02
1.078100781887769699e-02
1.080642640590667725e-02
1.082617137581110001e-02
1.083699893206357956e-02
1.085881609469652176e-02
1.085881795734167099e-02
1.096298452466726303e-02
1.096552424132823944e-02
1.098376512527465820e-02
1.101582776755094528e-02
1.101582776755094528e-02
1.101234741508960724e-02
1.089385803788900375e-02
1.076601166278123856e-02
1.060843840241432190e-02
1.050597615540027618e-02
1.042495202273130417e-02
1.059025712311267853e-02
1.081079337745904922e-02
1.106698997318744659e-02
1.131409406661987305e-02
1.131409406661987305e-02
1.145926397293806076e-02
1.156209595501422882e-02
1.153576094657182693e-02
1.151022780686616898e-02
1.146388147026300430e-02
1.139834430068731308e-02
1.132356375455856323e-02
1.120584830641746521e-02
1.115138828754425049e-02
1.113696116954088211e-02
1.113696116954088211e-02
1.114801876246929169e-02
1.103710196912288666e-02
1.092442311346530914e-02
1.080750301480293274e-02
1.079664379358291626e-02
1.083632558584213257e-02
1.095679216086864471e-02
1.121962442994117737e-02
1.146000530570745468e-02
1.163925603032112122e-02
1.163925603032112122e-02
1.170292682945728302e-02
1.165609341114759445e-02
1.154036913067102432e-02
1.147347781807184219e-02
1.137466076761484146e-02
1.135197468101978302e-02
1.132019795477390289e-02
1.137290801852941513e-02
1.141785830259323120e-02
1.139375194907188416e-02
1.139375194907188416e-02
1.143900211900472641e-02
1.150083728134632111e-02
1.153244450688362122e-02
1.149647030979394913e-02
1.142214238643646240e-02
1.125752925872802734e-02
1.113858725875616074e-02
1.106359157711267471e-02
1.106206513941287994e-02
1.101899240165948868e-02
1.101899240165948868e-02
1.100299227982759476e-02
1.100977603346109390e-02
1.109098270535469055e-02
1.114195119589567184e-02
1.120372861623764038e-02
1.127345860004425049e-02
1.135252788662910461e-02
1.131447311490774155e-02
1.126040983945131302e-02
1.128021627664566040e-02
1.128021627664566040e-02
1.127890404313802719e-02
1.123602036386728287e-02
1.118251215666532516e-02
1.116220187395811081e-02
1.121001970022916794e-02
1.122800819575786591e-02
1.124103926122188568e-02
1.120868511497974396e-02
1.115059014409780502e-02
1.105387602001428604e-02
1.105387602001428604e-02
1.098444219678640366e-02
1.072976924479007721e-02
1.043668389320373535e-02
1.012708805501461029e-02
9.858145378530025482e-03
9.672299027442932129e-03
9.654443711042404175e-03
9.823373518884181976e-03
9.958313778042793274e-03
1.014395896345376968e-02
1.014395896345376968e-02
1.035606302320957184e-02
1.050623878836631775e-02
1.064085680991411209e-02
1.070930529385805130e-02
1.062733028084039688e-02
1.039885263890028000e-02
1.016290485858917236e-02
1.001587044447660446e-02
9.870370849967002869e-03
9.692332707345485687e-03
9.692332707345485687e-03
9.520012885332107544e-03
9.427733719348907471e-03
9.283876046538352966e-03
9.104869328439235687e-03
8.961642161011695862e-03
8.862578310072422028e-03
8.714916184544563293e-03
8.633359335362911224e-03
8.579319342970848083e-03
8.471144363284111023e-03
8.471144363284111023e-03
8.353745564818382263e-03
8.264489471912384033e-03
8.166490122675895691e-03
8.130781352519989014e-03
8.048348128795623779e-03
8.020130917429924011e-03
8.041100576519966125e-03
8.118944242596626282e-03
8.234195411205291748e-03
8.386906236410140991e-03
8.386906236410140991e-03
8.719874545931816101e-03
9.070047177374362946e-03
9.429580532014369965e-03
9.796950034797191620e-03
1.017813477665185928e-02
1.059447508305311203e-02
1.092810090631246567e-02
1.116891950368881226e-02
1.130407489836215973e-02
1.149189285933971405e-02
1.149189285933971405e-02
1.156862452626228333e-02
1.164789777249097824e-02
1.162330154329538345e-02
1.160785369575023651e-02
1.166575867682695389e-02
1.169568486511707306e-02
1.176372449845075607e-02
1.177933998405933380e-02
1.159469783306121826e-02
1.141807623207569122e-02
