3.747050506232262046e-02
3.747050506232262046e-02
3.709290946885425433e-02
3.672843614898428644e-02
3.609831977321771579e-02
3.521163610964962720e-02
3.420845006179152464e-02
3.339717488732792811e-02
3.287359918166483236e-02
3.229358852071883418e-02
3.170327026928156100e-02
3.097038514537479512e-02
3.097038514537479512e-02
3.014699321863069381e-02
2.938560052486957272e-02
2.874477535873231487e-02
2.820554615130018219e-02
2.774051330888948133e-02
2.717579052843445767e-02
2.659761434740586308e-02
2.608639734129243257e-02
2.566752202245142431e-02
2.538917307518366584e-02
2.538917307518366584e-02
2.506701374758052089e-02
2.466815025653715937e-02
2.437196898100879583e-02
2.408873642120303027e-02
2.405118414410848879e-02
2.411646139648785520e-02
2.410706332022658632e-02
2.414321647896069609e-02
2.423886090412995936e-02
2.436204228493386512e-02
2.436204228493386512e-02
2.449613002139375620e-02
2.458605192479857565e-02
2.472292930319277757e-02
2.483347224114672291e-02
2.474964142568062547e-02
2.467891593291498056e-02
2.454019034007318134e-02
2.436800458279333656e-02
2.415056562674175455e-02
2.377744512872102117e-02
2.377744512872102117e-02
2.340355001094984386e-02
2.303748932342297023e-02
2.265240520058382431e-02
2.237088019299675670e-02
2.206929479972973354e-02
2.173629606326764677e-02
2.146617667739693716e-02
2.125830682041045944e-02
2.105316288721933993e-02
2.090286423459090590e-02
2.090286423459090590e-02
2.091895871905892490e-02
2.091892774976306449e-02
2.085416945244233586e-02
2.078679268569075603e-02
2.069718970269064304e-02
2.071698045291598192e-02
2.078797298244403069e-02
2.086256109380601326e-02
2.097103637706908622e-02
2.110049851089054046e-02
2.110049851089054046e-02
2.125993357109337220e-02
2.146927571342647709e-02
2.161601075323006660e-02
2.165919304263336231e-02
2.178312921161652815e-02
2.181543075707142315e-02
2.187231279878117801e-02
2.196711124285994146e-02
2.172166582955980044e-02
2.155755933210199218e-02
2.155755933210199218e-02
2.146003783566241205e-02
2.128140627484539915e-02
2.107228657308804487e-02
2.084453065370427821e-02
2.063736668892921997e-02
2.053712940086615396e-02
2.048285023074354269e-02
2.048796747313892663e-02
2.055232508505150033e-02
2.055232508505150033e-02
2.055232508505150033e-02
2.057941011923370908e-02
2.059209601082461275e-02
2.070374901433429810e-02
2.078908351432710855e-02
2.080941102185040678e-02
2.085267423848288434e-02
2.079777471183854448e-02
2.080828648567662267e-02
2.084407452402576438e-02
2.098207357302003112e-02
2.098207357302003112e-02
2.119247430728920037e-02
2.140413681173990168e-02
2.154329780160695387e-02
2.160428190518165134e-02
2.168545995495381462e-02
2.178056623141551643e-02
2.175502008702858217e-02
2.177377468162689303e-02
2.192857985748461122e-02
2.181657188782313433e-02
2.181657188782313433e-02
2.161892798478508640e-02
2.123600317596423606e-02
2.079747074143272964e-02
2.037100246266676518e-02
1.995817455053963338e-02
1.962935098753636892e-02
1.935781768435487424e-02
1.907146169170485100e-02
1.873725114963471772e-02
1.854550646846612680e-02
1.854550646846612680e-02
1.845086668850238337e-02
1.843396462108469816e-02
1.846207349971252035e-02
1.858590036035825954e-02
1.878630639215604983e-02
1.897035839650485639e-02
1.924843065081241131e-02
1.947724771980075334e-02
1.960945294178029208e-02
1.960810511096813119e-02
1.960810511096813119e-02
1.953709868757521131e-02
1.945623276696835727e-02
1.933977089304770441e-02
1.922916983784842340e-02
1.909789629989705473e-02
1.906717723031233977e-02
1.903810609374355367e-02
1.893702490110436495e-02
1.879013612718441473e-02
1.866936500627373527e-02
1.866936500627373527e-02
1.853125437300508216e-02
1.838650554551231331e-02
1.825420261761782209e-02
1.807054120080842097e-02
1.799409277362876841e-02
1.789368844347210413e-02
1.785202288790039074e-02
1.781038185200214952e-02
1.769781757720442772e-02
1.742614513343268556e-02
1.742614513343268556e-02
1.717152422673206766e-02
1.685371432089077456e-02
1.655076220019596409e-02
1.627603510342119295e-02
1.636842245772045581e-02
1.638871620845109081e-02
1.643278493020500219e-02
1.635794953872404811e-02
1.623957674064708395e-02
1.615213590821726677e-02
1.615213590821726677e-02
1.614560853768736912e-02
1.625005633229443386e-02
1.638698315664669294e-02
1.639436907919269645e-02
1.631594857385408603e-02
1.630677613840487983e-02
1.627831546565303503e-02
1.629227363336909276e-02
1.638289417332610548e-02
1.594682749234514751e-02
1.594682749234514751e-02
1.560197951739019338e-02
1.531270555149143522e-02
1.509284683384254713e-02
1.490803701585094281e-02
1.479332130806658256e-02
1.469240247764442078e-02
1.473000988077458918e-02
1.473478583629494847e-02
1.488058709697036991e-02
1.508484358841645501e-02
1.508484358841645501e-02
1.527590459903587460e-02
1.557926165329805678e-02
1.587753201826314423e-02
1.619329772812708179e-02
1.660072118536660979e-02
1.706311181063356261e-02
1.745992944603649150e-02
1.782893278743032800e-02
1.797452813623288265e-02
1.804080382862771614e-02
1.804080382862771614e-02
1.798649991714835680e-02
1.783391781827018546e-02
1.761794952963243940e-02
1.737729722365380022e-02
1.700480551454935929e-02
1.653240571509430323e-02
1.609269837072348913e-02
1.564791919253813099e-02
1.521363740422301478e-02
1.485909964293335300e-02
1.485909964293335300e-02
1.455321324937058555e-02
1.444920858628437506e-02
1.435616796163061669e-02
1.433195889377576228e-02
1.427596416872200721e-02
1.417624368274335474e-02
1.411717948630934923e-02
1.415143231722529142e-02
1.416236907088065308e-02
1.421781039652075113e-02
1.421781039652075113e-02
1.429920804644775785e-02
1.438066860456836682e-02
1.445264704055684857e-02
1.454238029163771630e-02
1.459390780801898477e-02
1.467582140073948015e-02
1.480760371313819684e-02
1.492798407969383144e-02
1.497655321770499995e-02
1.501799696091545532e-02
1.501799696091545532e-02
1.512522908842874741e-02
1.521258733234169547e-02
1.529221079014420406e-02
1.536726039529665196e-02
1.540975272036362864e-02
1.538743817741937067e-02
1.547785778466345165e-02
1.546687605161357025e-02
1.542671183997116821e-02
1.533537290872878135e-02
1.533537290872878135e-02
1.521808277750527454e-02
1.504107765752366391e-02
1.492847101145155196e-02
1.489724169204985696e-02
1.489788507701892903e-02
1.477059024606352730e-02
1.461884480040087468e-02
1.453178828757178791e-02
1.454645078662719464e-02
1.458428466846431633e-02
1.458428466846431633e-02
1.495391051336527645e-02
1.523062975981952574e-02
1.553993126086867203e-02
1.583367391173829894e-02
1.607330468215365654e-02
1.612874767885590782e-02
1.606847565077471757e-02
1.582929555200357843e-02
1.558836975425878166e-02
1.529129816145221796e-02
1.529129816145221796e-02
1.493876604908172742e-02
1.445563179429707433e-02
1.389816994108124433e-02
1.348371977980879037e-02
1.311299269851700158e-02
1.281112887430846392e-02
1.261937407197848138e-02
1.261745682211003021e-02
1.267983113899876293e-02
1.268628493430044510e-02
1.268628493430044510e-02
1.264287962803533130e-02
1.256297665861165133e-02
1.255693504883195928e-02
1.248277934257805560e-02
1.252840584051044190e-02
1.256774457152741963e-02
1.258697539007628055e-02
1.253665062748550094e-02
1.253665062748550094e-02
1.254435629321716192e-02
1.254435629321716192e-02
1.250044288336831823e-02
1.239017860516979791e-02
1.238644547840892993e-02
1.235602483478078807e-02
1.232437619761686531e-02
1.238050406984263566e-02
1.238050406984263566e-02
1.238050406984263566e-02
1.238050406984263566e-02
1.238050406984263566e-02
1.238050406984263566e-02
1.244454102322517172e-02
1.247292780958842232e-02
1.262726642300342726e-02
1.290474876150846800e-02
1.306426197902443853e-02
1.312577979762320941e-02
1.321359398163438059e-02
1.321119650433006526e-02
1.327775516947750194e-02
1.335926657728795687e-02
1.335926657728795687e-02
1.343948711325147760e-02
1.347529451306320007e-02
1.347249799221091927e-02
1.348099006446584758e-02
1.336093293797522424e-02
1.315444669190569960e-02
1.296821714103548601e-02
1.275498683067213465e-02
1.261907974783882565e-02
1.249446248696599836e-02
1.249446248696599836e-02
1.153126704419219287e-02
1.078755361982477144e-02
1.034291259164556512e-02
1.018496654250984797e-02
1.015321554446161137e-02
1.025341729590967949e-02
1.036684943930936582e-02
1.052322598572893314e-02
1.073071130656029840e-02
1.096394575090972080e-02
1.096394575090972080e-02
1.124408905205117812e-02
1.145625638344825205e-02
1.170221408434884980e-02
1.194505557170989427e-02
1.212060227917132783e-02
1.226150810386985451e-02
1.242462633778468849e-02
1.258575345422329253e-02
1.269141440746521937e-02
1.274574204065868042e-02
1.274574204065868042e-02
1.274017628017208581e-02
1.273540259172835538e-02
1.275219637621081287e-02
1.281912425437438559e-02
1.292194804951890194e-02
1.299150608551852444e-02
1.303235362897253551e-02
1.306224478979143080e-02
1.306131589458473657e-02
1.309111676159322932e-02
1.309111676159322932e-02
1.314682685719274595e-02
1.322078409218828757e-02
1.336473918510962082e-02
1.367651968913647861e-02
1.385368230017873341e-02
1.399890520368525168e-02
1.399392097252469096e-02
1.396756000858527698e-02
1.395231263494347423e-02
1.389976062662025627e-02
1.389976062662025627e-02
1.383520743016852968e-02
1.383124062476878170e-02
1.384787322920712563e-02
1.399018512444135005e-02
1.406234286636248547e-02
1.413001641955927493e-02
1.412342265436009568e-02
1.417712668931451168e-02
1.415464533626674057e-02
1.404122084028371770e-02
1.404122084028371770e-02
1.400802257659517283e-02
1.391390218458475256e-02
1.384463633265853484e-02
1.382910534302846627e-02
1.388586426216310843e-02
1.393097209846427299e-02
1.394977482680343633e-02
1.395754564038237389e-02
1.387631964571314769e-02
1.382723346104594402e-02
1.382723346104594402e-02
1.377073281179884943e-02
1.358197892755951333e-02
1.336961769778488227e-02
1.324039076037996157e-02
1.315472282609534034e-02
1.323476397738463164e-02
1.328144519104649569e-02
1.327704003853045177e-02
1.329500084572468772e-02
1.318642215695514826e-02
1.318642215695514826e-02
1.296734894356972416e-02
1.286417301517643434e-02
1.285622293644298961e-02
1.283457593640448778e-02
1.281395036294089712e-02
1.294491910066655066e-02
1.308133673263574964e-02
1.317826663605648971e-02
1.314643003647302660e-02
1.302465001826044223e-02
1.302465001826044223e-02
1.296914790812041599e-02
1.290997148650156919e-02
1.284419178424712690e-02
1.288756942309016683e-02
1.292271591847054223e-02
1.294241513076278133e-02
1.293465541966232028e-02
1.294204570243152365e-02
1.294004983836995366e-02
1.282700993414474452e-02
1.282700993414474452e-02
1.272131657846867561e-02
1.268418301282296309e-02
1.265485041782509271e-02
1.269357375214738050e-02
1.275901605448113985e-02
1.289849159223543755e-02
1.307360550008817776e-02
1.319351849212600791e-02
1.329819291722398981e-02
1.329057089920425774e-02
