3.100313432514667511e-02
3.100313432514667511e-02
3.013692237436771393e-02
3.098984621465206146e-02
3.163450956344604492e-02
3.203223273158073425e-02
3.237581998109817505e-02
3.275202959775924683e-02
3.298289701342582703e-02
3.310845419764518738e-02
3.314409032464027405e-02
3.327964618802070618e-02
3.327964618802070618e-02
3.336866945028305054e-02
3.337420895695686340e-02
3.330318257212638855e-02
3.325454145669937134e-02
3.323995694518089294e-02
3.321335837244987488e-02
3.326386213302612305e-02
3.331403061747550964e-02
3.327011689543724060e-02
3.316327184438705444e-02
3.316327184438705444e-02
3.302212059497833252e-02
3.291673585772514343e-02
3.276128321886062622e-02
3.269728273153305054e-02
3.276520594954490662e-02
3.282709047198295593e-02
3.292075544595718384e-02
3.224558010697364807e-02
3.161624819040298462e-02
3.101091086864471436e-02
3.101091086864471436e-02
3.046054020524024963e-02
2.995777688920497894e-02
2.949104830622673035e-02
2.901895716786384583e-02
2.854861319065093994e-02
2.809884771704673767e-02
2.763589099049568176e-02
2.724365703761577606e-02
2.697903290390968323e-02
2.671889960765838623e-02
2.671889960765838623e-02
2.646956592798233032e-02
2.623976767063140869e-02
2.605804800987243652e-02
2.596507407724857330e-02
2.592759206891059875e-02
2.586486376821994781e-02
2.584324777126312256e-02
2.587158791720867157e-02
2.593415416777133942e-02
2.602464146912097931e-02
2.602464146912097931e-02
2.612227201461791992e-02
2.625411748886108398e-02
2.643557265400886536e-02
2.667176723480224609e-02
2.688792534172534943e-02
2.718868851661682129e-02
2.745960466563701630e-02
2.774346619844436646e-02
2.810539491474628448e-02
2.852731384336948395e-02
2.852731384336948395e-02
2.900603227317333221e-02
2.955214120447635651e-02
3.003042191267013550e-02
3.057714365422725677e-02
3.113013692200183868e-02
3.170898556709289551e-02
3.230851143598556519e-02
3.300286829471588135e-02
3.367031365633010864e-02
3.427887707948684692e-02
3.427887707948684692e-02
3.495001047849655151e-02
3.557150065898895264e-02
3.618952631950378418e-02
3.680035844445228577e-02
3.749115392565727234e-02
3.813558816909790039e-02
3.879693523049354553e-02
3.941361606121063232e-02
3.998910635709762573e-02
4.048646241426467896e-02
4.048646241426467896e-02
4.100379720330238342e-02
4.142298176884651184e-02
4.174359887838363647e-02
4.214521124958992004e-02
4.244493320584297180e-02
4.280652850866317749e-02
4.308830574154853821e-02
4.330943897366523743e-02
4.364198818802833557e-02
4.393216222524642944e-02
4.393216222524642944e-02
4.400230944156646729e-02
4.397455975413322449e-02
4.395562037825584412e-02
4.387094825506210327e-02
4.368655383586883545e-02
4.348519071936607361e-02
4.299700260162353516e-02
4.242407530546188354e-02
4.150594025850296021e-02
4.066319018602371216e-02
4.066319018602371216e-02
3.994473442435264587e-02
3.934713825583457947e-02
3.888561949133872986e-02
3.838575631380081177e-02
3.787115961313247681e-02
3.734437748789787292e-02
3.691908344626426697e-02
3.657206147909164429e-02
3.632115200161933899e-02
3.608605638146400452e-02
3.608605638146400452e-02
3.591684997081756592e-02
3.580187633633613586e-02
3.565728291869163513e-02
3.548076003789901733e-02
3.531425446271896362e-02
3.507653996348381042e-02
3.473750129342079163e-02
3.436413779854774475e-02
3.390139341354370117e-02
3.340321406722068787e-02
3.340321406722068787e-02
3.284824639558792114e-02
3.228077292442321777e-02
3.177460283041000366e-02
3.135698288679122925e-02
3.092807531356811523e-02
3.054581023752689362e-02
3.019947372376918793e-02
2.996394410729408264e-02
2.963875047862529755e-02
2.927573025226593018e-02
2.927573025226593018e-02
2.897118031978607178e-02
2.875100448727607727e-02
2.861384116113185883e-02
2.850536443293094635e-02
2.833027951419353485e-02
2.812475711107254028e-02
2.788327820599079132e-02
2.766679972410202026e-02
2.747815102338790894e-02
2.747815102338790894e-02
2.747815102338790894e-02
2.728069387376308441e-02
2.701125852763652802e-02
2.668197825551033020e-02
2.640475705265998840e-02
2.620172686874866486e-02
2.600556053221225739e-02
2.589613385498523712e-02
2.584865875542163849e-02
2.581223659217357635e-02
2.581951022148132324e-02
2.581951022148132324e-02
2.590014785528182983e-02
2.602951042354106903e-02
2.623924054205417633e-02
2.649987675249576569e-02
2.660701051354408264e-02
2.660868130624294281e-02
2.665803767740726471e-02
2.665942348539829254e-02
2.660056017339229584e-02
2.646138705313205719e-02
2.646138705313205719e-02
2.657714858651161194e-02
2.663453668355941772e-02
2.671076916158199310e-02
2.672730386257171631e-02
2.664530277252197266e-02
2.653039619326591492e-02
2.622703276574611664e-02
2.589170821011066437e-02
2.554022707045078278e-02
2.515571564435958862e-02
2.515571564435958862e-02
2.481031045317649841e-02
2.449814788997173309e-02
2.417988702654838562e-02
2.404149621725082397e-02
2.390836924314498901e-02
2.384264208376407623e-02
2.381012216210365295e-02
2.375937439501285553e-02
2.374920062720775604e-02
2.369737066328525543e-02
2.369737066328525543e-02
2.354559488594532013e-02
2.339054830372333527e-02
2.317035570740699768e-02
2.303451485931873322e-02
2.290930040180683136e-02
2.281988225877285004e-02
2.273439057171344757e-02
2.259144559502601624e-02
2.259868010878562927e-02
2.254572138190269470e-02
2.254572138190269470e-02
2.260085195302963257e-02
2.265726588666439056e-02
2.279330044984817505e-02
2.285476587712764740e-02
2.298501133918762207e-02
2.316875010728836060e-02
2.327636070549488068e-02
2.325817197561264038e-02
2.323897927999496460e-02
2.328165806829929352e-02
2.328165806829929352e-02
2.334478683769702911e-02
2.346481755375862122e-02
2.358145453035831451e-02
2.374580688774585724e-02
2.389773540198802948e-02
2.389773540198802948e-02
2.419991232454776764e-02
2.463774755597114563e-02
2.503509819507598877e-02
2.541845850646495819e-02
2.541845850646495819e-02
2.574480324983596802e-02
2.597575634717941284e-02
2.611687593162059784e-02
2.619797363877296448e-02
2.618400752544403076e-02
2.619483321905136108e-02
2.619483321905136108e-02
2.615933865308761597e-02
2.604153007268905640e-02
2.588773146271705627e-02
2.588773146271705627e-02
2.564612403512001038e-02
2.540261484682559967e-02
2.516297064721584320e-02
2.488222531974315643e-02
2.451770193874835968e-02
2.422688528895378113e-02
2.392356470227241516e-02
2.362062036991119385e-02
2.333950437605381012e-02
2.308658137917518616e-02
2.308658137917518616e-02
2.291910164058208466e-02
2.297621406614780426e-02
2.308509498834609985e-02
2.324922755360603333e-02
2.341299131512641907e-02
2.362122945487499237e-02
2.386501431465148926e-02
2.415816113352775574e-02
2.442413568496704102e-02
2.468790672719478607e-02
2.468790672719478607e-02
2.491828612983226776e-02
2.506495267152786255e-02
2.505858428776264191e-02
2.499038726091384888e-02
2.489173039793968201e-02
2.482284605503082275e-02
2.471469156444072723e-02
2.446380816400051117e-02
2.449673041701316833e-02
2.459269762039184570e-02
2.459269762039184570e-02
2.463464438915252686e-02
2.469249442219734192e-02
2.473154664039611816e-02
2.482093498110771179e-02
2.485030144453048706e-02
2.484489604830741882e-02
2.480009943246841431e-02
2.467271313071250916e-02
2.462729439139366150e-02
2.477077953517436981e-02
2.477077953517436981e-02
2.495016343891620636e-02
2.518668398261070251e-02
2.541346102952957153e-02
2.562442608177661896e-02
2.575677447021007538e-02
2.578376233577728271e-02
2.536497265100479126e-02
2.503316663205623627e-02
2.473068237304687500e-02
2.446077577769756317e-02
2.446077577769756317e-02
2.422063797712326050e-02
2.397714741528034210e-02
2.387826703488826752e-02
2.386013045907020569e-02
2.390630915760993958e-02
2.399318106472492218e-02
2.413180656731128693e-02
2.422046102583408356e-02
2.429964020848274231e-02
2.427774295210838318e-02
2.427774295210838318e-02
2.420745231211185455e-02
2.420558780431747437e-02
2.424416504800319672e-02
2.430176548659801483e-02
2.433226071298122406e-02
2.438930049538612366e-02
2.508886717259883881e-02
2.587410993874073029e-02
2.667107805609703064e-02
2.754726633429527283e-02
2.754726633429527283e-02
2.837719395756721497e-02
2.909988351166248322e-02
2.978452667593955994e-02
3.041450679302215576e-02
3.095482662320137024e-02
3.137023001909255981e-02
3.142039105296134949e-02
3.140432760119438171e-02
3.124693781137466431e-02
3.097324632108211517e-02
3.097324632108211517e-02
3.063184022903442383e-02
3.033228963613510132e-02
3.001273237168788910e-02
2.964976057410240173e-02
2.930190786719322205e-02
2.897912450134754181e-02
2.868007868528366089e-02
2.840504795312881470e-02
2.807854115962982178e-02
2.778237126767635345e-02
2.778237126767635345e-02
2.748344093561172485e-02
2.720069326460361481e-02
2.692184783518314362e-02
2.656709589064121246e-02
2.618924155831336975e-02
2.577621676027774811e-02
2.537838369607925415e-02
2.498256787657737732e-02
2.469555847346782684e-02
2.469555847346782684e-02
2.469555847346782684e-02
2.444125898182392120e-02
2.425119653344154358e-02
2.393395453691482544e-02
2.369753085076808929e-02
2.351067401468753815e-02
2.337483316659927368e-02
2.326697856187820435e-02
2.307638712227344513e-02
2.290710248053073883e-02
2.281740866601467133e-02
2.281740866601467133e-02
2.274117060005664825e-02
2.366511709988117218e-02
2.458054944872856140e-02
2.539043873548507690e-02
2.609266899526119232e-02
2.673757821321487427e-02
2.696387469768524170e-02
2.719707787036895752e-02
2.739785611629486084e-02
2.747672796249389648e-02
2.747672796249389648e-02
2.744204178452491760e-02
2.737178653478622437e-02
2.726095169782638550e-02
2.732511050999164581e-02
2.735160477459430695e-02
2.737443149089813232e-02
2.741000987589359283e-02
2.741000987589359283e-02
2.741000987589359283e-02
2.747496590018272400e-02
2.747496590018272400e-02
2.757292240858078003e-02
2.766604907810688019e-02
2.769894152879714966e-02
2.766087651252746582e-02
2.759378030896186829e-02
2.760023996233940125e-02
2.755493670701980591e-02
2.745316922664642334e-02
2.722671255469322205e-02
2.694626711308956146e-02
2.694626711308956146e-02
2.665742859244346619e-02
2.638180367648601532e-02
2.626398578286170959e-02
2.617871388792991638e-02
2.606155350804328918e-02
2.587217651307582855e-02
2.580319344997406006e-02
2.581150270998477936e-02
2.588833123445510864e-02
2.589318901300430298e-02
2.589318901300430298e-02
2.587226592004299164e-02
2.588311396539211273e-02
2.583020739257335663e-02
2.568143233656883240e-02
2.556303888559341431e-02
2.547250874340534210e-02
2.537116780877113342e-02
2.536044642329216003e-02
2.534246258437633514e-02
2.532256022095680237e-02
2.532256022095680237e-02
2.543914876878261566e-02
2.528387494385242462e-02
2.518974617123603821e-02
2.515131421387195587e-02
2.516101114451885223e-02
2.524026297032833099e-02
2.534757740795612335e-02
2.548679895699024200e-02
2.563229389488697052e-02
2.577221393585205078e-02
