5.922534689307212830e-02
5.922534689307212830e-02
5.822023376822471619e-02
5.742379650473594666e-02
5.741497874259948730e-02
5.715430527925491333e-02
5.690263211727142334e-02
5.668190121650695801e-02
5.657158792018890381e-02
5.674028024077415466e-02
5.711781233549118042e-02
5.723414197564125061e-02
5.723414197564125061e-02
5.699058994650840759e-02
5.681074038147926331e-02
5.662103369832038879e-02
5.642432719469070435e-02
5.623411759734153748e-02
5.581118166446685791e-02
5.531373247504234314e-02
5.485028401017189026e-02
5.449437722563743591e-02
5.405877530574798584e-02
