2.575138397514820099e-02
2.575138397514820099e-02
2.678677439689636230e-02
2.666225098073482513e-02
2.683956734836101532e-02
2.709957025945186615e-02
2.769953012466430664e-02
2.844244614243507385e-02
2.917159162461757660e-02
2.940245531499385834e-02
2.951908297836780548e-02
2.963169850409030914e-02
2.963169850409030914e-02
2.994708903133869171e-02
3.003445081412792206e-02
3.011891990900039673e-02
3.033955022692680359e-02
3.064710646867752075e-02
3.105299174785614014e-02
3.144365176558494568e-02
3.170428797602653503e-02
3.186755627393722534e-02
3.208262473344802856e-02
