4.120749980211257935e-02
4.120749980211257935e-02
4.027473926544189453e-02
4.078382626175880432e-02
4.114266857504844666e-02
4.137118905782699585e-02
4.149122908711433411e-02
4.146716371178627014e-02
4.182333871722221375e-02
4.202026501297950745e-02
4.196727275848388672e-02
4.198899120092391968e-02
4.198899120092391968e-02
4.202284663915634155e-02
4.209172725677490234e-02
4.216936230659484863e-02
4.255030676722526550e-02
4.290107637643814087e-02
4.325184971094131470e-02
4.367956519126892090e-02
4.398247227072715759e-02
4.449043422937393188e-02
4.481715336441993713e-02
4.481715336441993713e-02
4.510305449366569519e-02
4.546382278203964233e-02
4.583986476063728333e-02
4.624340310692787170e-02
4.668177664279937744e-02
4.703502729535102844e-02
4.735800623893737793e-02
4.756495356559753418e-02
4.781248420476913452e-02
4.805153980851173401e-02
4.805153980851173401e-02
4.822703450918197632e-02
4.847580939531326294e-02
4.873954132199287415e-02
4.913476109504699707e-02
4.929567500948905945e-02
4.928012564778327942e-02
4.927696287631988525e-02
4.952106624841690063e-02
4.976539686322212219e-02
4.993113130331039429e-02
4.993113130331039429e-02
5.012442544102668762e-02
5.026293173432350159e-02
5.029376968741416931e-02
5.036927387118339539e-02
5.040159448981285095e-02
5.034102499485015869e-02
5.025712773203849792e-02
5.019132420420646667e-02
5.014092102646827698e-02
4.996533691883087158e-02
4.996533691883087158e-02
4.963403195142745972e-02
4.922276735305786133e-02
4.877267777919769287e-02
4.853661358356475830e-02
4.846991598606109619e-02
4.854398220777511597e-02
4.873348772525787354e-02
4.926017299294471741e-02
4.971435293555259705e-02
5.010165274143218994e-02
5.010165274143218994e-02
5.034967139363288879e-02
5.046502500772476196e-02
5.058282241225242615e-02
5.047760903835296631e-02
5.048655346035957336e-02
5.036726221442222595e-02
5.067874491214752197e-02
5.091877281665802002e-02
5.096518993377685547e-02
5.101393908262252808e-02
5.101393908262252808e-02
5.092305690050125122e-02
5.079594627022743225e-02
5.064410343766212463e-02
5.050213262438774109e-02
5.038420110940933228e-02
5.034419894218444824e-02
5.029849335551261902e-02
5.029468238353729248e-02
5.025578662753105164e-02
5.013464018702507019e-02
5.013464018702507019e-02
5.007418990135192871e-02
5.008318275213241577e-02
5.008556693792343140e-02
4.999871924519538879e-02
4.991476610302925110e-02
4.976737871766090393e-02
4.974726587533950806e-02
4.979803040623664856e-02
4.995506629347801208e-02
4.995028302073478699e-02
4.995028302073478699e-02
4.990746080875396729e-02
4.995167255401611328e-02
5.000084638595581055e-02
5.004784837365150452e-02
5.003699287772178650e-02
5.005608871579170227e-02
5.019373446702957153e-02
5.046321824193000793e-02
5.069588497281074524e-02
5.082762613892555237e-02
5.082762613892555237e-02
5.083050951361656189e-02
5.079383030533790588e-02
5.079210922122001648e-02
5.078956484794616699e-02
5.089630186557769775e-02
5.097137764096260071e-02
5.113235861063003540e-02
5.114310607314109802e-02
5.113004893064498901e-02
5.112675949931144714e-02
5.112675949931144714e-02
5.119328573346138000e-02
5.125875025987625122e-02
5.127382650971412659e-02
5.127072706818580627e-02
5.126844719052314758e-02
5.119574442505836487e-02
5.115349963307380676e-02
5.124844238162040710e-02
5.128467828035354614e-02
5.132259801030158997e-02
5.132259801030158997e-02
5.138890445232391357e-02
5.131721869111061096e-02
5.131914839148521423e-02
5.126348882913589478e-02
5.118652433156967163e-02
5.122597515583038330e-02
5.135490000247955322e-02
5.141311883926391602e-02
5.127942189574241638e-02
5.104027315974235535e-02
5.104027315974235535e-02
5.076814070343971252e-02
5.073744431138038635e-02
5.062480643391609192e-02
5.048993229866027832e-02
5.029364302754402161e-02
5.004998296499252319e-02
4.996752738952636719e-02
4.990862682461738586e-02
4.988237842917442322e-02
4.991560801863670349e-02
4.991560801863670349e-02
5.005992203950881958e-02
5.023897066712379456e-02
5.035962536931037903e-02
5.043631047010421753e-02
5.056797340512275696e-02
5.068889260292053223e-02
5.069869384169578552e-02
5.068281292915344238e-02
5.071882903575897217e-02
5.045116320252418518e-02
5.045116320252418518e-02
5.007927492260932922e-02
4.957557469606399536e-02
4.909103736281394958e-02
4.853239655494689941e-02
4.788598418235778809e-02
4.744892194867134094e-02
4.706441983580589294e-02
4.644731432199478149e-02
4.590443894267082214e-02
4.530994221568107605e-02
4.530994221568107605e-02
4.483561217784881592e-02
4.437226429581642151e-02
4.380530491471290588e-02
4.336835443973541260e-02
4.304591193795204163e-02
4.282847046852111816e-02
4.249064251780509949e-02
4.219339787960052490e-02
4.193199425935745239e-02
4.171028733253479004e-02
4.171028733253479004e-02
4.150468483567237854e-02
4.132699966430664062e-02
4.112296551465988159e-02
4.093810915946960449e-02
4.078393802046775818e-02
4.052712768316268921e-02
4.018628224730491638e-02
3.988440707325935364e-02
3.950054571032524109e-02
3.907360881567001343e-02
3.907360881567001343e-02
3.873188048601150513e-02
3.849459066987037659e-02
3.826363012194633484e-02
3.802249953150749207e-02
3.777195140719413757e-02
3.757930174469947815e-02
3.760821744799613953e-02
3.769582137465476990e-02
3.765080496668815613e-02
3.763071820139884949e-02
3.763071820139884949e-02
3.758404031395912170e-02
3.751018643379211426e-02
3.744710609316825867e-02
3.738525882363319397e-02
3.736928105354309082e-02
3.741599619388580322e-02
3.745584934949874878e-02
3.739860281348228455e-02
3.719294816255569458e-02
3.695032000541687012e-02
3.695032000541687012e-02
3.675600886344909668e-02
3.661930561065673828e-02
3.640250489115715027e-02
3.615525737404823303e-02
3.592019155621528625e-02
3.566659614443778992e-02
3.536259755492210388e-02
3.520213067531585693e-02
3.512391448020935059e-02
3.508875519037246704e-02
3.508875519037246704e-02
3.511559590697288513e-02
3.505482152104377747e-02
3.494669497013092041e-02
3.484903648495674133e-02
3.477512300014495850e-02
3.496677428483963013e-02
3.511521220207214355e-02
3.523903712630271912e-02
3.532271459698677063e-02
3.546202182769775391e-02
3.546202182769775391e-02
3.560181707143783569e-02
3.555982559919357300e-02
3.544842079281806946e-02
3.532226383686065674e-02
3.525369241833686829e-02
3.522347286343574524e-02
3.518889099359512329e-02
3.522009029984474182e-02
3.531020134687423706e-02
3.535291180014610291e-02
3.535291180014610291e-02
3.537274152040481567e-02
3.528750315308570862e-02
3.520645946264266968e-02
3.505333513021469116e-02
3.493920341134071350e-02
3.490474447607994080e-02
3.494757413864135742e-02
3.494202718138694763e-02
3.491593524813652039e-02
3.507917001843452454e-02
3.507917001843452454e-02
3.540172055363655090e-02
3.568758070468902588e-02
3.589002043008804321e-02
3.599329665303230286e-02
3.610427305102348328e-02
3.616755828261375427e-02
3.624972701072692871e-02
3.642690181732177734e-02
3.659558668732643127e-02
3.664691746234893799e-02
3.664691746234893799e-02
3.671631589531898499e-02
3.673586249351501465e-02
3.664552047848701477e-02
3.641609102487564087e-02
3.641609102487564087e-02
3.602670133113861084e-02
3.548387810587882996e-02
3.497418016195297241e-02
3.448012098670005798e-02
3.404699265956878662e-02
3.404699265956878662e-02
3.381980210542678833e-02
3.371175378561019897e-02
3.362121433019638062e-02
3.356968611478805542e-02
3.336013108491897583e-02
3.313327580690383911e-02
3.290021419525146484e-02
3.268669918179512024e-02
3.229930251836776733e-02
3.190134838223457336e-02
3.190134838223457336e-02
3.157774731516838074e-02
3.137296438217163086e-02
3.132593259215354919e-02
3.131733834743499756e-02
3.152492642402648926e-02
3.165327385067939758e-02
3.173032402992248535e-02
3.166750073432922363e-02
3.158633783459663391e-02
3.148092702031135559e-02
3.148092702031135559e-02
3.137621283531188965e-02
3.138879314064979553e-02
3.147782757878303528e-02
3.158522397279739380e-02
3.170461580157279968e-02
3.184165060520172119e-02
3.201428800821304321e-02
3.214700520038604736e-02
3.232803195714950562e-02
3.245344758033752441e-02
3.245344758033752441e-02
3.252994641661643982e-02
3.257803246378898621e-02
3.271100670099258423e-02
3.294224664568901062e-02
3.317676112055778503e-02
3.334433212876319885e-02
3.343231603503227234e-02
3.343014791607856750e-02
3.338357806205749512e-02
3.329905867576599121e-02
3.329905867576599121e-02
3.309669718146324158e-02
3.291248157620429993e-02
3.294702246785163879e-02
3.290658071637153625e-02
3.297919780015945435e-02
3.299387171864509583e-02
3.295667842030525208e-02
3.292150050401687622e-02
3.283029049634933472e-02
3.276016190648078918e-02
3.276016190648078918e-02
3.277508914470672607e-02
3.287551924586296082e-02
3.306616470217704773e-02
3.337875008583068848e-02
3.360214084386825562e-02
3.376148268580436707e-02
3.385323658585548401e-02
3.393232077360153198e-02
3.404089435935020447e-02
3.410025686025619507e-02
3.410025686025619507e-02
3.414943069219589233e-02
3.419752046465873718e-02
3.425374999642372131e-02
3.437429666519165039e-02
3.455950319766998291e-02
3.470179438591003418e-02
3.487217798829078674e-02
3.503059968352317810e-02
3.505945950746536255e-02
3.510268777608871460e-02
3.510268777608871460e-02
3.506356105208396912e-02
3.507111594080924988e-02
3.512642160058021545e-02
3.522218018770217896e-02
3.538884595036506653e-02
3.562619164586067200e-02
3.577548637986183167e-02
3.563284873962402344e-02
3.551223501563072205e-02
3.546626493334770203e-02
3.546626493334770203e-02
3.542960062623023987e-02
3.522552922368049622e-02
3.507658466696739197e-02
3.485809266567230225e-02
3.453190252184867859e-02
3.419409692287445068e-02
3.383965045213699341e-02
3.359021246433258057e-02
3.336656838655471802e-02
3.323320671916007996e-02
3.323320671916007996e-02
3.317981958389282227e-02
3.323999419808387756e-02
3.324864432215690613e-02
3.320044651627540588e-02
3.314375132322311401e-02
3.323240578174591064e-02
3.323240578174591064e-02
3.319660201668739319e-02
3.322608768939971924e-02
3.332472592592239380e-02
3.332472592592239380e-02
3.347739577293395996e-02
3.362290933728218079e-02
3.387994691729545593e-02
3.419209271669387817e-02
3.447581455111503601e-02
3.476469218730926514e-02
3.498332574963569641e-02
3.529018163681030273e-02
3.555272519588470459e-02
3.575472533702850342e-02
3.575472533702850342e-02
3.591219335794448853e-02
3.610342368483543396e-02
3.640408441424369812e-02
3.674121201038360596e-02
3.697477281093597412e-02
3.712701424956321716e-02
3.726668655872344971e-02
3.751099109649658203e-02
3.776350617408752441e-02
3.809884190559387207e-02
3.809884190559387207e-02
3.852847963571548462e-02
3.890670090913772583e-02
3.922788798809051514e-02
3.948718309402465820e-02
3.974016755819320679e-02
3.993628546595573425e-02
4.014156386256217957e-02
4.024058580398559570e-02
4.050479456782341003e-02
4.075061529874801636e-02
4.075061529874801636e-02
4.098806157708168030e-02
4.123115539550781250e-02
4.142629355192184448e-02
4.147351905703544617e-02
4.135061800479888916e-02
4.111892729997634888e-02
4.094794020056724548e-02
4.073425009846687317e-02
4.063365608453750610e-02
4.055614769458770752e-02
4.055614769458770752e-02
4.060933738946914673e-02
4.057623073458671570e-02
4.048167914152145386e-02
4.025948047637939453e-02
4.003480076789855957e-02
3.978715091943740845e-02
3.954808786511421204e-02
3.931247070431709290e-02
3.907228633761405945e-02
3.885428607463836670e-02
3.885428607463836670e-02
3.871766477823257446e-02
3.855626285076141357e-02
3.837998956441879272e-02
3.812563046813011169e-02
3.784364461898803711e-02
3.749551996588706970e-02
3.708157315850257874e-02
3.664832189679145813e-02
3.631901368498802185e-02
3.611201792955398560e-02
3.611201792955398560e-02
3.594139963388442993e-02
3.586158901453018188e-02
3.580890223383903503e-02
3.566084429621696472e-02
3.541360795497894287e-02
3.521278873085975647e-02
3.519428893923759460e-02
3.516050800681114197e-02
3.522243723273277283e-02
3.531841188669204712e-02
3.531841188669204712e-02
3.538981080055236816e-02
3.542686253786087036e-02
3.540385141968727112e-02
3.535750508308410645e-02
3.544028103351593018e-02
3.548151627182960510e-02
3.543001785874366760e-02
3.533722087740898132e-02
3.530978411436080933e-02
3.534173220396041870e-02
3.534173220396041870e-02
3.529512509703636169e-02
3.528968989849090576e-02
3.521293401718139648e-02
3.515243530273437500e-02
3.512632101774215698e-02
3.514588251709938049e-02
3.508273139595985413e-02
3.506709262728691101e-02
3.508223593235015869e-02
3.519409522414207458e-02
3.519409522414207458e-02
3.526788577437400818e-02
3.532278165221214294e-02
3.538014367222785950e-02
3.548598662018775940e-02
3.560061380267143250e-02
3.563489392399787903e-02
3.561072051525115967e-02
3.560176119208335876e-02
3.565064072608947754e-02
3.571848571300506592e-02
3.571848571300506592e-02
3.582968935370445251e-02
3.603367134928703308e-02
3.630958870053291321e-02
3.651228547096252441e-02
3.667815774679183960e-02
3.689251467585563660e-02
3.705584257841110229e-02
3.721677139401435852e-02
3.744029626250267029e-02
3.779266029596328735e-02
3.779266029596328735e-02
3.818539902567863464e-02
3.860568255186080933e-02
3.896438702940940857e-02
3.934259712696075439e-02
3.964266926050186157e-02
3.980758413672447205e-02
3.982184827327728271e-02
3.976009413599967957e-02
3.975504636764526367e-02
3.973275050520896912e-02
3.973275050520896912e-02
3.967282921075820923e-02
3.954655304551124573e-02
3.944206610321998596e-02
3.928322345018386841e-02
3.914674371480941772e-02
3.897526860237121582e-02
3.888449817895889282e-02
3.881620243191719055e-02
3.866320848464965820e-02
3.852854669094085693e-02
3.852854669094085693e-02
3.836713358759880066e-02
3.832879662513732910e-02
3.830409795045852661e-02
3.832409530878067017e-02
3.834619745612144470e-02
3.844641149044036865e-02
3.850377723574638367e-02
3.840191662311553955e-02
3.820854052901268005e-02
3.800272941589355469e-02
3.800272941589355469e-02
3.787890076637268066e-02
3.777396678924560547e-02
3.780774027109146118e-02
3.786885738372802734e-02
3.797356784343719482e-02
3.803255036473274231e-02
3.802184388041496277e-02
3.802764415740966797e-02
3.798351064324378967e-02
3.809096664190292358e-02
3.809096664190292358e-02
3.829373046755790710e-02
3.856742754578590393e-02
3.882631286978721619e-02
3.906544297933578491e-02
3.920999914407730103e-02
3.927696496248245239e-02
3.933744877576828003e-02
3.945520520210266113e-02
3.953270986676216125e-02
3.970369696617126465e-02
3.970369696617126465e-02
3.990341350436210632e-02
4.008702561259269714e-02
4.021173343062400818e-02
4.028764739632606506e-02
4.044688493013381958e-02
4.051069170236587524e-02
4.043200239539146423e-02
4.039869084954261780e-02
4.053018614649772644e-02
4.065583273768424988e-02
4.065583273768424988e-02
4.080351069569587708e-02
4.093426093459129333e-02
4.102734103798866272e-02
4.102101922035217285e-02
4.103918001055717468e-02
4.101447016000747681e-02
4.087765142321586609e-02
4.077370837330818176e-02
4.068899527192115784e-02
4.059397429227828979e-02
4.059397429227828979e-02
4.059397429227828979e-02
4.055577144026756287e-02
4.047644510865211487e-02
4.031592980027198792e-02
4.022019729018211365e-02
4.010709375143051147e-02
3.998490050435066223e-02
3.972383216023445129e-02
3.954567760229110718e-02
3.934988752007484436e-02
3.934988752007484436e-02
3.913540765643119812e-02
3.899079188704490662e-02
3.887740150094032288e-02
3.875355795025825500e-02
3.873211145401000977e-02
3.874147310853004456e-02
3.885653614997863770e-02
3.900570794939994812e-02
3.900570794939994812e-02
3.908610343933105469e-02
3.908610343933105469e-02
3.911008313298225403e-02
3.912674635648727417e-02
3.931270912289619446e-02
3.941706568002700806e-02
3.954476490616798401e-02
3.974806889891624451e-02
3.994310274720191956e-02
4.006117582321166992e-02
4.014851525425910950e-02
4.024067521095275879e-02
4.024067521095275879e-02
4.043670743703842163e-02
4.069186747074127197e-02
4.094831272959709167e-02
4.116245359182357788e-02
4.130819812417030334e-02
4.138460382819175720e-02
4.134368523955345154e-02
4.130871966481208801e-02
4.138044640421867371e-02
4.147895053029060364e-02
4.147895053029060364e-02
4.168080165982246399e-02
4.199498891830444336e-02
4.239116981625556946e-02
4.264643043279647827e-02
4.272117465734481812e-02
4.274732992053031921e-02
4.262774065136909485e-02
4.240589588880538940e-02
4.244108870625495911e-02
4.251912608742713928e-02
4.251912608742713928e-02
4.268729314208030701e-02
4.297450184822082520e-02
4.330279678106307983e-02
4.335486143827438354e-02
4.321458190679550171e-02
4.288571700453758240e-02
4.271284118294715881e-02
4.246791452169418335e-02
4.226136952638626099e-02
4.209919646382331848e-02
4.209919646382331848e-02
4.201242327690124512e-02
4.204281046986579895e-02
4.209119081497192383e-02
4.221461340785026550e-02
4.229668900370597839e-02
4.226706176996231079e-02
4.224824532866477966e-02
4.229890555143356323e-02
4.242993146181106567e-02
4.258036985993385315e-02
4.258036985993385315e-02
4.283850640058517456e-02
4.303808882832527161e-02
4.312939941883087158e-02
4.307860136032104492e-02
4.303645342588424683e-02
4.301420599222183228e-02
4.298889636993408203e-02
4.303951933979988098e-02
4.300517216324806213e-02
4.300626739859580994e-02
4.300626739859580994e-02
4.305283725261688232e-02
4.327777028083801270e-02
4.348726943135261536e-02
4.370343312621116638e-02
4.383685439825057983e-02
4.391977190971374512e-02
4.396018758416175842e-02
4.398681968450546265e-02
4.400860518217086792e-02
4.401882737874984741e-02
