3.069253638386726379e-02
3.069253638386726379e-02
3.086763620376586914e-02
3.109767846763134003e-02
3.165337070822715759e-02
3.280375525355339050e-02
3.380150347948074341e-02
3.480892628431320190e-02
3.554112464189529419e-02
3.634119033813476562e-02
3.712412714958190918e-02
3.797069564461708069e-02
3.797069564461708069e-02
3.897844627499580383e-02
3.956877440214157104e-02
4.016451537609100342e-02
4.044797644019126892e-02
4.064929857850074768e-02
4.101733118295669556e-02
4.147650673985481262e-02
4.203321412205696106e-02
4.227217286825180054e-02
4.251269251108169556e-02
4.251269251108169556e-02
4.278231412172317505e-02
4.318980127573013306e-02
4.353897273540496826e-02
4.391907528042793274e-02
4.412153735756874084e-02
4.433180391788482666e-02
4.448330774903297424e-02
4.459397122263908386e-02
4.459252953529357910e-02
4.455551877617835999e-02
4.455551877617835999e-02
4.435961693525314331e-02
4.419855400919914246e-02
4.398236051201820374e-02
4.384348541498184204e-02
4.359725862741470337e-02
4.334689676761627197e-02
4.337882623076438904e-02
4.343946650624275208e-02
4.352270439267158508e-02
4.353925585746765137e-02
4.353925585746765137e-02
4.349840804934501648e-02
4.345319047570228577e-02
4.331899806857109070e-02
4.325031116604804993e-02
4.329833388328552246e-02
4.336376115679740906e-02
4.321504756808280945e-02
4.325801134109497070e-02
4.326612874865531921e-02
4.329576343297958374e-02
4.329576343297958374e-02
4.314238578081130981e-02
4.296901449561119080e-02
4.279254376888275146e-02
4.263174533843994141e-02
4.240158945322036743e-02
4.221621900796890259e-02
4.206145182251930237e-02
4.198240116238594055e-02
4.185848683118820190e-02
4.154989868402481079e-02
4.154989868402481079e-02
4.122249782085418701e-02
4.080657660961151123e-02
4.048334062099456787e-02
4.024459421634674072e-02
4.000829905271530151e-02
3.973438590764999390e-02
3.947407379746437073e-02
3.925398737192153931e-02
3.907452523708343506e-02
3.873125091195106506e-02
3.873125091195106506e-02
3.831150382757186890e-02
3.788549453020095825e-02
3.759603202342987061e-02
3.730083629488945007e-02
3.700802102684974670e-02
3.685143962502479553e-02
3.687009215354919434e-02
3.704560920596122742e-02
3.721342235803604126e-02
3.733222559094429016e-02
3.733222559094429016e-02
3.742514178156852722e-02
3.750166669487953186e-02
3.757318481802940369e-02
3.760701045393943787e-02
3.741548582911491394e-02
3.729533031582832336e-02
3.717077523469924927e-02
3.687654435634613037e-02
3.656702861189842224e-02
3.629924729466438293e-02
3.629924729466438293e-02
3.583074733614921570e-02
3.505674749612808228e-02
3.414831310510635376e-02
3.315906971693038940e-02
3.222373127937316895e-02
3.141384944319725037e-02
3.093485906720161438e-02
2.963604778051376343e-02
2.848147787153720856e-02
2.752858772873878479e-02
2.752858772873878479e-02
2.752858772873878479e-02
2.689031697809696198e-02
2.637032605707645416e-02
2.602054551243782043e-02
2.588689140975475311e-02
2.596503123641014099e-02
2.608037926256656647e-02
2.627005241811275482e-02
2.647815831005573273e-02
2.680605091154575348e-02
2.680605091154575348e-02
2.704136632382869720e-02
2.718810178339481354e-02
2.722449414432048798e-02
2.710439823567867279e-02
2.692285552620887756e-02
2.663772925734519958e-02
2.641938626766204834e-02
2.609346807003021240e-02
2.567454427480697632e-02
2.523989975452423096e-02
2.523989975452423096e-02
2.474408783018589020e-02
2.424209564924240112e-02
2.375439368188381195e-02
2.323931641876697540e-02
2.283687889575958252e-02
2.254608832299709320e-02
2.234910987317562103e-02
2.222887240350246429e-02
2.212505601346492767e-02
2.208141796290874481e-02
2.208141796290874481e-02
2.212632447481155396e-02
2.216624841094017029e-02
2.222762256860733032e-02
2.216541767120361328e-02
2.190687321126461029e-02
2.163525670766830444e-02
2.128014340996742249e-02
2.089197747409343719e-02
2.044507302343845367e-02
1.993506029248237610e-02
1.993506029248237610e-02
1.955161802470684052e-02
1.927774958312511444e-02
1.907629147171974182e-02
1.903250440955162048e-02
1.899423263967037201e-02
1.892907358705997467e-02
1.893730834126472473e-02
1.898416131734848022e-02
1.890606805682182312e-02
1.874367333948612213e-02
1.874367333948612213e-02
1.854024454951286316e-02
1.820310391485691071e-02
1.775778830051422119e-02
1.733511313796043396e-02
1.686767861247062683e-02
1.636579446494579315e-02
1.605208404362201691e-02
1.561149954795837402e-02
1.509928237646818161e-02
1.453298982232809067e-02
1.453298982232809067e-02
1.385834719985723495e-02
1.315813977271318436e-02
1.246262993663549423e-02
1.175467297434806824e-02
1.107720192521810532e-02
1.044995989650487900e-02
9.954909794032573700e-03
9.504463523626327515e-03
9.232369251549243927e-03
9.092221967875957489e-03
9.092221967875957489e-03
9.047752246260643005e-03
8.963019587099552155e-03
8.909916505217552185e-03
8.817937225103378296e-03
8.744010701775550842e-03
8.705741725862026215e-03
8.653298020362854004e-03
8.572267368435859680e-03
8.528665639460086823e-03
8.506767451763153076e-03
8.506767451763153076e-03
8.579819463193416595e-03
8.863747119903564453e-03
9.123617783188819885e-03
9.359885938465595245e-03
9.594714269042015076e-03
9.818550199270248413e-03
1.000180374830961227e-02
1.005219016224145889e-02
1.001388300210237503e-02
9.836642071604728699e-03
9.836642071604728699e-03
9.560712613165378571e-03
9.223252534866333008e-03
8.753269910812377930e-03
8.353688754141330719e-03
7.864756509661674500e-03
7.496685720980167389e-03
7.450780831277370453e-03
7.573378738015890121e-03
7.877920754253864288e-03
8.278207853436470032e-03
8.278207853436470032e-03
8.770937100052833557e-03
9.259465150535106659e-03
9.470847435295581818e-03
9.515495039522647858e-03
9.532390162348747253e-03
9.570840746164321899e-03
9.578189812600612640e-03
9.613981470465660095e-03
8.447987958788871765e-03
7.464454509317874908e-03
7.464454509317874908e-03
6.752395536750555038e-03
6.345315370708703995e-03
6.038460414856672287e-03
5.821086000651121140e-03
5.821086000651121140e-03
5.655828397721052170e-03
5.422038957476615906e-03
5.289353430271148682e-03
5.409506149590015411e-03
5.724443588405847549e-03
5.724443588405847549e-03
6.055977661162614822e-03
6.434915121644735336e-03
6.723892875015735626e-03
6.957738660275936127e-03
7.060918491333723068e-03
7.114700973033905029e-03
7.269353140145540237e-03
7.506172172725200653e-03
7.980599068105220795e-03
7.980599068105220795e-03
7.980599068105220795e-03
8.511982858180999756e-03
9.129360318183898926e-03
9.665430523455142975e-03
1.000059582293033600e-02
1.021166145801544189e-02
1.030811760574579239e-02
1.027947198599576950e-02
1.024297345429658890e-02
1.027728617191314697e-02
1.035132352262735367e-02
1.035132352262735367e-02
1.040842477232217789e-02
1.033419650048017502e-02
1.018921844661235809e-02
9.971208870410919189e-03
9.859210811555385590e-03
9.867775253951549530e-03
9.966202080249786377e-03
1.020977180451154709e-02
1.042339298874139786e-02
1.052337326109409332e-02
1.052337326109409332e-02
1.056986022740602493e-02
1.041614450514316559e-02
1.025684084743261337e-02
1.012361515313386917e-02
1.007226482033729553e-02
1.002572290599346161e-02
1.002333313226699829e-02
1.002039946615695953e-02
9.916160255670547485e-03
9.751328267157077789e-03
9.751328267157077789e-03
9.642765857279300690e-03
9.530387818813323975e-03
9.430064819753170013e-03
9.244500659406185150e-03
9.065437130630016327e-03
8.808899670839309692e-03
8.578838780522346497e-03
8.499504998326301575e-03
8.499223738908767700e-03
8.583635091781616211e-03
8.583635091781616211e-03
8.598633110523223877e-03
8.636779151856899261e-03
8.644819259643554688e-03
8.581495843827724457e-03
8.602146990597248077e-03
8.656919002532958984e-03
8.831695653498172760e-03
9.104236029088497162e-03
9.377529844641685486e-03
9.731592610478401184e-03
9.731592610478401184e-03
1.012961100786924362e-02
1.052930392324924469e-02
1.081461366266012192e-02
1.089647226035594940e-02
1.075479201972484589e-02
1.059432793408632278e-02
1.054461486637592316e-02
1.051371078938245773e-02
1.055262796580791473e-02
1.050295028835535049e-02
1.050295028835535049e-02
1.039344910532236099e-02
1.010235119611024857e-02
9.709486737847328186e-03
9.324341081082820892e-03
8.971324190497398376e-03
8.687191642820835114e-03
8.587465621531009674e-03
8.601752109825611115e-03
8.626388385891914368e-03
8.451301604509353638e-03
8.451301604509353638e-03
8.058281615376472473e-03
7.682974450290203094e-03
7.415606640279293060e-03
7.306605111807584763e-03
7.340908516198396683e-03
7.488143164664506912e-03
7.743121124804019928e-03
8.173904381692409515e-03
8.637569844722747803e-03
8.926574140787124634e-03
8.926574140787124634e-03
9.188985452055931091e-03
9.439867921173572540e-03
9.562629275023937225e-03
9.742737747728824615e-03
9.922393597662448883e-03
1.028318889439105988e-02
1.071207411587238312e-02
1.116921659559011459e-02
1.143953204154968262e-02
1.145001873373985291e-02
1.145001873373985291e-02
1.133430935442447662e-02
1.110032759606838226e-02
1.081291493028402328e-02
1.060779206454753876e-02
1.053389161825180054e-02
1.044398080557584763e-02
1.025672815740108490e-02
9.847073815762996674e-03
9.219912812113761902e-03
8.467345498502254486e-03
8.467345498502254486e-03
7.935839705169200897e-03
7.590998429805040359e-03
7.604728452861309052e-03
7.818302139639854431e-03
8.041979745030403137e-03
8.072971366345882416e-03
7.904761470854282379e-03
7.651272229850292206e-03
7.327815983444452286e-03
7.056850939989089966e-03
7.056850939989089966e-03
6.991613656282424927e-03
7.165841758251190186e-03
7.596509531140327454e-03
8.119648322463035583e-03
8.570098318159580231e-03
8.835891261696815491e-03
8.931607939302921295e-03
8.841649629175662994e-03
8.680268190801143646e-03
8.565992116928100586e-03
8.565992116928100586e-03
8.580852299928665161e-03
8.700555190443992615e-03
8.949119597673416138e-03
9.096914902329444885e-03
9.142678231000900269e-03
9.144655428826808929e-03
9.034036658704280853e-03
8.863707073032855988e-03
8.728357031941413879e-03
8.607315830886363983e-03
8.607315830886363983e-03
8.538381196558475494e-03
8.489922620356082916e-03
8.433916606009006500e-03
8.375536650419235229e-03
8.326877839863300323e-03
8.205891586840152740e-03
8.038090541958808899e-03
7.879734970629215240e-03
7.691126782447099686e-03
7.520977873355150223e-03
7.520977873355150223e-03
7.514418102800846100e-03
7.697997149080038071e-03
8.104342967271804810e-03
8.593334816396236420e-03
9.062541648745536804e-03
9.384237229824066162e-03
9.762947447597980499e-03
1.022499240934848785e-02
1.071617379784584045e-02
1.137777045369148254e-02
1.137777045369148254e-02
1.197150256484746933e-02
1.247941330075263977e-02
1.283543836325407028e-02
1.303313113749027252e-02
1.311534643173217773e-02
1.323767192661762238e-02
1.330017298460006714e-02
1.324101537466049194e-02
1.311853714287281036e-02
1.287417113780975342e-02
1.287417113780975342e-02
1.265172474086284637e-02
1.246075797826051712e-02
1.224752608686685562e-02
1.202710811048746109e-02
1.179582439363002777e-02
1.156757771968841553e-02
1.141021586954593658e-02
1.128554996103048325e-02
1.116151642054319382e-02
1.100625004619359970e-02
