2.412120755710081207e-02
2.412120755710081207e-02
2.392593836580862027e-02
2.387710205765269239e-02
2.359171309582579548e-02
2.308511549468112226e-02
2.328104510481383491e-02
2.318686179332311165e-02
2.312593248255452941e-02
2.254722591995771477e-02
2.183102158906152432e-02
2.124274470551084162e-02
2.124274470551084162e-02
2.072712619060061365e-02
2.011523319560110101e-02
1.958378428259475654e-02
1.927110165426448862e-02
1.886996891224775041e-02
1.848313192361400112e-02
1.839583530695879793e-02
1.814465232055681790e-02
1.789771130066424368e-02
1.782033439482671663e-02
