6.774965673685073853e-02
7.152065634727478027e-02
7.357045263051986694e-02
6.976032257080078125e-02
6.955724209547042847e-02
6.708240509033203125e-02
6.608210504055023193e-02
6.666525453329086304e-02
6.648819148540496826e-02
6.778068840503692627e-02
6.867663562297821045e-02
6.867663562297821045e-02
7.118301838636398315e-02
7.430751621723175049e-02
7.782610505819320679e-02
8.144485950469970703e-02
8.428949862718582153e-02
8.563075214624404907e-02
8.676195144653320312e-02
8.873999118804931641e-02
9.191738814115524292e-02
9.502345323562622070e-02
9.502345323562622070e-02
9.828472137451171875e-02
1.016709655523300171e-01
1.041069030761718750e-01
1.055977344512939453e-01
1.069825738668441772e-01
1.083496063947677612e-01
1.080908998847007751e-01
1.072836890816688538e-01
1.068565323948860168e-01
1.058722808957099915e-01
1.058722808957099915e-01
1.043311804533004761e-01
1.023985370993614197e-01
1.004629731178283691e-01
1.000885665416717529e-01
1.002490445971488953e-01
9.986986219882965088e-02
9.852900356054306030e-02
9.756684303283691406e-02
9.592261165380477905e-02
9.491363912820816040e-02
9.491363912820816040e-02
9.451897442340850830e-02
9.436602890491485596e-02
9.380292147397994995e-02
9.404436498880386353e-02
9.495221823453903198e-02
9.627541154623031616e-02
9.695977717638015747e-02
9.741295129060745239e-02
9.565770626068115234e-02
9.451391547918319702e-02
9.451391547918319702e-02
9.380064159631729126e-02
9.336446970701217651e-02
9.387616068124771118e-02
9.387112408876419067e-02
9.398375451564788818e-02
9.383913874626159668e-02
9.335526078939437866e-02
9.255125373601913452e-02
9.009189903736114502e-02
8.718982338905334473e-02
8.718982338905334473e-02
8.317040652036666870e-02
7.921069860458374023e-02
7.459859549999237061e-02
7.083326578140258789e-02
6.749592721462249756e-02
6.299956142902374268e-02
5.888039246201515198e-02
5.726216360926628113e-02
5.508886277675628662e-02
5.361026525497436523e-02
5.361026525497436523e-02
5.177277326583862305e-02
4.710350930690765381e-02
4.155076667666435242e-02
3.527480736374855042e-02
2.751507237553596497e-02
2.137896418571472168e-02
1.660782843828201294e-02
1.499944552779197693e-02
1.463563460856676102e-02
1.445283088833093643e-02
1.445283088833093643e-02
1.424877252429723740e-02
1.437486894428730011e-02
1.374039612710475922e-02
1.346795726567506790e-02
1.355166453868150711e-02
1.308392081409692764e-02
1.295963674783706665e-02
1.376616582274436951e-02
1.507769711315631866e-02
1.683214865624904633e-02
1.683214865624904633e-02
1.919923536479473114e-02
2.201945148408412933e-02
2.543203532695770264e-02
2.904526889324188232e-02
3.275707364082336426e-02
3.616628050804138184e-02
3.595905378460884094e-02
3.579835221171379089e-02
3.564848750829696655e-02
3.680613264441490173e-02
3.680613264441490173e-02
3.890436515212059021e-02
4.195505380630493164e-02
4.479490965604782104e-02
4.615281149744987488e-02
4.719917476177215576e-02
4.666826501488685608e-02
4.539933055639266968e-02
4.306416213512420654e-02
4.076848179101943970e-02
3.842388838529586792e-02
3.842388838529586792e-02
3.572792932391166687e-02
3.363418579101562500e-02
3.189562633633613586e-02
3.149968385696411133e-02
3.092934750020503998e-02
3.144118189811706543e-02
3.296967223286628723e-02
3.510338813066482544e-02
3.810405731201171875e-02
4.126471281051635742e-02
4.126471281051635742e-02
4.396924749016761780e-02
4.549166932702064514e-02
4.600810632109642029e-02
4.600654542446136475e-02
4.562004655599594116e-02
4.474035277962684631e-02
4.279929772019386292e-02
4.049116373062133789e-02
3.772846236824989319e-02
3.517146408557891846e-02
