1.295183294816746981e-02
1.389550542687179382e-02
1.408672902533918310e-02
1.430408681110941979e-02
1.475985343147571092e-02
1.550878236947513845e-02
1.626236012729071964e-02
1.653068443316784569e-02
1.676052404753246641e-02
1.693245603768421537e-02
1.705626774309193169e-02
1.705626774309193169e-02
1.672199153068124403e-02
1.631184029824955806e-02
1.608671747776333275e-02
1.601276580897315754e-02
1.597034592429967884e-02
1.596897013878150265e-02
1.600028611463772885e-02
1.581336390295896149e-02
1.561934005966868211e-02
1.539003824381047006e-02
1.539003824381047006e-02
1.521369707677509495e-02
1.492685838116643467e-02
1.434551407729225611e-02
1.385752414343553035e-02
1.331603860761375151e-02
1.269584639348649013e-02
1.200741947288437930e-02
1.134952772958533126e-02
1.087614549925724691e-02
1.034408401859312349e-02
1.034408401859312349e-02
9.829881227568823543e-03
9.518047335769847656e-03
9.176024728538815720e-03
8.832751539832895196e-03
8.571506832806547252e-03
8.246362145293761534e-03
8.053361387400620464e-03
7.913334746788333596e-03
7.853617622887177838e-03
7.871218929422690858e-03
7.871218929422690858e-03
7.972717225347668302e-03
8.109164445618132974e-03
8.252460290296911166e-03
8.371683794319451782e-03
8.427844514302708367e-03
8.511162128653871478e-03
8.612557051200789987e-03
8.716851237673278047e-03
8.729819885684343347e-03
8.796677281045685998e-03
8.796677281045685998e-03
8.830177115376985561e-03
8.850442422399951853e-03
8.941997072402995198e-03
8.909936355277864664e-03
8.891189531633422044e-03
8.803850811531071727e-03
8.622422235009313471e-03
8.482374198072930443e-03
8.315367976781316145e-03
8.088502860718519913e-03
8.088502860718519913e-03
7.887916268579304654e-03
7.857006097590291463e-03
7.807366971253008187e-03
7.881946816933134772e-03
8.009042138245055231e-03
8.268532651253074350e-03
8.827959657246519168e-03
9.245774642095567694e-03
9.480787674251475033e-03
9.676626313177207062e-03
9.676626313177207062e-03
9.810473066617697580e-03
9.871599998452265309e-03
9.831352026730260166e-03
9.544465078615040066e-03
9.138365642956230647e-03
8.757887269496104909e-03
8.779837328634266039e-03
8.903206053674971032e-03
8.875182470762589190e-03
8.991669236081611602e-03
8.991669236081611602e-03
9.174431989833704837e-03
9.132069262163124146e-03
9.165652645918221514e-03
9.212847954395505037e-03
9.303261582692921861e-03
9.315698396472060772e-03
9.304524953397220327e-03
9.142739147028608460e-03
8.888672885298180490e-03
8.583542057711899056e-03
8.583542057711899056e-03
8.471109853242597340e-03
8.473212425513392682e-03
8.571173358382675606e-03
8.726670807020393827e-03
8.762309396418329829e-03
8.976223580641193300e-03
9.164491050440747369e-03
9.464610647372946953e-03
9.884519361047275007e-03
1.033314724159610162e-02
1.033314724159610162e-02
1.061664977585411763e-02
1.083935607333582664e-02
1.093640628283200182e-02
1.112904670383586640e-02
1.116885110643671061e-02
1.116777706010773849e-02
1.100942410523854560e-02
1.092734131152272962e-02
1.081789769346985959e-02
1.073756703773443011e-02
1.073756703773443011e-02
1.074072331278564003e-02
1.075524072295643528e-02
1.078369204508918162e-02
1.071831444204386988e-02
1.070706682357744875e-02
1.073758936793290861e-02
1.090052449452451160e-02
1.120800628450217482e-02
1.161211197560359405e-02
1.208319661946547809e-02
1.208319661946547809e-02
1.247053918975233114e-02
1.280977073460838611e-02
1.293007718120892102e-02
1.296741994245815405e-02
1.289502935161412032e-02
1.272604320989115592e-02
1.249460864998471789e-02
1.217231568040277011e-02
1.184376131413347917e-02
1.173846005593945190e-02
