6.169684231281280518e-02
6.169684231281280518e-02
6.059993430972099304e-02
6.073517352342605591e-02
6.072732061147689819e-02
6.051798164844512939e-02
6.008892506361007690e-02
5.970762670040130615e-02
5.934641882777214050e-02
5.904940143227577209e-02
5.890033766627311707e-02
5.885187536478042603e-02
5.885187536478042603e-02
5.889005213975906372e-02
5.893846228718757629e-02
5.913910642266273499e-02
5.923661589622497559e-02
5.903536453843116760e-02
5.872654914855957031e-02
5.824814736843109131e-02
5.786176770925521851e-02
5.753590539097785950e-02
5.709594115614891052e-02
5.709594115614891052e-02
5.675185471773147583e-02
5.641292035579681396e-02
5.600420385599136353e-02
5.565164983272552490e-02
5.537684634327888489e-02
5.515252798795700073e-02
5.506324023008346558e-02
5.511587485671043396e-02
5.513553693890571594e-02
5.509855225682258606e-02
5.509855225682258606e-02
5.505376309156417847e-02
5.483524128794670105e-02
5.458223447203636169e-02
5.464492365717887878e-02
5.458627268671989441e-02
5.450250580906867981e-02
5.452096089720726013e-02
5.465622991323471069e-02
5.460439994931221008e-02
5.449301749467849731e-02
5.449301749467849731e-02
5.439634993672370911e-02
5.437491834163665771e-02
5.418968945741653442e-02
5.403586849570274353e-02
5.391176417469978333e-02
5.367338284850120544e-02
5.352229252457618713e-02
5.336403101682662964e-02
5.300319567322731018e-02
5.256645008921623230e-02
5.256645008921623230e-02
5.207789316773414612e-02
5.153293535113334656e-02
5.083954334259033203e-02
5.023205280303955078e-02
4.945817589759826660e-02
4.857360944151878357e-02
4.770012199878692627e-02
4.682909697294235229e-02
4.611023887991905212e-02
4.536532610654830933e-02
4.536532610654830933e-02
4.470877349376678467e-02
4.415639489889144897e-02
4.370173811912536621e-02
4.320761933922767639e-02
4.277551919221878052e-02
4.256024584174156189e-02
4.252712428569793701e-02
4.228300601243972778e-02
4.170537367463111877e-02
4.119995981454849243e-02
4.119995981454849243e-02
4.063592106103897095e-02
4.018436744809150696e-02
3.970781341195106506e-02
3.930692374706268311e-02
3.895108774304389954e-02
3.869053721427917480e-02
3.845617547631263733e-02
3.811762109398841858e-02
3.836763277649879456e-02
3.846787288784980774e-02
3.846787288784980774e-02
3.853331133723258972e-02
3.859073668718338013e-02
3.853382915258407593e-02
3.874427080154418945e-02
3.888686373829841614e-02
3.885794803500175476e-02
3.876911476254463196e-02
3.855669498443603516e-02
3.832750394940376282e-02
3.816893696784973145e-02
3.816893696784973145e-02
3.792725875973701477e-02
3.759872913360595703e-02
3.719377890229225159e-02
3.681162744760513306e-02
3.638897836208343506e-02
3.594327718019485474e-02
3.550192713737487793e-02
3.502769395709037781e-02
3.472329303622245789e-02
3.449664637446403503e-02
3.449664637446403503e-02
3.424933552742004395e-02
3.387643024325370789e-02
3.345423564314842224e-02
3.294812142848968506e-02
3.243530169129371643e-02
3.208465874195098877e-02
3.217695653438568115e-02
3.225872665643692017e-02
3.232153132557868958e-02
3.227218985557556152e-02
3.227218985557556152e-02
3.224445506930351257e-02
3.218081966042518616e-02
3.210151940584182739e-02
3.195102140307426453e-02
3.172222897410392761e-02
3.151942789554595947e-02
3.140939399600028992e-02
3.119584172964096069e-02
3.094809129834175110e-02
3.077422268688678741e-02
3.077422268688678741e-02
3.065739758312702179e-02
3.061042539775371552e-02
3.050450049340724945e-02
3.036040998995304108e-02
3.017636388540267944e-02
3.006211854517459869e-02
2.988458611071109772e-02
2.972716465592384338e-02
2.956560999155044556e-02
2.949246950447559357e-02
2.949246950447559357e-02
2.944156341254711151e-02
2.939139306545257568e-02
2.924456819891929626e-02
2.907662279903888702e-02
2.892335504293441772e-02
2.878314070403575897e-02
2.864549867808818817e-02
2.856941334903240204e-02
2.849319018423557281e-02
2.847738936543464661e-02
2.847738936543464661e-02
2.838991396129131317e-02
2.827370911836624146e-02
2.817266806960105896e-02
2.806125394999980927e-02
2.789383195340633392e-02
2.772012539207935333e-02
2.717268094420433044e-02
2.664769254624843597e-02
2.585502341389656067e-02
2.514243684709072113e-02
2.514243684709072113e-02
2.442570589482784271e-02
2.379261888563632965e-02
2.320583723485469818e-02
2.275865338742733002e-02
2.238203212618827820e-02
2.203821204602718353e-02
2.180978655815124512e-02
2.168278768658638000e-02
2.163362689316272736e-02
2.165305614471435547e-02
2.165305614471435547e-02
2.169247716665267944e-02
2.190088480710983276e-02
2.218158170580863953e-02
2.258130721747875214e-02
2.301301434636116028e-02
2.338300459086894989e-02
2.372390963137149811e-02
2.402161434292793274e-02
2.422178909182548523e-02
2.440253645181655884e-02
2.440253645181655884e-02
2.458648383617401123e-02
2.483092248439788818e-02
2.509189397096633911e-02
2.535301446914672852e-02
2.556251548230648041e-02
2.554664947092533112e-02
2.548552863299846649e-02
2.524813823401927948e-02
2.479498833417892456e-02
2.419251576066017151e-02
2.419251576066017151e-02
2.345373108983039856e-02
2.255836129188537598e-02
2.147669531404972076e-02
2.033126540482044220e-02
1.904100552201271057e-02
1.775337941944599152e-02
1.641534827649593353e-02
1.520769298076629639e-02
1.390217151492834091e-02
1.265088282525539398e-02
1.265088282525539398e-02
1.152170170098543167e-02
1.040150783956050873e-02
9.487082250416278839e-03
8.512333035469055176e-03
7.817701436579227448e-03
7.417384069412946701e-03
7.349373307079076767e-03
7.603794336318969727e-03
8.083336055278778076e-03
8.554510772228240967e-03
8.554510772228240967e-03
9.138971567153930664e-03
9.749517776072025299e-03
1.042933110147714615e-02
1.105383411049842834e-02
1.163940411061048508e-02
1.215408556163311005e-02
1.263435184955596924e-02
1.300574280321598053e-02
1.316673681139945984e-02
1.334190368652343750e-02
1.334190368652343750e-02
1.367183774709701538e-02
1.391047611832618713e-02
1.399919949471950531e-02
1.397536322474479675e-02
1.387052889913320541e-02
1.365514751523733139e-02
1.347120013087987900e-02
1.326106209307909012e-02
1.307104527950286865e-02
1.292672473937273026e-02
1.292672473937273026e-02
1.280442066490650177e-02
1.271169632673263550e-02
1.274424698203802109e-02
1.282724179327487946e-02
1.303899101912975311e-02
1.332112867385149002e-02
1.357226818799972534e-02
1.378625724464654922e-02
1.393373496830463409e-02
1.392111275345087051e-02
1.392111275345087051e-02
1.379774231463670731e-02
1.369711570441722870e-02
1.360330916941165924e-02
1.357376389205455780e-02
1.359016075730323792e-02
1.362590584903955460e-02
1.364787388592958450e-02
1.372326537966728210e-02
1.382889039814472198e-02
1.391850039362907410e-02
1.391850039362907410e-02
1.386997941881418228e-02
1.374089065939188004e-02
1.356208231300115585e-02
1.345568988472223282e-02
1.329656038433313370e-02
1.317742746323347092e-02
1.314149517565965652e-02
1.311356853693723679e-02
1.318339072167873383e-02
1.317738275974988937e-02
1.317738275974988937e-02
1.317318342626094818e-02
1.311884913593530655e-02
1.287733949720859528e-02
1.272254157811403275e-02
1.262680441141128540e-02
1.256644632667303085e-02
1.252895221114158630e-02
1.248322986066341400e-02
1.254075299948453903e-02
1.272769179195165634e-02
1.272769179195165634e-02
1.300959382206201553e-02
1.324708294123411179e-02
1.345732714980840683e-02
1.371281500905752182e-02
1.402079500257968903e-02
1.436339598149061203e-02
1.471562497317790985e-02
1.502521894872188568e-02
1.527847349643707275e-02
1.556654740124940872e-02
1.556654740124940872e-02
1.570982113480567932e-02
1.574017107486724854e-02
1.560943759977817535e-02
1.554358657449483871e-02
1.539604272693395615e-02
1.525432243943214417e-02
1.508409995585680008e-02
1.495263073593378067e-02
1.484648417681455612e-02
1.484804041683673859e-02
1.484804041683673859e-02
1.504764519631862640e-02
1.545779127627611160e-02
1.601094007492065430e-02
1.689230464398860931e-02
1.784188859164714813e-02
1.872168667614459991e-02
1.949480921030044556e-02
1.992757059633731842e-02
2.019007503986358643e-02
2.036306075751781464e-02
2.036306075751781464e-02
2.035462297499179840e-02
2.029428258538246155e-02
2.011227980256080627e-02
1.978115923702716827e-02
1.937472075223922729e-02
1.900515146553516388e-02
1.869988068938255310e-02
1.831353269517421722e-02
1.793458126485347748e-02
1.765614375472068787e-02
1.765614375472068787e-02
1.744246296584606171e-02
1.740154623985290527e-02
1.747692376375198364e-02
1.750508882105350494e-02
1.763707026839256287e-02
1.783747225999832153e-02
1.805272512137889862e-02
1.820466667413711548e-02
1.818037591874599457e-02
1.801749877631664276e-02
1.801749877631664276e-02
1.770915277302265167e-02
1.728073880076408386e-02
1.668831892311573029e-02
1.614224910736083984e-02
1.549916248768568039e-02
1.488608866930007935e-02
1.436464302241802216e-02
1.391611620783805847e-02
1.368302106857299805e-02
1.360952761024236679e-02
1.360952761024236679e-02
1.363281533122062683e-02
1.375536713749170303e-02
1.387827750295400620e-02
1.404242869466543198e-02
1.408945955336093903e-02
1.421667821705341339e-02
1.406424213200807571e-02
1.398967951536178589e-02
1.394586358219385147e-02
1.400748640298843384e-02
1.400748640298843384e-02
1.418447494506835938e-02
1.445131003856658936e-02
1.484653167426586151e-02
1.540576573461294174e-02
1.605039276182651520e-02
1.664062216877937317e-02
1.722191460430622101e-02
1.771364919841289520e-02
1.809890940785408020e-02
1.838069409132003784e-02
1.838069409132003784e-02
1.848766021430492401e-02
1.841012574732303619e-02
1.827105134725570679e-02
1.803745888173580170e-02
1.766215078532695770e-02
1.713557541370391846e-02
1.636217348277568817e-02
1.563965156674385071e-02
1.505781523883342743e-02
1.451725326478481293e-02
1.451725326478481293e-02
1.416576281189918518e-02
1.392757799476385117e-02
1.390120852738618851e-02
1.399347651749849319e-02
1.418424770236015320e-02
1.457232795655727386e-02
1.491489540785551071e-02
1.522793620824813843e-02
1.547228544950485229e-02
1.557329762727022171e-02
1.557329762727022171e-02
1.551910396665334702e-02
1.523210201412439346e-02
1.492286473512649536e-02
1.459971349686384201e-02
1.431289780884981155e-02
1.411542110145092010e-02
1.396527700126171112e-02
1.388172339648008347e-02
1.408261805772781372e-02
1.439971290528774261e-02
1.439971290528774261e-02
1.471676863729953766e-02
1.503174938261508942e-02
1.522990129888057709e-02
1.536083966493606567e-02
1.553619466722011566e-02
1.573417522013187408e-02
1.588186807930469513e-02
1.582465879619121552e-02
1.576017774641513824e-02
1.564490050077438354e-02
1.564490050077438354e-02
1.548138353973627090e-02
1.535878144204616547e-02
1.513468101620674133e-02
1.480084657669067383e-02
1.435684040188789368e-02
1.402016356587409973e-02
1.361269503831863403e-02
1.323438528925180435e-02
1.290138717740774155e-02
1.259954553097486496e-02
1.259954553097486496e-02
1.244889292865991592e-02
1.227463968098163605e-02
1.209111697971820831e-02
1.192631199955940247e-02
1.180727221071720123e-02
1.163573097437620163e-02
1.145563367754220963e-02
1.128965523093938828e-02
1.111843809485435486e-02
1.102379430085420609e-02
1.102379430085420609e-02
1.100404094904661179e-02
1.100118085741996765e-02
1.104234717786312103e-02
1.113761495798826218e-02
1.129954122006893158e-02
1.145399082452058792e-02
1.170954015105962753e-02
1.195538230240345001e-02
1.221973635256290436e-02
1.241500396281480789e-02
1.241500396281480789e-02
1.252848096191883087e-02
1.266066636890172958e-02
1.272125262767076492e-02
1.266624964773654938e-02
1.259665843099355698e-02
1.323423348367214203e-02
1.386898010969161987e-02
1.443344354629516602e-02
1.493160612881183624e-02
1.532317604869604111e-02
1.532317604869604111e-02
1.568944007158279419e-02
1.595241017639636993e-02
1.614034920930862427e-02
1.629778556525707245e-02
1.642139069736003876e-02
1.643281616270542145e-02
1.595754921436309814e-02
1.555088628083467484e-02
1.516698300838470459e-02
1.475373283028602600e-02
1.475373283028602600e-02
1.437489502131938934e-02
1.399589795619249344e-02
1.364253740757703781e-02
1.335955597460269928e-02
1.306611113250255585e-02
1.276120822876691818e-02
1.247862447053194046e-02
1.218005269765853882e-02
1.187225989997386932e-02
1.161353569477796555e-02
1.161353569477796555e-02
1.144515350461006165e-02
1.132613327354192734e-02
1.127204392105340958e-02
1.123295351862907410e-02
1.134827639907598495e-02
1.148130185902118683e-02
1.167398132383823395e-02
1.185004971921443939e-02
1.200356520712375641e-02
1.219607144594192505e-02
1.219607144594192505e-02
1.243120897561311722e-02
1.278279628604650497e-02
1.313721667975187302e-02
1.348117832094430923e-02
1.376222912222146988e-02
1.397586893290281296e-02
1.419564709067344666e-02
1.441047154366970062e-02
1.454380154609680176e-02
1.462014578282833099e-02
1.462014578282833099e-02
1.457294821739196777e-02
1.444907952100038528e-02
1.437920238822698593e-02
1.423048321157693863e-02
1.403522212058305740e-02
1.387551147490739822e-02
1.367683988064527512e-02
1.350047159940004349e-02
1.332840789109468460e-02
1.306688040494918823e-02
1.306688040494918823e-02
1.278191246092319489e-02
1.235563028603792191e-02
1.188284158706665039e-02
1.142433471977710724e-02
1.097027584910392761e-02
1.054894831031560898e-02
1.018284074962139130e-02
9.936966933310031891e-03
9.688966907560825348e-03
9.481839835643768311e-03
9.481839835643768311e-03
9.288852103054523468e-03
9.044005535542964935e-03
8.495075628161430359e-03
8.045164868235588074e-03
7.645466364920139313e-03
7.353186141699552536e-03
7.135539315640926361e-03
6.971952039748430252e-03
6.904297042638063431e-03
6.831606384366750717e-03
6.831606384366750717e-03
6.735887844115495682e-03
6.530561018735170364e-03
6.438976619392633438e-03
6.396661978214979172e-03
6.337232887744903564e-03
6.264287047088146210e-03
6.116919685155153275e-03
5.967894103378057480e-03
5.851672030985355377e-03
5.782057996839284897e-03
5.782057996839284897e-03
5.685888696461915970e-03
5.569570697844028473e-03
5.544907879084348679e-03
5.616844631731510162e-03
5.762304645031690598e-03
5.935564637184143066e-03
6.169211585074663162e-03
6.401218008249998093e-03
6.708008702844381332e-03
7.008353248238563538e-03
7.008353248238563538e-03
7.322019431740045547e-03
7.521905004978179932e-03
7.639568764716386795e-03
7.789794821292161942e-03
7.888389751315116882e-03
7.984583266079425812e-03
8.122135885059833527e-03
8.211970329284667969e-03
8.328021503984928131e-03
8.403476327657699585e-03
8.403476327657699585e-03
8.456844836473464966e-03
8.478461764752864838e-03
8.572807535529136658e-03
8.705339394509792328e-03
8.896804414689540863e-03
9.142508730292320251e-03
9.488163515925407410e-03
9.926519356667995453e-03
1.037656702101230621e-02
1.082450989633798599e-02
1.082450989633798599e-02
1.124501228332519531e-02
1.160599663853645325e-02
1.205589156597852707e-02
1.239550206810235977e-02
1.269753370434045792e-02
1.300248969346284866e-02
1.325321104377508163e-02
1.349737215787172318e-02
1.375417131930589676e-02
1.398274581879377365e-02
1.398274581879377365e-02
1.431664172559976578e-02
1.473931781947612762e-02
1.519545540213584900e-02
1.568225957453250885e-02
1.620509475469589233e-02
1.666175015270709991e-02
1.709954999387264252e-02
1.750217378139495850e-02
1.789956726133823395e-02
1.825821958482265472e-02
1.825821958482265472e-02
1.857157424092292786e-02
1.878653094172477722e-02
1.901583001017570496e-02
1.920707710087299347e-02
1.935251988470554352e-02
1.953049749135971069e-02
1.965039223432540894e-02
1.984760351479053497e-02
2.001636475324630737e-02
2.015370689332485199e-02
2.015370689332485199e-02
2.028609998524188995e-02
2.045988105237483978e-02
2.067130990326404572e-02
2.096277289092540741e-02
2.128825336694717407e-02
2.162202447652816772e-02
2.203846350312232971e-02
2.232733741402626038e-02
2.258304320275783539e-02
2.285192348062992096e-02
2.285192348062992096e-02
2.316989563405513763e-02
2.350204996764659882e-02
2.385495044291019440e-02
2.421514689922332764e-02
2.455581724643707275e-02
2.482656948268413544e-02
2.510688640177249908e-02
2.531579881906509399e-02
2.552089281380176544e-02
2.566448785364627838e-02
2.566448785364627838e-02
2.578041516244411469e-02
2.584046125411987305e-02
2.588464692234992981e-02
2.588633634150028229e-02
2.573780715465545654e-02
2.559191733598709106e-02
2.545734308660030365e-02
2.535070665180683136e-02
2.528528310358524323e-02
2.528528310358524323e-02
2.528528310358524323e-02
2.519501559436321259e-02
2.514508552849292755e-02
2.511929534375667572e-02
2.515603043138980865e-02
2.521233074367046356e-02
2.520770020782947540e-02
2.517552673816680908e-02
2.504807896912097931e-02
2.488047257065773010e-02
2.470186166465282440e-02
2.470186166465282440e-02
2.450117841362953186e-02
2.424819208681583405e-02
2.398479729890823364e-02
2.376156300306320190e-02
2.351627126336097717e-02
2.329231612384319305e-02
2.320274151861667633e-02
2.315674163401126862e-02
2.314721420407295227e-02
2.315322123467922211e-02
2.315322123467922211e-02
2.313705161213874817e-02
2.308328635990619659e-02
2.272459864616394043e-02
2.238034456968307495e-02
2.206447161734104156e-02
2.176636829972267151e-02
2.148751914501190186e-02
2.130855619907379150e-02
2.129122987389564514e-02
2.132100611925125122e-02
2.132100611925125122e-02
2.145387418568134308e-02
2.158391661942005157e-02
2.178091555833816528e-02
2.196827530860900879e-02
2.216523885726928711e-02
2.230074070394039154e-02
2.248516492545604706e-02
2.262983843684196472e-02
2.275671251118183136e-02
2.281626127660274506e-02
