2.374396871521087388e-02
2.374396871521087388e-02
2.528737335906976885e-02
2.461445349258616772e-02
2.392062674377541318e-02
2.355806116856296387e-02
2.323674109567322454e-02
2.320388603706312683e-02
2.312005274284459344e-02
2.301002077443825219e-02
2.300405647333535544e-02
2.302140101162469116e-02
2.302140101162469116e-02
2.305786558726178465e-02
2.311904051682120431e-02
2.309293942804972050e-02
2.304177472723683423e-02
2.298631346186261540e-02
2.300279517555374464e-02
2.310529828427701493e-02
2.312788364392836041e-02
2.316321760546533395e-02
2.319708772758248203e-02
2.319708772758248203e-02
2.308347487871879877e-02
2.302563056080300999e-02
2.292356814302654380e-02
2.281530449642656805e-02
2.277737970001741594e-02
2.268335448520195433e-02
2.249106461241389202e-02
2.236793899140574957e-02
2.218246368564848192e-02
2.198372668811171549e-02
2.198372668811171549e-02
2.196897139121681275e-02
2.201679897832779439e-02
2.199493799367960301e-02
2.179611237535323751e-02
2.148464776131310539e-02
2.118495489107453250e-02
2.092558862569239564e-02
2.080808591998582757e-02
2.051869038774550499e-02
2.026172826493215576e-02
2.026172826493215576e-02
1.997775187894755555e-02
1.981905764207554654e-02
1.978545738958794459e-02
1.976946284617310534e-02
1.977044284008466421e-02
1.960106424184580518e-02
1.944120463531097062e-02
1.921111100469879637e-02
1.901032328979955499e-02
1.871415546153805051e-02
1.871415546153805051e-02
1.831092156822063804e-02
1.805855409959342822e-02
1.778066704757781322e-02
1.726111110985390981e-02
1.669549657403615606e-02
1.617702333694784680e-02
1.576423340848636875e-02
1.536850239456138273e-02
1.500819310085613201e-02
1.471127721266389521e-02
1.471127721266389521e-02
1.448578219092987521e-02
1.425013564186646160e-02
1.395760322129803097e-02
1.364777876887370012e-02
1.342571740136629110e-02
1.321043350471308615e-02
1.292904816376560032e-02
1.266359321060881241e-02
1.245013250879932649e-02
1.228142114027910674e-02
1.228142114027910674e-02
1.210578113999681051e-02
1.199123597895144187e-02
1.192994253887469033e-02
1.187883527781527331e-02
1.187010237933703097e-02
1.190125681307252839e-02
1.198878498630993883e-02
1.209535229838018533e-02
1.239309058069564679e-02
1.263681378080056851e-02
1.263681378080056851e-02
1.294531456282400038e-02
1.322951032504816188e-02
1.338388097358448117e-02
1.346534828753813591e-02
1.361397205648016279e-02
1.364830793899025549e-02
1.354248539603519937e-02
1.337410627677136643e-02
1.332326904502506917e-02
1.320111894823896778e-02
1.320111894823896778e-02
1.310719807682333461e-02
1.302126917122000023e-02
1.295058392947151353e-02
1.293722360906408853e-02
1.268830408592026664e-02
1.235301232376710343e-02
1.187898070964394336e-02
1.138872597488517838e-02
1.099045957715586927e-02
1.059394886900198209e-02
1.059394886900198209e-02
1.020324541624727591e-02
9.957363427101292158e-03
9.773694620956117560e-03
9.660661023911599338e-03
9.540228617670381411e-03
9.598395953132925901e-03
9.732893724679024527e-03
9.908146388803917501e-03
1.016382171919796504e-02
1.042560470235177200e-02
1.042560470235177200e-02
1.074068914940227645e-02
1.103569869769138387e-02
1.128502355072374605e-02
1.143254021320711140e-02
1.143950781761823333e-02
1.143702104253159664e-02
1.127688667171241471e-02
1.108520198757875080e-02
1.108520198757875080e-02
1.108520198757875080e-02
1.108520198757875080e-02
1.086119227770966991e-02
1.084415575031110086e-02
1.081768570825515467e-02
1.083090462496828082e-02
1.086369062363704702e-02
1.091179710113953857e-02
1.110121314231136969e-02
1.130609682167954544e-02
1.136816729856832825e-02
1.139467161421981595e-02
1.139467161421981595e-02
1.137905000360555675e-02
1.147158396288250684e-02
1.158184640059180086e-02
1.155916002446612939e-02
1.154708038979223965e-02
1.161140204644052314e-02
1.174083536559704204e-02
1.194347352600761900e-02
1.225381127640046836e-02
1.255407437206759215e-02
1.255407437206759215e-02
1.286114913940330194e-02
1.319872243482959721e-02
1.344497483355529960e-02
1.360269526583267850e-02
1.371695657819151787e-02
1.381502841734328670e-02
1.384421490839576364e-02
1.386550450825080154e-02
1.397495172089214220e-02
1.387951622127298057e-02
1.387951622127298057e-02
1.371437028114280525e-02
1.350607641416463021e-02
1.316288794815141140e-02
1.283898477607838678e-02
1.235102088753248402e-02
1.196422742229322211e-02
1.163002144786825891e-02
1.147703747636698475e-02
1.146481369668179810e-02
1.153616567781914556e-02
1.153616567781914556e-02
1.172261745545525799e-02
1.191606870388776246e-02
1.214981450471488804e-02
1.229387370587043532e-02
1.225855594377596620e-02
1.207168026766928040e-02
1.185829625819490550e-02
1.171063173977130410e-02
1.148032680625030340e-02
1.132473403794881893e-02
1.132473403794881893e-02
1.126564896184000832e-02
1.134030264045674322e-02
1.155844841967416242e-02
1.183762708754171333e-02
1.208073559860460555e-02
1.228312845073505077e-02
1.247507902096606919e-02
1.277664275661300093e-02
1.301135401481428450e-02
1.325300055855856488e-02
1.325300055855856488e-02
1.342834880690125729e-02
1.354636953730077240e-02
1.356530257614308593e-02
1.353749600326903044e-02
1.336439921818997553e-02
1.318571313822739302e-02
1.303494904796369432e-02
1.281634558902142000e-02
1.248689035708945051e-02
1.220657284562369493e-02
1.220657284562369493e-02
1.195864692179072000e-02
1.170168194764177778e-02
1.149030720792242402e-02
1.140233564692697335e-02
1.141483402083288794e-02
1.150613729916065940e-02
1.162898592008565317e-02
1.175040075507309198e-02
1.212683319383083165e-02
1.248995517563449009e-02
1.248995517563449009e-02
1.274172575612005434e-02
1.293913655092568046e-02
1.304279307325019628e-02
1.303852927978576583e-02
1.292077341345224811e-02
1.272022324466155763e-02
1.255489012857749324e-02
1.233555168036504224e-02
1.198467342558619080e-02
1.161225370349117970e-02
1.161225370349117970e-02
1.120306347146265633e-02
1.080154602513397170e-02
1.052253967393727840e-02
1.030396082801024286e-02
1.003814855912579969e-02
9.806694382479193631e-03
9.691240249420793318e-03
9.599594278098793482e-03
9.434578018180395445e-03
9.285118475589560980e-03
9.285118475589560980e-03
9.039821309437624797e-03
8.956866477803679394e-03
9.169966538487703961e-03
9.441884305994774004e-03
9.593125644795790635e-03
9.794146520040476062e-03
1.002987141265421558e-02
1.015412884721570222e-02
1.033609241319779354e-02
1.047864991215707690e-02
1.047864991215707690e-02
1.060181928180699805e-02
1.058945578655714863e-02
1.054430245792585021e-02
1.049073545638532987e-02
1.035471816686215664e-02
9.986503075964473300e-03
9.629949263463324569e-03
9.292894254622187378e-03
9.021132769042736893e-03
8.805688062290113055e-03
8.805688062290113055e-03
8.603920123841956799e-03
8.469214377331649515e-03
8.317284472815492796e-03
8.209685675759605811e-03
8.114111290440815735e-03
7.931153972391649654e-03
7.840205310652822307e-03
7.788751373239721255e-03
7.800067303039701777e-03
7.828485227405384064e-03
7.828485227405384064e-03
8.003057084247165720e-03
8.173114510776608929e-03
8.221217195081474693e-03
8.377347701627672893e-03
8.472521666789727818e-03
8.562001416970237491e-03
8.576232986458962732e-03
8.601169718859186242e-03
8.726225958836871660e-03
8.544573478771411157e-03
8.544573478771411157e-03
8.360969220418472750e-03
8.197025030498196127e-03
7.732309220625389196e-03
7.559469548621053185e-03
7.548361399749612712e-03
7.322129922325956199e-03
7.082491392797020391e-03
7.162411096981929903e-03
7.414567512801591501e-03
7.768116096476240448e-03
7.768116096476240448e-03
8.221498308609681907e-03
8.857886760440834145e-03
9.436250319284831406e-03
1.002451142633909581e-02
1.047684750450514346e-02
1.086892260900799816e-02
1.112950746550325949e-02
1.128963626759009811e-02
1.129222017144152802e-02
1.122479467323342014e-02
1.122479467323342014e-02
1.118780100874837771e-02
1.107044369107945507e-02
1.092107308982102551e-02
1.155771035181741430e-02
1.213405855997135886e-02
1.253390190711140689e-02
1.264726048974577910e-02
1.263118746636371879e-02
1.247677305996856140e-02
1.225446899437106045e-02
1.225446899437106045e-02
1.209392958416972454e-02
1.190643304486122336e-02
1.181920921351724274e-02
1.171284313838374946e-02
1.167825257036676952e-02
1.164671007646279031e-02
1.169954694530308051e-02
1.170268943881908920e-02
1.171509387698739350e-02
1.169437945235548768e-02
1.169437945235548768e-02
1.159609842452566549e-02
1.159059724299972040e-02
1.161000197220839018e-02
1.160360345999902378e-02
1.151619385765742520e-02
1.132683037344132775e-02
1.108928557455925515e-02
1.086044056500144218e-02
1.073651053326850867e-02
1.067805356742776782e-02
1.067805356742776782e-02
1.066482672373887490e-02
1.071451788106136081e-02
1.075793743506211174e-02
1.088857649879927843e-02
1.096022037232518599e-02
1.108669769314886942e-02
1.138442082938114636e-02
1.164848381757550150e-02
1.174827067054522341e-02
1.177824972626775532e-02
1.177824972626775532e-02
1.176212327787757445e-02
1.173772263927815897e-02
1.166013719169437489e-02
1.158775833715191411e-02
1.148718140588427146e-02
1.140473218308723537e-02
1.130540126800204555e-02
1.117386209316456429e-02
1.100498112435343082e-02
1.095923264736835094e-02
1.095923264736835094e-02
1.090479525438656574e-02
1.076078680506988364e-02
1.064358512029142147e-02
1.062637178654070834e-02
1.066380172493563289e-02
1.073644128296148866e-02
1.078858410648888405e-02
1.082439264093385672e-02
1.082507633791018366e-02
1.077700681986519700e-02
1.077700681986519700e-02
1.073337908323196768e-02
1.060067740367620984e-02
1.054521982101384175e-02
1.049205889891242742e-02
1.044244335947413019e-02
1.032322976301625408e-02
1.032322976301625408e-02
1.017692225131439435e-02
1.006472470262277479e-02
9.964192403231651382e-03
9.964192403231651382e-03
9.932621841100934545e-03
9.960066414233839996e-03
1.006042865451761865e-02
1.021387167697128222e-02
1.038276187840348960e-02
1.054216415891419574e-02
1.074673776962720151e-02
1.090131854286069922e-02
1.098311671683162988e-02
1.106445487204627161e-02
1.106445487204627161e-02
1.104587808248735231e-02
1.098661060578878627e-02
1.087426699135000258e-02
1.074066627042383204e-02
1.063426448778216973e-02
1.046410802672789742e-02
1.026075236778336945e-02
1.000296408356255232e-02
9.940979676210362839e-03
1.003797511600178216e-02
1.003797511600178216e-02
1.012856483381720935e-02
1.030137475539858946e-02
1.047638274970712213e-02
1.071790588151423987e-02
1.091721782558006081e-02
1.108827725514422921e-02
1.132577432371898937e-02
1.144150560419779361e-02
1.143876082045237365e-02
1.147191344696900893e-02
1.147191344696900893e-02
1.153789426928822533e-02
1.169581452779781296e-02
1.176031646862914226e-02
1.174914273905403560e-02
1.176308792295711718e-02
1.171383320712627435e-02
1.163311197556436694e-02
1.148084822769745300e-02
1.148816363783052193e-02
1.163880734458222141e-02
