2.671008184552192688e-02
2.671008184552192688e-02
2.519973926246166229e-02
2.417376451194286346e-02
2.359985373914241791e-02
2.426604181528091431e-02
2.484912239015102386e-02
2.540000714361667633e-02
2.580390684306621552e-02
2.624659426510334015e-02
2.675749547779560089e-02
2.707561850547790527e-02
2.707561850547790527e-02
2.752413600683212280e-02
2.793446928262710571e-02
2.821540646255016327e-02
2.843749336898326874e-02
2.854380011558532715e-02
2.861510589718818665e-02
2.867158502340316772e-02
2.866009995341300964e-02
2.856527082622051239e-02
2.858748659491539001e-02
2.858748659491539001e-02
2.862400561571121216e-02
2.849261462688446045e-02
2.848974056541919708e-02
2.854448556900024414e-02
2.864374779164791107e-02
2.878200262784957886e-02
2.892588078975677490e-02
2.910094894468784332e-02
2.921814657747745514e-02
2.917641401290893555e-02
2.917641401290893555e-02
2.907473035156726837e-02
2.885240502655506134e-02
2.847652509808540344e-02
2.807421423494815826e-02
2.771359868347644806e-02
2.737349458038806915e-02
2.705629169940948486e-02
2.674696594476699829e-02
2.647147700190544128e-02
2.628039009869098663e-02
2.628039009869098663e-02
2.606459707021713257e-02
2.584706433117389679e-02
2.564196847379207611e-02
2.545958012342453003e-02
2.529672719538211823e-02
2.520601637661457062e-02
2.524307742714881897e-02
2.544916979968547821e-02
2.578666433691978455e-02
2.622478455305099487e-02
2.622478455305099487e-02
2.680254355072975159e-02
2.732403576374053955e-02
2.784708701074123383e-02
2.851319126784801483e-02
2.921321615576744080e-02
2.992989122867584229e-02
3.048383258283138275e-02
3.096798621118068695e-02
3.135803714394569397e-02
3.168003633618354797e-02
3.168003633618354797e-02
3.171756118535995483e-02
3.171965852379798889e-02
3.154325485229492188e-02
3.119460679590702057e-02
3.063146024942398071e-02
2.999232336878776550e-02
2.924804203212261200e-02
2.853397466242313385e-02
2.777749858796596527e-02
2.716235816478729248e-02
2.716235816478729248e-02
2.676744759082794189e-02
2.656699903309345245e-02
2.660519257187843323e-02
2.676350995898246765e-02
2.692264132201671600e-02
2.706021256744861603e-02
2.709424123167991638e-02
2.718340046703815460e-02
2.713276632130146027e-02
2.761873789131641388e-02
2.761873789131641388e-02
2.806251868605613708e-02
2.851294353604316711e-02
2.874137461185455322e-02
2.891539223492145538e-02
2.912141196429729462e-02
2.917684242129325867e-02
2.930122055113315582e-02
2.937227673828601837e-02
2.950212173163890839e-02
2.934102714061737061e-02
2.934102714061737061e-02
2.918061427772045135e-02
2.909583970904350281e-02
2.879005670547485352e-02
2.865822240710258484e-02
2.864841558039188385e-02
2.871753834187984467e-02
2.882914431393146515e-02
2.899976447224617004e-02
2.923399768769741058e-02
2.960783988237380981e-02
2.960783988237380981e-02
3.014802560210227966e-02
3.076233714818954468e-02
3.136593475937843323e-02
3.167384490370750427e-02
3.180726245045661926e-02
3.136555105447769165e-02
3.077041730284690857e-02
3.003893606364727020e-02
2.947341464459896088e-02
2.914447709918022156e-02
2.914447709918022156e-02
2.887696772813796997e-02
2.887726761400699615e-02
2.889657951891422272e-02
2.902098186314105988e-02
2.908986620604991913e-02
2.905086427927017212e-02
2.887215837836265564e-02
2.864267490804195404e-02
2.829020842909812927e-02
2.784151025116443634e-02
2.784151025116443634e-02
2.725586667656898499e-02
2.662637643516063690e-02
2.601009793579578400e-02
2.539285458624362946e-02
2.483746409416198730e-02
2.445639297366142273e-02
2.425719983875751495e-02
2.438236400485038757e-02
2.469812519848346710e-02
2.483216859400272369e-02
2.483216859400272369e-02
2.483546547591686249e-02
2.464688010513782501e-02
2.429583482444286346e-02
2.386067248880863190e-02
2.333564497530460358e-02
2.263105474412441254e-02
2.200443111360073090e-02
2.153907902538776398e-02
2.122194133698940277e-02
2.091501839458942413e-02
2.091501839458942413e-02
2.076031826436519623e-02
2.057112567126750946e-02
2.040989883244037628e-02
2.023458108305931091e-02
1.990257203578948975e-02
1.938646100461483002e-02
1.872259192168712616e-02
1.804339326918125153e-02
1.750550419092178345e-02
1.698871143162250519e-02
1.698871143162250519e-02
1.664281263947486877e-02
1.631250046193599701e-02
1.609664224088191986e-02
1.585270650684833527e-02
1.553857419639825821e-02
1.520990859717130661e-02
1.493465062230825424e-02
1.468386594206094742e-02
1.454389467835426331e-02
1.447437610477209091e-02
1.447437610477209091e-02
1.439194288104772568e-02
1.427897159010171890e-02
1.411425042897462845e-02
1.379473973065614700e-02
1.321407407522201538e-02
1.249383110553026199e-02
1.185424532741308212e-02
1.136118080466985703e-02
1.101127918809652328e-02
1.099585928022861481e-02
1.099585928022861481e-02
1.125084701925516129e-02
1.157032325863838196e-02
1.198282185941934586e-02
1.230540499091148376e-02
1.231227070093154907e-02
1.210039854049682617e-02
1.191043481230735779e-02
1.188751962035894394e-02
1.186233013868331909e-02
1.198240276426076889e-02
1.198240276426076889e-02
1.224148180335760117e-02
1.233108993619680405e-02
1.236404385417699814e-02
1.239335071295499802e-02
1.236233022063970566e-02
1.241968292742967606e-02
1.250594295561313629e-02
1.280788425356149673e-02
1.329468749463558197e-02
1.378683932125568390e-02
1.378683932125568390e-02
1.434441003948450089e-02
1.484885811805725098e-02
1.533445715904235840e-02
1.563866809010505676e-02
1.576211303472518921e-02
1.587815955281257629e-02
1.610060967504978180e-02
1.636169105768203735e-02
1.656379364430904388e-02
1.656379364430904388e-02
1.656379364430904388e-02
1.666061580181121826e-02
1.666321977972984314e-02
1.668192073702812195e-02
1.681332662701606750e-02
1.708192005753517151e-02
1.744154095649719238e-02
1.764372736215591431e-02
1.762761175632476807e-02
1.741085574030876160e-02
1.666573621332645416e-02
1.666573621332645416e-02
1.573839597404003143e-02
1.476713269948959351e-02
1.398840639740228653e-02
1.350806001573801041e-02
1.343897450715303421e-02
1.359800156205892563e-02
1.379161700606346130e-02
1.385769713670015335e-02
1.359736453741788864e-02
1.312822382897138596e-02
1.312822382897138596e-02
1.251613348722457886e-02
1.176793873310089111e-02
1.108110416680574417e-02
1.056955009698867798e-02
1.029227767139673233e-02
1.031454373151063919e-02
1.027329359203577042e-02
1.004922296851873398e-02
9.624326601624488831e-03
9.244191460311412811e-03
9.244191460311412811e-03
9.003568440675735474e-03
8.983040228486061096e-03
9.098474867641925812e-03
9.206727147102355957e-03
9.234507568180561066e-03
9.045071899890899658e-03
8.789256215095520020e-03
8.554323576390743256e-03
8.512790314853191376e-03
8.578080683946609497e-03
8.578080683946609497e-03
8.915281854569911957e-03
9.487207978963851929e-03
1.014569215476512909e-02
1.071272604167461395e-02
1.119482424110174179e-02
1.156421750783920288e-02
1.183318812400102615e-02
1.211202424019575119e-02
1.246427558362483978e-02
1.279009319841861725e-02
1.279009319841861725e-02
1.306623592972755432e-02
1.339972671121358871e-02
1.372494548559188843e-02
1.387187093496322632e-02
1.388487685471773148e-02
1.380809303373098373e-02
1.373107358813285828e-02
1.376560050994157791e-02
1.376123726367950439e-02
1.384111121296882629e-02
1.384111121296882629e-02
1.381880231201648712e-02
1.379873882979154587e-02
1.387695781886577606e-02
1.390078850090503693e-02
1.397169847041368484e-02
1.398271787911653519e-02
1.373855303972959518e-02
1.350468769669532776e-02
1.333394367247819901e-02
1.319841109216213226e-02
1.319841109216213226e-02
1.317728217691183090e-02
1.319201942533254623e-02
1.330440305173397064e-02
1.345267333090305328e-02
1.352759357541799545e-02
1.345822773873806000e-02
1.334838010370731354e-02
1.328277587890625000e-02
1.325235422700643539e-02
1.339960098266601562e-02
1.339960098266601562e-02
1.366144139319658279e-02
1.404039748013019562e-02
1.466317754238843918e-02
1.536282245069742203e-02
1.581567525863647461e-02
1.611420325934886932e-02
1.614109613001346588e-02
1.603601500391960144e-02
1.594398356974124908e-02
1.610144972801208496e-02
1.610144972801208496e-02
1.631923206150531769e-02
1.658854074776172638e-02
1.689445972442626953e-02
1.700614951550960541e-02
1.710286550223827362e-02
1.706785708665847778e-02
1.702532730996608734e-02
1.691419817507266998e-02
1.675820536911487579e-02
1.658184081315994263e-02
1.658184081315994263e-02
1.642657443881034851e-02
1.629876345396041870e-02
1.624350994825363159e-02
1.629031822085380554e-02
1.641193963587284088e-02
1.649697870016098022e-02
1.655038818717002869e-02
1.641982607543468475e-02
1.627710089087486267e-02
1.611707545816898346e-02
1.611707545816898346e-02
1.592688634991645813e-02
1.591355539858341217e-02
1.623257808387279510e-02
1.665747351944446564e-02
1.718926988542079926e-02
1.767040416598320007e-02
1.805460639297962189e-02
1.827880740165710449e-02
1.833991706371307373e-02
1.840404421091079712e-02
1.840404421091079712e-02
1.853703334927558899e-02
1.876211725175380707e-02
1.901852339506149292e-02
1.915363222360610962e-02
1.922286301851272583e-02
1.911563426256179810e-02
1.891658082604408264e-02
1.862301863729953766e-02
1.826781779527664185e-02
1.796746812760829926e-02
1.796746812760829926e-02
1.766335405409336090e-02
1.744428277015686035e-02
1.733214408159255981e-02
1.712885499000549316e-02
1.687332987785339355e-02
1.658998429775238037e-02
1.624217070639133453e-02
1.593895629048347473e-02
1.576573401689529419e-02
1.589246653020381927e-02
1.589246653020381927e-02
1.620223931968212128e-02
1.654403842985630035e-02
1.674916781485080719e-02
1.679135859012603760e-02
1.677133515477180481e-02
1.685603149235248566e-02
1.714827120304107666e-02
1.748235151171684265e-02
1.769028417766094208e-02
1.774096675217151642e-02
1.774096675217151642e-02
1.762981899082660675e-02
1.739692501723766327e-02
1.704257540404796600e-02
1.668016798794269562e-02
1.634489931166172028e-02
1.624989137053489685e-02
1.630234718322753906e-02
1.629711315035820007e-02
1.618928834795951843e-02
1.581211201846599579e-02
1.581211201846599579e-02
1.542503107339143753e-02
1.513378135859966278e-02
1.492870599031448364e-02
1.462505105882883072e-02
1.466199383139610291e-02
1.487209461629390717e-02
1.508797146379947662e-02
1.505861710757017136e-02
1.492732949554920197e-02
1.555824466049671173e-02
1.555824466049671173e-02
1.594330742955207825e-02
1.600302197039127350e-02
1.596154458820819855e-02
1.601875573396682739e-02
1.602192595601081848e-02
1.602192595601081848e-02
1.602192595601081848e-02
1.603783853352069855e-02
1.603405177593231201e-02
1.601299457252025604e-02
1.601299457252025604e-02
1.601782441139221191e-02
1.602596603333950043e-02
1.606278121471405029e-02
1.611008681356906891e-02
1.620314829051494598e-02
1.633713394403457642e-02
1.652361825108528137e-02
1.671204157173633575e-02
1.680256240069866180e-02
1.692843250930309296e-02
