2.131615206599235535e-02
1.972749829292297363e-02
1.927250437438488007e-02
1.967729814350605011e-02
1.979197002947330475e-02
2.007333189249038696e-02
2.030615136027336121e-02
2.032802253961563110e-02
2.030551061034202576e-02
2.023588307201862335e-02
2.034680917859077454e-02
2.034680917859077454e-02
2.038832008838653564e-02
2.013482898473739624e-02
1.984348706901073456e-02
1.938951946794986725e-02
1.878097839653491974e-02
1.811361871659755707e-02
1.803232356905937195e-02
1.782707497477531433e-02
1.754952035844326019e-02
1.732780411839485168e-02
1.732780411839485168e-02
1.692309789359569550e-02
1.649812236428260803e-02
1.616973429918289185e-02
1.582162268459796906e-02
1.549951080232858658e-02
1.510436274111270905e-02
1.477572508156299591e-02
1.436853688210248947e-02
1.413737516850233078e-02
1.421473920345306396e-02
1.421473920345306396e-02
1.432031486183404922e-02
1.442101411521434784e-02
1.452695764601230621e-02
1.464472245424985886e-02
1.469229348003864288e-02
1.472135726362466812e-02
1.463237777352333069e-02
1.455446425825357437e-02
1.446837466210126877e-02
1.436892617493867874e-02
1.436892617493867874e-02
1.422692742198705673e-02
1.406264398247003555e-02
1.394932996481657028e-02
1.387156825512647629e-02
1.379687804728746414e-02
1.369342487305402756e-02
1.328856498003005981e-02
1.293465681374073029e-02
1.235984079539775848e-02
1.186752319335937500e-02
1.186752319335937500e-02
1.149846613407135010e-02
1.115584094077348709e-02
1.070749200880527496e-02
1.015431247651576996e-02
9.651435539126396179e-03
9.095539338886737823e-03
8.545059710741043091e-03
8.062494918704032898e-03
7.612116634845733643e-03
7.178276777267456055e-03
7.178276777267456055e-03
6.858176551759243011e-03
6.781026255339384079e-03
6.817892659455537796e-03
7.009251508861780167e-03
7.362184114754199982e-03
7.744799833744764328e-03
8.131403475999832153e-03
8.638404309749603271e-03
9.264476597309112549e-03
1.001919247210025787e-02
1.001919247210025787e-02
1.078611239790916443e-02
1.162892114371061325e-02
1.244527753442525864e-02
1.287960540503263474e-02
1.297054253518581390e-02
1.280965004116296768e-02
1.257105264812707901e-02
1.218366622924804688e-02
1.169153954833745956e-02
1.118988636881113052e-02
1.118988636881113052e-02
1.070291269570589066e-02
1.018332317471504211e-02
9.572868235409259796e-03
8.939201943576335907e-03
8.269260637462139130e-03
7.716584019362926483e-03
7.337765302509069443e-03
7.142885122448205948e-03
7.129734382033348083e-03
7.372208405286073685e-03
7.372208405286073685e-03
7.704601623117923737e-03
8.108800277113914490e-03
8.554421365261077881e-03
9.031852707266807556e-03
9.692127816379070282e-03
1.029417943209409714e-02
1.092353276908397675e-02
1.149185094982385635e-02
1.190885715186595917e-02
1.232050452381372452e-02
1.232050452381372452e-02
1.275541819632053375e-02
1.313811168074607849e-02
1.337808463722467422e-02
1.347289793193340302e-02
1.354453060775995255e-02
1.351099833846092224e-02
1.352639216929674149e-02
1.370011735707521439e-02
1.392752397805452347e-02
1.423587091267108917e-02
1.423587091267108917e-02
1.460944674909114838e-02
1.505586877465248108e-02
1.562510244548320770e-02
1.627702079713344574e-02
1.688413508236408234e-02
1.751489751040935516e-02
1.813303492963314056e-02
1.868081651628017426e-02
1.919613964855670929e-02
1.965774036943912506e-02
1.965774036943912506e-02
2.033614367246627808e-02
2.114186435937881470e-02
2.191506884992122650e-02
2.254685573279857635e-02
2.293989248573780060e-02
2.305235341191291809e-02
2.294809930026531219e-02
2.280972898006439209e-02
2.251559309661388397e-02
2.213841117918491364e-02
2.213841117918491364e-02
2.189173176884651184e-02
2.164595574140548706e-02
2.142041362822055817e-02
2.122915163636207581e-02
2.100981585681438446e-02
2.079441212117671967e-02
2.074412442743778229e-02
2.083943784236907959e-02
2.094934508204460144e-02
2.096345461905002594e-02
2.096345461905002594e-02
2.087002620100975037e-02
2.068334631621837616e-02
2.042081207036972046e-02
1.997675187885761261e-02
1.943159289658069611e-02
1.887546665966510773e-02
1.834571547806262970e-02
1.788567565381526947e-02
1.767042651772499084e-02
1.773376949131488800e-02
1.773376949131488800e-02
1.807493343949317932e-02
1.850795745849609375e-02
1.884540356695652008e-02
1.910884492099285126e-02
1.914838887751102448e-02
1.909615658223628998e-02
1.888085901737213135e-02
1.850827038288116455e-02
1.794468052685260773e-02
1.736637763679027557e-02
1.736637763679027557e-02
1.695527881383895874e-02
1.673506200313568115e-02
1.665030978620052338e-02
1.667379960417747498e-02
1.683980599045753479e-02
1.706092804670333862e-02
1.723527535796165466e-02
1.716853864490985870e-02
1.689296029508113861e-02
1.664134301245212555e-02
1.664134301245212555e-02
1.630300283432006836e-02
1.580362953245639801e-02
1.535926852375268936e-02
1.502633746713399887e-02
1.492503471672534943e-02
1.500756572932004929e-02
1.531484723091125488e-02
1.582457870244979858e-02
1.647990383207798004e-02
1.720917783677577972e-02
1.720917783677577972e-02
1.786413230001926422e-02
1.837160624563694000e-02
1.878478564321994781e-02
1.888421177864074707e-02
1.865653321146965027e-02
1.831126585602760315e-02
1.782258972525596619e-02
1.735038310289382935e-02
1.686237752437591553e-02
1.672335714101791382e-02
1.672335714101791382e-02
1.692139729857444763e-02
1.738328114151954651e-02
1.798042282462120056e-02
1.858031749725341797e-02
1.915032789111137390e-02
1.965719647705554962e-02
2.005482092499732971e-02
2.025338634848594666e-02
2.024030685424804688e-02
2.007188089191913605e-02
2.007188089191913605e-02
1.979651115834712982e-02
1.942564547061920166e-02
1.901353336870670319e-02
1.868419535458087921e-02
1.854060404002666473e-02
1.869609579443931580e-02
1.901726797223091125e-02
1.951107010245323181e-02
2.012355811893939972e-02
2.069419994950294495e-02
2.069419994950294495e-02
2.122105844318866730e-02
2.165222167968750000e-02
2.194665372371673584e-02
2.200055122375488281e-02
2.187303639948368073e-02
2.156354859471321106e-02
2.104529552161693573e-02
2.046228386461734772e-02
2.005302719771862030e-02
1.991023309528827667e-02
1.991023309528827667e-02
1.982899010181427002e-02
1.978721469640731812e-02
1.975851692259311676e-02
1.983591914176940918e-02
1.990712992846965790e-02
2.004746161401271820e-02
2.000686340034008026e-02
1.980518177151679993e-02
1.968819461762905121e-02
1.944681257009506226e-02
1.944681257009506226e-02
1.922749355435371399e-02
1.913690567016601562e-02
1.908576115965843201e-02
1.916278339922428131e-02
1.921778544783592224e-02
1.918638125061988831e-02
1.920445635914802551e-02
1.924627460539340973e-02
1.932026259601116180e-02
1.946463994681835175e-02
1.946463994681835175e-02
1.952599734067916870e-02
1.949071697890758514e-02
1.948542520403862000e-02
1.952611841261386871e-02
1.970074325799942017e-02
1.979547180235385895e-02
1.985001564025878906e-02
1.980891823768615723e-02
1.978888548910617828e-02
1.977154053747653961e-02
1.977154053747653961e-02
1.976324059069156647e-02
1.977051049470901489e-02
1.979725994169712067e-02
1.986018940806388855e-02
1.996084675192832947e-02
1.993875019252300262e-02
2.000673301517963409e-02
2.007621899247169495e-02
2.007679268717765808e-02
1.995604671537876129e-02
1.995604671537876129e-02
1.976341754198074341e-02
1.976341754198074341e-02
1.945637352764606476e-02
1.911370828747749329e-02
1.871657371520996094e-02
1.824403367936611176e-02
1.777041144669055939e-02
1.735508069396018982e-02
1.697014644742012024e-02
1.678353548049926758e-02
1.678353548049926758e-02
1.655614189803600311e-02
1.611353643238544464e-02
1.584102585911750793e-02
1.569157093763351440e-02
1.562353130429983139e-02
1.563949137926101685e-02
1.575024053454399109e-02
1.570397056639194489e-02
1.556856557726860046e-02
1.546561531722545624e-02
1.546561531722545624e-02
1.542114559561014175e-02
1.535879261791706085e-02
1.531725004315376282e-02
1.508676260709762573e-02
1.473235897719860077e-02
1.434140373021364212e-02
1.397336088120937347e-02
1.371330581605434418e-02
1.346878428012132645e-02
1.334696449339389801e-02
1.334696449339389801e-02
1.337243616580963135e-02
1.336696278303861618e-02
1.341401133686304092e-02
1.348694972693920135e-02
1.346804015338420868e-02
1.323112007230520248e-02
1.297039259225130081e-02
1.257207524031400681e-02
1.201661489903926849e-02
1.135499309748411179e-02
1.135499309748411179e-02
1.064656954258680344e-02
1.005786843597888947e-02
9.393782354891300201e-03
8.785968646407127380e-03
8.299473673105239868e-03
7.924223318696022034e-03
7.527402136474847794e-03
7.377103902399539948e-03
7.450423669070005417e-03
7.172437850385904312e-03
7.172437850385904312e-03
6.973836570978164673e-03
6.790665443986654282e-03
6.526212207973003387e-03
6.036954931914806366e-03
5.513432435691356659e-03
5.005853250622749329e-03
4.545673727989196777e-03
4.229759331792593002e-03
4.075764212757349014e-03
4.019148647785186768e-03
4.019148647785186768e-03
4.006702918559312820e-03
4.052549134939908981e-03
4.051928408443927765e-03
4.039226565510034561e-03
4.086142871528863907e-03
4.029246047139167786e-03
3.925689030438661575e-03
3.926401026546955109e-03
4.049193114042282104e-03
4.210278857499361038e-03
4.210278857499361038e-03
4.370363429188728333e-03
4.639473743736743927e-03
5.057265516370534897e-03
5.404685623943805695e-03
5.717877298593521118e-03
5.951475817710161209e-03
6.205925252288579941e-03
6.367438007146120071e-03
6.464070640504360199e-03
6.528427358716726303e-03
6.528427358716726303e-03
6.573196500539779663e-03
6.696895696222782135e-03
6.874222308397293091e-03
6.993092596530914307e-03
7.209776435047388077e-03
7.533554453402757645e-03
7.990066893398761749e-03
7.768369745463132858e-03
7.606477010995149612e-03
7.444304414093494415e-03
7.444304414093494415e-03
7.352762855589389801e-03
7.290960755199193954e-03
7.272224873304367065e-03
7.327633444219827652e-03
7.391845807433128357e-03
7.392233237624168396e-03
7.411358878016471863e-03
7.374445442110300064e-03
7.260796148329973221e-03
7.110286504030227661e-03
7.110286504030227661e-03
6.900430656969547272e-03
6.676419172435998917e-03
6.456691771745681763e-03
6.213975138962268829e-03
6.053916644304990768e-03
6.022316403687000275e-03
6.033753044903278351e-03
6.136554293334484100e-03
6.289302371442317963e-03
6.345462054014205933e-03
6.345462054014205933e-03
6.400989368557929993e-03
6.464136298745870590e-03
6.458551157265901566e-03
6.502077449113130569e-03
6.379867903888225555e-03
6.274258717894554138e-03
6.046127993613481522e-03
5.793011747300624847e-03
5.583860911428928375e-03
5.348900798708200455e-03
5.348900798708200455e-03
5.129559431225061417e-03
5.068354308605194092e-03
5.073482636362314224e-03
5.169865675270557404e-03
5.073629319667816162e-03
5.086285993456840515e-03
5.121768452227115631e-03
5.112126469612121582e-03
5.069999489933252335e-03
5.067797843366861343e-03
5.067797843366861343e-03
5.272464361041784286e-03
5.579580087214708328e-03
5.893476773053407669e-03
6.195065565407276154e-03
6.418325006961822510e-03
6.649754941463470459e-03
6.831811740994453430e-03
6.837360095232725143e-03
6.708895321935415268e-03
6.621250417083501816e-03
6.621250417083501816e-03
6.685737520456314087e-03
6.805381271988153458e-03
7.061976473778486252e-03
7.448968011885881424e-03
7.751749828457832336e-03
8.025573566555976868e-03
8.222010917961597443e-03
8.372351527214050293e-03
8.530693128705024719e-03
8.520075120031833649e-03
8.520075120031833649e-03
8.291602134704589844e-03
8.022044785320758820e-03
7.829315960407257080e-03
7.658228743821382523e-03
7.576645351946353912e-03
7.525941357016563416e-03
7.759988773614168167e-03
8.124088868498802185e-03
8.380398154258728027e-03
8.691150695085525513e-03
8.691150695085525513e-03
8.973556570708751678e-03
9.149319492280483246e-03
9.202538058161735535e-03
9.164417162537574768e-03
9.063679724931716919e-03
8.886231109499931335e-03
8.786402642726898193e-03
8.818578906357288361e-03
8.957487531006336212e-03
9.180072695016860962e-03
9.180072695016860962e-03
9.508046321570873260e-03
9.769602678716182709e-03
1.003161072731018066e-02
1.022662036120891571e-02
1.040889974683523178e-02
1.023253984749317169e-02
1.010720245540142059e-02
1.000149454921483994e-02
9.975953027606010437e-03
9.975858964025974274e-03
9.975858964025974274e-03
9.947249665856361389e-03
9.887579828500747681e-03
9.766897186636924744e-03
9.717998094856739044e-03
9.574584662914276123e-03
9.367588907480239868e-03
9.105084463953971863e-03
8.928284049034118652e-03
8.827133104205131531e-03
8.845373988151550293e-03
8.845373988151550293e-03
8.966541849076747894e-03
9.151757694780826569e-03
9.396131150424480438e-03
9.682867676019668579e-03
9.944803081452846527e-03
1.020201668143272400e-02
1.032399293035268784e-02
1.038694381713867188e-02
1.038695219904184341e-02
1.044143922626972198e-02
1.044143922626972198e-02
1.045172289013862610e-02
1.051141694188117981e-02
1.059715449810028076e-02
1.081091910600662231e-02
1.108363736420869827e-02
1.136871799826622009e-02
1.173802092671394348e-02
1.217754930257797241e-02
1.258981786668300629e-02
1.286143064498901367e-02
1.286143064498901367e-02
1.301152724772691727e-02
1.303328573703765869e-02
1.294773444533348083e-02
1.278506219387054443e-02
1.265102624893188477e-02
1.258445810526609421e-02
1.257090549916028976e-02
1.265086606144905090e-02
1.278171408921480179e-02
1.297674328088760376e-02
1.297674328088760376e-02
1.314325258135795593e-02
1.336258370429277420e-02
1.358957309275865555e-02
1.373609248548746109e-02
1.380235888063907623e-02
1.375996600836515427e-02
1.357347704470157623e-02
1.335791312158107758e-02
1.310654915869235992e-02
1.289442181587219238e-02
1.289442181587219238e-02
1.276637986302375793e-02
1.284085866063833237e-02
1.297814771533012390e-02
1.312687620520591736e-02
1.327061187475919724e-02
1.343676447868347168e-02
1.354327145963907242e-02
1.353876013308763504e-02
1.347895059734582901e-02
1.335324905812740326e-02
1.335324905812740326e-02
1.315797958523035049e-02
1.295444089919328690e-02
1.281235180795192719e-02
1.278229616582393646e-02
1.280511263757944107e-02
1.292452495545148849e-02
1.301050465553998947e-02
1.308229193091392517e-02
1.303821057081222534e-02
1.288701035082340240e-02
