3.579668942172286455e-02
3.524873972548157181e-02
3.608007910859645229e-02
3.613422863166530774e-02
3.628072686273742936e-02
3.625208977162781843e-02
3.618105137671076554e-02
3.589785973598019764e-02
3.571503444849893211e-02
3.553300825272887042e-02
3.536476326273475107e-02
3.536476326273475107e-02
3.521117727922142698e-02
3.517960662014273099e-02
3.512708727089681321e-02
3.507178994059340083e-02
3.496792093869985352e-02
3.492988593336721764e-02
3.475602036699517589e-02
3.435635068723486701e-02
3.401302544220724533e-02
3.366310395633896613e-02
3.366310395633896613e-02
3.337694885252813493e-02
3.310840505720125809e-02
3.288959993111108260e-02
3.270131701062167773e-02
3.249308496301030885e-02
3.236958166833369538e-02
3.207007104911194922e-02
3.183551121599092343e-02
3.152473749561789801e-02
3.122233695411414864e-02
3.122233695411414864e-02
3.096968464099508767e-02
3.067402044358336077e-02
3.043560980123498697e-02
3.025739878915151976e-02
3.002438569297483095e-02
2.951506745671245158e-02
2.912142746677228236e-02
2.874894530026728123e-02
2.845355341743683458e-02
2.823716487206066883e-02
2.823716487206066883e-02
2.804426068367945474e-02
2.794656445270722947e-02
2.778398444131918721e-02
2.755713077008771147e-02
2.732005130879132729e-02
2.722872927065211543e-02
2.711933822877086661e-02
2.704736578387012189e-02
2.709354245478242176e-02
2.714338837968978055e-02
2.714338837968978055e-02
2.720472703299665895e-02
2.720930203230186376e-02
2.722346482792380520e-02
2.751412853203671904e-02
2.777633520677282725e-02
2.785317151598995164e-02
2.802394483096449021e-02
2.820166662281589631e-02
2.837385093012219014e-02
2.833296325213833025e-02
2.833296325213833025e-02
2.833472386162806320e-02
2.834900102711487152e-02
2.835637835990162739e-02
2.829972439099048484e-02
2.814236094825421641e-02
2.808016820316382167e-02
2.796579760381768739e-02
2.786515814026164703e-02
2.772546047559056037e-02
2.758655256002597381e-02
2.758655256002597381e-02
2.744900693100721031e-02
2.722056700323576342e-02
2.720552145080766537e-02
2.737502465352241107e-02
2.792956347433517283e-02
2.840570722007338192e-02
2.894784490260126145e-02
2.927185715247171416e-02
2.958395449035697289e-02
2.978525623202855216e-02
2.978525623202855216e-02
3.003624018069057933e-02
3.026175885437789106e-02
3.045477779846112593e-02
3.066874336853302532e-02
3.101596954143190366e-02
3.128215242272196911e-02
3.164291682243150494e-02
3.177010262188660616e-02
3.181170824605035474e-02
3.169084109709424668e-02
3.169084109709424668e-02
3.137506112644160294e-02
3.117074061530979157e-02
3.098019314409451025e-02
3.098903514742332513e-02
3.094238226385204529e-02
3.096234388016615505e-02
3.086309749768672075e-02
3.061458033410876037e-02
3.039967806740652770e-02
3.040628975386681920e-02
3.040628975386681920e-02
3.036429920087345066e-02
3.035069005517153015e-02
3.030095225346093879e-02
3.011987252657944911e-02
2.995732975821633476e-02
2.976069234758690549e-02
2.952232890987624772e-02
2.941526766597558906e-02
2.956427343330835303e-02
3.007888985689254752e-02
3.007888985689254752e-02
3.050350944315499691e-02
3.083923551125375070e-02
3.119271550084709577e-02
3.152353814606412286e-02
3.163536771417768678e-02
3.163906193263436861e-02
3.163137963828212273e-02
3.170968265671340880e-02
3.175688290335143549e-02
3.181681568034609026e-02
3.181681568034609026e-02
3.180852042420521247e-02
3.180988755792746314e-02
3.178219152812953446e-02
3.181826379553937684e-02
3.178657953370780248e-02
3.177618113875954609e-02
3.181494319924245417e-02
3.181450525898878168e-02
3.173584054366344193e-02
3.179460320266507684e-02
