2.748008742934433465e-02
2.603872642708334254e-02
2.592132613526098445e-02
2.561067204252873153e-02
2.492301996250985419e-02
2.410077439631254023e-02
2.330455453982974504e-02
2.281245416408339902e-02
2.229779557116758418e-02
2.176959446464480849e-02
2.138913377516036413e-02
2.138913377516036413e-02
2.089654452264878490e-02
2.055447729587821584e-02
2.034564075847472217e-02
2.023452163611727528e-02
1.994968710438587561e-02
1.978058948142508155e-02
1.962649177852958046e-02
1.963463531208943166e-02
1.968085413753036320e-02
1.962923476830943578e-02
1.962923476830943578e-02
1.989827173265399859e-02
2.011087682361632073e-02
2.034697593437615956e-02
2.059107707046326299e-02
2.074059393326995945e-02
2.087636702673130104e-02
2.100666757992111083e-02
2.111979663288022016e-02
2.116159438667661666e-02
2.110794075391007191e-02
2.110794075391007191e-02
2.100364666187795604e-02
2.088857503263895007e-02
2.073255770520214883e-02
2.052253278995049349e-02
2.028765793057871886e-02
2.004853406337815322e-02
1.981119599640146847e-02
1.968631490899064307e-02
1.949680411571980132e-02
1.929726456869927317e-02
1.929726456869927317e-02
1.928406856695829077e-02
1.924483677584768251e-02
1.915119006856845843e-02
1.901651438695774882e-02
1.889992672270504950e-02
1.879569329624375743e-02
1.879048892410349961e-02
1.868769998311977168e-02
1.852644984138733866e-02
1.835478134337920064e-02
1.835478134337920064e-02
1.823637563322343461e-02
1.806732954362167201e-02
1.812375164472254663e-02
1.820732927257763187e-02
1.823793015594437836e-02
1.819191966688358392e-02
1.805225754907042318e-02
1.805225754907042318e-02
1.805225754907042318e-02
1.797246765567728916e-02
1.797246765567728916e-02
1.787523279726785028e-02
1.770656457346802409e-02
1.758491832359646012e-02
1.740422490517105555e-02
1.726199895923459168e-02
1.718527296201909083e-02
1.710313311837186045e-02
1.698057682209039299e-02
1.679309554453856101e-02
1.663116539302215632e-02
1.663116539302215632e-02
1.646449534521530339e-02
1.635567672970011238e-02
1.627250491274297162e-02
1.622449608178421626e-02
1.620988086583876817e-02
1.615572029629213854e-02
1.611715645472653474e-02
1.610200740225473104e-02
1.610196820901504261e-02
1.600023023556431528e-02
1.600023023556431528e-02
1.593496248689722436e-02
1.591517313625475868e-02
1.588462700299445723e-02
1.586795081541589672e-02
1.583890840003797026e-02
1.587737367352641191e-02
1.578210379507567415e-02
1.572245040170672237e-02
1.562478996245148834e-02
1.560977471621985760e-02
1.560977471621985760e-02
1.560086683209612954e-02
1.564994890453559259e-02
1.575467494532689638e-02
1.588689599358410545e-02
1.601358694298857591e-02
1.613939438676507271e-02
1.606033011837096000e-02
1.586048497686491990e-02
1.574324931020507773e-02
1.554680067501826128e-02
1.554680067501826128e-02
1.535177286120373817e-02
1.515951286779833665e-02
1.506740614841430882e-02
1.502982244384411248e-02
1.491814664653077702e-02
1.488676316637498401e-02
1.490899257017121171e-02
1.513345651388907712e-02
1.539603154318953081e-02
1.569791705373523721e-02
1.569791705373523721e-02
1.595597486768678477e-02
1.604029455852716904e-02
1.609397260054173939e-02
1.604835598349659692e-02
1.592821852910234967e-02
1.568932928915811251e-02
1.548609499070176428e-02
1.518883318648318360e-02
1.481740700498489910e-02
1.448217312606887158e-02
1.448217312606887158e-02
1.417697943404069676e-02
1.385627764094909432e-02
1.356602739739015857e-02
1.336492791714164081e-02
1.322715640243864003e-02
1.297397797348535595e-02
1.279294082624178076e-02
1.268436392118087522e-02
1.274498371624855145e-02
1.291631466989743432e-02
1.291631466989743432e-02
1.314874565551614992e-02
1.332482255624519232e-02
1.355036616840728063e-02
1.365723370752243079e-02
1.385421419227420015e-02
1.378456374300338419e-02
1.369313606021499256e-02
1.318506442237057930e-02
1.283455788257950765e-02
1.263604883664196099e-02
1.263604883664196099e-02
1.258061338978201486e-02
1.267524494110694282e-02
1.281881332642308136e-02
1.297935976808119000e-02
1.316064867020231774e-02
1.332744025729686900e-02
1.357654715259963563e-02
1.386273947523973017e-02
1.414823704642465159e-02
1.440498953667046327e-02
1.440498953667046327e-02
1.468988687853933599e-02
1.492543555952212733e-02
1.513889218473418036e-02
1.535312386720181881e-02
1.553494567105527698e-02
1.568678924260458879e-02
1.577884806135978341e-02
1.583164879160384522e-02
1.591163481670374719e-02
1.597756786653933142e-02
1.597756786653933142e-02
1.607496871004217981e-02
1.611513877396767228e-02
1.609371727282545711e-02
1.610777779035387283e-02
1.604261905640917002e-02
1.597792505215634568e-02
1.589398631735337505e-02
1.568162632527886000e-02
1.551442438265530910e-02
1.537524465717369712e-02
1.537524465717369712e-02
1.525091368341364821e-02
1.517603705823915121e-02
1.515851996195362664e-02
1.513485630375911196e-02
1.509162289926981558e-02
1.506809693033079982e-02
1.511414795037912401e-02
1.515244471720312257e-02
1.515244471720312257e-02
1.509270447532625424e-02
1.509270447532625424e-02
1.506341350302909700e-02
1.507729169063731084e-02
1.508324574725144335e-02
1.512420689237888027e-02
1.519585675111948843e-02
1.526538658674734573e-02
1.531092213520451363e-02
1.533438140497476836e-02
1.532177294077096026e-02
1.530623524317103329e-02
1.530623524317103329e-02
1.527006003153387644e-02
1.491106401907521008e-02
1.468158063927541002e-02
1.456724399451218843e-02
1.451458443291900845e-02
1.454522321799727597e-02
1.464769668447510852e-02
1.477322995046648907e-02
1.490321323234035898e-02
1.502337267090595591e-02
1.502337267090595591e-02
1.538376745975139452e-02
1.570803447038220460e-02
1.610653567341079409e-02
1.644347364880547127e-02
1.672959167244395667e-02
1.702674849569895538e-02
1.689486946452166058e-02
1.694824854196892369e-02
1.712128956337239521e-02
1.782868656002690663e-02
1.782868656002690663e-02
1.854249711530825406e-02
1.922610531473435344e-02
1.986836582440951529e-02
2.048157222963798221e-02
2.101370122456706555e-02
2.151577448155743422e-02
2.196894185055128790e-02
2.196894185055128790e-02
2.235795876959304623e-02
2.272329079444341399e-02
2.272329079444341399e-02
2.302332713760813637e-02
2.329542722681851932e-02
2.352954095011304536e-02
2.370665953824151531e-02
2.386532814736410865e-02
2.399937559417808161e-02
2.412300292905866783e-02
2.423516125175831371e-02
2.431522558617292551e-02
2.437947408726347590e-02
2.437947408726347590e-02
2.443217691383193363e-02
2.445152538526107477e-02
2.444687175828197390e-02
2.443432500489766887e-02
2.442615344624213605e-02
2.440844030826640546e-02
2.440844030826640546e-02
2.437648613061193029e-02
2.432630652147133032e-02
2.426101070741577478e-02
2.426101070741577478e-02
2.418723253996373640e-02
2.409956799685463932e-02
2.400556961452161853e-02
2.391157192360830741e-02
2.382287372133798722e-02
2.374001658286114744e-02
2.367020235985958787e-02
2.359262779092902509e-02
2.353512665428882447e-02
2.348576202328589088e-02
2.348576202328589088e-02
2.343377372474004031e-02
2.340743822039123567e-02
2.340453942085752442e-02
2.339958903795855139e-02
2.339561750203007079e-02
2.339563978568878766e-02
2.340024190037974516e-02
2.341703013145217047e-02
2.344480098300201834e-02
2.344329832337111591e-02
2.344329832337111591e-02
2.344275214605482174e-02
2.343585735671023865e-02
2.346578860297241984e-02
2.349334851270621846e-02
2.353385384654322482e-02
2.358626511736819364e-02
2.363970779730853455e-02
2.370033867815446796e-02
2.376278128081267191e-02
2.386000120792031165e-02
2.386000120792031165e-02
2.395861232471282673e-02
2.403065244474457754e-02
2.408785784010876105e-02
2.412927498242009236e-02
2.417079735529414908e-02
2.419796258337467490e-02
2.422109818857006922e-02
2.432038236184266150e-02
2.441851844549839529e-02
2.451555284431786164e-02
2.451555284431786164e-02
2.457248850358124612e-02
2.459795736962520213e-02
2.461472299496060556e-02
2.458081273983465237e-02
2.454134777598297734e-02
2.449195519127449552e-02
2.444701471286256020e-02
2.441072682204029065e-02
2.437640951300379735e-02
2.434913122277925640e-02
2.434913122277925640e-02
2.432763892974635495e-02
2.427427087399593869e-02
2.416363455039310243e-02
2.406802412824846429e-02
2.396005092008346785e-02
2.385058067266829576e-02
2.375104923740535556e-02
2.365060794932086208e-02
2.356897442309421539e-02
2.348664477753778512e-02
2.348664477753778512e-02
2.340694339957626741e-02
2.334951797407577509e-02
2.330014861355629227e-02
2.327149179991800862e-02
2.326115561482994601e-02
2.322905783079668926e-02
2.320103972718832314e-02
2.316373821447431300e-02
2.234140310432398621e-02
2.158357671389001323e-02
2.158357671389001323e-02
2.158357671389001323e-02
2.090762729119533328e-02
2.027297105443688283e-02
1.968862968793248444e-02
1.915903108990028511e-02
1.873222464942054036e-02
1.835176833247451414e-02
1.798689712976295554e-02
1.768168627237722001e-02
1.739582023796457794e-02
1.739582023796457794e-02
1.713980137572442344e-02
1.688804314124901784e-02
1.661216000876237012e-02
1.628694532244540083e-02
1.600047358202634842e-02
1.574543614153093435e-02
1.549794121238617234e-02
1.529828385970280133e-02
1.514919954259354162e-02
1.503829948016546791e-02
1.503829948016546791e-02
1.474115940484220511e-02
1.450250848101523188e-02
1.434732289496293452e-02
1.424595290662818148e-02
1.418474821277658331e-02
1.417514890895039265e-02
1.423615833144479398e-02
1.437539461609876543e-02
1.453666122809286337e-02
1.470145923577063918e-02
1.470145923577063918e-02
1.491102972152687917e-02
1.509383158322833741e-02
1.526944739870729657e-02
1.543201281077885394e-02
1.557900886447332982e-02
1.572267420130281715e-02
1.583022346296050417e-02
1.592728249117517786e-02
1.600532750760669601e-02
1.602106419983886573e-02
1.602106419983886573e-02
1.601170709029494169e-02
1.597784861212701510e-02
1.595397788801612357e-02
1.591368131183785312e-02
1.585087536574902173e-02
1.575799428535040389e-02
1.565803106577656756e-02
1.555930956947226829e-02
1.545605640300471914e-02
1.535910891325129209e-02
1.535910891325129209e-02
1.526225049459543383e-02
1.516265405388094248e-02
1.505090885445165526e-02
1.495465075601754880e-02
1.488444256765927842e-02
1.482644253862530279e-02
1.477779651460802042e-02
1.468752019701305769e-02
1.463879123590267929e-02
1.461042012601551816e-02
1.461042012601551816e-02
1.451304517988539870e-02
1.443612472974871615e-02
1.439380747360813340e-02
1.439683941805807929e-02
1.437775426828916646e-02
1.436920430423151672e-02
1.436920430423151672e-02
1.436920430423151672e-02
1.436920430423151672e-02
1.430855644044762461e-02
1.430855644044762461e-02
1.427364206243768134e-02
1.426915424173867512e-02
1.425852917132554298e-02
1.431147921702472826e-02
1.438848493749226437e-02
1.449193163127425812e-02
1.461099025620446815e-02
1.475292600205868436e-02
1.493079808690841656e-02
1.507733081742666445e-02
1.507733081742666445e-02
1.522392906835684512e-02
1.532302495064196031e-02
1.537416905998355982e-02
1.541511829460696231e-02
1.542363301934151013e-02
1.537215753125447879e-02
1.530259885710348947e-02
1.522166168344548341e-02
1.509134156800530542e-02
1.497597381460565903e-02
1.497597381460565903e-02
1.488785980688883161e-02
1.479174403390213881e-02
1.475317130323102084e-02
1.472278360206563663e-02
1.470818642456266784e-02
1.473273305652503425e-02
1.527807857456810886e-02
1.581982670897917609e-02
1.629671759024208660e-02
1.672119432059231831e-02
1.672119432059231831e-02
1.708733443512495259e-02
1.740330384858984267e-02
1.767507205295499109e-02
1.789656845355201004e-02
1.803418389323250062e-02
1.815196531885417131e-02
1.824390791437945081e-02
1.831901275117991251e-02
1.838062614503639669e-02
1.840756883563413049e-02
1.840756883563413049e-02
1.841248067870008068e-02
1.840033651347147345e-02
1.839824094183021772e-02
1.836835206679202429e-02
1.831384633308970680e-02
1.827369116168934757e-02
1.820393938540619191e-02
1.809050052372217221e-02
1.797459442131570453e-02
1.785446686839982366e-02
1.785446686839982366e-02
1.771535519379485030e-02
1.754230078358378145e-02
1.735845847599277320e-02
1.717476891149337728e-02
1.697971154994596180e-02
1.679068606218058618e-02
1.661107464352592697e-02
1.644698668219757645e-02
1.630856565253203591e-02
1.616924478150369437e-02
1.616924478150369437e-02
1.600594982689947446e-02
1.590320184029318101e-02
1.579541490493944003e-02
1.571208760453458517e-02
1.562499587176956715e-02
1.556927904668812396e-02
1.552936731091347604e-02
1.549369886296587603e-02
1.545677784755044790e-02
1.543223214142579007e-02
1.543223214142579007e-02
1.543769542294393983e-02
1.544825632561353489e-02
1.547022766643272804e-02
1.548261484281020922e-02
1.550783730489796279e-02
1.555675261190940691e-02
1.560649337432750555e-02
1.566643042010069584e-02
1.568026131467684797e-02
1.566822700784572045e-02
1.566822700784572045e-02
1.566885984718421193e-02
1.570934817598379496e-02
1.572539121124983882e-02
1.573971877852525098e-02
1.577299930434879552e-02
1.577581592847278336e-02
1.579150941075287834e-02
1.581264720169220372e-02
1.584363121521374651e-02
1.588322780522632982e-02
1.588322780522632982e-02
1.591553696935999948e-02
1.597395427232974063e-02
1.601038999884221020e-02
1.603783224415948269e-02
1.604889434154456451e-02
1.604605293600661065e-02
1.603114738182412000e-02
1.612818884483527976e-02
1.618957567366632877e-02
1.622700748738321874e-02
1.622700748738321874e-02
1.630697195266960636e-02
1.637932311174652295e-02
1.643438987484651184e-02
1.646358408496630468e-02
1.650834125205048741e-02
1.656031628021857605e-02
1.660625596105494081e-02
1.663847662305307368e-02
1.664257808667392660e-02
1.663804560843927180e-02
1.663804560843927180e-02
1.660539925470929518e-02
1.656514491419005045e-02
1.652536713272986790e-02
1.651405113945852987e-02
1.649468758267609234e-02
1.646575835968532020e-02
1.644481599012674947e-02
1.642220724449556732e-02
1.638635020614990362e-02
1.634244996722006293e-02
1.634244996722006293e-02
1.631747242805133002e-02
1.627647388635651560e-02
1.626685120502610604e-02
1.624938913767953047e-02
1.624109265261827750e-02
1.621373939663969810e-02
1.616222357373710630e-02
1.615579463199329560e-02
1.616979405011600632e-02
1.621315909580257203e-02
