5.401680991053581238e-02
5.336395278573036194e-02
5.264379829168319702e-02
5.159845948219299316e-02
5.042506754398345947e-02
4.944561049342155457e-02
4.876332357525825500e-02
4.812815412878990173e-02
4.755460098385810852e-02
4.682956263422966003e-02
4.615388065576553345e-02
4.615388065576553345e-02
4.555452987551689148e-02
4.492489993572235107e-02
4.450628161430358887e-02
4.406582191586494446e-02
4.360512644052505493e-02
4.300789535045623779e-02
4.240904748439788818e-02
4.184288904070854187e-02
4.134985432028770447e-02
4.087111726403236389e-02
4.087111726403236389e-02
4.035170748829841614e-02
3.985053673386573792e-02
3.950504213571548462e-02
3.896912559866905212e-02
3.845104575157165527e-02
3.777061402797698975e-02
3.718763962388038635e-02
3.657082468271255493e-02
3.608979657292366028e-02
3.553884103894233704e-02
3.553884103894233704e-02
3.499247133731842041e-02
3.454142436385154724e-02
3.403783962130546570e-02
3.365919739007949829e-02
3.330342099070549011e-02
3.293276578187942505e-02
3.258258104324340820e-02
3.239513933658599854e-02
3.206496685743331909e-02
3.173065185546875000e-02
3.173065185546875000e-02
3.136426210403442383e-02
3.095979057252407074e-02
3.073668852448463440e-02
3.055609948933124542e-02
3.025376982986927032e-02
2.990759536623954773e-02
2.960923314094543457e-02
2.955751493573188782e-02
2.953186817467212677e-02
2.950970642268657684e-02
2.950970642268657684e-02
2.939224056899547577e-02
2.935477159917354584e-02
2.933117188513278961e-02
2.933124825358390808e-02
2.923965081572532654e-02
2.908377349376678467e-02
2.896287851035594940e-02
2.908821776509284973e-02
2.920746617019176483e-02
2.928527072072029114e-02
2.928527072072029114e-02
2.937546744942665100e-02
2.944825030863285065e-02
2.959620021283626556e-02
2.956046722829341888e-02
2.941785193979740143e-02
2.910532988607883453e-02
2.869814634323120117e-02
2.837324328720569611e-02
2.808262221515178680e-02
2.778907679021358490e-02
2.778907679021358490e-02
2.756538800895214081e-02
2.732529863715171814e-02
2.719485200941562653e-02
2.703227847814559937e-02
2.660080976784229279e-02
2.626066654920578003e-02
2.593934535980224609e-02
2.548789605498313904e-02
2.512068673968315125e-02
2.481683716177940369e-02
2.481683716177940369e-02
2.448569610714912415e-02
2.425657212734222412e-02
2.401941083371639252e-02
2.384838648140430450e-02
2.376424707472324371e-02
2.377831190824508667e-02
2.375136315822601318e-02
2.372028492391109467e-02
2.359785325825214386e-02
2.353643812239170074e-02
2.353643812239170074e-02
2.361447364091873169e-02
2.360155060887336731e-02
2.362164296209812164e-02
2.356436476111412048e-02
2.335733547806739807e-02
2.311041019856929779e-02
2.294395864009857178e-02
2.281299792230129242e-02
2.269684895873069763e-02
2.263867855072021484e-02
2.263867855072021484e-02
2.257223986089229584e-02
2.256485447287559509e-02
2.258138172328472137e-02
2.250133827328681946e-02
2.239114791154861450e-02
2.234338596463203430e-02
2.229777351021766663e-02
2.219052426517009735e-02
2.201844193041324615e-02
2.183190174400806427e-02
2.183190174400806427e-02
2.164549566805362701e-02
2.148084528744220734e-02
2.132622897624969482e-02
2.112980186939239502e-02
2.091963775455951691e-02
2.072399295866489410e-02
2.060508355498313904e-02
2.040593139827251434e-02
2.022096887230873108e-02
2.010299637913703918e-02
2.010299637913703918e-02
1.993155479431152344e-02
1.979245804250240326e-02
1.971782557666301727e-02
1.969264261424541473e-02
1.969061233103275299e-02
1.974986121058464050e-02
1.983029767870903015e-02
1.984364166855812073e-02
1.996248401701450348e-02
2.031894028186798096e-02
2.031894028186798096e-02
2.069357223808765411e-02
2.102595940232276917e-02
2.131113037467002869e-02
2.174782007932662964e-02
2.215320989489555359e-02
2.268184907734394073e-02
2.335582673549652100e-02
2.382342889904975891e-02
2.425896562635898590e-02
2.461338415741920471e-02
2.461338415741920471e-02
2.493532001972198486e-02
2.540478855371475220e-02
2.585462667047977448e-02
2.626386284828186035e-02
2.637495286762714386e-02
2.626832202076911926e-02
2.601931802928447723e-02
2.581257373094558716e-02
2.571894414722919464e-02
2.565346658229827881e-02
2.565346658229827881e-02
2.566772885620594025e-02
2.565498277544975281e-02
2.562972158193588257e-02
2.557716891169548035e-02
2.545056864619255066e-02
2.521225810050964355e-02
2.491152845323085785e-02
2.466356940567493439e-02
2.429505996406078339e-02
2.401077188551425934e-02
2.401077188551425934e-02
2.371518127620220184e-02
2.337997034192085266e-02
2.300902456045150757e-02
2.255997061729431152e-02
2.221590280532836914e-02
2.183742821216583252e-02
2.150518260896205902e-02
2.136974036693572998e-02
2.127155661582946777e-02
2.116634324193000793e-02
2.116634324193000793e-02
2.111210115253925323e-02
2.106315270066261292e-02
2.115222439169883728e-02
2.113308943808078766e-02
2.107980847358703613e-02
2.115680277347564697e-02
2.121343277394771576e-02
2.122166380286216736e-02
2.116198837757110596e-02
2.103064581751823425e-02
2.103064581751823425e-02
2.096214517951011658e-02
2.101081795990467072e-02
2.115150727331638336e-02
2.123962715268135071e-02
2.134397812187671661e-02
2.137958444654941559e-02
2.141468040645122528e-02
2.141468040645122528e-02
2.141468040645122528e-02
2.146875485777854919e-02
2.146875485777854919e-02
2.156216651201248169e-02
2.182018198072910309e-02
2.188080176711082458e-02
2.219549752771854401e-02
2.242130972445011139e-02
2.258197963237762451e-02
2.269584499299526215e-02
2.278819307684898376e-02
2.288801409304141998e-02
2.277087047696113586e-02
2.277087047696113586e-02
2.262522652745246887e-02
2.286317013204097748e-02
2.295521087944507599e-02
2.291249111294746399e-02
2.288568019866943359e-02
2.286164648830890656e-02
2.288851700723171234e-02
2.290468104183673859e-02
2.311737835407257080e-02
2.325844392180442810e-02
2.325844392180442810e-02
2.344973199069499969e-02
2.371341176331043243e-02
2.400134503841400146e-02
2.414747886359691620e-02
2.443194389343261719e-02
2.468038536608219147e-02
2.493584901094436646e-02
2.515794709324836731e-02
2.535754069685935974e-02
2.545563131570816040e-02
2.545563131570816040e-02
2.540344558656215668e-02
2.530954964458942413e-02
2.525411546230316162e-02
2.515383251011371613e-02
2.507170848548412323e-02
2.501679211854934692e-02
2.498948574066162109e-02
2.499407343566417694e-02
2.502164058387279510e-02
2.510560676455497742e-02
2.510560676455497742e-02
2.530815824866294861e-02
2.554355561733245850e-02
2.568067982792854309e-02
2.594445832073688507e-02
2.605717070400714874e-02
2.622721157968044281e-02
2.642831206321716309e-02
2.666905336081981659e-02
2.678464725613594055e-02
2.653047442436218262e-02
2.653047442436218262e-02
2.633278816938400269e-02
2.608722820878028870e-02
2.570401504635810852e-02
2.531998790800571442e-02
2.488178387284278870e-02
2.447553724050521851e-02
2.410742640495300293e-02
2.369432710111141205e-02
2.332108281552791595e-02
2.309764549136161804e-02
2.309764549136161804e-02
2.287935093045234680e-02
2.281524613499641418e-02
2.285812608897686005e-02
2.291457168757915497e-02
2.321178093552589417e-02
2.366638183593750000e-02
2.418479137122631073e-02
2.472323551774024963e-02
2.520608715713024139e-02
2.558215148746967316e-02
2.558215148746967316e-02
2.586222440004348755e-02
2.616190165281295776e-02
2.634198032319545746e-02
2.654241770505905151e-02
2.667102217674255371e-02
2.657739259302616119e-02
2.647531591355800629e-02
2.640896849334239960e-02
2.610501274466514587e-02
2.583819068968296051e-02
2.583819068968296051e-02
2.559147030115127563e-02
2.529611811041831970e-02
2.500470355153083801e-02
2.480841241776943207e-02
2.461175248026847839e-02
2.439970709383487701e-02
2.421691268682479858e-02
2.426320500671863556e-02
2.434809878468513489e-02
2.446512691676616669e-02
2.446512691676616669e-02
2.444169484078884125e-02
2.441320009529590607e-02
2.433492057025432587e-02
2.420221827924251556e-02
2.405270747840404510e-02
2.392897382378578186e-02
2.385102771222591400e-02
2.384503930807113647e-02
2.383298613131046295e-02
2.390023320913314819e-02
2.390023320913314819e-02
2.395015582442283630e-02
2.402181550860404968e-02
2.413763105869293213e-02
2.438629791140556335e-02
2.459326200187206268e-02
2.473946660757064819e-02
2.488880790770053864e-02
2.511271275579929352e-02
2.526683732867240906e-02
2.549508400261402130e-02
2.549508400261402130e-02
2.584896236658096313e-02
2.623454667627811432e-02
2.677107416093349457e-02
2.738202922046184540e-02
2.785324305295944214e-02
2.824594825506210327e-02
2.870078198611736298e-02
2.918362058699131012e-02
2.955159544944763184e-02
2.984219603240489960e-02
2.984219603240489960e-02
3.014901280403137207e-02
3.031354956328868866e-02
3.057974390685558319e-02
3.088916651904582977e-02
3.116343729197978973e-02
3.134448826313018799e-02
3.147672861814498901e-02
3.160861134529113770e-02
3.173527121543884277e-02
3.179901838302612305e-02
3.179901838302612305e-02
3.187818825244903564e-02
3.193982318043708801e-02
3.200479224324226379e-02
3.242831304669380188e-02
3.281446546316146851e-02
3.308795019984245300e-02
3.320065885782241821e-02
3.333221003413200378e-02
3.332607448101043701e-02
3.325897827744483948e-02
3.325897827744483948e-02
3.310578316450119019e-02
3.274608403444290161e-02
3.230943158268928528e-02
3.185246139764785767e-02
3.122217953205108643e-02
3.052294068038463593e-02
2.983697876334190369e-02
2.908701449632644653e-02
2.834894135594367981e-02
2.761100791394710541e-02
2.761100791394710541e-02
2.761100791394710541e-02
2.697938121855258942e-02
2.697938121855258942e-02
2.697938121855258942e-02
2.697938121855258942e-02
2.697938121855258942e-02
2.641305513679981232e-02
2.601065672934055328e-02
2.569818496704101562e-02
2.546377107501029968e-02
2.546377107501029968e-02
2.542925998568534851e-02
2.551737427711486816e-02
2.578654699027538300e-02
2.602073177695274353e-02
2.610280178487300873e-02
2.609815448522567749e-02
2.607589215040206909e-02
2.602718584239482880e-02
2.601300738751888275e-02
2.594804950058460236e-02
2.594804950058460236e-02
2.585604600608348846e-02
2.562312968075275421e-02
2.526135742664337158e-02
2.486619353294372559e-02
2.440958842635154724e-02
2.391369268298149109e-02
2.354767918586730957e-02
2.323147468268871307e-02
2.300754748284816742e-02
2.287562377750873566e-02
2.287562377750873566e-02
2.281507849693298340e-02
2.271413430571556091e-02
2.266433276236057281e-02
2.260316908359527588e-02
2.254257164895534515e-02
2.255021966993808746e-02
2.255959063768386841e-02
2.252639457583427429e-02
2.251885645091533661e-02
2.242838591337203979e-02
2.242838591337203979e-02
2.221674658358097076e-02
2.197471633553504944e-02
2.179253473877906799e-02
2.160558477044105530e-02
2.141122147440910339e-02
2.119020186364650726e-02
2.119776047766208649e-02
2.106451056897640228e-02
2.103706635534763336e-02
2.103423886001110077e-02
2.103423886001110077e-02
2.102831192314624786e-02
2.104410529136657715e-02
2.115490101277828217e-02
2.075821347534656525e-02
2.045166306197643280e-02
2.014927566051483154e-02
1.987615786492824554e-02
1.951263844966888428e-02
1.942495815455913544e-02
1.930373348295688629e-02
1.930373348295688629e-02
1.936325617134571075e-02
1.966779120266437531e-02
2.003905735909938812e-02
2.034611254930496216e-02
2.060062251985073090e-02
2.068487368524074554e-02
2.066796645522117615e-02
2.057671546936035156e-02
2.043386176228523254e-02
2.006991393864154816e-02
2.006991393864154816e-02
1.971090398728847504e-02
1.944556087255477905e-02
1.923413574695587158e-02
1.907786540687084198e-02
1.897519081830978394e-02
1.899466663599014282e-02
1.892950385808944702e-02
1.879568956792354584e-02
1.868228800594806671e-02
1.856467686593532562e-02
1.856467686593532562e-02
1.844451949000358582e-02
1.820946484804153442e-02
1.815620623528957367e-02
1.812848635017871857e-02
1.815194822847843170e-02
1.829655282199382782e-02
1.856588199734687805e-02
1.888537965714931488e-02
1.926554925739765167e-02
1.961655355989933014e-02
1.961655355989933014e-02
1.990613155066967010e-02
2.019297517836093903e-02
2.049429342150688171e-02
2.084596455097198486e-02
2.109707891941070557e-02
2.130042016506195068e-02
2.147527039051055908e-02
2.160153351724147797e-02
2.164595387876033783e-02
2.157888002693653107e-02
2.157888002693653107e-02
2.138706669211387634e-02
2.117424085736274719e-02
2.094851434230804443e-02
2.066777087748050690e-02
2.031935378909111023e-02
2.000607363879680634e-02
1.979621127247810364e-02
1.965411938726902008e-02
1.948196254670619965e-02
1.937509514391422272e-02
1.937509514391422272e-02
1.937863789498806000e-02
1.933101378381252289e-02
1.892115920782089233e-02
1.849162019789218903e-02
1.804894208908081055e-02
1.760830730199813843e-02
1.731953583657741547e-02
1.711635477840900421e-02
1.694786734879016876e-02
1.680546067655086517e-02
1.680546067655086517e-02
1.672217622399330139e-02
1.651615649461746216e-02
1.629331335425376892e-02
1.601896435022354126e-02
1.576843857765197754e-02
1.556936837732791901e-02
1.538392622023820877e-02
1.492207404226064682e-02
1.616921648383140564e-02
1.735289208590984344e-02
1.735289208590984344e-02
1.831007748842239380e-02
1.920892857015132904e-02
1.998015865683555603e-02
2.067688107490539551e-02
2.133041433990001678e-02
2.190905623137950897e-02
2.240486256778240204e-02
2.282998710870742798e-02
2.326155826449394226e-02
2.374693937599658966e-02
2.374693937599658966e-02
2.411021105945110321e-02
2.431206963956356049e-02
2.447608672082424164e-02
2.418547868728637695e-02
2.383595705032348633e-02
2.351163327693939209e-02
2.315638959407806396e-02
2.281144820153713226e-02
2.245061285793781281e-02
2.208308316767215729e-02
2.208308316767215729e-02
2.173115313053131104e-02
2.139465138316154480e-02
2.104098908603191376e-02
2.075753360986709595e-02
2.049634605646133423e-02
2.036146447062492371e-02
2.020961791276931763e-02
1.995294168591499329e-02
1.996048353612422943e-02
1.995318010449409485e-02
1.995318010449409485e-02
1.990541443228721619e-02
1.991832815110683441e-02
1.991527527570724487e-02
1.991594396531581879e-02
1.983722858130931854e-02
1.975865289568901062e-02
1.967527158558368683e-02
1.962117478251457214e-02
1.958280242979526520e-02
1.954243332147598267e-02
1.954243332147598267e-02
1.946573518216609955e-02
1.940277591347694397e-02
1.936559006571769714e-02
1.932951807975769043e-02
1.930707134306430817e-02
1.935006305575370789e-02
1.899141818284988403e-02
1.882035098969936371e-02
1.871798746287822723e-02
1.874414831399917603e-02
