4.695690951051106204e-02
4.689942046023628380e-02
4.802872627414320195e-02
4.918434236787001812e-02
5.044710813261316790e-02
5.147626568116966950e-02
5.243987988161492864e-02
5.334322902627462726e-02
5.426178874086013543e-02
5.520151330451414373e-02
5.559524922670126129e-02
5.592686841891876537e-02
5.652010342105183438e-02
5.709172714463840725e-02
5.764872143258545356e-02
5.830967700927059544e-02
5.883053292753072372e-02
5.932437904313241778e-02
5.976892141778737677e-02
6.000924382612975172e-02
6.000799185863762292e-02
5.995671409599755142e-02
5.995615847668119697e-02
5.994623565587062219e-02
5.977156992157204446e-02
5.955122713095652165e-02
5.925416406232311695e-02
5.895648488657677377e-02
5.860197629133625380e-02
5.836529609252368717e-02
5.812624177779496942e-02
