2.196517586708068848e-02
2.196517586708068848e-02
2.346817031502723694e-02
2.320919185876846313e-02
2.309693396091461182e-02
2.301329374313354492e-02
2.316794544458389282e-02
2.295664139091968536e-02
2.281311154365539551e-02
2.278321236371994019e-02
2.277195453643798828e-02
2.290368825197219849e-02
2.290368825197219849e-02
2.291280962526798248e-02
2.315915375947952271e-02
2.343575842678546906e-02
2.381432428956031799e-02
2.418447099626064301e-02
2.464813180267810822e-02
2.505359612405300140e-02
2.550050988793373108e-02
2.590135484933853149e-02
2.645592950284481049e-02
2.645592950284481049e-02
2.680978365242481232e-02
2.707828022539615631e-02
2.742175571620464325e-02
2.765733934938907623e-02
2.792251855134963989e-02
2.811567299067974091e-02
2.824022434651851654e-02
2.835518866777420044e-02
2.846056409180164337e-02
2.853449806571006775e-02
2.853449806571006775e-02
2.869810909032821655e-02
2.906574122607707977e-02
2.939854376018047333e-02
2.985836006700992584e-02
3.026982210576534271e-02
3.074361197650432587e-02
3.115604631602764130e-02
3.151738643646240234e-02
3.188974782824516296e-02
3.232474252581596375e-02
3.232474252581596375e-02
3.276799246668815613e-02
3.317425027489662170e-02
3.347145766019821167e-02
3.375259786844253540e-02
3.394638374447822571e-02
3.419289737939834595e-02
3.432971984148025513e-02
3.451058268547058105e-02
3.480431064963340759e-02
3.504483401775360107e-02
3.504483401775360107e-02
3.509372472763061523e-02
3.507698699831962585e-02
3.503847122192382812e-02
3.522870317101478577e-02
3.543540835380554199e-02
3.571026772260665894e-02
3.591378778219223022e-02
3.619054704904556274e-02
3.646641969680786133e-02
3.679753467440605164e-02
3.679753467440605164e-02
3.714398294687271118e-02
3.744377568364143372e-02
3.777875378727912903e-02
3.818750753998756409e-02
3.863582015037536621e-02
3.898442164063453674e-02
3.937071189284324646e-02
3.972135111689567566e-02
4.011370986700057983e-02
4.046151414513587952e-02
4.046151414513587952e-02
4.083881154656410217e-02
4.121203348040580750e-02
4.149939492344856262e-02
4.174901917576789856e-02
4.197223857045173645e-02
4.211463034152984619e-02
4.210882633924484253e-02
4.203964769840240479e-02
4.237466678023338318e-02
4.254922270774841309e-02
4.254922270774841309e-02
4.279449954628944397e-02
4.280555620789527893e-02
4.266069084405899048e-02
4.237410798668861389e-02
4.196982458233833313e-02
4.159713536500930786e-02
4.113795980811119080e-02
4.055086150765419006e-02
4.009365662932395935e-02
4.023582115769386292e-02
4.023582115769386292e-02
4.031058400869369507e-02
4.035721346735954285e-02
4.034231230616569519e-02
4.023772850632667542e-02
4.010125994682312012e-02
3.998311609029769897e-02
3.981158137321472168e-02
3.958167880773544312e-02
3.925590589642524719e-02
3.895474597811698914e-02
3.895474597811698914e-02
3.856451064348220825e-02
3.811816498637199402e-02
3.764924034476280212e-02
3.709799796342849731e-02
3.647779300808906555e-02
3.592982515692710876e-02
3.530813008546829224e-02
3.488147258758544922e-02
3.457785397768020630e-02
3.431578353047370911e-02
3.431578353047370911e-02
3.418395668268203735e-02
3.417589515447616577e-02
3.415497019886970520e-02
3.414301574230194092e-02
3.406086191534996033e-02
3.408474102616310120e-02
3.405670076608657837e-02
3.402982279658317566e-02
3.405478969216346741e-02
3.410559520125389099e-02
3.410559520125389099e-02
3.411924093961715698e-02
3.408065438270568848e-02
3.397385030984878540e-02
3.385103493928909302e-02
3.363838791847229004e-02
3.344329446554183960e-02
3.324562683701515198e-02
3.298079967498779297e-02
3.274474292993545532e-02
3.250795230269432068e-02
3.250795230269432068e-02
3.250305727124214172e-02
3.246960043907165527e-02
3.248666226863861084e-02
3.245595842599868774e-02
3.242880851030349731e-02
3.239535912871360779e-02
3.235058486461639404e-02
3.235898911952972412e-02
3.248129785060882568e-02
3.251553326845169067e-02
3.251553326845169067e-02
3.264713287353515625e-02
3.277073428034782410e-02
3.278638049960136414e-02
3.278351947665214539e-02
3.268921747803688049e-02
3.266027569770812988e-02
3.256046772003173828e-02
3.247479721903800964e-02
3.242943063378334045e-02
3.238841891288757324e-02
3.238841891288757324e-02
3.248086944222450256e-02
3.272276371717453003e-02
3.302379697561264038e-02
3.331159427762031555e-02
3.376277163624763489e-02
3.420134261250495911e-02
3.461468219757080078e-02
3.490042313933372498e-02
3.506916388869285583e-02
3.509725630283355713e-02
3.509725630283355713e-02
3.488932177424430847e-02
3.473285958170890808e-02
3.453498333692550659e-02
3.434965014457702637e-02
3.430110216140747070e-02
3.425149619579315186e-02
3.418574482202529907e-02
3.416793048381805420e-02
3.408819064497947693e-02
3.416255116462707520e-02
3.416255116462707520e-02
3.410642966628074646e-02
3.383490070700645447e-02
3.339618071913719177e-02
3.286946564912796021e-02
3.242193907499313354e-02
3.203459084033966064e-02
3.166858851909637451e-02
3.133729845285415649e-02
3.104511834681034088e-02
3.080745786428451538e-02
3.080745786428451538e-02
3.053604438900947571e-02
3.052601031959056854e-02
3.043289482593536377e-02
3.030913136899471283e-02
3.019903786480426788e-02
3.010072931647300720e-02
2.995658293366432190e-02
2.968778833746910095e-02
2.926651574671268463e-02
2.904269285500049591e-02
2.904269285500049591e-02
2.901528961956501007e-02
2.913081645965576172e-02
2.946895919740200043e-02
3.003719262778759003e-02
3.085220977663993835e-02
3.168564662337303162e-02
3.239388763904571533e-02
3.301941230893135071e-02
3.347920253872871399e-02
3.390450775623321533e-02
3.390450775623321533e-02
3.428126126527786255e-02
3.466698154807090759e-02
3.501740470528602600e-02
3.454050794243812561e-02
3.404263779520988464e-02
3.364929556846618652e-02
3.332124650478363037e-02
3.310478851199150085e-02
3.278401121497154236e-02
3.244107961654663086e-02
3.244107961654663086e-02
3.215473890304565430e-02
3.178349509835243225e-02
3.144790977239608765e-02
3.117187321186065674e-02
3.102263994514942169e-02
3.090734779834747314e-02
3.088125772774219513e-02
3.088569454848766327e-02
3.089470043778419495e-02
3.104206360876560211e-02
3.104206360876560211e-02
3.110261633992195129e-02
3.127709031105041504e-02
3.162171691656112671e-02
3.196093440055847168e-02
3.235888853669166565e-02
3.276205435395240784e-02
3.309636190533638000e-02
3.337167575955390930e-02
3.361205756664276123e-02
3.368521481752395630e-02
3.368521481752395630e-02
3.384891897439956665e-02
3.379891440272331238e-02
3.370030224323272705e-02
3.358445316553115845e-02
3.354549407958984375e-02
3.342547640204429626e-02
3.329645842313766479e-02
3.308955579996109009e-02
3.277185559272766113e-02
3.243398666381835938e-02
3.243398666381835938e-02
3.205788508057594299e-02
3.178758546710014343e-02
3.182611986994743347e-02
3.198667988181114197e-02
3.228029608726501465e-02
3.262378647923469543e-02
3.282792121171951294e-02
3.293467685580253601e-02
3.296045586466789246e-02
3.294825926423072815e-02
3.294825926423072815e-02
3.289547935128211975e-02
3.281806036829948425e-02
3.267513588070869446e-02
3.275120630860328674e-02
3.291761502623558044e-02
3.304438292980194092e-02
3.300566226243972778e-02
3.286659345030784607e-02
3.280264511704444885e-02
3.291808813810348511e-02
3.291808813810348511e-02
3.298487514257431030e-02
3.309607878327369690e-02
3.315661847591400146e-02
3.323772549629211426e-02
3.347491845488548279e-02
3.384006768465042114e-02
3.407969698309898376e-02
3.422589600086212158e-02
3.433410450816154480e-02
3.451490029692649841e-02
3.451490029692649841e-02
3.472386300563812256e-02
3.489611297845840454e-02
3.514941036701202393e-02
3.537645190954208374e-02
3.551519289612770081e-02
3.568344935774803162e-02
3.581016138195991516e-02
3.587821498513221741e-02
3.592034801840782166e-02
3.582223877310752869e-02
3.582223877310752869e-02
3.571774065494537354e-02
3.557180985808372498e-02
3.542832657694816589e-02
3.559139370918273926e-02
3.567400574684143066e-02
3.576574474573135376e-02
3.572753071784973145e-02
3.574661910533905029e-02
3.569778054952621460e-02
3.501793369650840759e-02
3.501793369650840759e-02
3.440094366669654846e-02
3.388305380940437317e-02
3.329114615917205811e-02
3.282460570335388184e-02
3.248739615082740784e-02
3.221787884831428528e-02
3.203896805644035339e-02
3.196897357702255249e-02
3.190760314464569092e-02
3.193791955709457397e-02
3.193791955709457397e-02
3.203985095024108887e-02
3.225666657090187073e-02
3.245929628610610962e-02
3.268161788582801819e-02
3.296474367380142212e-02
3.330603614449501038e-02
3.374895080924034119e-02
3.418166190385818481e-02
3.467966243624687195e-02
3.514745458960533142e-02
3.514745458960533142e-02
3.559924289584159851e-02
3.611590713262557983e-02
3.671611845493316650e-02
3.742004558444023132e-02
3.803820908069610596e-02
3.869257122278213501e-02
3.927189856767654419e-02
3.985923528671264648e-02
4.039459675550460815e-02
4.039459675550460815e-02
4.039459675550460815e-02
4.093335568904876709e-02
4.144420847296714783e-02
4.200246557593345642e-02
4.247546195983886719e-02
4.285904765129089355e-02
4.327817633748054504e-02
4.368672892451286316e-02
4.403813183307647705e-02
4.434540495276451111e-02
4.458279907703399658e-02
4.458279907703399658e-02
4.490726068615913391e-02
4.520821198821067810e-02
4.556724056601524353e-02
4.556724056601524353e-02
4.556724056601524353e-02
4.556724056601524353e-02
4.556724056601524353e-02
4.556724056601524353e-02
4.556724056601524353e-02
4.667727649211883545e-02
4.667727649211883545e-02
4.764858260750770569e-02
4.849162325263023376e-02
4.927103966474533081e-02
5.001807212829589844e-02
5.058733746409416199e-02
5.107258632779121399e-02
5.140957236289978027e-02
5.170472711324691772e-02
5.197736993432044983e-02
5.228955298662185669e-02
5.228955298662185669e-02
5.256592854857444763e-02
5.252417176961898804e-02
5.249916017055511475e-02
5.258655175566673279e-02
5.269289016723632812e-02
5.270652472972869873e-02
5.269687250256538391e-02
5.271761864423751831e-02
5.272304266691207886e-02
5.273351073265075684e-02
5.273351073265075684e-02
5.269511044025421143e-02
5.274716764688491821e-02
5.284384638071060181e-02
5.306135490536689758e-02
5.328696966171264648e-02
5.350952968001365662e-02
5.372482165694236755e-02
5.392762273550033569e-02
5.410858243703842163e-02
5.432152003049850464e-02
5.432152003049850464e-02
5.447491258382797241e-02
5.437656864523887634e-02
5.427352339029312134e-02
5.418701097369194031e-02
5.411747097969055176e-02
5.399173498153686523e-02
5.389646068215370178e-02
5.378246679902076721e-02
5.365518108010292053e-02
5.354839563369750977e-02
5.354839563369750977e-02
5.350904911756515503e-02
5.342346429824829102e-02
5.362346023321151733e-02
5.387310311198234558e-02
5.407213047146797180e-02
5.379341170191764832e-02
5.357985198497772217e-02
5.338315293192863464e-02
5.320630595088005066e-02
5.308199301362037659e-02
