4.159761220216751099e-02
3.977359458804130554e-02
4.046633467078208923e-02
3.845167532563209534e-02
3.744904324412345886e-02
3.662323951721191406e-02
3.787737339735031128e-02
3.977624326944351196e-02
4.181851074099540710e-02
4.348132759332656860e-02
4.526685923337936401e-02
4.526685923337936401e-02
4.710868000984191895e-02
4.800780117511749268e-02
4.847906902432441711e-02
4.894911497831344604e-02
4.909035190939903259e-02
4.903038963675498962e-02
4.856912046670913696e-02
4.700695350766181946e-02
4.506481438875198364e-02
4.324034601449966431e-02
4.324034601449966431e-02
4.217494651675224304e-02
4.051289707422256470e-02
3.851071372628211975e-02
3.668999299407005310e-02
3.528285399079322815e-02
3.513187542557716370e-02
3.527865186333656311e-02
3.559504076838493347e-02
3.593936562538146973e-02
3.640170022845268250e-02
3.640170022845268250e-02
3.558446094393730164e-02
3.536228835582733154e-02
3.521191328763961792e-02
3.398823365569114685e-02
3.281662613153457642e-02
3.133249655365943909e-02
3.027128987014293671e-02
2.791717834770679474e-02
2.594576403498649597e-02
2.356858924031257629e-02
2.356858924031257629e-02
2.240431495010852814e-02
2.154428325593471527e-02
2.001350186765193939e-02
1.932525262236595154e-02
1.891954801976680756e-02
1.852227933704853058e-02
1.782162301242351532e-02
1.765993051230907440e-02
1.750447787344455719e-02
1.841587759554386139e-02
1.841587759554386139e-02
1.930193044245243073e-02
2.079293504357337952e-02
2.288890630006790161e-02
2.513503096997737885e-02
2.714771032333374023e-02
2.916586026549339294e-02
3.227128461003303528e-02
3.514588624238967896e-02
3.805683925747871399e-02
4.045555368065834045e-02
4.045555368065834045e-02
4.245010018348693848e-02
4.451737180352210999e-02
4.638342186808586121e-02
4.799321666359901428e-02
4.917074367403984070e-02
5.031057447195053101e-02
5.096662044525146484e-02
5.160497128963470459e-02
5.177672579884529114e-02
5.152178928256034851e-02
5.152178928256034851e-02
5.059575289487838745e-02
5.002510920166969299e-02
4.920350760221481323e-02
4.757593199610710144e-02
4.640123993158340454e-02
4.578182846307754517e-02
4.392377287149429321e-02
4.257849603891372681e-02
4.171137884259223938e-02
4.107044637203216553e-02
4.107044637203216553e-02
4.053367674350738525e-02
3.945328295230865479e-02
3.824594989418983459e-02
3.720734640955924988e-02
3.664850071072578430e-02
3.598988801240921021e-02
3.478305041790008545e-02
3.343113139271736145e-02
3.273087739944458008e-02
3.211499005556106567e-02
3.211499005556106567e-02
3.194553032517433167e-02
3.192489594221115112e-02
3.198499232530593872e-02
3.233943879604339600e-02
3.209796920418739319e-02
3.209562972187995911e-02
3.228993713855743408e-02
3.256181254982948303e-02
3.257428854703903198e-02
3.244473412632942200e-02
3.244473412632942200e-02
3.242532163858413696e-02
3.212593495845794678e-02
3.127581998705863953e-02
3.047935664653778076e-02
2.985611744225025177e-02
2.923028543591499329e-02
2.882628329098224640e-02
2.907496690750122070e-02
2.941922843456268311e-02
2.971392124891281128e-02
2.971392124891281128e-02
2.877502515912055969e-02
2.819603495299816132e-02
2.750749699771404266e-02
2.680866792798042297e-02
2.637720480561256409e-02
2.617013081908226013e-02
2.570350468158721924e-02
2.446678839623928070e-02
2.276788838207721710e-02
2.114720083773136139e-02
2.114720083773136139e-02
2.082260698080062866e-02
2.100774087011814117e-02
2.186118811368942261e-02
2.269491180777549744e-02
2.393561974167823792e-02
2.505513653159141541e-02
2.640591934323310852e-02
2.735404483973979950e-02
2.825968340039253235e-02
2.922703884541988373e-02
