3.010644204914569855e-02
3.010644204914569855e-02
3.026526235044002533e-02
3.131047263741493225e-02
3.194171190261840820e-02
3.253327310085296631e-02
3.287912532687187195e-02
3.324270993471145630e-02
3.338068351149559021e-02
3.374298289418220520e-02
3.373456001281738281e-02
3.386768698692321777e-02
3.386768698692321777e-02
3.429154679179191589e-02
3.474889695644378662e-02
3.530643507838249207e-02
3.570622205734252930e-02
3.606928884983062744e-02
3.654314577579498291e-02
3.701950609683990479e-02
3.744358569383621216e-02
3.792320564389228821e-02
3.837211802601814270e-02
