6.906687074214538057e-03
6.906687074214538057e-03
6.319212596083340940e-03
6.788859234721899422e-03
6.647508421186902952e-03
6.708251181630131219e-03
6.568763976639774294e-03
6.567572504186143176e-03
6.621751298195562366e-03
6.637436165509711869e-03
6.792869612388161005e-03
6.963216290556371001e-03
6.963216290556371001e-03
6.859502809608040291e-03
6.773376739780731688e-03
6.729866879839230265e-03
6.681106014539765249e-03
6.598212879553279168e-03
6.538717196425303420e-03
6.374497520181924247e-03
6.004619939993432153e-03
5.528031016056346447e-03
5.132618884305063453e-03
5.132618884305063453e-03
4.858042999217748389e-03
4.702861114038273636e-03
4.623663136185724234e-03
4.690387445650035826e-03
4.798126608429678815e-03
4.777843587919466083e-03
4.832598994487901332e-03
4.978499413056535969e-03
5.209605767108015095e-03
5.472154797383113438e-03
5.472154797383113438e-03
5.705815001407532443e-03
5.866892488782351686e-03
5.932942800732147332e-03
5.938740379011082579e-03
5.903454485372735747e-03
5.850007880168719109e-03
5.816256856522976360e-03
5.835447767600036167e-03
5.826963861834488431e-03
5.848169799464519175e-03
5.848169799464519175e-03
5.891149925068098550e-03
5.868360346145830297e-03
5.875259133717365169e-03
5.866402799809585476e-03
5.831110919782860579e-03
5.790146299204552982e-03
5.689752626361461139e-03
5.624175490034064896e-03
5.632315616278951199e-03
5.782705851270541000e-03
5.782705851270541000e-03
5.789649231860261036e-03
5.866459404456716466e-03
5.816049597595932159e-03
5.944859634576314493e-03
6.164804304609969483e-03
6.203093467387721209e-03
6.267866990894337478e-03
6.305553780543909220e-03
6.039760691207578074e-03
5.817804066793784250e-03
5.817804066793784250e-03
5.608465211034996747e-03
5.408990436156908138e-03
5.233663960997086972e-03
5.165173060404099591e-03
5.148306630621290493e-03
5.096060689619156397e-03
5.037372949429930538e-03
5.051260648355008695e-03
5.010167975779880774e-03
4.963069319242910393e-03
4.963069319242910393e-03
5.031000627051963187e-03
5.109063426823328910e-03
5.142624266069606605e-03
5.088741854242089316e-03
4.981494227188093364e-03
4.933462154884641140e-03
5.010754765564459125e-03
5.040038735516376260e-03
5.244421674543284055e-03
5.429973550887821736e-03
5.429973550887821736e-03
5.526709662831161794e-03
5.912545722078366671e-03
6.145140547847077056e-03
6.266897317372797753e-03
6.049264038828529311e-03
5.710689751312360112e-03
5.209665498417777145e-03
4.661237405587536145e-03
4.265411927721427660e-03
3.835374818831238826e-03
3.835374818831238826e-03
3.463042308243375212e-03
3.084751881525248356e-03
2.832881942966863648e-03
2.835269557392232700e-03
3.281130395384369933e-03
3.962759929992240061e-03
4.561177698258794995e-03
4.980706801075400134e-03
5.156492330518133195e-03
5.183353448788350151e-03
5.183353448788350151e-03
5.248090439386485923e-03
5.727666726804567232e-03
6.180862360859551950e-03
6.498439312819511565e-03
6.358698117914879551e-03
5.838536520612551406e-03
5.172132442375512382e-03
4.829594968051563811e-03
4.696991655739456845e-03
4.482281454791265697e-03
4.482281454791265697e-03
4.501331449037725314e-03
4.665505999128887610e-03
4.931115899711110105e-03
5.274347845003293442e-03
5.586778318700766008e-03
5.863524324617211750e-03
6.300025739512579541e-03
6.687090981906396170e-03
6.976101173122623185e-03
7.104534240855763308e-03
7.104534240855763308e-03
7.225814451055946608e-03
7.459875650617523758e-03
6.975176893314574689e-03
6.524791892966595903e-03
6.248660876444843415e-03
5.937893273182120665e-03
5.782227570371340462e-03
6.538830402824967643e-03
7.389727319283455158e-03
8.273893234744204156e-03
8.273893234744204156e-03
9.150103717729516153e-03
9.897133294002791529e-03
1.051290216367743550e-02
1.103392712491146031e-02
1.145229671993652776e-02
1.171596646265433972e-02
1.190177484027693522e-02
1.203803863004518186e-02
1.207824427205410854e-02
1.208317334272618164e-02
1.208317334272618164e-02
1.201655923070287305e-02
1.194525220400918797e-02
1.183182688045647871e-02
1.167804704419080943e-02
1.139239217997385818e-02
1.107574244264448483e-02
1.074690503697369078e-02
1.043296276735782707e-02
1.013626171478699753e-02
9.848891404008198666e-03
9.848891404008198666e-03
9.567346065457841414e-03
9.194169078500633377e-03
8.670590712718110812e-03
8.176519384866451357e-03
7.734674508264141254e-03
7.472625213289119973e-03
7.305323228087788091e-03
7.099409056687154204e-03
6.601631304048935500e-03
6.074141233312594854e-03
6.074141233312594854e-03
5.827778331607468519e-03
5.837501188842013355e-03
5.978983312624946110e-03
5.955775344302769413e-03
5.659258361777702757e-03
5.355115279851262525e-03
5.020701727105006222e-03
4.666638749501821580e-03
4.620340492894160940e-03
4.692975272593937278e-03
4.692975272593937278e-03
4.796116444338752866e-03
4.614691890787618773e-03
4.447671712216567236e-03
4.180843731015502530e-03
3.865761783822304915e-03
3.680238578567108457e-03
3.578719889395814112e-03
3.641944551284572503e-03
3.738282283165857405e-03
3.791815563162974616e-03
3.791815563162974616e-03
4.026900870128229809e-03
4.204685767376995821e-03
4.188210676920208625e-03
4.019545740105876994e-03
4.005038197744961725e-03
4.128040716092159015e-03
4.496846905746197318e-03
4.844039929090567138e-03
4.979533199378982471e-03
4.826985651826569065e-03
4.826985651826569065e-03
4.622865829319549105e-03
4.557427138193688443e-03
4.596912397617730281e-03
4.839655328972401402e-03
5.132766548272714967e-03
5.279740394177877619e-03
5.233072040190240096e-03
5.048035158206257318e-03
4.789744101534760927e-03
4.691844184109649103e-03
4.691844184109649103e-03
4.639031644955471899e-03
4.688967700473406323e-03
4.773909689836811597e-03
4.875723470230542214e-03
4.908334766649235723e-03
4.888133428522395754e-03
4.845324090498791432e-03
4.851180683122219457e-03
4.907459979705488043e-03
4.722189109374287305e-03
4.722189109374287305e-03
4.540839767225351466e-03
4.309900103879037506e-03
4.121019803441318755e-03
3.916904240670427730e-03
3.854222496239718618e-03
3.889682067109205121e-03
4.003927259857705673e-03
4.150384820219077571e-03
4.255961542393560566e-03
4.264805597568989935e-03
4.264805597568989935e-03
4.288417550725438440e-03
4.380989285871691834e-03
4.539863182234990871e-03
4.608627978509218653e-03
4.561355374511810029e-03
4.456191710088376959e-03
4.322968795933691301e-03
4.186814080259901663e-03
4.156360557605242798e-03
4.146072723523486561e-03
4.146072723523486561e-03
4.237773272199356171e-03
4.288193553553480003e-03
4.204080297527285591e-03
4.024157641274988401e-03
3.893819015824257889e-03
3.881215863917097941e-03
3.996899072850507682e-03
4.143002831540882822e-03
4.158472987551489232e-03
4.105359094100900948e-03
4.105359094100900948e-03
4.063823412102812206e-03
4.109484549845804358e-03
4.230958162744304085e-03
4.428656491700454223e-03
4.530828908228565904e-03
4.649321401975332890e-03
4.660934676226849947e-03
4.684246317555014819e-03
4.720628135368561996e-03
4.771920663051433011e-03
4.771920663051433011e-03
4.895932182907469961e-03
4.895932182907469961e-03
4.895932182907469961e-03
4.895932182907469961e-03
4.958993158018492470e-03
4.962448624871502144e-03
4.858089667604578721e-03
4.717602307483102775e-03
4.675617343872306465e-03
4.652768253741878905e-03
4.652768253741878905e-03
4.653644357404485531e-03
4.592020385770663286e-03
4.532204781674733368e-03
4.488361377115755030e-03
4.539153475699046758e-03
4.566015488461772423e-03
4.574842292526295692e-03
4.550742352094586107e-03
4.521620286779881592e-03
4.524368723196552956e-03
4.524368723196552956e-03
4.564863023595624320e-03
4.585721845739095144e-03
4.622377952268203090e-03
4.671723214332482339e-03
4.482394360972146059e-03
4.457926692644296161e-03
4.603851102435665803e-03
4.822158021769377967e-03
5.004890113825973506e-03
5.063172632929928418e-03
5.063172632929928418e-03
5.025262632750645241e-03
5.009994765912770091e-03
5.089916049928948881e-03
5.255871704079359552e-03
5.462031170903042590e-03
5.601948913931994144e-03
5.503480394474021854e-03
5.401027449639601678e-03
5.385756953170615577e-03
5.454924820025050351e-03
5.454924820025050351e-03
5.525987814276342967e-03
5.492182082713716919e-03
5.387348435853055173e-03
5.257688882228717109e-03
5.169573277063362927e-03
5.045129949359230745e-03
4.942427302115109944e-03
4.849273871565815477e-03
4.808512178432519657e-03
4.796822154257186950e-03
4.796822154257186950e-03
4.832023738595691946e-03
4.831759994740971592e-03
4.851299220673447286e-03
4.901788668465787736e-03
5.030804281097000542e-03
5.233519167328843334e-03
5.446929814331102210e-03
5.641235360626193490e-03
5.756769313626620456e-03
5.770217988060425372e-03
5.770217988060425372e-03
5.815774303455871659e-03
5.874868542935758955e-03
5.982314944732437974e-03
6.035696040807466030e-03
5.961924862766520943e-03
5.781712714120292897e-03
5.599141079668863707e-03
5.442285655535477294e-03
5.376715872697055039e-03
5.352320177722382638e-03
5.352320177722382638e-03
5.308887345271103356e-03
5.250604614757765388e-03
5.156038400031577248e-03
5.088508098533159330e-03
5.088508098533159330e-03
5.087730293709160669e-03
5.085211101738646225e-03
5.085211101738646225e-03
5.085211101738646225e-03
5.085211101738646225e-03
5.085211101738646225e-03
5.054882504177184502e-03
5.046851178956672165e-03
5.023319644375574648e-03
5.061780191430511298e-03
5.131436923588117947e-03
5.221703958805965461e-03
5.273008132156136764e-03
5.330696070143975049e-03
5.432055140904375710e-03
5.487345196932310980e-03
5.487345196932310980e-03
5.531215952498684009e-03
5.542353635620501408e-03
5.564865444648256151e-03
5.545374095884091081e-03
5.504746251692115531e-03
5.470621316761062856e-03
5.373461589189646240e-03
5.262277964642985383e-03
5.136743937430698209e-03
5.058313876805575239e-03
5.058313876805575239e-03
5.007326195594742971e-03
4.916700483847354086e-03
4.848563177451989913e-03
4.813979926068363835e-03
4.777438571501560656e-03
4.824548830606697689e-03
4.910998971944592270e-03
5.033517852411974712e-03
5.112876842308790998e-03
5.134290817215581351e-03
5.134290817215581351e-03
5.201622729396841900e-03
5.271458867199079606e-03
5.325791954414480465e-03
5.352314186676133262e-03
5.332040733994394474e-03
5.306393155738832815e-03
5.286254924859080592e-03
5.241747127648594545e-03
5.186447093643548056e-03
4.154214545865404784e-03
4.154214545865404784e-03
3.584373670848211256e-03
3.487539761827788791e-03
3.760008120541016418e-03
4.340738530066671347e-03
5.061112155964996549e-03
5.824939814660447072e-03
6.552705543287341144e-03
7.217222293210133824e-03
7.798803958879099371e-03
8.309703543751318158e-03
8.309703543751318158e-03
8.770234166282170341e-03
9.173276831531976261e-03
9.478419334363826637e-03
9.733900978330989329e-03
9.986937225052809272e-03
1.021158989916114319e-02
1.040330153903165113e-02
1.057903912114403940e-02
1.078606634319815086e-02
1.099423792464961948e-02
1.099423792464961948e-02
1.119159641705485576e-02
1.133864161055953175e-02
1.145012930045848608e-02
1.151968221065463073e-02
1.158008060492683039e-02
1.163409066290382009e-02
1.167757089726942366e-02
1.167757089726942366e-02
1.170271835510006651e-02
1.169509077166492467e-02
1.169509077166492467e-02
1.169769114621016688e-02
1.169649285626152800e-02
1.169394908028885405e-02
1.168405246800933300e-02
1.168260500150917862e-02
1.167975901020290933e-02
1.166600364706047062e-02
1.167557061360803908e-02
1.164202248077263711e-02
1.155363843358605570e-02
1.155363843358605570e-02
1.144443561696934994e-02
1.135042222075398344e-02
1.127168671902279568e-02
1.120285281893209674e-02
1.115933873996152043e-02
1.112859847927482465e-02
1.108299764260137210e-02
1.107557167587191506e-02
1.104821210657722097e-02
1.099731271017508581e-02
1.099731271017508581e-02
1.092946772083071283e-02
1.085199967716937372e-02
1.078061064786414204e-02
1.072628491091758875e-02
1.069885639226131509e-02
1.069799716731249101e-02
1.067344034495187888e-02
1.061102060889858832e-02
1.049515346527908101e-02
1.038297477519470151e-02
1.038297477519470151e-02
1.025502039918997806e-02
1.015710362150703053e-02
1.008462360823642219e-02
9.999702149183664623e-03
9.927669641464402506e-03
9.886463677053461754e-03
9.834295742787022704e-03
9.743374822605246899e-03
9.627304109596513879e-03
9.486960520200905800e-03
9.486960520200905800e-03
9.338088341931819261e-03
9.228112015000084628e-03
9.131949248328113597e-03
9.027549802964688827e-03
8.921598458443490837e-03
8.834038028592264627e-03
8.750035369672330698e-03
8.750035369672330698e-03
8.666041775788922014e-03
8.598640856967815563e-03
8.598640856967815563e-03
8.530592105410341949e-03
8.463701417001642108e-03
8.399653123191266196e-03
8.344380795363499220e-03
8.294217708366741562e-03
8.250718786532464794e-03
8.218537552556139450e-03
8.168221034321186333e-03
8.114654435700500643e-03
8.039332268031362458e-03
8.039332268031362458e-03
7.962287681314300300e-03
7.866452195467398684e-03
7.777859873807189614e-03
7.707815922210786708e-03
7.636567725968861770e-03
7.559514795348097095e-03
7.441563702959058148e-03
7.338501442417438500e-03
7.235134812265200249e-03
7.147975991570291142e-03
7.147975991570291142e-03
7.066333410942292510e-03
6.987950149201316817e-03
6.913531789964733922e-03
6.823028330548498374e-03
6.725642872601075156e-03
6.632566898573386167e-03
6.556577655746255971e-03
6.479428557001111651e-03
6.411508390600388629e-03
6.344941236817686764e-03
6.344941236817686764e-03
6.282633873111545010e-03
6.222894273782749591e-03
6.143265170090328291e-03
6.070526622201642339e-03
5.999029812114847933e-03
5.932086339610073179e-03
5.853196376966859384e-03
5.775377852582569589e-03
5.700008715809955911e-03
5.618875024938202282e-03
5.618875024938202282e-03
5.519431000752420685e-03
5.405987623602875186e-03
5.293842240096757572e-03
5.197735390892097539e-03
5.095367406306780707e-03
5.011017055443966681e-03
4.910763388901976008e-03
4.812856896296350412e-03
4.704057162210630548e-03
4.585055315173660814e-03
4.585055315173660814e-03
4.503536853034032124e-03
4.422217212623156049e-03
4.350090383261083493e-03
4.275814388638782791e-03
4.193697112318456321e-03
4.104723272820234511e-03
3.993878617514171926e-03
3.880582950970852454e-03
3.767402204066751335e-03
3.657749827663352420e-03
3.657749827663352420e-03
3.543845513564493344e-03
3.395411219133402485e-03
3.236441370426978645e-03
3.068684719537276458e-03
2.930445089194044350e-03
2.799548681797367922e-03
2.681228558714527244e-03
2.614631167456804572e-03
2.539439517791980405e-03
2.453452671782731936e-03
2.453452671782731936e-03
2.357254175039168523e-03
2.238158385529075318e-03
2.107546896442384372e-03
2.006800601988334171e-03
1.932430983371623669e-03
1.918930288551015445e-03
1.935934175449350409e-03
1.950959938522382146e-03
1.907915886119278042e-03
1.869500122971925245e-03
1.869500122971925245e-03
1.822845912658970771e-03
1.800236106871939230e-03
1.774214841562770512e-03
1.772634542273548259e-03
1.791149727077634988e-03
1.773608685009256652e-03
1.935883652823925999e-03
2.119194005927679814e-03
2.221043066247115234e-03
2.300240807114359558e-03
2.300240807114359558e-03
2.368238904746296052e-03
2.428870516051665884e-03
2.521934735400289257e-03
2.644596725785625969e-03
2.785276274131716183e-03
2.823833378432491058e-03
2.710600589235056656e-03
2.488439327673779445e-03
2.216661949846745507e-03
1.997642335505481898e-03
1.997642335505481898e-03
1.834561170630867903e-03
1.816933746039409896e-03
1.812653867044818328e-03
1.781488363780092763e-03
1.706522542787063590e-03
1.577406068136320534e-03
1.448911330457361771e-03
1.365849287956937301e-03
1.296583951218531049e-03
1.294546031798236938e-03
1.294546031798236938e-03
1.395923510904905924e-03
1.440464392419309528e-03
1.432215553413305554e-03
1.334149093184612339e-03
1.255873662596301409e-03
1.186786228577467288e-03
1.196348790891639362e-03
1.245102000080942298e-03
1.294976192229948739e-03
1.254519829049177346e-03
1.254519829049177346e-03
1.175228736766757796e-03
1.038597738626453448e-03
9.982146346333292675e-04
6.392047851240010648e-04
6.392047851240010648e-04
1.090117852090294413e-03
1.586951557581122623e-03
2.029977883113626581e-03
2.445488397787003859e-03
2.789664150021763534e-03
2.789664150021763534e-03
3.006543337479341757e-03
3.214393024829811235e-03
3.410079064012138794e-03
3.607230538804520430e-03
3.761232900003660777e-03
3.836612114216333101e-03
3.752530917924643428e-03
3.582447152897458471e-03
3.426207744844972716e-03
3.256921523597239645e-03
3.256921523597239645e-03
3.069520715788311930e-03
2.906202545895555413e-03
2.762680309014163647e-03
2.583893511342097004e-03
2.377542387038084157e-03
2.098818845505843415e-03
1.767221764650836165e-03
1.416828521362787979e-03
1.195655581693775074e-03
1.101525907382046136e-03
1.101525907382046136e-03
1.058935678989742901e-03
1.080814639094875148e-03
1.176509742632809693e-03
1.266766262198738748e-03
1.314513922349971583e-03
1.323588522173467551e-03
1.346656443271192216e-03
1.382609918294811857e-03
1.418457033465115365e-03
1.426973664410681204e-03
1.426973664410681204e-03
1.348959010198961085e-03
1.244915162416792773e-03
1.165923458381148926e-03
1.089526764898231075e-03
9.847221916317405819e-04
8.505929462042327539e-04
7.749126117200773670e-04
7.306100359474035008e-04
6.499047455111367413e-04
5.547118463292143335e-04
5.547118463292143335e-04
4.232901945994254353e-04
3.385181581791172115e-04
3.393364896199264490e-04
3.217307182190267301e-04
2.761482976683327854e-04
2.919783685459034599e-04
3.622624853784902981e-04
3.947129198131369776e-04
3.807745766807245596e-04
3.663731232216108362e-04
