2.497550724871720057e-02
2.541477852393130010e-02
2.574070054523714193e-02
2.618136361702221374e-02
2.657608698331713135e-02
2.709036894001477791e-02
2.765277457527448232e-02
2.804164685265649049e-02
2.837312494757834522e-02
2.868459910349207068e-02
2.893850197958238238e-02
2.893850197958238238e-02
2.915969194887681540e-02
2.934415747827820095e-02
2.959135681182715333e-02
2.949171385778842289e-02
2.945197894566639607e-02
2.941509747962431365e-02
2.930976142370721529e-02
2.918801058223325501e-02
2.894462847482190057e-02
2.868687541426243742e-02
2.868687541426243742e-02
2.821098024869268805e-02
2.777324901735303553e-02
2.733968293011876730e-02
2.713075741450451245e-02
2.688716972519107976e-02
2.673808576694268122e-02
2.659138382950525931e-02
2.636748755276837816e-02
2.615501347568924273e-02
2.589461485640548108e-02
2.589461485640548108e-02
2.569620739984377136e-02
2.553103160264205695e-02
2.537000415641341156e-02
2.524383392727036490e-02
2.512310141293004964e-02
2.497908001160010008e-02
2.484281254054690122e-02
2.461457545545686978e-02
2.433871022350392321e-02
2.408183926174049458e-02
2.408183926174049458e-02
2.383589237869694274e-02
2.313301731684744289e-02
2.250784732921279688e-02
2.202382074397833678e-02
2.159707029248748161e-02
2.110815466532789050e-02
2.087312337739619800e-02
2.063600621030030682e-02
2.044836997103827506e-02
2.019578384332689977e-02
2.019578384332689977e-02
1.991819526401415741e-02
1.966795618149977734e-02
1.931112262576089450e-02
1.890838875460609456e-02
1.847465534888674890e-02
1.809162689268194874e-02
1.778732878485239990e-02
1.744536575271037754e-02
1.712458519690203060e-02
1.680461397549367145e-02
1.680461397549367145e-02
1.651764626144899828e-02
1.633469644094700732e-02
1.621586587292685872e-02
1.610801564344789896e-02
1.614630159352266683e-02
1.614111669923179102e-02
1.614750743296300070e-02
1.615361901614831633e-02
1.607485621851210272e-02
1.600852529207013111e-02
1.600852529207013111e-02
1.590299841442763262e-02
1.582226305884728776e-02
1.572682916559424438e-02
1.567896200968279391e-02
1.563002549098613247e-02
1.547107542802556197e-02
1.536613386357453884e-02
1.518355437270712226e-02
1.501260506425637631e-02
1.482591482521580274e-02
1.482591482521580274e-02
1.470078686112566251e-02
1.472401385943001781e-02
1.473042054301282322e-02
1.464642855533984656e-02
1.449661332197139420e-02
1.429583332649913760e-02
1.404148016091387625e-02
1.375785403035876577e-02
1.352804515829376074e-02
1.334267876729016561e-02
1.334267876729016561e-02
1.315554018326569458e-02
1.305476287901279932e-02
1.291783881503970853e-02
1.277621719699903978e-02
1.256635729308631065e-02
1.233796160522242225e-02
1.225441648929161478e-02
1.213257463134135954e-02
1.197523043290558108e-02
1.184082195181991246e-02
1.184082195181991246e-02
1.168913360651953337e-02
1.156773864845476486e-02
1.148777466610186211e-02
1.137938245316546040e-02
1.129162593815610099e-02
1.126602610150399982e-02
1.129593878942954099e-02
1.114456122821171763e-02
1.096850730820274171e-02
1.084079801772189731e-02
1.084079801772189731e-02
1.067294266333540520e-02
1.051926635426680794e-02
1.043046924896696460e-02
1.047608592335154062e-02
1.057757663175443175e-02
1.076124510779351458e-02
1.098790119285851519e-02
1.115904813107246492e-02
1.128959198816590834e-02
1.141295857788550069e-02
1.141295857788550069e-02
1.159647092534909184e-02
1.165466489269558793e-02
1.161531717461084488e-02
1.148740953198636866e-02
1.136286203861992805e-02
1.114517593666912269e-02
1.092442601687228405e-02
1.077937399785089574e-02
1.057440302869779199e-02
1.024507896137959694e-02
1.024507896137959694e-02
9.992268356137585031e-03
9.715686927241949308e-03
9.537660228564399933e-03
9.411592844183162485e-03
9.327608458029795768e-03
9.304393722952337964e-03
9.324632608060311537e-03
9.323609782007864777e-03
9.312480700442986314e-03
9.276991059247497590e-03
9.276991059247497590e-03
9.167722144413342072e-03
8.985426398353818164e-03
9.061296398287285031e-03
8.963412515040141207e-03
8.820782413902134023e-03
8.666330776467879443e-03
8.269255815521077413e-03
7.907293205216242571e-03
7.525748846541619429e-03
7.193810123852908099e-03
7.193810123852908099e-03
7.089010216796284673e-03
7.121202045068752637e-03
7.278451558768563555e-03
7.482386068065165208e-03
7.550479982331236017e-03
7.670795244984649972e-03
8.781193965599834103e-03
9.603972869200163784e-03
1.061230538380584718e-02
1.142004270956170978e-02
1.142004270956170978e-02
1.202245249234364273e-02
1.250563546313474515e-02
1.273478123999279357e-02
1.287969242918680923e-02
1.293475705842328689e-02
1.297737499991310356e-02
1.298754615079720717e-02
1.303099082658759622e-02
1.281100570075698573e-02
1.263361187568046683e-02
1.263361187568046683e-02
1.251336512627568114e-02
1.246787841830739561e-02
1.234983812888995787e-02
1.225402390096323735e-02
1.218933161438113567e-02
1.214759471997724563e-02
1.210642972388927853e-02
1.206413559907396765e-02
1.203691795159862743e-02
1.205705601993951187e-02
1.205705601993951187e-02
1.213054098851140336e-02
1.214241437675960336e-02
1.215046831196931257e-02
1.214762801306145355e-02
1.210290809019778750e-02
1.206990980431537318e-02
1.200870891264176760e-02
1.192910571657850027e-02
1.180754748031790161e-02
1.167395426251926875e-02
1.167395426251926875e-02
1.155832373252724081e-02
1.147407301452969645e-02
1.103056041788165811e-02
1.063179201011181865e-02
1.035349320645658454e-02
1.014541152724576442e-02
9.378126299660402912e-03
8.713619109112693412e-03
8.138173610478407691e-03
7.645991753339437258e-03
7.645991753339437258e-03
7.201510768501485048e-03
6.828039425209970689e-03
6.558995033126470073e-03
6.400140322181801546e-03
6.411549725377405605e-03
6.545050791757135722e-03
6.873440559480003750e-03
6.964380394959384692e-03
7.202478782824229056e-03
7.471721043397462451e-03
7.471721043397462451e-03
7.692105832378413020e-03
7.820772026773607777e-03
7.950740114446630535e-03
8.082319764739012702e-03
8.151917614795998676e-03
8.091819641890178258e-03
7.985832066655835365e-03
7.768038123984721474e-03
7.467003207316911736e-03
7.114610674068028336e-03
7.114610674068028336e-03
6.791228224088764753e-03
6.519765204837620239e-03
6.299508875855825037e-03
6.148359836144270951e-03
6.111666657413683361e-03
6.208893892566658655e-03
6.397792373957475465e-03
6.597922023752020304e-03
6.788959773985846560e-03
6.974279073820950983e-03
6.974279073820950983e-03
7.501530260550929100e-03
7.919056230164549584e-03
8.167900073462578542e-03
8.347569533402276337e-03
8.379914011505675345e-03
8.294658816762176881e-03
8.085742086453715644e-03
7.788448602740443392e-03
7.460640965918267399e-03
7.001031791708163879e-03
7.001031791708163879e-03
6.557428378828745845e-03
6.188583600978639354e-03
5.868655252571910834e-03
5.590643398789366288e-03
5.452136485245716660e-03
5.350399587227784234e-03
5.386830384429353372e-03
5.563038275495714099e-03
5.771688548354319930e-03
5.923530674859775469e-03
5.923530674859775469e-03
6.088345564396775191e-03
6.158848075808394038e-03
6.297468670895809036e-03
6.367566896451477138e-03
6.357711729064149594e-03
6.208469023324924771e-03
5.991184879118377146e-03
5.793245216178602615e-03
5.656542993045533471e-03
5.646044794444783632e-03
5.646044794444783632e-03
5.695002595889057939e-03
5.765913419482081130e-03
5.883359158709386243e-03
6.056668542803636535e-03
6.252352198632654678e-03
6.514293368640747262e-03
6.707896093794405053e-03
6.875671894651227967e-03
6.923808748104797774e-03
6.982279440651504958e-03
6.982279440651504958e-03
6.935965470548365562e-03
6.884458930326491609e-03
6.733871093455899050e-03
6.448278187651832437e-03
6.252157844125554552e-03
6.120647777011749974e-03
5.967066795292645144e-03
5.933189348690178465e-03
5.913161661361249731e-03
5.968065466569545847e-03
5.968065466569545847e-03
6.051937077929929291e-03
6.170269051243792990e-03
6.311686385384854617e-03
6.469544468789134931e-03
6.561804602334575520e-03
6.649030189130276762e-03
6.656500382578675427e-03
6.663041795347083088e-03
6.593125713881939701e-03
6.673649917418998656e-03
6.673649917418998656e-03
6.637666415477701254e-03
6.643612951558611548e-03
6.607919389153795418e-03
6.538770764509553059e-03
6.449735654937342917e-03
6.351699379371135781e-03
6.295415681397258448e-03
6.215341748715960853e-03
6.178169336509132907e-03
6.181716500194394878e-03
6.181716500194394878e-03
6.177531412448387070e-03
6.138571347574815068e-03
5.912372604005083736e-03
5.705809699934148889e-03
5.580573783051497906e-03
5.551003239867595071e-03
5.585348216174603787e-03
5.756260794378928111e-03
6.030211247026075541e-03
6.265253148802095787e-03
6.265253148802095787e-03
6.550034500438205350e-03
6.685260841081746945e-03
6.685260841081746945e-03
6.711281078730414913e-03
6.661776296876587879e-03
6.575696793835139782e-03
6.391307250748856292e-03
6.204550037573991310e-03
6.031434278775501395e-03
5.845308563393456468e-03
5.845308563393456468e-03
5.673326853454007355e-03
5.565254196774223165e-03
5.452237412715173204e-03
5.313983715442169471e-03
5.133050945299070036e-03
5.007701037631502768e-03
4.905555187938552553e-03
4.851025419972824007e-03
4.848814439423866120e-03
4.851820163751424490e-03
4.851820163751424490e-03
4.895327037906122350e-03
4.942453701366985620e-03
4.996482546357468822e-03
5.069399993772595071e-03
5.103559885507147342e-03
5.030621759759451410e-03
4.849992370316582972e-03
4.573263656421435591e-03
4.301514012498942191e-03
4.097099852319189932e-03
4.097099852319189932e-03
4.039109077280724283e-03
4.090170960733381482e-03
4.193587772881550782e-03
4.418869798747711818e-03
4.701544843441519093e-03
4.835899475887918755e-03
4.907268582463362484e-03
5.012836700815957031e-03
5.113301307710112382e-03
5.130429432244505532e-03
5.130429432244505532e-03
5.097482207763535077e-03
4.981320201902625713e-03
4.809005661954812889e-03
4.745150860342246292e-03
4.678903088675150437e-03
4.578302917215722884e-03
4.487131602497769663e-03
4.428852210325578617e-03
4.382001278949641983e-03
4.411049942779680932e-03
4.411049942779680932e-03
4.420570971608481572e-03
4.407304459378162155e-03
4.369786522896317894e-03
5.051001827698315544e-03
5.605904758423068367e-03
6.041354022055561886e-03
6.385574976555107377e-03
6.623419535950289538e-03
6.729953291295771682e-03
6.772274883852000271e-03
6.772274883852000271e-03
6.863924105534896340e-03
6.888231028028914127e-03
6.806679172174224038e-03
6.682407063144798001e-03
6.514692190521697256e-03
6.343187082622625018e-03
6.203567196094384763e-03
6.090875914715269610e-03
6.078051363126925344e-03
6.111927331555032199e-03
6.111927331555032199e-03
6.167111473286824956e-03
6.344851283816429002e-03
6.543198435947460492e-03
6.812031697895562163e-03
7.071327127960365909e-03
7.299028719894780012e-03
7.462183596015012355e-03
7.537520693307095572e-03
7.561119914655546441e-03
7.503512464771731026e-03
7.503512464771731026e-03
7.397539469943995895e-03
7.340796503420101739e-03
7.344812293901507340e-03
7.397350372297095515e-03
7.458301249265867142e-03
7.458301249265867142e-03
7.517116161757899512e-03
7.570817881183200711e-03
7.627352283065176770e-03
7.603214849760846390e-03
7.603214849760846390e-03
7.552744361286817427e-03
7.503595906756459905e-03
7.379761078609357178e-03
7.190599061596687595e-03
7.160576814882392560e-03
7.202434293460797943e-03
7.279401658854234639e-03
7.410579876154643232e-03
7.621344888044739689e-03
7.799790670470050161e-03
7.799790670470050161e-03
7.906231269213713497e-03
7.927076892612294756e-03
7.797444260091246880e-03
7.668741223768467917e-03
7.571290397986210445e-03
7.346412230121902517e-03
7.103907643427579896e-03
6.855661431497237120e-03
6.599033400567509526e-03
6.344002154423281081e-03
6.344002154423281081e-03
6.208921476252742162e-03
6.204379873732121693e-03
6.265454171058179068e-03
6.360623868877378177e-03
6.467463889617294445e-03
6.661784180873296830e-03
6.900653193401748257e-03
7.106189781064237328e-03
7.254917262151733097e-03
7.299696049048157512e-03
7.299696049048157512e-03
7.255023726688276595e-03
7.149112256561509886e-03
6.973651167111126134e-03
6.797692196664028956e-03
6.571454211180300688e-03
6.327425348057614217e-03
6.119430975338307002e-03
5.294389166877521390e-03
4.776673436492766787e-03
4.638878933457063307e-03
4.638878933457063307e-03
4.755286896120418383e-03
5.046771258145667412e-03
5.392916658203978503e-03
5.728932218077612340e-03
6.022931906581994836e-03
6.329408591248461557e-03
6.603124124434833243e-03
6.812965635386185326e-03
6.937588270255540777e-03
7.071134310088975083e-03
7.071134310088975083e-03
7.166783800234282839e-03
7.223283266595256769e-03
7.271634529033932023e-03
7.321598001083412348e-03
7.359940346872897304e-03
7.390080496776287033e-03
7.412008225923724485e-03
7.413402165251913208e-03
7.410245135852868217e-03
7.368052939818921405e-03
7.368052939818921405e-03
7.351109054512707484e-03
7.361704369227541067e-03
7.377447373755565210e-03
7.319941123688664293e-03
7.231458770097926037e-03
7.129905164420071925e-03
7.051659488669217123e-03
6.987375882447622449e-03
6.895279508585045423e-03
6.772383652821104341e-03
6.772383652821104341e-03
6.646810251596167902e-03
6.475049383013163802e-03
6.296891596134726425e-03
6.132710385941765943e-03
5.961761130019365383e-03
5.778698630333318174e-03
5.655423244118949581e-03
5.519755965623017631e-03
5.397402786631531543e-03
5.297193134333307886e-03
5.297193134333307886e-03
5.189629810959574957e-03
5.020701141735154673e-03
4.849501876683617180e-03
4.687262338278604980e-03
4.534574874873907244e-03
4.385162471198559946e-03
4.184614056750035789e-03
4.001266513585912364e-03
3.805193059825490165e-03
3.651818055692465648e-03
3.651818055692465648e-03
3.520232215349387503e-03
3.330171651169122789e-03
3.213215468357868282e-03
3.153822865986233813e-03
3.155336037445037427e-03
3.196373321740534571e-03
3.181047780840861369e-03
3.141135635111083711e-03
3.077512467197305278e-03
3.010735070439546184e-03
3.010735070439546184e-03
2.979632279492694033e-03
3.056254654215355502e-03
3.205355468284764708e-03
3.358041607952508192e-03
3.560383161330868233e-03
3.766324187102664672e-03
4.017456877883540146e-03
4.273003902652099811e-03
4.496084848663024422e-03
4.681719812398490478e-03
4.681719812398490478e-03
4.806731755746919757e-03
4.913299195503214624e-03
4.974063861055809041e-03
4.973364262528250958e-03
4.888188921743494807e-03
4.658809598205451187e-03
4.393958734856324988e-03
4.147132994705171952e-03
3.982151167377539526e-03
3.875923321413285612e-03
