2.265165445832140276e-03
2.265165445832140276e-03
8.510824169460990329e-04
1.401216621732345562e-03
1.987336243923967100e-03
2.204082777082113503e-03
1.989681549218214832e-03
1.814399985205648142e-03
1.702467989931836633e-03
1.675138375921489311e-03
1.806378090628090296e-03
1.957840114728312975e-03
1.957840114728312975e-03
2.172415437188482921e-03
2.261297809537687973e-03
2.241500076557962230e-03
2.136228852923601970e-03
2.156973093908343304e-03
2.098675848523266774e-03
2.076332280502647763e-03
2.001953591009728462e-03
1.813570909895497515e-03
1.599205778882378977e-03
1.599205778882378977e-03
1.353423074649718564e-03
1.334922619804943152e-03
1.596481088549460588e-03
2.041945553559321516e-03
2.438611431968840289e-03
2.685338322838848758e-03
2.796263574816747807e-03
2.871751025523987515e-03
2.913120294207024140e-03
2.904331521799689841e-03
2.904331521799689841e-03
2.655193215039003234e-03
2.489378727288570070e-03
2.346085252456419842e-03
2.134213254599522710e-03
1.860535871074696498e-03
1.627658699247023708e-03
1.557962673533160860e-03
1.643478663209362945e-03
1.821691066555255947e-03
2.011342721162997973e-03
2.011342721162997973e-03
2.122766421715156608e-03
2.177095351000580582e-03
2.154210100556066664e-03
2.100580819830147241e-03
1.975922320276355532e-03
1.892459812953781314e-03
1.836576058099785103e-03
1.751480304616961567e-03
1.732201955336208198e-03
1.757275643257892031e-03
1.757275643257892031e-03
1.721049042433655217e-03
1.682784720589410076e-03
1.591728582969816671e-03
1.487371427096395712e-03
1.428007822813864370e-03
1.355165921479762258e-03
1.345548363415926705e-03
1.499147021369394038e-03
1.475362640183311555e-03
1.484156979936440733e-03
1.484156979936440733e-03
1.607194961141068150e-03
1.766969011575725366e-03
1.933684496604289342e-03
1.997661791790165953e-03
2.007378871842810820e-03
1.913887152929912841e-03
1.749923187296684255e-03
1.560262913285748437e-03
1.368453769519081863e-03
1.284633831479581453e-03
1.284633831479581453e-03
1.308078100069415706e-03
1.364461535404753057e-03
1.428641961700668778e-03
1.529348617528093583e-03
1.642134559972545284e-03
1.719189097930942092e-03
1.726687709930223519e-03
1.654424255332981797e-03
1.543233097689700921e-03
1.407979722660942764e-03
1.407979722660942764e-03
1.376687505411203693e-03
1.449791573302565114e-03
1.549823782595573284e-03
1.530610393311567299e-03
1.551788380904021774e-03
1.631951075827825330e-03
1.730171319040762741e-03
1.790211790109107583e-03
1.680124591640617861e-03
1.556307985690764083e-03
1.556307985690764083e-03
1.489700529113896846e-03
1.404120632595420295e-03
1.360706609972522083e-03
1.357676667286076807e-03
1.418367805201059496e-03
1.518503975466080130e-03
1.610683382769569636e-03
1.605215646128029666e-03
1.465238557466370809e-03
1.382687863347862450e-03
1.382687863347862450e-03
1.337348510607893129e-03
1.331666818760851665e-03
1.317577761327286484e-03
1.284491328935621381e-03
1.292629961616391116e-03
1.272772902446675904e-03
1.263485513616107933e-03
1.353225610942420569e-03
1.377147763029328746e-03
1.326039864415692014e-03
1.326039864415692014e-03
1.240597858149123994e-03
1.178376037809323673e-03
1.156420638848091632e-03
1.183719296749882223e-03
1.243532661708783571e-03
1.290632700152151858e-03
1.269289314048588618e-03
1.269289314048588618e-03
1.266015873797259050e-03
1.289667670922322890e-03
1.289667670922322890e-03
1.276876856319271491e-03
1.293429445314073396e-03
1.402488026083617166e-03
1.452822102859859183e-03
1.519149066285630434e-03
1.552899877310537314e-03
1.349655648061918751e-03
1.180171539903166270e-03
1.181098705334579805e-03
1.256707029095217041e-03
1.256707029095217041e-03
1.384525456483218578e-03
1.453233511564332083e-03
1.509170294930889389e-03
1.499141308487957460e-03
1.455491885449638253e-03
1.386015970625703499e-03
1.251941513142166467e-03
1.192625579053332519e-03
1.289333637914196655e-03
1.352992931590612938e-03
1.352992931590612938e-03
1.488352691240619292e-03
1.572526456386513088e-03
1.618577801274456024e-03
1.548224507009615235e-03
1.408201265352347934e-03
1.298739065080171647e-03
1.243226990215691398e-03
1.256020584289652738e-03
1.313705841323839236e-03
1.408291410393523952e-03
1.408291410393523952e-03
1.450218201899070242e-03
1.304986054385237583e-03
1.210240805165625592e-03
1.207372698986631122e-03
1.163707204156475515e-03
1.186454548641925925e-03
1.211354223879998080e-03
1.229696908727543041e-03
1.284161887347808105e-03
1.278335452921920039e-03
1.278335452921920039e-03
1.227215124747162503e-03
1.191277806616621937e-03
1.214413673596602666e-03
1.204221632848656619e-03
1.235149832067703205e-03
1.247142788361005512e-03
1.212972625060105116e-03
1.191089381133373553e-03
1.184227248342445285e-03
1.196003622607627517e-03
1.196003622607627517e-03
1.157178978775860734e-03
1.211094305477588770e-03
1.318661125764185142e-03
1.438839645526495672e-03
1.472068016311005485e-03
1.455168842736570154e-03
1.412721974986665000e-03
1.349629564307997659e-03
1.298854109015826425e-03
1.290928575366360022e-03
1.290928575366360022e-03
1.354359372322299368e-03
1.437610993689737455e-03
1.534323331627575207e-03
1.598042843375830149e-03
1.582948904844774882e-03
1.475719707309336654e-03
1.379693069458191347e-03
1.328922692035207961e-03
1.312394127399613142e-03
1.280891481081080719e-03
1.280891481081080719e-03
1.329388999925267727e-03
1.398749227848820886e-03
1.463282182707712452e-03
1.492465433220695106e-03
1.548589621474793891e-03
1.542913888372630807e-03
1.539521932204806912e-03
1.495781186297809057e-03
1.408056118801214287e-03
1.379027541465326035e-03
1.379027541465326035e-03
1.378206882516954789e-03
1.371874630437755959e-03
1.371874630437755959e-03
1.396653809418287907e-03
1.490530645264305206e-03
1.561213850884704372e-03
1.583230741701381877e-03
1.525428930216622811e-03
1.529532561286810763e-03
1.579979756917777173e-03
1.579979756917777173e-03
1.571667766995328043e-03
1.439500162365360547e-03
1.377824838780149870e-03
1.377544956725635641e-03
1.415031252233477132e-03
1.471682706569634380e-03
1.509391338672722363e-03
1.522317299900710413e-03
1.490099403679725435e-03
1.419391593249582804e-03
1.419391593249582804e-03
1.351877756173924501e-03
1.345996114196576802e-03
1.383996698980861223e-03
1.454982242928219921e-03
1.504620798628699546e-03
1.538717333464605314e-03
1.618636974471735412e-03
1.692818319641686614e-03
1.659500229693011523e-03
1.514357079638207300e-03
1.514357079638207300e-03
1.448584034548260025e-03
1.514612835554318910e-03
1.614348544108680245e-03
1.723598055943793665e-03
1.750740156383267425e-03
1.710530236183933125e-03
1.950870585371182030e-03
2.046257101435665967e-03
2.018122814941152119e-03
1.844963656740135610e-03
1.844963656740135610e-03
1.542183799510204924e-03
1.401771836870208988e-03
1.419243735933428934e-03
1.511150183698980890e-03
1.660099631581078835e-03
1.857935244507747394e-03
1.964223766789942489e-03
1.977702775858737085e-03
1.888309080112595285e-03
1.701842084547232565e-03
