1.428317708443527234e-02
1.428317708443527234e-02
1.360208534479531717e-02
1.358771724856411983e-02
1.366843370956701692e-02
1.351668868656237359e-02
1.356980907530699020e-02
1.364909631356819864e-02
1.363877270070302898e-02
1.351778062671377297e-02
1.354229720513579725e-02
1.341991770020008017e-02
1.341991770020008017e-02
1.300789208664286482e-02
1.252310893018685964e-02
1.259896476961691950e-02
1.256089364559527521e-02
1.249027040996660530e-02
1.233681065209522344e-02
1.219841204983906219e-02
1.210900208281689809e-02
1.214900223381377639e-02
1.217659006009259338e-02
1.217659006009259338e-02
1.212029655651343692e-02
1.222823225631161984e-02
1.244112357822723357e-02
1.248359510748711654e-02
1.273830065789686647e-02
1.279996478519854555e-02
1.288140969383996630e-02
1.287048739665361437e-02
1.283137046714832169e-02
1.275367460354854751e-02
1.275367460354854751e-02
1.270665775500902893e-02
1.248544996559072633e-02
1.218664020267346514e-02
1.189425134991441320e-02
1.163738688852018928e-02
1.135412526505339900e-02
1.098696024874023722e-02
1.050915513080437173e-02
1.007278165366529317e-02
9.590285484514486300e-03
9.590285484514486300e-03
9.039188459899266323e-03
8.372809795887293724e-03
8.104073310106945163e-03
7.990901121059566792e-03
8.007545372346193402e-03
8.177818031065512902e-03
8.260530279475451765e-03
7.744438304037877530e-03
7.371806517173984906e-03
7.064330580143934370e-03
7.064330580143934370e-03
6.929628938834504238e-03
6.859902739934072534e-03
6.786592738737928614e-03
6.744649690724371927e-03
6.736654804925128193e-03
6.696689738437307422e-03
6.719857984287489275e-03
6.773547071199090448e-03
6.835394894935951579e-03
6.999256489235341182e-03
6.999256489235341182e-03
7.193245213074732358e-03
7.420995091038367492e-03
7.592483274173469215e-03
7.748429238774686041e-03
7.858462996042902757e-03
7.906586682387252776e-03
7.932719166053106563e-03
7.845992139272138510e-03
7.781812921734263498e-03
7.654931370318114082e-03
7.654931370318114082e-03
7.490525137714169543e-03
7.421049312358556430e-03
7.426149610347368077e-03
7.452278697096905054e-03
7.498249677566435484e-03
7.361086258144558005e-03
7.270766731989100964e-03
7.164885041227085291e-03
7.006172970575791359e-03
6.880238597399547691e-03
6.880238597399547691e-03
6.829482091431361181e-03
6.874220396246698110e-03
7.117846654638063097e-03
7.379745009262788508e-03
7.698954003952466867e-03
8.026373216861303062e-03
8.212771904006885629e-03
8.370798552742090420e-03
8.540708068003588158e-03
8.594339787390062324e-03
8.594339787390062324e-03
8.515706114219234388e-03
8.439573939864946847e-03
8.328164086684009676e-03
8.103678673578564029e-03
7.740712865764362398e-03
7.410523146582048172e-03
7.146367841269366493e-03
6.967713361198966948e-03
6.761675502248994107e-03
6.529530573965319253e-03
6.529530573965319253e-03
6.365838461475440725e-03
6.174968750238892141e-03
6.091801692359711216e-03
5.932419753068616554e-03
5.885451636537196093e-03
5.877413796192882192e-03
5.414756701969137068e-03
5.298400368438985902e-03
5.380634533804531418e-03
5.536459197009018993e-03
5.536459197009018993e-03
5.599229418048839307e-03
5.570499136608064727e-03
5.562521282146712202e-03
5.513065708637588866e-03
5.461843855737330035e-03
5.539857112692616117e-03
5.644515209085688122e-03
5.837801881560565967e-03
6.077946057837215789e-03
6.360496369946799962e-03
6.360496369946799962e-03
6.714771754513746208e-03
7.058878071337324270e-03
7.315338954236287432e-03
7.479997854627601708e-03
7.602173882379733780e-03
7.659989006301820905e-03
7.603598590803122177e-03
7.435366647809511439e-03
7.201617287285976693e-03
7.039127959214923694e-03
7.039127959214923694e-03
6.981711955355119487e-03
7.005675577478449878e-03
7.019561686470478235e-03
6.932673458962363214e-03
7.122521253572092724e-03
7.236709290513220275e-03
7.269929507492388018e-03
7.325355068718657908e-03
7.420052829871377244e-03
7.458139444564126745e-03
7.458139444564126745e-03
7.483551244148767788e-03
7.375995052907906128e-03
7.324218887397567282e-03
7.274408071905065672e-03
7.132087586151590435e-03
6.977611579078628681e-03
6.794968722725142941e-03
6.727282481481501597e-03
6.546018242904276356e-03
6.337456961699617503e-03
6.337456961699617503e-03
6.135815029926475553e-03
5.849837177906053697e-03
5.607281880792061232e-03
5.316259920067437431e-03
5.181296143752308833e-03
5.106709523634961854e-03
5.141698008519521995e-03
5.372175880496986820e-03
5.608122669154248612e-03
5.977327386054120256e-03
5.977327386054120256e-03
6.360820507947546540e-03
6.725364490302827153e-03
7.264646106237255575e-03
7.662609930116286855e-03
8.038995325031574740e-03
8.307937190726194868e-03
8.422530668727001846e-03
8.366996223177000994e-03
8.172027306291044721e-03
7.944806446725813029e-03
7.944806446725813029e-03
7.682453445416580033e-03
7.682453445416580033e-03
7.424636536514738101e-03
7.243518801332028516e-03
7.084161299099642033e-03
6.996175223807374853e-03
7.029363180841513917e-03
7.128175163104405465e-03
7.279217260369482204e-03
7.596181908418264683e-03
7.596181908418264683e-03
8.004392461052403651e-03
8.408198165802311524e-03
8.489882124544932337e-03
8.585165102021221836e-03
8.678545490883966471e-03
8.699995255135971675e-03
8.865734778452951520e-03
9.004546278349291957e-03
9.109495844545520762e-03
9.108075487950792817e-03
9.108075487950792817e-03
9.048473166259687894e-03
8.939438299591793285e-03
8.779096790925261171e-03
8.520559734030284937e-03
8.199553891914243900e-03
7.875371819239836493e-03
7.564335540555962994e-03
7.285061471186364893e-03
7.138618878216163206e-03
7.112410714740951753e-03
7.112410714740951753e-03
7.256418425184924317e-03
7.450513831645725997e-03
7.728137834426719935e-03
8.014074574104737211e-03
8.289863606785463634e-03
8.528722546946979760e-03
8.733290517811270748e-03
8.896112522866679931e-03
8.948417285222299081e-03
9.913426816084636856e-03
9.913426816084636856e-03
1.076272280639185841e-02
1.152108796339802559e-02
1.213816055984006520e-02
1.267712418604456832e-02
1.306862890332414172e-02
1.342362959049314165e-02
1.371890225431005202e-02
1.397291424660009398e-02
1.407957673850289936e-02
1.413592457045695014e-02
1.413592457045695014e-02
1.419390807445240765e-02
1.419390807445240765e-02
1.419390807445240765e-02
1.419390807445240765e-02
1.422662598326827725e-02
1.422006084652893340e-02
1.416288492355459103e-02
1.412678987436406450e-02
1.405561128143581820e-02
1.395036071348682537e-02
1.395036071348682537e-02
1.381460308640487453e-02
1.364273269916964695e-02
1.346393414319175218e-02
1.325221614578594997e-02
1.306609310674170660e-02
1.290937939033288614e-02
1.269233429583129652e-02
1.245482541270576116e-02
1.218708181874589812e-02
1.187026911910991737e-02
1.187026911910991737e-02
1.160473073797519891e-02
1.133001924180456269e-02
1.103887518938829332e-02
1.076525649174343846e-02
1.044402240363913152e-02
1.016150258879408748e-02
9.989526693201598861e-03
9.821730971808342869e-03
9.685321060300943266e-03
9.626767252046407666e-03
9.626767252046407666e-03
9.633999743064870780e-03
9.667492010816590431e-03
9.742298031152831980e-03
9.828980126084957761e-03
9.878209860530343805e-03
9.928378969479338678e-03
9.957091043696691610e-03
9.964167219206315762e-03
9.971633027195562354e-03
9.995030431091903728e-03
9.995030431091903728e-03
9.992711187421845012e-03
9.899918520507203917e-03
9.855713074589869324e-03
9.784700901764720529e-03
9.724709110876207305e-03
9.689289758431031754e-03
9.673525061591050495e-03
9.677216840909766069e-03
9.666651102622355121e-03
9.673279370136782240e-03
9.673279370136782240e-03
9.663647028769147690e-03
9.649027634770537473e-03
9.682695254145001762e-03
9.690575009011857116e-03
9.763814871703786410e-03
9.891196885973551137e-03
1.003069082957960649e-02
1.016593719455360055e-02
1.031797402259835086e-02
1.047803986269787643e-02
1.047803986269787643e-02
1.062872103383324940e-02
1.078264266924717878e-02
1.083224583670251533e-02
1.088475639253297898e-02
1.091555759604663153e-02
1.087481042522680554e-02
1.080022762388064585e-02
1.071242959584275435e-02
1.061193685834235442e-02
1.056246418879165302e-02
1.056246418879165302e-02
1.059115424343971996e-02
1.068188453035006334e-02
1.085575766836713307e-02
1.102467527420061821e-02
1.119681767113607160e-02
1.134069677584432535e-02
1.148540121056562842e-02
1.148540121056562842e-02
1.157563081619159169e-02
1.162791453634105798e-02
1.162791453634105798e-02
1.159319200437752828e-02
1.151684634847722349e-02
1.142328481965912065e-02
1.133959644512297534e-02
1.125967266797786755e-02
1.117612828044759268e-02
1.117612828044759268e-02
1.117612828044759268e-02
1.106728942420375297e-02
1.104528201821741197e-02
1.104528201821741197e-02
1.104909689999510232e-02
1.110818197315214563e-02
1.121429965952007446e-02
1.135516327698632942e-02
1.149376806190133792e-02
1.161503872142348459e-02
1.171268187961313316e-02
1.178466211372525274e-02
1.177073188263847922e-02
1.176262029812621263e-02
1.176262029812621263e-02
1.173251561398125191e-02
1.173596953744679601e-02
1.173261636412458592e-02
1.172058299415436322e-02
1.176727749680187354e-02
1.186805350082226033e-02
1.194880046809679124e-02
1.183178015407365322e-02
1.170390715688573655e-02
1.155506557352888389e-02
1.155506557352888389e-02
1.145480907199958841e-02
1.137656037344420695e-02
1.137688052579016035e-02
1.141688375441823715e-02
1.146094906368723410e-02
1.152583588519155364e-02
1.167895047763910406e-02
1.181273657237872851e-02
1.188534838730098860e-02
1.183819360110917492e-02
1.183819360110917492e-02
1.171285240249216389e-02
1.161983415969082209e-02
1.145866810513512975e-02
1.123563950163831461e-02
1.094836872214881122e-02
1.069416092644285068e-02
1.050141597864799430e-02
1.038338763869738925e-02
1.034357479791303894e-02
1.039053750461203969e-02
1.039053750461203969e-02
1.045371849099913271e-02
1.058424027510509666e-02
1.069205571264615628e-02
1.080403087197859095e-02
1.087167200978841550e-02
1.090955193564320351e-02
1.080476765401342833e-02
1.071919014719981827e-02
1.062655517615404034e-02
1.054022997903199255e-02
1.054022997903199255e-02
1.038170077032274374e-02
1.033522808397098480e-02
1.029973838276303580e-02
1.029034495349150438e-02
1.033429889800113223e-02
1.045165233654716218e-02
1.060157047722178059e-02
1.082555464075455470e-02
1.104029215835609749e-02
1.124340521478351534e-02
1.124340521478351534e-02
1.144830797536399575e-02
1.169536676410500194e-02
1.185349694615519395e-02
1.198157855345143019e-02
1.209687996082475271e-02
1.208378954153265655e-02
1.206684538285735485e-02
1.199749899953341144e-02
1.192220318705216643e-02
1.180380529745878732e-02
1.180380529745878732e-02
1.169663260232425145e-02
1.160668999509121245e-02
1.152309818455980565e-02
1.149887015385156301e-02
1.149952709177312626e-02
1.155437345235421805e-02
1.160725133685267321e-02
1.165647065802448597e-02
1.166904156132712173e-02
1.162721667135529872e-02
